Order_id,Customer_id,Restaurant_id,Order_date,Order_amount,Payment_mode,Delivery_status
O000001,CUST000002,R000001,8/6/2023,1724,Card,Delivered
O000002,CUST000003,R000002,10/2/2023,1386,UPI,Delivered
O000003,CUST000004,R000003,4/23/2025,1243,Wallet,Delivered
O000004,CUST000005,R000004,4/7/2022,1537,UPI,Delivered
O000005,CUST000006,R000005,1/22/2024,1801,COD,Delivered
O000006,CUST000007,R000006,11/13/2019,1477,Card,Delivered
O000007,CUST000008,R000007,5/11/2021,1285,Card,Delivered
O000008,CUST000009,R000008,12/22/2023,1433,UPI,Delivered
O000009,CUST000010,R000009,4/5/2019,1160,Card,Cancelled
O000010,CUST000011,R000010,7/17/2023,588,Wallet,Delivered
O000011,CUST000012,R000011,8/18/2024,123,Card,Delivered
O000012,CUST000013,R000012,1/15/2023,1903,Card,Cancelled
O000013,CUST000014,R000013,5/23/2021,1905,Card,Delivered
O000014,CUST000015,R000014,6/21/2023,823,Wallet,Delivered
O000015,CUST000016,R000015,7/25/2020,575,Card,Delivered
O000016,CUST000017,R000016,8/27/2022,474,COD,Delivered
O000017,CUST000018,R000017,12/23/2023,725,Wallet,Delivered
O000018,CUST000019,R000018,12/10/2022,276,Card,Delivered
O000019,CUST000020,R000019,2/1/2022,1093,UPI,Delivered
O000020,CUST000021,R000020,1/5/2023,1075,COD,Delivered
O000021,CUST000022,R000021,9/4/2025,1520,Wallet,Delivered
O000022,CUST000023,R000022,12/27/2021,777,Wallet,Delivered
O000023,CUST000024,R000023,11/14/2023,1216,Wallet,Delivered
O000024,CUST000025,R000024,4/12/2019,1635,Card,Delivered
O000025,CUST000026,R000025,10/20/2022,1519,Wallet,Cancelled
O000026,CUST000027,R000026,6/5/2021,1566,Card,Delivered
O000027,CUST000028,R000027,5/16/2023,1817,UPI,Delivered
O000028,CUST000029,R000028,3/19/2022,1202,UPI,Cancelled
O000029,CUST000030,R000029,7/21/2024,265,Card,Delivered
O000030,CUST000031,R000030,3/18/2025,386,Card,Delivered
O000031,CUST000032,R000031,10/19/2021,427,UPI,Delivered
O000032,CUST000033,R000032,8/16/2024,709,COD,Delivered
O000033,CUST000034,R000033,5/28/2020,1704,COD,Delivered
O000034,CUST000035,R000034,9/1/2020,1137,Wallet,Cancelled
O000035,CUST000036,R000035,1/2/2021,437,Card,Delivered
O000036,CUST000037,R000036,5/23/2024,1006,COD,Delivered
O000037,CUST000038,R000037,8/7/2022,1251,Wallet,Delivered
O000038,CUST000039,R000038,6/15/2024,421,COD,Delivered
O000039,CUST000040,R000039,6/27/2021,1182,Card,Delivered
O000040,CUST000041,R000040,8/11/2025,1909,UPI,Delivered
O000041,CUST000042,R000041,10/3/2024,1738,UPI,Delivered
O000042,CUST000043,R000042,11/22/2022,310,Wallet,Delivered
O000043,CUST000044,R000043,3/22/2021,1442,Card,Delivered
O000044,CUST000045,R000044,9/21/2019,470,COD,Delivered
O000045,CUST000046,R000045,3/24/2019,1809,COD,Delivered
O000046,CUST000047,R000046,7/15/2023,1748,COD,Delivered
O000047,CUST000048,R000047,5/1/2023,1356,Card,Delivered
O000048,CUST000049,R000048,5/2/2019,1492,Card,Delivered
O000049,CUST000050,R000049,12/25/2024,1094,COD,Delivered
O000050,CUST000051,R000050,10/27/2020,450,Wallet,Delivered
O000051,CUST000052,R000051,12/2/2025,957,COD,Delivered
O000052,CUST000053,R000052,2/2/2019,1226,COD,Delivered
O000053,CUST000054,R000053,9/11/2025,637,Wallet,Delivered
O000054,CUST000055,R000054,9/5/2022,1398,Card,Delivered
O000055,CUST000056,R000055,5/24/2022,938,Wallet,Delivered
O000056,CUST000057,R000056,9/3/2021,1227,UPI,Delivered
O000057,CUST000058,R000057,1/15/2022,1988,Wallet,Delivered
O000058,CUST000059,R000058,11/18/2021,903,Card,Delivered
O000059,CUST000060,R000059,2/10/2023,1408,Card,Delivered
O000060,CUST000061,R000060,1/24/2024,1983,Card,Delivered
O000061,CUST000062,R000061,7/14/2019,1536,UPI,Delivered
O000062,CUST000063,R000062,8/19/2025,711,UPI,Delivered
O000063,CUST000064,R000063,5/22/2020,1968,COD,Delivered
O000064,CUST000065,R000064,8/25/2020,616,Wallet,Delivered
O000065,CUST000066,R000065,12/3/2022,128,Card,Delivered
O000066,CUST000067,R000066,2/21/2025,254,COD,Cancelled
O000067,CUST000068,R000067,9/27/2022,1189,COD,Delivered
O000068,CUST000069,R000068,6/5/2023,598,COD,Delivered
O000069,CUST000070,R000069,1/25/2025,887,Wallet,Delivered
O000070,CUST000071,R000070,2/12/2024,716,COD,Delivered
O000071,CUST000072,R000071,9/28/2019,1010,Wallet,Delivered
O000072,CUST000073,R000072,3/7/2025,1029,COD,Delivered
O000073,CUST000074,R000073,10/6/2020,1643,UPI,Delivered
O000074,CUST000075,R000074,3/9/2021,1327,UPI,Delivered
O000075,CUST000076,R000075,2/21/2025,1100,COD,Delivered
O000076,CUST000077,R000076,11/4/2020,821,Card,Cancelled
O000077,CUST000078,R000077,10/16/2021,1894,Wallet,Cancelled
O000078,CUST000079,R000078,11/9/2024,1449,UPI,Cancelled
O000079,CUST000080,R000079,5/14/2020,1531,UPI,Delivered
O000080,CUST000081,R000080,3/18/2019,1577,Card,Cancelled
O000081,CUST000082,R000081,6/17/2021,465,Card,Delivered
O000082,CUST000083,R000082,2/17/2022,264,UPI,Delivered
O000083,CUST000084,R000083,9/18/2025,136,Card,Delivered
O000084,CUST000085,R000084,3/19/2023,386,COD,Delivered
O000085,CUST000086,R000085,11/5/2024,1592,Card,Delivered
O000086,CUST000087,R000086,4/24/2024,1020,Wallet,Delivered
O000087,CUST000088,R000087,8/28/2023,748,Card,Delivered
O000088,CUST000089,R000088,11/1/2021,753,COD,Delivered
O000089,CUST000090,R000089,1/23/2019,437,Wallet,Delivered
O000090,CUST000091,R000090,11/13/2023,622,Wallet,Delivered
O000091,CUST000092,R000091,10/3/2024,1557,UPI,Delivered
O000092,CUST000093,R000092,8/9/2022,1191,COD,Delivered
O000093,CUST000094,R000093,12/27/2019,1193,UPI,Cancelled
O000094,CUST000095,R000094,2/11/2023,1460,COD,Delivered
O000095,CUST000096,R000095,9/18/2022,892,UPI,Delivered
O000096,CUST000097,R000096,1/13/2020,1827,UPI,Delivered
O000097,CUST000098,R000097,2/13/2020,1947,UPI,Delivered
O000098,CUST000099,R000098,5/14/2024,1209,UPI,Cancelled
O000099,CUST000100,R000099,2/11/2023,637,UPI,Delivered
O000100,CUST000101,R000100,4/22/2025,1375,Card,Delivered
O000101,CUST000102,R000101,10/24/2025,797,Card,Delivered
O000102,CUST000103,R000102,9/17/2021,1999,UPI,Delivered
O000103,CUST000104,R000103,8/22/2021,412,COD,Delivered
O000104,CUST000105,R000104,6/26/2019,1178,Card,Delivered
O000105,CUST000106,R000105,5/10/2025,1993,Card,Delivered
O000106,CUST000107,R000106,3/22/2021,854,UPI,Delivered
O000107,CUST000108,R000107,2/5/2023,1077,COD,Delivered
O000108,CUST000109,R000108,7/2/2022,508,UPI,Delivered
O000109,CUST000110,R000109,10/7/2025,1443,Wallet,Delivered
O000110,CUST000111,R000110,2/10/2022,1103,UPI,Delivered
O000111,CUST000112,R000111,8/16/2020,1788,Card,Delivered
O000112,CUST000113,R000112,6/12/2021,157,Card,Cancelled
O000113,CUST000114,R000113,2/10/2023,1419,Card,Delivered
O000114,CUST000115,R000114,2/24/2023,1016,Wallet,Delivered
O000115,CUST000116,R000115,6/25/2024,1154,UPI,Delivered
O000116,CUST000117,R000116,8/23/2019,499,COD,Delivered
O000117,CUST000118,R000117,5/19/2019,333,COD,Delivered
O000118,CUST000119,R000118,7/25/2021,137,Card,Delivered
O000119,CUST000120,R000119,3/25/2024,898,COD,Delivered
O000120,CUST000121,R000120,1/7/2021,269,Card,Delivered
O000121,CUST000122,R000121,7/3/2022,1087,Wallet,Delivered
O000122,CUST000123,R000122,2/8/2023,599,COD,Delivered
O000123,CUST000124,R000123,8/26/2023,894,Wallet,Delivered
O000124,CUST000125,R000124,4/10/2022,1404,COD,Delivered
O000125,CUST000126,R000125,7/14/2023,829,UPI,Delivered
O000126,CUST000127,R000126,2/7/2025,1036,UPI,Delivered
O000127,CUST000128,R000127,2/19/2022,1645,UPI,Delivered
O000128,CUST000129,R000128,5/9/2024,769,Wallet,Delivered
O000129,CUST000130,R000129,12/18/2022,116,UPI,Delivered
O000130,CUST000131,R000130,8/14/2021,1895,Card,Cancelled
O000131,CUST000132,R000131,7/20/2021,245,Card,Cancelled
O000132,CUST000133,R000132,11/20/2019,1700,Card,Delivered
O000133,CUST000134,R000133,3/16/2023,1787,UPI,Delivered
O000134,CUST000135,R000134,10/26/2024,878,UPI,Delivered
O000135,CUST000136,R000135,7/17/2021,259,Card,Delivered
O000136,CUST000137,R000136,4/20/2025,515,COD,Delivered
O000137,CUST000138,R000137,1/7/2019,131,COD,Cancelled
O000138,CUST000139,R000138,12/23/2023,446,COD,Delivered
O000139,CUST000140,R000139,9/2/2025,696,COD,Delivered
O000140,CUST000141,R000140,8/28/2023,1304,Wallet,Delivered
O000141,CUST000142,R000141,2/4/2023,1243,Wallet,Delivered
O000142,CUST000143,R000142,8/12/2024,745,Wallet,Delivered
O000143,CUST000144,R000143,5/23/2019,988,UPI,Delivered
O000144,CUST000145,R000144,10/15/2023,1377,Card,Delivered
O000145,CUST000146,R000145,1/1/2021,889,Wallet,Delivered
O000146,CUST000147,R000146,7/6/2022,976,Wallet,Delivered
O000147,CUST000148,R000147,2/14/2021,1079,UPI,Delivered
O000148,CUST000149,R000148,10/5/2020,1348,UPI,Delivered
O000149,CUST000150,R000149,7/9/2025,1648,Wallet,Delivered
O000150,CUST000151,R000150,10/10/2023,1396,UPI,Delivered
O000151,CUST000152,R000151,4/11/2020,126,UPI,Delivered
O000152,CUST000153,R000152,9/18/2024,1065,UPI,Delivered
O000153,CUST000154,R000153,11/17/2023,492,Card,Delivered
O000154,CUST000155,R000154,8/20/2022,476,Wallet,Delivered
O000155,CUST000156,R000155,2/18/2020,1834,Card,Delivered
O000156,CUST000157,R000156,5/11/2025,176,COD,Delivered
O000157,CUST000158,R000157,5/5/2022,105,Card,Delivered
O000158,CUST000159,R000158,1/24/2019,549,Wallet,Delivered
O000159,CUST000160,R000159,7/1/2022,636,UPI,Delivered
O000160,CUST000161,R000160,7/23/2021,694,Wallet,Delivered
O000161,CUST000162,R000161,2/27/2024,932,Card,Delivered
O000162,CUST000163,R000162,3/3/2020,376,COD,Delivered
O000163,CUST000164,R000163,5/5/2023,1056,UPI,Delivered
O000164,CUST000165,R000164,4/8/2022,1643,Card,Delivered
O000165,CUST000166,R000165,11/27/2019,681,Wallet,Delivered
O000166,CUST000167,R000166,4/3/2025,110,Wallet,Delivered
O000167,CUST000168,R000167,8/15/2021,1104,UPI,Delivered
O000168,CUST000169,R000168,11/20/2022,1499,UPI,Cancelled
O000169,CUST000170,R000169,9/5/2021,1693,Wallet,Delivered
O000170,CUST000171,R000170,11/14/2023,1797,Card,Delivered
O000171,CUST000172,R000171,1/18/2019,657,UPI,Delivered
O000172,CUST000173,R000172,10/24/2024,1438,Wallet,Cancelled
O000173,CUST000174,R000173,12/18/2020,354,Wallet,Delivered
O000174,CUST000175,R000174,10/22/2019,549,Wallet,Delivered
O000175,CUST000176,R000175,5/15/2019,1893,Card,Delivered
O000176,CUST000177,R000176,1/27/2025,672,Card,Delivered
O000177,CUST000178,R000177,3/3/2019,413,COD,Delivered
O000178,CUST000179,R000178,1/1/2021,342,UPI,Delivered
O000179,CUST000180,R000179,4/26/2025,1532,Wallet,Delivered
O000180,CUST000181,R000180,2/24/2022,1147,UPI,Delivered
O000181,CUST000182,R000181,11/20/2021,244,Wallet,Cancelled
O000182,CUST000183,R000182,8/7/2019,893,Wallet,Delivered
O000183,CUST000184,R000183,7/15/2025,1841,Card,Delivered
O000184,CUST000185,R000184,3/11/2024,1707,UPI,Cancelled
O000185,CUST000186,R000185,8/11/2022,1482,UPI,Delivered
O000186,CUST000187,R000186,8/21/2025,399,Card,Delivered
O000187,CUST000188,R000187,2/23/2022,1649,UPI,Cancelled
O000188,CUST000189,R000188,4/23/2024,210,Card,Delivered
O000189,CUST000190,R000189,8/28/2023,1728,Card,Delivered
O000190,CUST000191,R000190,5/19/2022,633,COD,Cancelled
O000191,CUST000192,R000191,4/2/2024,877,Card,Delivered
O000192,CUST000193,R000192,8/26/2023,302,COD,Delivered
O000193,CUST000194,R000193,7/27/2022,764,Wallet,Delivered
O000194,CUST000195,R000194,7/15/2023,873,COD,Cancelled
O000195,CUST000196,R000195,10/19/2025,509,COD,Delivered
O000196,CUST000197,R000196,10/10/2020,1500,COD,Delivered
O000197,CUST000198,R000197,7/5/2020,1367,Card,Delivered
O000198,CUST000199,R000198,5/8/2021,1099,Wallet,Delivered
O000199,CUST000200,R000199,8/16/2025,1202,UPI,Delivered
O000200,CUST000201,R000200,7/4/2022,1270,Wallet,Delivered
O000201,CUST000202,R000201,3/18/2020,361,Wallet,Cancelled
O000202,CUST000203,R000202,2/15/2024,1345,Card,Delivered
O000203,CUST000204,R000203,5/13/2022,249,Card,Delivered
O000204,CUST000205,R000204,4/27/2019,1505,UPI,Delivered
O000205,CUST000206,R000205,10/8/2020,1819,UPI,Delivered
O000206,CUST000207,R000206,10/22/2023,424,UPI,Delivered
O000207,CUST000208,R000207,5/24/2022,489,COD,Delivered
O000208,CUST000209,R000208,1/20/2020,299,COD,Delivered
O000209,CUST000210,R000209,2/4/2024,228,COD,Delivered
O000210,CUST000211,R000210,8/15/2021,461,UPI,Delivered
O000211,CUST000212,R000211,9/5/2020,1250,UPI,Delivered
O000212,CUST000213,R000212,2/25/2025,818,COD,Delivered
O000213,CUST000214,R000213,4/1/2019,887,Card,Delivered
O000214,CUST000215,R000214,11/12/2022,185,Card,Delivered
O000215,CUST000216,R000215,1/13/2020,199,COD,Delivered
O000216,CUST000217,R000216,7/24/2021,998,Card,Delivered
O000217,CUST000218,R000217,1/24/2025,490,COD,Delivered
O000218,CUST000219,R000218,7/26/2019,630,COD,Delivered
O000219,CUST000220,R000219,4/5/2020,421,COD,Delivered
O000220,CUST000221,R000220,2/7/2020,1244,UPI,Delivered
O000221,CUST000222,R000221,6/3/2019,1438,Card,Cancelled
O000222,CUST000223,R000222,7/4/2021,940,Wallet,Delivered
O000223,CUST000224,R000223,2/26/2024,1173,UPI,Cancelled
O000224,CUST000225,R000224,7/16/2019,1072,COD,Delivered
O000225,CUST000226,R000225,7/8/2019,1573,Card,Delivered
O000226,CUST000227,R000226,6/12/2024,1773,COD,Delivered
O000227,CUST000228,R000227,3/10/2025,1702,Card,Delivered
O000228,CUST000229,R000228,3/14/2022,1193,UPI,Delivered
O000229,CUST000230,R000229,7/19/2025,1626,UPI,Delivered
O000230,CUST000231,R000230,9/19/2020,151,COD,Delivered
O000231,CUST000232,R000231,11/23/2019,738,Wallet,Delivered
O000232,CUST000233,R000232,10/14/2020,1944,COD,Delivered
O000233,CUST000234,R000233,4/22/2024,860,Card,Delivered
O000234,CUST000235,R000234,9/26/2021,210,Card,Delivered
O000235,CUST000236,R000235,6/27/2021,731,COD,Delivered
O000236,CUST000237,R000236,10/20/2019,788,COD,Delivered
O000237,CUST000238,R000237,2/25/2023,863,COD,Delivered
O000238,CUST000239,R000238,8/9/2020,1190,COD,Cancelled
O000239,CUST000240,R000239,1/7/2024,544,COD,Delivered
O000240,CUST000241,R000240,3/7/2019,1318,UPI,Delivered
O000241,CUST000242,R000241,7/9/2025,1300,COD,Delivered
O000242,CUST000243,R000242,5/2/2025,1243,Wallet,Cancelled
O000243,CUST000244,R000243,3/14/2020,1668,Wallet,Delivered
O000244,CUST000245,R000244,2/18/2020,1409,COD,Cancelled
O000245,CUST000246,R000245,2/8/2024,1560,Card,Delivered
O000246,CUST000247,R000246,12/16/2019,1855,UPI,Cancelled
O000247,CUST000248,R000247,6/7/2019,1727,COD,Delivered
O000248,CUST000249,R000248,4/1/2023,812,Card,Delivered
O000249,CUST000250,R000249,6/17/2023,1888,COD,Delivered
O000250,CUST000251,R000250,6/26/2021,908,Wallet,Delivered
O000251,CUST000252,R000251,3/2/2023,345,Wallet,Delivered
O000252,CUST000253,R000252,3/22/2021,588,COD,Delivered
O000253,CUST000254,R000253,5/8/2025,1405,COD,Cancelled
O000254,CUST000255,R000254,12/9/2023,456,COD,Delivered
O000255,CUST000256,R000255,1/3/2021,1462,Wallet,Delivered
O000256,CUST000257,R000256,8/14/2025,823,UPI,Delivered
O000257,CUST000258,R000257,1/5/2019,1628,UPI,Delivered
O000258,CUST000259,R000258,7/17/2022,1648,Wallet,Delivered
O000259,CUST000260,R000259,8/17/2022,1010,Card,Delivered
O000260,CUST000261,R000260,3/10/2024,1771,Card,Cancelled
O000261,CUST000262,R000261,4/2/2023,1441,UPI,Delivered
O000262,CUST000263,R000262,4/5/2019,1505,Card,Delivered
O000263,CUST000264,R000263,1/21/2021,568,UPI,Delivered
O000264,CUST000265,R000264,10/24/2024,1835,COD,Delivered
O000265,CUST000266,R000265,7/17/2024,204,Card,Cancelled
O000266,CUST000267,R000266,1/2/2020,308,COD,Delivered
O000267,CUST000268,R000267,4/19/2022,116,COD,Cancelled
O000268,CUST000269,R000268,3/5/2023,1121,Card,Delivered
O000269,CUST000270,R000269,3/1/2023,439,Wallet,Delivered
O000270,CUST000271,R000270,8/28/2020,1245,Wallet,Delivered
O000271,CUST000272,R000271,12/14/2022,376,COD,Delivered
O000272,CUST000273,R000272,9/27/2022,670,Wallet,Delivered
O000273,CUST000274,R000273,7/4/2021,1561,Wallet,Delivered
O000274,CUST000275,R000274,10/11/2023,1485,Wallet,Delivered
O000275,CUST000276,R000275,3/28/2019,1296,UPI,Delivered
O000276,CUST000277,R000276,9/15/2023,1195,Wallet,Delivered
O000277,CUST000278,R000277,7/6/2020,1495,COD,Delivered
O000278,CUST000279,R000278,1/20/2019,1722,COD,Delivered
O000279,CUST000280,R000279,11/12/2025,1825,Card,Cancelled
O000280,CUST000281,R000280,5/16/2023,1627,Card,Delivered
O000281,CUST000282,R000281,2/28/2020,1750,UPI,Delivered
O000282,CUST000283,R000282,4/11/2023,100,Card,Cancelled
O000283,CUST000284,R000283,8/22/2020,433,UPI,Delivered
O000284,CUST000285,R000284,5/23/2023,229,Card,Delivered
O000285,CUST000286,R000285,12/15/2021,1759,Card,Delivered
O000286,CUST000287,R000286,2/21/2019,1806,Card,Delivered
O000287,CUST000288,R000287,11/19/2020,717,Wallet,Delivered
O000288,CUST000289,R000288,9/23/2025,484,Card,Delivered
O000289,CUST000290,R000289,7/21/2022,384,COD,Delivered
O000290,CUST000291,R000290,7/22/2025,684,Wallet,Delivered
O000291,CUST000292,R000291,11/8/2023,1966,Card,Delivered
O000292,CUST000293,R000292,10/28/2023,1013,Wallet,Cancelled
O000293,CUST000294,R000293,1/4/2024,990,COD,Delivered
O000294,CUST000295,R000294,12/3/2024,1430,Wallet,Delivered
O000295,CUST000296,R000295,7/27/2020,666,COD,Cancelled
O000296,CUST000297,R000296,3/11/2019,1110,Wallet,Delivered
O000297,CUST000298,R000297,1/11/2023,1747,Card,Delivered
O000298,CUST000299,R000298,6/19/2023,1376,COD,Delivered
O000299,CUST000300,R000299,12/2/2025,1422,UPI,Delivered
O000300,CUST000301,R000300,2/14/2022,333,UPI,Delivered
O000301,CUST000302,R000301,1/18/2024,1155,UPI,Delivered
O000302,CUST000303,R000302,3/15/2024,175,Card,Delivered
O000303,CUST000304,R000303,7/16/2025,301,Card,Delivered
O000304,CUST000305,R000304,5/18/2023,347,UPI,Delivered
O000305,CUST000306,R000305,10/23/2020,673,Card,Delivered
O000306,CUST000307,R000306,8/26/2019,1663,Card,Delivered
O000307,CUST000308,R000307,4/28/2024,1046,Wallet,Delivered
O000308,CUST000309,R000308,9/28/2022,282,Card,Delivered
O000309,CUST000310,R000309,9/23/2021,726,COD,Delivered
O000310,CUST000311,R000310,4/6/2025,1407,COD,Delivered
O000311,CUST000312,R000311,6/13/2023,278,COD,Delivered
O000312,CUST000313,R000312,7/25/2019,1033,UPI,Delivered
O000313,CUST000314,R000313,6/9/2019,1327,Wallet,Delivered
O000314,CUST000315,R000314,7/27/2024,1228,Wallet,Cancelled
O000315,CUST000316,R000315,10/10/2024,1736,COD,Delivered
O000316,CUST000317,R000316,7/13/2020,928,Card,Delivered
O000317,CUST000318,R000317,4/12/2025,1864,COD,Delivered
O000318,CUST000319,R000318,9/16/2021,1730,Card,Delivered
O000319,CUST000320,R000319,9/15/2020,1707,Card,Cancelled
O000320,CUST000321,R000320,8/28/2022,1133,Card,Delivered
O000321,CUST000322,R000321,10/1/2022,1338,Card,Delivered
O000322,CUST000323,R000322,2/23/2019,946,COD,Delivered
O000323,CUST000324,R000323,12/7/2021,562,COD,Delivered
O000324,CUST000325,R000324,3/2/2019,856,COD,Delivered
O000325,CUST000326,R000325,12/28/2019,1120,COD,Delivered
O000326,CUST000327,R000326,11/9/2023,483,COD,Delivered
O000327,CUST000328,R000327,8/2/2020,1272,Card,Delivered
O000328,CUST000329,R000328,8/18/2022,896,Wallet,Delivered
O000329,CUST000330,R000329,1/1/2025,1016,UPI,Delivered
O000330,CUST000331,R000330,8/13/2023,1909,Wallet,Delivered
O000331,CUST000332,R000331,5/16/2024,823,UPI,Delivered
O000332,CUST000333,R000332,5/9/2022,1322,Card,Delivered
O000333,CUST000334,R000333,12/23/2021,1936,UPI,Delivered
O000334,CUST000335,R000334,10/11/2022,1490,UPI,Delivered
O000335,CUST000336,R000335,1/18/2019,562,UPI,Delivered
O000336,CUST000337,R000336,6/21/2023,178,COD,Delivered
O000337,CUST000338,R000337,7/24/2023,472,COD,Delivered
O000338,CUST000339,R000338,10/2/2022,1749,Card,Delivered
O000339,CUST000340,R000339,8/19/2022,143,COD,Delivered
O000340,CUST000341,R000340,4/25/2022,1062,COD,Delivered
O000341,CUST000342,R000341,10/27/2024,512,COD,Delivered
O000342,CUST000343,R000342,8/24/2020,808,Wallet,Delivered
O000343,CUST000344,R000343,3/8/2023,680,COD,Delivered
O000344,CUST000345,R000344,10/26/2024,968,Wallet,Delivered
O000345,CUST000346,R000345,2/6/2019,939,COD,Delivered
O000346,CUST000347,R000346,6/4/2021,1553,UPI,Delivered
O000347,CUST000348,R000347,3/8/2022,1106,UPI,Delivered
O000348,CUST000349,R000348,11/20/2021,1233,Wallet,Delivered
O000349,CUST000350,R000349,3/2/2023,1172,Card,Delivered
O000350,CUST000351,R000350,3/18/2025,1991,UPI,Delivered
O000351,CUST000352,R000351,7/11/2020,1540,UPI,Delivered
O000352,CUST000353,R000352,11/14/2024,1420,UPI,Delivered
O000353,CUST000354,R000353,3/20/2019,1495,Card,Delivered
O000354,CUST000355,R000354,2/11/2021,317,UPI,Delivered
O000355,CUST000356,R000355,6/14/2022,184,UPI,Delivered
O000356,CUST000357,R000356,12/16/2025,1956,Card,Cancelled
O000357,CUST000358,R000357,8/17/2023,345,COD,Delivered
O000358,CUST000359,R000358,6/7/2025,1372,Card,Delivered
O000359,CUST000360,R000359,4/23/2023,930,Wallet,Delivered
O000360,CUST000361,R000360,9/27/2019,662,Card,Delivered
O000361,CUST000362,R000361,11/26/2025,610,COD,Delivered
O000362,CUST000363,R000362,4/22/2020,593,COD,Cancelled
O000363,CUST000364,R000363,6/12/2020,478,COD,Delivered
O000364,CUST000365,R000364,1/2/2024,1407,Wallet,Delivered
O000365,CUST000366,R000365,11/7/2024,1036,COD,Delivered
O000366,CUST000367,R000366,7/25/2021,1112,UPI,Cancelled
O000367,CUST000368,R000367,9/6/2021,1878,COD,Delivered
O000368,CUST000369,R000368,9/16/2024,812,UPI,Delivered
O000369,CUST000370,R000369,4/10/2022,1747,UPI,Cancelled
O000370,CUST000371,R000370,4/11/2025,1863,Wallet,Delivered
O000371,CUST000372,R000371,10/17/2023,1162,UPI,Delivered
O000372,CUST000373,R000372,7/18/2025,589,UPI,Delivered
O000373,CUST000374,R000373,1/21/2023,1290,Card,Cancelled
O000374,CUST000375,R000374,11/23/2020,718,Card,Delivered
O000375,CUST000376,R000375,4/16/2020,209,UPI,Delivered
O000376,CUST000377,R000376,7/22/2020,132,Card,Delivered
O000377,CUST000378,R000377,5/25/2020,1067,Card,Delivered
O000378,CUST000379,R000378,1/8/2019,1840,Card,Delivered
O000379,CUST000380,R000379,7/20/2021,728,Wallet,Delivered
O000380,CUST000381,R000380,5/28/2022,971,COD,Delivered
O000381,CUST000382,R000381,1/26/2025,472,Wallet,Delivered
O000382,CUST000383,R000382,12/5/2024,1364,Card,Delivered
O000383,CUST000384,R000383,8/8/2025,590,Wallet,Delivered
O000384,CUST000385,R000384,6/11/2025,1269,Wallet,Cancelled
O000385,CUST000386,R000385,9/5/2021,1217,UPI,Cancelled
O000386,CUST000387,R000386,2/3/2023,951,Card,Delivered
O000387,CUST000388,R000387,11/17/2020,937,Wallet,Delivered
O000388,CUST000389,R000388,6/18/2022,1265,UPI,Delivered
O000389,CUST000390,R000389,7/22/2020,350,COD,Delivered
O000390,CUST000391,R000390,5/26/2025,223,COD,Delivered
O000391,CUST000392,R000391,2/25/2021,1927,Card,Delivered
O000392,CUST000393,R000392,3/23/2019,777,COD,Delivered
O000393,CUST000394,R000393,5/1/2022,126,Card,Delivered
O000394,CUST000395,R000394,9/1/2023,944,Wallet,Delivered
O000395,CUST000396,R000395,3/6/2020,563,COD,Delivered
O000396,CUST000397,R000396,10/24/2021,677,Wallet,Delivered
O000397,CUST000398,R000397,12/12/2020,1313,COD,Delivered
O000398,CUST000399,R000398,7/12/2025,739,Wallet,Delivered
O000399,CUST000400,R000399,10/4/2019,995,UPI,Delivered
O000400,CUST000401,R000400,10/18/2025,1608,UPI,Delivered
O000401,CUST000402,R000401,9/8/2020,881,Wallet,Delivered
O000402,CUST000403,R000402,3/17/2022,1868,Wallet,Delivered
O000403,CUST000404,R000403,3/13/2025,1740,Card,Cancelled
O000404,CUST000405,R000404,10/19/2022,133,Card,Cancelled
O000405,CUST000406,R000405,3/18/2023,1449,Card,Delivered
O000406,CUST000407,R000406,11/10/2022,1644,UPI,Delivered
O000407,CUST000408,R000407,9/24/2023,735,UPI,Delivered
O000408,CUST000409,R000408,8/15/2020,173,Card,Delivered
O000409,CUST000410,R000409,9/19/2025,468,COD,Delivered
O000410,CUST000411,R000410,3/7/2022,1986,COD,Delivered
O000411,CUST000412,R000411,4/21/2024,355,Card,Delivered
O000412,CUST000413,R000412,10/28/2021,611,Card,Delivered
O000413,CUST000414,R000413,7/27/2019,1224,Wallet,Delivered
O000414,CUST000415,R000414,12/3/2022,1033,COD,Delivered
O000415,CUST000416,R000415,3/11/2022,639,Wallet,Delivered
O000416,CUST000417,R000416,8/22/2025,833,UPI,Delivered
O000417,CUST000418,R000417,2/13/2019,1651,COD,Delivered
O000418,CUST000419,R000418,8/27/2023,1240,UPI,Delivered
O000419,CUST000420,R000419,6/5/2022,1304,UPI,Delivered
O000420,CUST000421,R000420,5/18/2024,1362,UPI,Delivered
O000421,CUST000422,R000421,5/9/2024,1691,Wallet,Delivered
O000422,CUST000423,R000422,5/13/2020,1558,Wallet,Delivered
O000423,CUST000424,R000423,9/12/2024,1175,UPI,Delivered
O000424,CUST000425,R000424,11/10/2022,1985,UPI,Delivered
O000425,CUST000426,R000425,6/17/2022,985,UPI,Delivered
O000426,CUST000427,R000426,7/16/2024,413,COD,Delivered
O000427,CUST000428,R000427,3/19/2019,396,Wallet,Delivered
O000428,CUST000429,R000428,7/15/2019,1728,Card,Delivered
O000429,CUST000430,R000429,4/10/2021,1966,Card,Delivered
O000430,CUST000431,R000430,6/4/2025,1852,Card,Delivered
O000431,CUST000432,R000431,6/23/2020,429,Wallet,Delivered
O000432,CUST000433,R000432,10/23/2021,492,UPI,Delivered
O000433,CUST000434,R000433,6/22/2024,595,Wallet,Delivered
O000434,CUST000435,R000434,4/25/2022,1351,Card,Delivered
O000435,CUST000436,R000435,9/1/2024,285,COD,Delivered
O000436,CUST000437,R000436,5/6/2019,965,Wallet,Delivered
O000437,CUST000438,R000437,3/4/2019,1601,Card,Delivered
O000438,CUST000439,R000438,7/26/2022,646,Wallet,Delivered
O000439,CUST000440,R000439,4/2/2024,1931,Wallet,Delivered
O000440,CUST000441,R000440,11/13/2021,1018,Wallet,Delivered
O000441,CUST000442,R000441,10/19/2023,1345,UPI,Delivered
O000442,CUST000443,R000442,12/5/2023,1583,Wallet,Delivered
O000443,CUST000444,R000443,11/14/2023,1512,UPI,Delivered
O000444,CUST000445,R000444,2/17/2022,536,UPI,Delivered
O000445,CUST000446,R000445,9/18/2023,1294,Wallet,Cancelled
O000446,CUST000447,R000446,2/16/2025,212,COD,Delivered
O000447,CUST000448,R000447,11/20/2022,444,UPI,Delivered
O000448,CUST000449,R000448,7/13/2024,1846,Card,Delivered
O000449,CUST000450,R000449,9/1/2023,581,Card,Delivered
O000450,CUST000451,R000450,3/1/2021,329,Card,Delivered
O000451,CUST000452,R000451,12/27/2021,262,COD,Delivered
O000452,CUST000453,R000452,8/25/2019,701,COD,Delivered
O000453,CUST000454,R000453,1/23/2023,678,Wallet,Delivered
O000454,CUST000455,R000454,6/13/2025,1627,Card,Cancelled
O000455,CUST000456,R000455,12/27/2022,310,Wallet,Delivered
O000456,CUST000457,R000456,7/8/2025,1735,UPI,Delivered
O000457,CUST000458,R000457,1/12/2019,1635,UPI,Cancelled
O000458,CUST000459,R000458,11/5/2020,1339,Wallet,Delivered
O000459,CUST000460,R000459,2/19/2021,256,Card,Delivered
O000460,CUST000461,R000460,3/21/2020,1499,UPI,Delivered
O000461,CUST000462,R000461,2/22/2019,1890,Card,Delivered
O000462,CUST000463,R000462,8/2/2021,1681,Card,Cancelled
O000463,CUST000464,R000463,9/17/2022,547,COD,Delivered
O000464,CUST000465,R000464,4/28/2019,797,Card,Delivered
O000465,CUST000466,R000465,8/26/2019,222,COD,Cancelled
O000466,CUST000467,R000466,12/24/2021,723,Wallet,Delivered
O000467,CUST000468,R000467,2/14/2021,826,COD,Cancelled
O000468,CUST000469,R000468,7/17/2019,354,COD,Delivered
O000469,CUST000470,R000469,7/9/2025,1351,COD,Delivered
O000470,CUST000471,R000470,3/5/2023,1252,UPI,Delivered
O000471,CUST000472,R000471,12/8/2020,999,Wallet,Delivered
O000472,CUST000473,R000472,10/13/2023,921,UPI,Delivered
O000473,CUST000474,R000473,5/2/2022,1116,Wallet,Delivered
O000474,CUST000475,R000474,10/16/2021,463,Wallet,Delivered
O000475,CUST000476,R000475,5/11/2019,1298,Card,Delivered
O000476,CUST000477,R000476,12/11/2024,207,Card,Delivered
O000477,CUST000478,R000477,8/25/2021,1425,UPI,Delivered
O000478,CUST000479,R000478,2/7/2019,1740,UPI,Delivered
O000479,CUST000480,R000479,5/21/2021,339,UPI,Delivered
O000480,CUST000481,R000480,3/24/2021,442,COD,Delivered
O000481,CUST000482,R000481,12/19/2023,1915,Card,Delivered
O000482,CUST000483,R000482,3/3/2020,1980,Card,Delivered
O000483,CUST000484,R000483,1/14/2021,346,UPI,Delivered
O000484,CUST000485,R000484,8/2/2021,1106,UPI,Delivered
O000485,CUST000486,R000485,7/23/2025,712,Wallet,Cancelled
O000486,CUST000487,R000486,6/27/2024,776,COD,Cancelled
O000487,CUST000488,R000487,10/10/2021,1091,COD,Delivered
O000488,CUST000489,R000488,11/26/2020,919,UPI,Delivered
O000489,CUST000490,R000489,4/6/2021,1724,Card,Delivered
O000490,CUST000491,R000490,8/7/2022,1086,COD,Delivered
O000491,CUST000492,R000491,6/8/2025,551,COD,Delivered
O000492,CUST000493,R000492,1/15/2023,336,COD,Delivered
O000493,CUST000494,R000493,6/6/2023,1153,UPI,Delivered
O000494,CUST000495,R000494,2/2/2022,1392,Card,Delivered
O000495,CUST000496,R000495,2/1/2022,835,COD,Delivered
O000496,CUST000497,R000496,3/25/2020,1057,Wallet,Delivered
O000497,CUST000498,R000497,11/15/2022,929,COD,Delivered
O000498,CUST000499,R000498,9/6/2024,1425,Card,Delivered
O000499,CUST000500,R000499,7/10/2021,1488,COD,Delivered
O000500,CUST000501,R000500,5/8/2025,1846,Card,Delivered
O000501,CUST000502,R000501,4/16/2021,1107,Wallet,Delivered
O000502,CUST000503,R000502,7/16/2020,1547,UPI,Delivered
O000503,CUST000504,R000503,3/17/2025,1972,COD,Delivered
O000504,CUST000505,R000504,4/19/2024,696,Wallet,Delivered
O000505,CUST000506,R000505,9/13/2022,1897,Card,Delivered
O000506,CUST000507,R000506,12/21/2025,770,Card,Delivered
O000507,CUST000508,R000507,2/24/2021,119,Card,Delivered
O000508,CUST000509,R000508,3/26/2024,450,COD,Delivered
O000509,CUST000510,R000509,9/20/2022,717,Card,Delivered
O000510,CUST000511,R000510,5/24/2023,720,COD,Delivered
O000511,CUST000512,R000511,3/7/2024,1041,COD,Delivered
O000512,CUST000513,R000512,3/5/2023,389,Card,Delivered
O000513,CUST000514,R000513,9/3/2022,1462,UPI,Delivered
O000514,CUST000515,R000514,7/11/2023,1195,Wallet,Delivered
O000515,CUST000516,R000515,9/28/2025,1164,Wallet,Delivered
O000516,CUST000517,R000516,10/11/2020,1588,Wallet,Delivered
O000517,CUST000518,R000517,12/16/2021,1324,COD,Delivered
O000518,CUST000519,R000518,12/8/2024,1514,Card,Delivered
O000519,CUST000520,R000519,7/16/2025,1442,UPI,Cancelled
O000520,CUST000521,R000520,8/6/2022,1641,Card,Delivered
O000521,CUST000522,R000521,1/28/2021,241,Wallet,Delivered
O000522,CUST000523,R000522,5/14/2024,1346,Card,Delivered
O000523,CUST000524,R000523,12/19/2022,380,Card,Delivered
O000524,CUST000525,R000524,9/22/2019,1712,COD,Delivered
O000525,CUST000526,R000525,10/14/2020,1906,COD,Delivered
O000526,CUST000527,R000526,9/27/2024,1507,COD,Delivered
O000527,CUST000528,R000527,3/11/2019,351,COD,Delivered
O000528,CUST000529,R000528,8/1/2023,1251,Wallet,Delivered
O000529,CUST000530,R000529,11/12/2020,743,Wallet,Delivered
O000530,CUST000531,R000530,2/3/2024,1543,UPI,Delivered
O000531,CUST000532,R000531,9/11/2023,1558,Wallet,Cancelled
O000532,CUST000533,R000532,11/16/2023,963,UPI,Delivered
O000533,CUST000534,R000533,3/7/2022,1729,Card,Delivered
O000534,CUST000535,R000534,5/28/2019,1298,Wallet,Delivered
O000535,CUST000536,R000535,4/4/2019,1390,Card,Delivered
O000536,CUST000537,R000536,4/20/2020,418,UPI,Delivered
O000537,CUST000538,R000537,5/23/2019,347,COD,Delivered
O000538,CUST000539,R000538,9/15/2025,1995,Card,Delivered
O000539,CUST000540,R000539,5/28/2020,409,Card,Cancelled
O000540,CUST000541,R000540,9/21/2019,1867,COD,Delivered
O000541,CUST000542,R000541,1/3/2025,1042,Card,Delivered
O000542,CUST000543,R000542,12/22/2020,404,Wallet,Delivered
O000543,CUST000544,R000543,2/26/2024,1203,Wallet,Delivered
O000544,CUST000545,R000544,9/8/2025,284,COD,Delivered
O000545,CUST000546,R000545,1/26/2025,579,COD,Delivered
O000546,CUST000547,R000546,4/4/2023,1346,COD,Delivered
O000547,CUST000548,R000547,10/10/2024,1449,Wallet,Delivered
O000548,CUST000549,R000548,11/26/2020,1180,UPI,Delivered
O000549,CUST000550,R000549,8/14/2024,1046,Wallet,Delivered
O000550,CUST000551,R000550,10/5/2019,1341,COD,Delivered
O000551,CUST000552,R000551,3/17/2025,1611,COD,Delivered
O000552,CUST000553,R000552,6/10/2020,1974,Card,Delivered
O000553,CUST000554,R000553,5/17/2023,1484,Card,Delivered
O000554,CUST000555,R000554,9/25/2020,1671,UPI,Delivered
O000555,CUST000556,R000555,9/9/2020,1921,COD,Cancelled
O000556,CUST000557,R000556,5/21/2019,819,Card,Delivered
O000557,CUST000558,R000557,11/18/2022,436,Card,Delivered
O000558,CUST000559,R000558,9/20/2020,196,COD,Delivered
O000559,CUST000560,R000559,3/26/2023,248,Card,Delivered
O000560,CUST000561,R000560,6/5/2019,637,COD,Delivered
O000561,CUST000562,R000561,5/1/2024,412,UPI,Delivered
O000562,CUST000563,R000562,10/20/2021,279,Card,Delivered
O000563,CUST000564,R000563,2/21/2023,530,Wallet,Delivered
O000564,CUST000565,R000564,7/7/2024,1811,Card,Cancelled
O000565,CUST000566,R000565,2/26/2021,1163,Wallet,Delivered
O000566,CUST000567,R000566,12/6/2022,716,COD,Delivered
O000567,CUST000568,R000567,10/28/2022,1287,Wallet,Delivered
O000568,CUST000569,R000568,9/25/2019,580,COD,Delivered
O000569,CUST000570,R000569,1/9/2020,1019,Wallet,Delivered
O000570,CUST000571,R000570,11/6/2021,1700,Card,Delivered
O000571,CUST000572,R000571,1/15/2023,1329,COD,Delivered
O000572,CUST000573,R000572,1/1/2020,1337,UPI,Delivered
O000573,CUST000574,R000573,7/13/2025,253,Wallet,Delivered
O000574,CUST000575,R000574,4/17/2023,1041,UPI,Delivered
O000575,CUST000576,R000575,5/15/2021,1797,Card,Delivered
O000576,CUST000577,R000576,10/15/2025,189,UPI,Delivered
O000577,CUST000578,R000577,9/16/2019,192,UPI,Delivered
O000578,CUST000579,R000578,10/20/2022,780,Card,Delivered
O000579,CUST000580,R000579,12/1/2022,1519,Card,Delivered
O000580,CUST000581,R000580,2/23/2024,946,Wallet,Delivered
O000581,CUST000582,R000581,7/26/2023,240,COD,Delivered
O000582,CUST000583,R000582,11/21/2020,637,COD,Delivered
O000583,CUST000584,R000583,11/28/2021,1317,COD,Cancelled
O000584,CUST000585,R000584,1/12/2025,1962,Card,Delivered
O000585,CUST000586,R000585,12/24/2024,997,Wallet,Cancelled
O000586,CUST000587,R000586,3/7/2020,1248,Wallet,Delivered
O000587,CUST000588,R000587,2/26/2021,1148,Wallet,Cancelled
O000588,CUST000589,R000588,1/9/2023,1587,COD,Delivered
O000589,CUST000590,R000589,2/10/2023,818,UPI,Delivered
O000590,CUST000591,R000590,12/11/2021,1754,Card,Delivered
O000591,CUST000592,R000591,2/14/2022,1408,UPI,Delivered
O000592,CUST000593,R000592,6/10/2022,1135,UPI,Cancelled
O000593,CUST000594,R000593,10/20/2021,562,Card,Delivered
O000594,CUST000595,R000594,10/21/2025,869,Card,Delivered
O000595,CUST000596,R000595,11/15/2020,724,COD,Delivered
O000596,CUST000597,R000596,6/22/2023,471,COD,Delivered
O000597,CUST000598,R000597,11/27/2023,771,Card,Delivered
O000598,CUST000599,R000598,4/25/2022,1041,COD,Delivered
O000599,CUST000600,R000599,6/9/2023,447,Wallet,Delivered
O000600,CUST000601,R000600,11/1/2019,1230,UPI,Delivered
O000601,CUST000602,R000601,7/17/2023,742,COD,Delivered
O000602,CUST000603,R000602,9/28/2020,862,UPI,Delivered
O000603,CUST000604,R000603,8/12/2024,1798,Wallet,Cancelled
O000604,CUST000605,R000604,1/16/2020,1495,UPI,Delivered
O000605,CUST000606,R000605,1/11/2020,1179,UPI,Delivered
O000606,CUST000607,R000606,2/21/2019,1793,UPI,Delivered
O000607,CUST000608,R000607,4/9/2019,1341,UPI,Delivered
O000608,CUST000609,R000608,10/16/2025,514,UPI,Cancelled
O000609,CUST000610,R000609,12/10/2021,131,COD,Delivered
O000610,CUST000611,R000610,7/22/2025,388,COD,Cancelled
O000611,CUST000612,R000611,2/28/2022,1670,Card,Cancelled
O000612,CUST000613,R000612,11/18/2023,1964,Card,Cancelled
O000613,CUST000614,R000613,10/24/2023,846,COD,Delivered
O000614,CUST000615,R000614,1/26/2023,402,COD,Delivered
O000615,CUST000616,R000615,8/22/2019,653,Wallet,Delivered
O000616,CUST000617,R000616,4/6/2019,530,COD,Delivered
O000617,CUST000618,R000617,3/25/2022,1080,Wallet,Delivered
O000618,CUST000619,R000618,4/6/2022,840,COD,Delivered
O000619,CUST000620,R000619,12/2/2024,1410,UPI,Delivered
O000620,CUST000621,R000620,5/6/2021,956,UPI,Delivered
O000621,CUST000622,R000621,2/18/2024,1143,Wallet,Delivered
O000622,CUST000623,R000622,6/25/2023,1649,Card,Delivered
O000623,CUST000624,R000623,2/17/2025,1949,Wallet,Delivered
O000624,CUST000625,R000624,7/9/2022,1460,UPI,Delivered
O000625,CUST000626,R000625,3/12/2020,1580,UPI,Delivered
O000626,CUST000627,R000626,6/19/2025,1650,Card,Delivered
O000627,CUST000628,R000627,8/21/2023,510,Card,Delivered
O000628,CUST000629,R000628,11/17/2021,312,UPI,Delivered
O000629,CUST000630,R000629,11/18/2021,146,Card,Cancelled
O000630,CUST000631,R000630,11/19/2024,457,COD,Delivered
O000631,CUST000632,R000631,1/6/2024,1228,Card,Delivered
O000632,CUST000633,R000632,1/22/2021,824,Wallet,Delivered
O000633,CUST000634,R000633,7/25/2020,377,Card,Delivered
O000634,CUST000635,R000634,6/23/2019,520,COD,Delivered
O000635,CUST000636,R000635,4/16/2025,502,COD,Delivered
O000636,CUST000637,R000636,8/7/2022,436,COD,Delivered
O000637,CUST000638,R000637,12/1/2019,1371,Wallet,Delivered
O000638,CUST000639,R000638,2/6/2024,957,Card,Delivered
O000639,CUST000640,R000639,2/24/2025,1026,UPI,Delivered
O000640,CUST000641,R000640,12/4/2020,1787,COD,Delivered
O000641,CUST000642,R000641,8/15/2020,701,Wallet,Delivered
O000642,CUST000643,R000642,12/10/2025,1468,UPI,Cancelled
O000643,CUST000644,R000643,9/10/2019,1974,Wallet,Delivered
O000644,CUST000645,R000644,7/15/2025,1018,UPI,Delivered
O000645,CUST000646,R000645,5/16/2025,440,UPI,Delivered
O000646,CUST000647,R000646,10/20/2022,1180,UPI,Cancelled
O000647,CUST000648,R000647,1/18/2019,352,Card,Delivered
O000648,CUST000649,R000648,12/10/2019,124,UPI,Delivered
O000649,CUST000650,R000649,3/19/2024,1953,Card,Delivered
O000650,CUST000651,R000650,8/23/2021,988,UPI,Delivered
O000651,CUST000652,R000651,2/7/2023,1629,UPI,Delivered
O000652,CUST000653,R000652,10/19/2020,686,Wallet,Delivered
O000653,CUST000654,R000653,9/27/2025,880,COD,Delivered
O000654,CUST000655,R000654,2/25/2021,318,COD,Delivered
O000655,CUST000656,R000655,12/4/2025,1259,COD,Delivered
O000656,CUST000657,R000656,12/5/2021,745,COD,Delivered
O000657,CUST000658,R000657,11/10/2021,1126,Wallet,Cancelled
O000658,CUST000659,R000658,11/3/2020,1069,Wallet,Delivered
O000659,CUST000660,R000659,8/1/2020,796,UPI,Delivered
O000660,CUST000661,R000660,1/15/2021,1869,COD,Delivered
O000661,CUST000662,R000661,5/12/2023,795,Wallet,Delivered
O000662,CUST000663,R000662,11/14/2019,1745,Card,Cancelled
O000663,CUST000664,R000663,7/17/2021,1617,COD,Delivered
O000664,CUST000665,R000664,8/16/2023,1841,UPI,Cancelled
O000665,CUST000666,R000665,9/14/2024,730,Card,Delivered
O000666,CUST000667,R000666,9/28/2023,1980,COD,Delivered
O000667,CUST000668,R000667,2/28/2024,853,Wallet,Delivered
O000668,CUST000669,R000668,4/5/2023,413,COD,Delivered
O000669,CUST000670,R000669,10/23/2024,789,COD,Delivered
O000670,CUST000671,R000670,10/11/2019,1214,COD,Delivered
O000671,CUST000672,R000671,2/11/2023,1157,Wallet,Delivered
O000672,CUST000673,R000672,12/1/2025,840,UPI,Delivered
O000673,CUST000674,R000673,2/16/2021,1198,UPI,Delivered
O000674,CUST000675,R000674,7/28/2020,840,Wallet,Delivered
O000675,CUST000676,R000675,2/15/2022,1832,Wallet,Delivered
O000676,CUST000677,R000676,10/10/2025,1660,Card,Delivered
O000677,CUST000678,R000677,8/17/2023,1949,UPI,Delivered
O000678,CUST000679,R000678,6/17/2022,1359,Card,Delivered
O000679,CUST000680,R000679,6/9/2022,1597,UPI,Delivered
O000680,CUST000681,R000680,5/23/2025,518,UPI,Delivered
O000681,CUST000682,R000681,6/14/2025,1931,Card,Delivered
O000682,CUST000683,R000682,6/18/2019,580,COD,Delivered
O000683,CUST000684,R000683,10/5/2019,1842,COD,Delivered
O000684,CUST000685,R000684,2/20/2023,249,COD,Delivered
O000685,CUST000686,R000685,4/24/2023,500,Card,Delivered
O000686,CUST000687,R000686,7/25/2021,815,Wallet,Delivered
O000687,CUST000688,R000687,11/25/2020,884,COD,Delivered
O000688,CUST000689,R000688,10/9/2024,559,COD,Cancelled
O000689,CUST000690,R000689,7/20/2021,1320,UPI,Delivered
O000690,CUST000691,R000690,4/11/2025,1610,Card,Delivered
O000691,CUST000692,R000691,3/26/2020,1150,UPI,Delivered
O000692,CUST000693,R000692,2/4/2023,1212,Wallet,Delivered
O000693,CUST000694,R000693,9/17/2022,1321,UPI,Delivered
O000694,CUST000695,R000694,3/16/2020,1591,Card,Delivered
O000695,CUST000696,R000695,5/12/2019,197,Wallet,Cancelled
O000696,CUST000697,R000696,8/17/2019,1453,Card,Delivered
O000697,CUST000698,R000697,6/15/2020,357,UPI,Delivered
O000698,CUST000699,R000698,5/21/2025,1129,Wallet,Delivered
O000699,CUST000700,R000699,2/20/2021,1948,Card,Delivered
O000700,CUST000701,R000700,7/19/2021,246,Wallet,Delivered
O000701,CUST000702,R000701,10/12/2021,1649,Card,Delivered
O000702,CUST000703,R000702,6/8/2019,1887,Card,Delivered
O000703,CUST000704,R000703,3/28/2022,1810,UPI,Delivered
O000704,CUST000705,R000704,12/24/2021,381,COD,Delivered
O000705,CUST000706,R000705,2/22/2024,401,UPI,Delivered
O000706,CUST000707,R000706,7/20/2019,510,Wallet,Delivered
O000707,CUST000708,R000707,5/25/2023,1271,Card,Delivered
O000708,CUST000709,R000708,12/1/2025,440,COD,Delivered
O000709,CUST000710,R000709,4/5/2020,685,Wallet,Delivered
O000710,CUST000711,R000710,6/3/2019,1447,Card,Delivered
O000711,CUST000712,R000711,6/24/2020,492,Wallet,Delivered
O000712,CUST000713,R000712,2/8/2019,1569,Wallet,Delivered
O000713,CUST000714,R000713,10/8/2022,918,Wallet,Delivered
O000714,CUST000715,R000714,5/16/2023,1266,UPI,Delivered
O000715,CUST000716,R000715,6/3/2019,1503,Wallet,Delivered
O000716,CUST000717,R000716,1/12/2022,1426,UPI,Delivered
O000717,CUST000718,R000717,5/19/2020,489,UPI,Delivered
O000718,CUST000719,R000718,5/17/2019,1074,Wallet,Delivered
O000719,CUST000720,R000719,7/15/2019,126,COD,Delivered
O000720,CUST000721,R000720,1/19/2025,364,UPI,Delivered
O000721,CUST000722,R000721,2/10/2020,1957,Card,Delivered
O000722,CUST000723,R000722,7/28/2022,476,Card,Delivered
O000723,CUST000724,R000723,10/28/2019,218,Card,Delivered
O000724,CUST000725,R000724,8/26/2022,107,COD,Delivered
O000725,CUST000726,R000725,4/23/2023,297,COD,Delivered
O000726,CUST000727,R000726,4/17/2022,535,Wallet,Delivered
O000727,CUST000728,R000727,12/11/2023,1353,Card,Delivered
O000728,CUST000729,R000728,2/25/2021,268,COD,Delivered
O000729,CUST000730,R000729,5/6/2019,1217,Wallet,Delivered
O000730,CUST000731,R000730,1/13/2022,1118,Wallet,Delivered
O000731,CUST000732,R000731,3/26/2024,864,COD,Delivered
O000732,CUST000733,R000732,10/10/2021,1687,UPI,Delivered
O000733,CUST000734,R000733,11/13/2020,992,Card,Delivered
O000734,CUST000735,R000734,9/14/2022,101,Card,Delivered
O000735,CUST000736,R000735,3/1/2025,1532,Card,Cancelled
O000736,CUST000737,R000736,8/16/2022,262,Card,Delivered
O000737,CUST000738,R000737,3/27/2022,686,UPI,Delivered
O000738,CUST000739,R000738,8/24/2021,1719,COD,Delivered
O000739,CUST000740,R000739,12/18/2025,579,Wallet,Delivered
O000740,CUST000741,R000740,4/12/2021,682,Card,Delivered
O000741,CUST000742,R000741,7/13/2019,312,COD,Delivered
O000742,CUST000743,R000742,9/7/2024,1305,Card,Delivered
O000743,CUST000744,R000743,7/6/2024,1162,UPI,Delivered
O000744,CUST000745,R000744,12/5/2022,913,Wallet,Delivered
O000745,CUST000746,R000745,3/13/2021,842,UPI,Delivered
O000746,CUST000747,R000746,9/2/2023,1080,UPI,Delivered
O000747,CUST000748,R000747,5/15/2025,383,COD,Delivered
O000748,CUST000749,R000748,8/10/2025,1148,UPI,Delivered
O000749,CUST000750,R000749,5/10/2020,1953,UPI,Delivered
O000750,CUST000751,R000750,11/21/2024,1315,UPI,Delivered
O000751,CUST000752,R000751,1/5/2019,1379,Card,Delivered
O000752,CUST000753,R000752,12/15/2020,195,UPI,Delivered
O000753,CUST000754,R000753,6/21/2023,298,COD,Delivered
O000754,CUST000755,R000754,2/17/2021,1830,Card,Delivered
O000755,CUST000756,R000755,4/2/2024,1933,Card,Delivered
O000756,CUST000757,R000756,7/16/2024,821,UPI,Delivered
O000757,CUST000758,R000757,4/28/2019,1021,UPI,Delivered
O000758,CUST000759,R000758,8/22/2021,633,Wallet,Cancelled
O000759,CUST000760,R000759,8/24/2023,697,Wallet,Cancelled
O000760,CUST000761,R000760,8/10/2020,1049,COD,Delivered
O000761,CUST000762,R000761,11/25/2022,808,UPI,Delivered
O000762,CUST000763,R000762,1/5/2022,1570,COD,Delivered
O000763,CUST000764,R000763,2/5/2022,932,UPI,Delivered
O000764,CUST000765,R000764,3/7/2021,995,Wallet,Delivered
O000765,CUST000766,R000765,7/10/2022,867,Wallet,Delivered
O000766,CUST000767,R000766,2/16/2025,1816,Card,Delivered
O000767,CUST000768,R000767,2/12/2021,148,Card,Delivered
O000768,CUST000769,R000768,10/11/2024,743,COD,Delivered
O000769,CUST000770,R000769,12/11/2021,1010,Wallet,Delivered
O000770,CUST000771,R000770,2/11/2024,888,COD,Delivered
O000771,CUST000772,R000771,2/5/2025,1345,UPI,Delivered
O000772,CUST000773,R000772,3/9/2022,1408,COD,Delivered
O000773,CUST000774,R000773,4/7/2019,1761,UPI,Delivered
O000774,CUST000775,R000774,2/15/2021,1520,Wallet,Delivered
O000775,CUST000776,R000775,2/16/2019,1437,UPI,Delivered
O000776,CUST000777,R000776,4/16/2021,1822,Card,Delivered
O000777,CUST000778,R000777,1/18/2022,297,Wallet,Delivered
O000778,CUST000779,R000778,7/7/2020,1754,Card,Delivered
O000779,CUST000780,R000779,3/27/2022,670,Card,Delivered
O000780,CUST000781,R000780,4/22/2020,1914,UPI,Delivered
O000781,CUST000782,R000781,6/24/2020,360,Card,Delivered
O000782,CUST000783,R000782,2/21/2020,627,Card,Delivered
O000783,CUST000784,R000783,4/23/2023,504,COD,Delivered
O000784,CUST000785,R000784,11/6/2020,1004,COD,Delivered
O000785,CUST000786,R000785,7/3/2019,309,COD,Delivered
O000786,CUST000787,R000786,12/1/2021,1378,UPI,Delivered
O000787,CUST000788,R000787,2/10/2021,1105,COD,Delivered
O000788,CUST000789,R000788,7/25/2019,1052,Wallet,Delivered
O000789,CUST000790,R000789,3/11/2025,1482,Wallet,Delivered
O000790,CUST000791,R000790,2/14/2024,926,COD,Delivered
O000791,CUST000792,R000791,6/2/2019,1370,UPI,Delivered
O000792,CUST000793,R000792,9/14/2024,1293,UPI,Delivered
O000793,CUST000794,R000793,1/4/2022,1530,Card,Delivered
O000794,CUST000795,R000794,3/26/2022,1921,Wallet,Delivered
O000795,CUST000796,R000795,1/15/2020,1255,UPI,Cancelled
O000796,CUST000797,R000796,12/17/2025,294,Card,Delivered
O000797,CUST000798,R000797,10/28/2022,1632,Card,Delivered
O000798,CUST000799,R000798,8/13/2019,1871,Card,Delivered
O000799,CUST000800,R000799,4/26/2021,1038,Card,Delivered
O000800,CUST000801,R000800,10/4/2022,1732,UPI,Delivered
O000801,CUST000802,R000801,4/22/2023,669,Wallet,Delivered
O000802,CUST000803,R000802,11/5/2020,210,Wallet,Delivered
O000803,CUST000804,R000803,6/24/2022,1014,Wallet,Delivered
O000804,CUST000805,R000804,8/3/2021,1414,Wallet,Delivered
O000805,CUST000806,R000805,9/14/2023,814,UPI,Delivered
O000806,CUST000807,R000806,5/5/2020,1575,Card,Cancelled
O000807,CUST000808,R000807,11/27/2025,1251,Wallet,Delivered
O000808,CUST000809,R000808,11/4/2023,1347,Card,Delivered
O000809,CUST000810,R000809,12/18/2025,338,UPI,Delivered
O000810,CUST000811,R000810,12/21/2019,268,Card,Delivered
O000811,CUST000812,R000811,4/14/2022,1915,Card,Cancelled
O000812,CUST000813,R000812,3/28/2019,192,Card,Cancelled
O000813,CUST000814,R000813,8/20/2022,1820,COD,Delivered
O000814,CUST000815,R000814,3/2/2021,888,UPI,Delivered
O000815,CUST000816,R000815,5/21/2021,255,COD,Delivered
O000816,CUST000817,R000816,11/25/2020,804,Wallet,Delivered
O000817,CUST000818,R000817,4/5/2021,184,COD,Cancelled
O000818,CUST000819,R000818,3/23/2024,474,Wallet,Cancelled
O000819,CUST000820,R000819,9/2/2020,1192,COD,Delivered
O000820,CUST000821,R000820,5/8/2025,1549,Wallet,Delivered
O000821,CUST000822,R000821,7/1/2020,964,UPI,Delivered
O000822,CUST000823,R000822,3/13/2019,1011,Wallet,Delivered
O000823,CUST000824,R000823,9/2/2024,1262,COD,Cancelled
O000824,CUST000825,R000824,5/14/2024,1525,Wallet,Delivered
O000825,CUST000826,R000825,5/9/2021,1884,UPI,Delivered
O000826,CUST000827,R000826,4/14/2024,1437,Card,Delivered
O000827,CUST000828,R000827,9/25/2021,1560,UPI,Delivered
O000828,CUST000829,R000828,11/7/2023,1771,COD,Cancelled
O000829,CUST000830,R000829,10/19/2022,420,UPI,Delivered
O000830,CUST000831,R000830,2/16/2022,293,Card,Delivered
O000831,CUST000832,R000831,10/18/2023,1992,COD,Delivered
O000832,CUST000833,R000832,5/24/2022,1863,Card,Delivered
O000833,CUST000834,R000833,9/2/2021,1166,Wallet,Delivered
O000834,CUST000835,R000834,9/2/2022,755,Card,Delivered
O000835,CUST000836,R000835,1/22/2025,627,COD,Delivered
O000836,CUST000837,R000836,12/25/2019,921,COD,Delivered
O000837,CUST000838,R000837,2/11/2020,296,Card,Delivered
O000838,CUST000839,R000838,1/3/2023,1073,Wallet,Delivered
O000839,CUST000840,R000839,12/5/2021,626,Card,Delivered
O000840,CUST000841,R000840,7/28/2025,1244,COD,Delivered
O000841,CUST000842,R000841,2/24/2023,1003,COD,Delivered
O000842,CUST000843,R000842,9/7/2021,621,Wallet,Delivered
O000843,CUST000844,R000843,6/4/2025,1557,UPI,Delivered
O000844,CUST000845,R000844,4/14/2022,1180,COD,Delivered
O000845,CUST000846,R000845,11/28/2023,1226,UPI,Delivered
O000846,CUST000847,R000846,4/19/2020,399,Wallet,Delivered
O000847,CUST000848,R000847,1/18/2019,956,UPI,Delivered
O000848,CUST000849,R000848,5/12/2023,1716,UPI,Delivered
O000849,CUST000850,R000849,8/13/2020,110,UPI,Delivered
O000850,CUST000851,R000850,6/15/2025,1878,UPI,Delivered
O000851,CUST000852,R000851,5/19/2020,733,UPI,Delivered
O000852,CUST000853,R000852,8/27/2023,1428,UPI,Cancelled
O000853,CUST000854,R000853,11/22/2022,861,Wallet,Delivered
O000854,CUST000855,R000854,4/26/2019,1998,Card,Delivered
O000855,CUST000856,R000855,2/17/2019,281,COD,Delivered
O000856,CUST000857,R000856,2/27/2020,1211,COD,Cancelled
O000857,CUST000858,R000857,1/11/2019,1808,Card,Delivered
O000858,CUST000859,R000858,7/22/2025,843,Wallet,Delivered
O000859,CUST000860,R000859,2/6/2020,1027,COD,Delivered
O000860,CUST000861,R000860,2/28/2019,1042,Wallet,Delivered
O000861,CUST000862,R000861,4/7/2019,1507,COD,Cancelled
O000862,CUST000863,R000862,4/8/2022,739,Wallet,Delivered
O000863,CUST000864,R000863,6/9/2024,1669,UPI,Cancelled
O000864,CUST000865,R000864,8/17/2019,1361,UPI,Delivered
O000865,CUST000866,R000865,5/9/2025,1088,UPI,Delivered
O000866,CUST000867,R000866,11/19/2024,478,UPI,Delivered
O000867,CUST000868,R000867,3/20/2025,726,Wallet,Delivered
O000868,CUST000869,R000868,2/14/2021,1798,Card,Delivered
O000869,CUST000870,R000869,1/22/2024,1839,Card,Delivered
O000870,CUST000871,R000870,6/20/2019,1960,UPI,Delivered
O000871,CUST000872,R000871,7/16/2025,459,Card,Delivered
O000872,CUST000873,R000872,10/28/2022,553,Wallet,Delivered
O000873,CUST000874,R000873,6/22/2023,1087,UPI,Delivered
O000874,CUST000875,R000874,9/15/2024,706,COD,Delivered
O000875,CUST000876,R000875,2/26/2023,783,UPI,Delivered
O000876,CUST000877,R000876,10/10/2022,1712,Wallet,Delivered
O000877,CUST000878,R000877,12/10/2020,1405,UPI,Delivered
O000878,CUST000879,R000878,9/10/2023,1133,UPI,Delivered
O000879,CUST000880,R000879,3/20/2020,1577,UPI,Cancelled
O000880,CUST000881,R000880,5/7/2022,1260,UPI,Delivered
O000881,CUST000882,R000881,3/15/2021,115,Wallet,Cancelled
O000882,CUST000883,R000882,3/9/2020,1884,Card,Cancelled
O000883,CUST000884,R000883,9/21/2022,277,Card,Delivered
O000884,CUST000885,R000884,12/25/2023,1558,Card,Delivered
O000885,CUST000886,R000885,8/16/2020,169,Card,Cancelled
O000886,CUST000887,R000886,3/26/2021,704,COD,Delivered
O000887,CUST000888,R000887,7/25/2022,323,Card,Delivered
O000888,CUST000889,R000888,6/21/2025,437,Wallet,Delivered
O000889,CUST000890,R000889,2/4/2019,483,COD,Delivered
O000890,CUST000891,R000890,6/19/2020,990,Wallet,Delivered
O000891,CUST000892,R000891,9/4/2023,749,COD,Delivered
O000892,CUST000893,R000892,8/2/2020,1367,Wallet,Delivered
O000893,CUST000894,R000893,12/3/2024,920,UPI,Delivered
O000894,CUST000895,R000894,5/17/2023,744,COD,Delivered
O000895,CUST000896,R000895,1/24/2020,1500,UPI,Delivered
O000896,CUST000897,R000896,5/15/2024,1794,Wallet,Delivered
O000897,CUST000898,R000897,7/9/2025,1175,UPI,Delivered
O000898,CUST000899,R000898,11/11/2022,1731,UPI,Delivered
O000899,CUST000900,R000899,2/20/2021,1506,Card,Delivered
O000900,CUST000901,R000900,3/19/2024,366,Card,Delivered
O000901,CUST000902,R000901,10/15/2022,227,UPI,Delivered
O000902,CUST000903,R000902,3/14/2019,100,Card,Delivered
O000903,CUST000904,R000903,1/14/2020,650,UPI,Delivered
O000904,CUST000905,R000904,3/7/2024,1382,Card,Delivered
O000905,CUST000906,R000905,12/24/2024,984,COD,Delivered
O000906,CUST000907,R000906,12/27/2019,537,Card,Delivered
O000907,CUST000908,R000907,10/26/2021,165,COD,Delivered
O000908,CUST000909,R000908,8/18/2022,920,Card,Delivered
O000909,CUST000910,R000909,1/6/2025,281,COD,Delivered
O000910,CUST000911,R000910,1/27/2022,1217,Wallet,Delivered
O000911,CUST000912,R000911,9/1/2024,1107,Card,Delivered
O000912,CUST000913,R000912,1/26/2023,926,UPI,Delivered
O000913,CUST000914,R000913,3/2/2022,1643,Card,Cancelled
O000914,CUST000915,R000914,10/13/2019,617,Wallet,Delivered
O000915,CUST000916,R000915,6/8/2021,1378,UPI,Delivered
O000916,CUST000917,R000916,7/5/2024,1927,Wallet,Delivered
O000917,CUST000918,R000917,10/14/2022,802,Wallet,Delivered
O000918,CUST000919,R000918,6/15/2021,361,UPI,Delivered
O000919,CUST000920,R000919,10/18/2021,1100,UPI,Cancelled
O000920,CUST000921,R000920,4/17/2025,266,Card,Delivered
O000921,CUST000922,R000921,6/10/2021,1914,Card,Delivered
O000922,CUST000923,R000922,2/16/2025,1843,Card,Delivered
O000923,CUST000924,R000923,1/22/2022,834,UPI,Delivered
O000924,CUST000925,R000924,4/6/2019,1735,UPI,Delivered
O000925,CUST000926,R000925,12/21/2025,542,Wallet,Delivered
O000926,CUST000927,R000926,6/25/2024,415,COD,Delivered
O000927,CUST000928,R000927,8/23/2024,277,COD,Delivered
O000928,CUST000929,R000928,2/2/2023,1168,Card,Delivered
O000929,CUST000930,R000929,11/27/2021,654,COD,Delivered
O000930,CUST000931,R000930,6/8/2024,1085,Wallet,Delivered
O000931,CUST000932,R000931,1/10/2021,1033,Wallet,Delivered
O000932,CUST000933,R000932,4/28/2021,716,Wallet,Delivered
O000933,CUST000934,R000933,12/14/2022,1783,COD,Delivered
O000934,CUST000935,R000934,8/11/2023,642,Wallet,Delivered
O000935,CUST000936,R000935,6/13/2025,1459,UPI,Cancelled
O000936,CUST000937,R000936,4/17/2024,1510,Card,Delivered
O000937,CUST000938,R000937,5/15/2021,1526,Wallet,Delivered
O000938,CUST000939,R000938,8/15/2020,159,UPI,Delivered
O000939,CUST000940,R000939,6/19/2024,1409,Card,Delivered
O000940,CUST000941,R000940,11/18/2019,320,COD,Delivered
O000941,CUST000942,R000941,6/25/2022,1840,COD,Delivered
O000942,CUST000943,R000942,9/11/2021,699,COD,Delivered
O000943,CUST000944,R000943,2/9/2019,1129,Card,Delivered
O000944,CUST000945,R000944,9/9/2025,1076,Wallet,Delivered
O000945,CUST000946,R000945,11/1/2021,804,UPI,Delivered
O000946,CUST000947,R000946,5/15/2020,983,Wallet,Delivered
O000947,CUST000948,R000947,2/27/2024,686,Wallet,Delivered
O000948,CUST000949,R000948,10/14/2023,1677,Wallet,Delivered
O000949,CUST000950,R000949,2/4/2022,1555,Card,Cancelled
O000950,CUST000951,R000950,5/16/2019,204,Wallet,Cancelled
O000951,CUST000952,R000951,9/18/2023,1215,Card,Delivered
O000952,CUST000953,R000952,8/7/2020,1447,UPI,Delivered
O000953,CUST000954,R000953,4/21/2019,364,UPI,Delivered
O000954,CUST000955,R000954,8/12/2025,1884,Card,Delivered
O000955,CUST000956,R000955,12/12/2024,359,Card,Delivered
O000956,CUST000957,R000956,10/3/2021,1757,Card,Delivered
O000957,CUST000958,R000957,6/18/2025,170,COD,Delivered
O000958,CUST000959,R000958,7/23/2023,421,Card,Delivered
O000959,CUST000960,R000959,9/25/2025,774,COD,Delivered
O000960,CUST000961,R000960,2/24/2019,836,COD,Delivered
O000961,CUST000962,R000961,2/8/2020,405,COD,Cancelled
O000962,CUST000963,R000962,8/19/2023,1172,UPI,Delivered
O000963,CUST000964,R000963,4/10/2019,1722,Card,Delivered
O000964,CUST000965,R000964,10/28/2023,875,UPI,Delivered
O000965,CUST000966,R000965,12/1/2024,1107,Wallet,Delivered
O000966,CUST000967,R000966,11/15/2021,1167,UPI,Delivered
O000967,CUST000968,R000967,2/14/2025,1501,UPI,Delivered
O000968,CUST000969,R000968,8/7/2019,154,Wallet,Delivered
O000969,CUST000970,R000969,7/13/2023,1417,Card,Delivered
O000970,CUST000971,R000970,1/13/2020,278,UPI,Delivered
O000971,CUST000972,R000971,11/20/2023,1049,UPI,Delivered
O000972,CUST000973,R000972,5/19/2020,389,COD,Delivered
O000973,CUST000974,R000973,7/19/2025,453,Wallet,Delivered
O000974,CUST000975,R000974,3/18/2020,1966,Card,Delivered
O000975,CUST000976,R000975,8/13/2023,265,Card,Delivered
O000976,CUST000977,R000976,12/5/2021,1921,UPI,Cancelled
O000977,CUST000978,R000977,8/2/2020,238,COD,Delivered
O000978,CUST000979,R000978,7/18/2023,296,UPI,Delivered
O000979,CUST000980,R000979,1/18/2023,399,COD,Delivered
O000980,CUST000981,R000980,12/22/2024,861,Card,Delivered
O000981,CUST000982,R000981,4/23/2020,355,Card,Delivered
O000982,CUST000983,R000982,11/4/2022,606,Wallet,Delivered
O000983,CUST000984,R000983,12/1/2024,1411,Card,Delivered
O000984,CUST000985,R000984,9/23/2020,275,COD,Delivered
O000985,CUST000986,R000985,1/7/2021,1479,COD,Delivered
O000986,CUST000987,R000986,6/7/2023,828,Wallet,Delivered
O000987,CUST000988,R000987,1/13/2024,1155,UPI,Delivered
O000988,CUST000989,R000988,2/2/2022,1397,UPI,Delivered
O000989,CUST000990,R000989,5/10/2025,1538,Wallet,Cancelled
O000990,CUST000991,R000990,8/18/2019,346,UPI,Delivered
O000991,CUST000992,R000991,11/15/2023,925,Wallet,Delivered
O000992,CUST000993,R000992,4/13/2025,1916,COD,Delivered
O000993,CUST000994,R000993,11/17/2020,1533,UPI,Delivered
O000994,CUST000995,R000994,9/4/2020,1873,Card,Delivered
O000995,CUST000996,R000995,11/26/2022,397,UPI,Delivered
O000996,CUST000997,R000996,8/24/2019,138,Card,Delivered
O000997,CUST000998,R000997,1/24/2023,1967,COD,Delivered
O000998,CUST000999,R000998,7/22/2022,250,COD,Delivered
O000999,CUST001000,R000999,4/16/2021,445,COD,Delivered
O001000,CUST001001,R001000,1/10/2019,1267,Card,Delivered
O001001,CUST001002,R001001,6/24/2019,125,COD,Delivered
O001002,CUST001003,R001002,8/5/2020,1198,Wallet,Delivered
O001003,CUST001004,R001003,7/12/2019,974,Wallet,Delivered
O001004,CUST001005,R001004,5/24/2023,715,COD,Delivered
O001005,CUST001006,R001005,1/7/2023,1532,Wallet,Delivered
O001006,CUST001007,R001006,7/12/2022,626,UPI,Cancelled
O001007,CUST001008,R001007,11/6/2020,1533,UPI,Delivered
O001008,CUST001009,R001008,7/20/2024,1024,UPI,Delivered
O001009,CUST001010,R001009,2/7/2021,1655,Card,Delivered
O001010,CUST001011,R001010,9/19/2025,174,UPI,Delivered
O001011,CUST001012,R001011,2/17/2022,295,COD,Delivered
O001012,CUST001013,R001012,7/11/2023,532,COD,Delivered
O001013,CUST001014,R001013,2/11/2019,597,Card,Delivered
O001014,CUST001015,R001014,8/12/2022,170,COD,Delivered
O001015,CUST001016,R001015,4/6/2023,1417,Card,Delivered
O001016,CUST001017,R001016,5/28/2022,1056,UPI,Delivered
O001017,CUST001018,R001017,11/4/2023,802,COD,Delivered
O001018,CUST001019,R001018,10/11/2022,688,Wallet,Delivered
O001019,CUST001020,R001019,1/27/2024,671,Wallet,Delivered
O001020,CUST001021,R001020,8/9/2025,103,COD,Delivered
O001021,CUST001022,R001021,7/9/2021,1112,UPI,Delivered
O001022,CUST001023,R001022,7/8/2019,1874,UPI,Delivered
O001023,CUST001024,R001023,5/19/2021,1230,Wallet,Delivered
O001024,CUST001025,R001024,4/4/2025,1288,Card,Delivered
O001025,CUST001026,R001025,7/12/2023,148,UPI,Delivered
O001026,CUST001027,R001026,2/21/2019,257,Card,Delivered
O001027,CUST001028,R001027,7/16/2022,1687,Card,Delivered
O001028,CUST001029,R001028,12/28/2025,144,UPI,Delivered
O001029,CUST001030,R001029,7/15/2019,672,Wallet,Delivered
O001030,CUST001031,R001030,2/27/2025,911,UPI,Delivered
O001031,CUST001032,R001031,2/20/2020,348,Wallet,Cancelled
O001032,CUST001033,R001032,8/22/2025,292,Wallet,Delivered
O001033,CUST001034,R001033,12/4/2022,905,Card,Delivered
O001034,CUST001035,R001034,3/3/2022,729,Wallet,Delivered
O001035,CUST001036,R001035,1/3/2019,1534,COD,Delivered
O001036,CUST001037,R001036,3/3/2021,889,UPI,Delivered
O001037,CUST001038,R001037,10/9/2019,904,Wallet,Delivered
O001038,CUST001039,R001038,8/9/2025,777,Wallet,Delivered
O001039,CUST001040,R001039,2/15/2019,1775,Card,Delivered
O001040,CUST001041,R001040,10/11/2024,1837,Wallet,Delivered
O001041,CUST001042,R001041,2/10/2020,1661,UPI,Delivered
O001042,CUST001043,R001042,3/9/2021,1667,Card,Delivered
O001043,CUST001044,R001043,2/21/2025,1539,Wallet,Delivered
O001044,CUST001045,R001044,10/15/2022,138,UPI,Delivered
O001045,CUST001046,R001045,8/17/2022,1853,COD,Delivered
O001046,CUST001047,R001046,5/13/2022,1618,UPI,Cancelled
O001047,CUST001048,R001047,1/13/2019,1441,Wallet,Delivered
O001048,CUST001049,R001048,4/14/2025,1351,UPI,Delivered
O001049,CUST001050,R001049,9/14/2022,1601,Card,Delivered
O001050,CUST001051,R001050,8/20/2025,251,Wallet,Delivered
O001051,CUST001052,R001051,12/6/2020,1663,UPI,Delivered
O001052,CUST001053,R001052,4/26/2025,585,Card,Delivered
O001053,CUST001054,R001053,3/22/2023,1834,UPI,Cancelled
O001054,CUST001055,R001054,12/21/2019,516,Card,Delivered
O001055,CUST001056,R001055,9/20/2025,521,COD,Delivered
O001056,CUST001057,R001056,7/21/2022,349,Card,Delivered
O001057,CUST001058,R001057,3/5/2023,850,COD,Cancelled
O001058,CUST001059,R001058,3/2/2021,1676,Card,Delivered
O001059,CUST001060,R001059,6/24/2019,1278,UPI,Cancelled
O001060,CUST001061,R001060,9/7/2021,961,COD,Delivered
O001061,CUST001062,R001061,5/23/2020,967,Wallet,Delivered
O001062,CUST001063,R001062,5/9/2024,1393,Wallet,Delivered
O001063,CUST001064,R001063,8/14/2025,879,COD,Delivered
O001064,CUST001065,R001064,3/1/2022,1328,UPI,Cancelled
O001065,CUST001066,R001065,6/12/2021,1213,UPI,Delivered
O001066,CUST001067,R001066,9/3/2023,1451,Card,Delivered
O001067,CUST001068,R001067,10/25/2019,132,Wallet,Delivered
O001068,CUST001069,R001068,12/15/2019,1149,UPI,Cancelled
O001069,CUST001070,R001069,11/16/2021,1910,Card,Delivered
O001070,CUST001071,R001070,11/27/2024,1479,Card,Delivered
O001071,CUST001072,R001071,12/11/2019,1467,Card,Cancelled
O001072,CUST001073,R001072,2/18/2020,893,Card,Delivered
O001073,CUST001074,R001073,8/2/2025,1633,Card,Delivered
O001074,CUST001075,R001074,6/20/2022,628,COD,Delivered
O001075,CUST001076,R001075,5/3/2024,120,COD,Delivered
O001076,CUST001077,R001076,6/26/2025,495,COD,Delivered
O001077,CUST001078,R001077,12/2/2019,944,Card,Delivered
O001078,CUST001079,R001078,10/7/2023,874,Wallet,Delivered
O001079,CUST001080,R001079,9/25/2023,1068,Card,Delivered
O001080,CUST001081,R001080,6/19/2021,1357,Wallet,Delivered
O001081,CUST001082,R001081,1/24/2022,1193,UPI,Delivered
O001082,CUST001083,R001082,3/17/2019,228,Wallet,Delivered
O001083,CUST001084,R001083,12/15/2019,157,Card,Delivered
O001084,CUST001085,R001084,4/12/2024,1510,Card,Delivered
O001085,CUST001086,R001085,2/22/2019,1949,Card,Delivered
O001086,CUST001087,R001086,10/18/2021,1677,Card,Cancelled
O001087,CUST001088,R001087,4/28/2025,672,UPI,Delivered
O001088,CUST001089,R001088,7/19/2020,207,COD,Delivered
O001089,CUST001090,R001089,6/27/2025,713,COD,Delivered
O001090,CUST001091,R001090,4/2/2023,100,COD,Cancelled
O001091,CUST001092,R001091,3/23/2024,395,Wallet,Delivered
O001092,CUST001093,R001092,8/26/2021,1155,COD,Delivered
O001093,CUST001094,R001093,4/7/2019,1508,COD,Delivered
O001094,CUST001095,R001094,10/27/2020,810,UPI,Delivered
O001095,CUST001096,R001095,3/11/2025,856,Wallet,Delivered
O001096,CUST001097,R001096,6/2/2020,1679,Card,Delivered
O001097,CUST001098,R001097,10/14/2021,1170,Wallet,Delivered
O001098,CUST001099,R001098,8/3/2019,1741,UPI,Delivered
O001099,CUST001100,R001099,10/12/2021,1294,Card,Delivered
O001100,CUST001101,R001100,11/23/2020,1474,Wallet,Delivered
O001101,CUST001102,R001101,11/13/2025,1724,COD,Delivered
O001102,CUST001103,R001102,9/22/2020,374,UPI,Cancelled
O001103,CUST001104,R001103,6/14/2022,208,Card,Cancelled
O001104,CUST001105,R001104,11/17/2019,1911,Card,Delivered
O001105,CUST001106,R001105,5/23/2025,1783,COD,Delivered
O001106,CUST001107,R001106,7/2/2021,1125,COD,Delivered
O001107,CUST001108,R001107,4/1/2020,470,Card,Delivered
O001108,CUST001109,R001108,9/21/2019,472,COD,Delivered
O001109,CUST001110,R001109,10/24/2024,772,COD,Delivered
O001110,CUST001111,R001110,6/8/2023,1799,COD,Delivered
O001111,CUST001112,R001111,3/26/2019,1401,Wallet,Delivered
O001112,CUST001113,R001112,10/9/2023,948,COD,Delivered
O001113,CUST001114,R001113,1/4/2022,1518,COD,Delivered
O001114,CUST001115,R001114,5/28/2020,1341,COD,Delivered
O001115,CUST001116,R001115,9/16/2020,574,COD,Delivered
O001116,CUST001117,R001116,9/9/2024,1340,UPI,Delivered
O001117,CUST001118,R001117,7/11/2025,1100,COD,Delivered
O001118,CUST001119,R001118,2/26/2022,1147,UPI,Delivered
O001119,CUST001120,R001119,11/18/2025,313,Wallet,Delivered
O001120,CUST001121,R001120,11/18/2025,844,Wallet,Delivered
O001121,CUST001122,R001121,12/9/2019,1605,UPI,Cancelled
O001122,CUST001123,R001122,9/12/2023,1862,Wallet,Delivered
O001123,CUST001124,R001123,11/14/2025,1479,UPI,Delivered
O001124,CUST001125,R001124,2/14/2025,589,UPI,Delivered
O001125,CUST001126,R001125,1/26/2024,1148,UPI,Cancelled
O001126,CUST001127,R001126,1/20/2021,751,COD,Delivered
O001127,CUST001128,R001127,3/23/2024,1908,Card,Delivered
O001128,CUST001129,R001128,6/19/2024,195,COD,Delivered
O001129,CUST001130,R001129,5/25/2024,1131,Card,Delivered
O001130,CUST001131,R001130,10/6/2020,1772,Card,Delivered
O001131,CUST001132,R001131,2/21/2022,763,Wallet,Delivered
O001132,CUST001133,R001132,5/5/2019,941,COD,Delivered
O001133,CUST001134,R001133,6/27/2022,952,Wallet,Delivered
O001134,CUST001135,R001134,12/6/2021,1222,Card,Cancelled
O001135,CUST001136,R001135,4/7/2023,633,Wallet,Delivered
O001136,CUST001137,R001136,7/8/2020,1269,UPI,Delivered
O001137,CUST001138,R001137,1/16/2022,1217,Wallet,Cancelled
O001138,CUST001139,R001138,7/7/2024,940,UPI,Delivered
O001139,CUST001140,R001139,8/15/2021,367,UPI,Delivered
O001140,CUST001141,R001140,6/18/2019,678,UPI,Delivered
O001141,CUST001142,R001141,3/16/2021,1713,Card,Delivered
O001142,CUST001143,R001142,1/19/2019,1760,Card,Delivered
O001143,CUST001144,R001143,12/18/2025,1880,UPI,Delivered
O001144,CUST001145,R001144,5/16/2024,417,Card,Delivered
O001145,CUST001146,R001145,9/27/2023,601,Card,Delivered
O001146,CUST001147,R001146,2/21/2024,569,Wallet,Delivered
O001147,CUST001148,R001147,6/8/2021,124,Card,Delivered
O001148,CUST001149,R001148,10/16/2023,249,Wallet,Delivered
O001149,CUST001150,R001149,1/3/2022,929,COD,Delivered
O001150,CUST001151,R001150,7/2/2023,1262,UPI,Delivered
O001151,CUST001152,R001151,3/8/2020,984,UPI,Delivered
O001152,CUST001153,R001152,5/18/2019,1422,UPI,Delivered
O001153,CUST001154,R001153,4/6/2024,1405,Wallet,Delivered
O001154,CUST001155,R001154,2/17/2019,1801,Wallet,Delivered
O001155,CUST001156,R001155,7/7/2020,1804,Card,Delivered
O001156,CUST001157,R001156,4/19/2023,197,Card,Delivered
O001157,CUST001158,R001157,10/23/2023,1473,Card,Delivered
O001158,CUST001159,R001158,6/15/2019,123,Card,Delivered
O001159,CUST001160,R001159,5/22/2020,657,Card,Delivered
O001160,CUST001161,R001160,8/23/2025,173,Card,Delivered
O001161,CUST001162,R001161,3/20/2023,293,COD,Delivered
O001162,CUST001163,R001162,6/4/2020,1986,COD,Delivered
O001163,CUST001164,R001163,8/18/2024,1413,Wallet,Delivered
O001164,CUST001165,R001164,11/2/2022,643,Card,Delivered
O001165,CUST001166,R001165,11/27/2023,1213,Wallet,Delivered
O001166,CUST001167,R001166,12/28/2019,1022,UPI,Delivered
O001167,CUST001168,R001167,8/19/2019,703,COD,Delivered
O001168,CUST001169,R001168,10/2/2022,1463,UPI,Delivered
O001169,CUST001170,R001169,8/13/2020,1714,Wallet,Delivered
O001170,CUST001171,R001170,9/6/2024,1090,UPI,Delivered
O001171,CUST001172,R001171,6/9/2019,1640,UPI,Delivered
O001172,CUST001173,R001172,6/19/2022,1284,Card,Delivered
O001173,CUST001174,R001173,7/18/2021,324,UPI,Delivered
O001174,CUST001175,R001174,11/14/2025,1986,Wallet,Delivered
O001175,CUST001176,R001175,3/13/2025,1602,Card,Delivered
O001176,CUST001177,R001176,4/13/2019,500,UPI,Delivered
O001177,CUST001178,R001177,4/4/2019,1271,Card,Delivered
O001178,CUST001179,R001178,2/22/2024,874,COD,Delivered
O001179,CUST001180,R001179,4/25/2019,638,Card,Delivered
O001180,CUST001181,R001180,2/28/2019,319,COD,Delivered
O001181,CUST001182,R001181,7/17/2024,1080,COD,Delivered
O001182,CUST001183,R001182,11/8/2022,486,COD,Delivered
O001183,CUST001184,R001183,8/1/2023,1241,Wallet,Delivered
O001184,CUST001185,R001184,1/4/2021,1016,UPI,Delivered
O001185,CUST001186,R001185,7/1/2024,835,Wallet,Delivered
O001186,CUST001187,R001186,2/9/2025,1602,Card,Cancelled
O001187,CUST001188,R001187,10/13/2020,517,COD,Delivered
O001188,CUST001189,R001188,2/6/2022,978,UPI,Delivered
O001189,CUST001190,R001189,6/4/2025,1778,Wallet,Delivered
O001190,CUST001191,R001190,1/13/2021,648,Wallet,Delivered
O001191,CUST001192,R001191,1/13/2019,250,UPI,Delivered
O001192,CUST001193,R001192,5/17/2023,1075,UPI,Delivered
O001193,CUST001194,R001193,4/19/2025,123,Card,Delivered
O001194,CUST001195,R001194,1/8/2021,1835,UPI,Delivered
O001195,CUST001196,R001195,7/14/2022,1763,Card,Delivered
O001196,CUST001197,R001196,10/20/2020,792,UPI,Delivered
O001197,CUST001198,R001197,5/26/2019,1688,UPI,Delivered
O001198,CUST001199,R001198,2/19/2021,452,Wallet,Delivered
O001199,CUST001200,R001199,11/24/2025,330,Card,Delivered
O001200,CUST001201,R001200,4/22/2020,132,COD,Delivered
O001201,CUST001202,R001201,1/1/2019,638,Card,Delivered
O001202,CUST001203,R001202,2/26/2020,549,COD,Delivered
O001203,CUST001204,R001203,1/7/2021,930,Wallet,Delivered
O001204,CUST001205,R001204,8/7/2021,878,Wallet,Delivered
O001205,CUST001206,R001205,7/26/2025,866,Wallet,Delivered
O001206,CUST001207,R001206,7/14/2020,1684,COD,Delivered
O001207,CUST001208,R001207,7/9/2021,562,UPI,Delivered
O001208,CUST001209,R001208,8/11/2024,1374,UPI,Cancelled
O001209,CUST001210,R001209,2/15/2024,1420,Card,Delivered
O001210,CUST001211,R001210,3/10/2019,1305,Wallet,Delivered
O001211,CUST001212,R001211,8/14/2021,112,UPI,Delivered
O001212,CUST001213,R001212,7/18/2020,1323,Card,Delivered
O001213,CUST001214,R001213,3/16/2022,240,Card,Delivered
O001214,CUST001215,R001214,9/24/2021,1441,UPI,Cancelled
O001215,CUST001216,R001215,6/8/2025,166,Card,Delivered
O001216,CUST001217,R001216,9/1/2023,590,UPI,Delivered
O001217,CUST001218,R001217,5/1/2025,494,Wallet,Delivered
O001218,CUST001219,R001218,3/20/2020,483,Wallet,Delivered
O001219,CUST001220,R001219,12/11/2020,839,Wallet,Delivered
O001220,CUST001221,R001220,8/19/2021,649,Wallet,Delivered
O001221,CUST001222,R001221,8/12/2024,1461,COD,Delivered
O001222,CUST001223,R001222,4/2/2020,1465,Card,Delivered
O001223,CUST001224,R001223,11/10/2022,114,Wallet,Delivered
O001224,CUST001225,R001224,1/15/2019,1173,UPI,Delivered
O001225,CUST001226,R001225,1/6/2025,1411,Card,Delivered
O001226,CUST001227,R001226,12/20/2020,285,Wallet,Delivered
O001227,CUST001228,R001227,3/11/2022,1485,Card,Delivered
O001228,CUST001229,R001228,3/11/2023,209,Card,Cancelled
O001229,CUST001230,R001229,9/2/2024,1646,Card,Delivered
O001230,CUST001231,R001230,2/18/2021,583,COD,Delivered
O001231,CUST001232,R001231,11/21/2023,527,Card,Delivered
O001232,CUST001233,R001232,2/26/2023,629,COD,Delivered
O001233,CUST001234,R001233,8/20/2021,693,COD,Delivered
O001234,CUST001235,R001234,11/7/2019,364,COD,Cancelled
O001235,CUST001236,R001235,2/17/2020,1125,UPI,Delivered
O001236,CUST001237,R001236,7/5/2024,1630,Card,Delivered
O001237,CUST001238,R001237,7/27/2021,789,Wallet,Delivered
O001238,CUST001239,R001238,8/1/2020,1028,Wallet,Delivered
O001239,CUST001240,R001239,7/15/2020,957,Wallet,Delivered
O001240,CUST001241,R001240,5/13/2024,1139,UPI,Delivered
O001241,CUST001242,R001241,7/5/2020,1901,COD,Delivered
O001242,CUST001243,R001242,3/12/2025,1263,UPI,Delivered
O001243,CUST001244,R001243,2/12/2021,167,Wallet,Delivered
O001244,CUST001245,R001244,2/16/2025,1198,UPI,Delivered
O001245,CUST001246,R001245,1/21/2025,246,COD,Cancelled
O001246,CUST001247,R001246,9/17/2023,310,Wallet,Delivered
O001247,CUST001248,R001247,9/16/2024,1881,Card,Delivered
O001248,CUST001249,R001248,5/12/2022,740,COD,Delivered
O001249,CUST001250,R001249,6/28/2020,401,Card,Delivered
O001250,CUST001251,R001250,8/28/2023,581,Wallet,Delivered
O001251,CUST001252,R001251,8/23/2020,644,UPI,Delivered
O001252,CUST001253,R001252,12/24/2020,747,COD,Delivered
O001253,CUST001254,R001253,4/8/2021,1247,Card,Delivered
O001254,CUST001255,R001254,3/28/2022,245,Card,Delivered
O001255,CUST001256,R001255,11/2/2021,451,Wallet,Delivered
O001256,CUST001257,R001256,1/28/2020,1261,Card,Delivered
O001257,CUST001258,R001257,12/21/2024,387,COD,Delivered
O001258,CUST001259,R001258,7/9/2024,1380,COD,Delivered
O001259,CUST001260,R001259,12/5/2020,685,Wallet,Delivered
O001260,CUST001261,R001260,3/11/2023,1069,Wallet,Delivered
O001261,CUST001262,R001261,6/28/2024,1307,UPI,Delivered
O001262,CUST001263,R001262,4/2/2024,1491,Wallet,Delivered
O001263,CUST001264,R001263,7/16/2019,304,Wallet,Delivered
O001264,CUST001265,R001264,12/14/2019,844,Wallet,Delivered
O001265,CUST001266,R001265,8/12/2021,1836,Card,Delivered
O001266,CUST001267,R001266,2/16/2020,1448,UPI,Delivered
O001267,CUST001268,R001267,12/3/2024,1762,UPI,Delivered
O001268,CUST001269,R001268,2/25/2023,111,UPI,Delivered
O001269,CUST001270,R001269,5/22/2024,1890,Card,Delivered
O001270,CUST001271,R001270,2/23/2019,178,Card,Delivered
O001271,CUST001272,R001271,7/4/2024,107,COD,Delivered
O001272,CUST001273,R001272,1/15/2020,339,COD,Delivered
O001273,CUST001274,R001273,11/8/2020,1156,Card,Delivered
O001274,CUST001275,R001274,1/22/2019,1936,COD,Delivered
O001275,CUST001276,R001275,8/27/2024,1108,COD,Delivered
O001276,CUST001277,R001276,3/11/2021,932,Wallet,Delivered
O001277,CUST001278,R001277,4/24/2019,504,COD,Delivered
O001278,CUST001279,R001278,4/6/2023,1453,Wallet,Delivered
O001279,CUST001280,R001279,2/11/2020,541,UPI,Delivered
O001280,CUST001281,R001280,2/5/2019,1378,UPI,Delivered
O001281,CUST001282,R001281,6/20/2020,913,Wallet,Delivered
O001282,CUST001283,R001282,6/4/2024,1550,Card,Cancelled
O001283,CUST001284,R001283,2/17/2019,286,Wallet,Delivered
O001284,CUST001285,R001284,1/18/2025,1624,Card,Delivered
O001285,CUST001286,R001285,5/9/2024,1856,Card,Delivered
O001286,CUST001287,R001286,2/3/2022,1785,UPI,Delivered
O001287,CUST001288,R001287,6/4/2024,1596,COD,Delivered
O001288,CUST001289,R001288,4/22/2019,1331,Card,Delivered
O001289,CUST001290,R001289,4/20/2023,976,UPI,Delivered
O001290,CUST001291,R001290,2/3/2023,723,COD,Delivered
O001291,CUST001292,R001291,7/8/2019,652,Wallet,Delivered
O001292,CUST001293,R001292,4/26/2023,628,UPI,Delivered
O001293,CUST001294,R001293,12/8/2021,1913,COD,Delivered
O001294,CUST001295,R001294,8/7/2023,958,UPI,Delivered
O001295,CUST001296,R001295,7/7/2020,1595,Card,Delivered
O001296,CUST001297,R001296,2/19/2024,1385,Wallet,Delivered
O001297,CUST001298,R001297,11/6/2023,1145,Card,Delivered
O001298,CUST001299,R001298,9/10/2022,1901,UPI,Delivered
O001299,CUST001300,R001299,8/19/2023,103,Card,Delivered
O001300,CUST001301,R001300,5/12/2023,1639,Card,Delivered
O001301,CUST001302,R001301,11/23/2019,102,UPI,Delivered
O001302,CUST001303,R001302,7/13/2021,593,Wallet,Cancelled
O001303,CUST001304,R001303,1/25/2023,831,UPI,Cancelled
O001304,CUST001305,R001304,5/19/2019,262,COD,Cancelled
O001305,CUST001306,R001305,3/21/2020,245,COD,Delivered
O001306,CUST001307,R001306,3/3/2023,685,Card,Delivered
O001307,CUST001308,R001307,8/2/2023,575,Wallet,Cancelled
O001308,CUST001309,R001308,3/2/2022,1385,COD,Delivered
O001309,CUST001310,R001309,10/28/2024,1001,Wallet,Delivered
O001310,CUST001311,R001310,9/8/2025,805,COD,Delivered
O001311,CUST001312,R001311,2/6/2022,672,Wallet,Delivered
O001312,CUST001313,R001312,4/13/2025,1619,Card,Delivered
O001313,CUST001314,R001313,1/9/2019,1428,Wallet,Delivered
O001314,CUST001315,R001314,5/4/2019,1620,UPI,Delivered
O001315,CUST001316,R001315,2/8/2021,253,UPI,Delivered
O001316,CUST001317,R001316,9/19/2025,1459,Wallet,Delivered
O001317,CUST001318,R001317,9/14/2023,1954,Card,Delivered
O001318,CUST001319,R001318,11/15/2022,1763,UPI,Delivered
O001319,CUST001320,R001319,12/12/2021,475,Card,Delivered
O001320,CUST001321,R001320,5/4/2025,239,UPI,Delivered
O001321,CUST001322,R001321,7/24/2019,112,UPI,Delivered
O001322,CUST001323,R001322,11/25/2019,618,Card,Cancelled
O001323,CUST001324,R001323,8/2/2025,107,Wallet,Delivered
O001324,CUST001325,R001324,2/16/2022,1383,UPI,Delivered
O001325,CUST001326,R001325,3/24/2020,474,UPI,Delivered
O001326,CUST001327,R001326,3/19/2025,1425,UPI,Cancelled
O001327,CUST001328,R001327,11/15/2023,431,Card,Delivered
O001328,CUST001329,R001328,4/18/2020,441,COD,Delivered
O001329,CUST001330,R001329,1/17/2024,313,Card,Delivered
O001330,CUST001331,R001330,5/2/2021,809,Card,Delivered
O001331,CUST001332,R001331,9/28/2019,1585,Card,Cancelled
O001332,CUST001333,R001332,3/23/2020,1186,Wallet,Cancelled
O001333,CUST001334,R001333,2/7/2019,1963,COD,Delivered
O001334,CUST001335,R001334,2/22/2023,868,Wallet,Delivered
O001335,CUST001336,R001335,5/7/2023,1504,COD,Delivered
O001336,CUST001337,R001336,11/13/2024,729,COD,Delivered
O001337,CUST001338,R001337,1/27/2023,1173,UPI,Delivered
O001338,CUST001339,R001338,11/18/2022,1103,UPI,Delivered
O001339,CUST001340,R001339,8/1/2024,1085,UPI,Cancelled
O001340,CUST001341,R001340,6/19/2025,1947,COD,Delivered
O001341,CUST001342,R001341,3/13/2022,1069,UPI,Delivered
O001342,CUST001343,R001342,1/14/2019,1831,Card,Delivered
O001343,CUST001344,R001343,12/25/2021,1437,UPI,Delivered
O001344,CUST001345,R001344,3/10/2019,1245,UPI,Cancelled
O001345,CUST001346,R001345,7/17/2024,803,Card,Delivered
O001346,CUST001347,R001346,9/1/2021,1548,Card,Delivered
O001347,CUST001348,R001347,2/17/2023,484,COD,Delivered
O001348,CUST001349,R001348,8/2/2025,275,COD,Delivered
O001349,CUST001350,R001349,5/25/2019,389,COD,Delivered
O001350,CUST001351,R001350,3/28/2025,791,Card,Delivered
O001351,CUST001352,R001351,8/5/2022,719,Wallet,Delivered
O001352,CUST001353,R001352,4/24/2025,706,UPI,Delivered
O001353,CUST001354,R001353,5/14/2022,718,COD,Delivered
O001354,CUST001355,R001354,9/22/2022,686,Wallet,Delivered
O001355,CUST001356,R001355,1/9/2019,1622,COD,Cancelled
O001356,CUST001357,R001356,5/7/2021,1544,UPI,Delivered
O001357,CUST001358,R001357,7/5/2024,1035,Card,Delivered
O001358,CUST001359,R001358,10/12/2025,1903,Card,Delivered
O001359,CUST001360,R001359,3/17/2022,1592,Card,Cancelled
O001360,CUST001361,R001360,5/27/2021,528,UPI,Delivered
O001361,CUST001362,R001361,6/18/2023,319,COD,Delivered
O001362,CUST001363,R001362,4/26/2024,434,COD,Delivered
O001363,CUST001364,R001363,11/1/2021,1890,Card,Delivered
O001364,CUST001365,R001364,10/21/2025,239,Wallet,Delivered
O001365,CUST001366,R001365,4/24/2025,751,COD,Delivered
O001366,CUST001367,R001366,7/1/2025,1365,COD,Delivered
O001367,CUST001368,R001367,12/23/2025,774,Wallet,Delivered
O001368,CUST001369,R001368,5/9/2024,814,COD,Delivered
O001369,CUST001370,R001369,4/28/2021,1588,Card,Delivered
O001370,CUST001371,R001370,9/15/2024,1080,COD,Delivered
O001371,CUST001372,R001371,8/2/2020,1520,UPI,Delivered
O001372,CUST001373,R001372,6/12/2024,1252,UPI,Delivered
O001373,CUST001374,R001373,4/21/2023,1330,UPI,Delivered
O001374,CUST001375,R001374,2/12/2025,1837,Card,Delivered
O001375,CUST001376,R001375,4/20/2024,225,Wallet,Delivered
O001376,CUST001377,R001376,12/11/2021,1997,Card,Cancelled
O001377,CUST001378,R001377,10/15/2022,1800,UPI,Delivered
O001378,CUST001379,R001378,5/21/2020,1379,Card,Delivered
O001379,CUST001380,R001379,7/24/2025,981,COD,Delivered
O001380,CUST001381,R001380,7/27/2020,390,Card,Delivered
O001381,CUST001382,R001381,2/19/2019,431,COD,Cancelled
O001382,CUST001383,R001382,12/22/2023,1249,COD,Delivered
O001383,CUST001384,R001383,9/10/2024,1709,Card,Delivered
O001384,CUST001385,R001384,4/25/2022,1315,Wallet,Delivered
O001385,CUST001386,R001385,10/6/2021,868,COD,Delivered
O001386,CUST001387,R001386,4/3/2023,1482,Wallet,Delivered
O001387,CUST001388,R001387,12/27/2024,1453,Wallet,Delivered
O001388,CUST001389,R001388,12/15/2019,852,Wallet,Delivered
O001389,CUST001390,R001389,2/8/2020,1613,Card,Delivered
O001390,CUST001391,R001390,12/17/2024,1417,COD,Delivered
O001391,CUST001392,R001391,10/3/2025,1039,UPI,Delivered
O001392,CUST001393,R001392,3/18/2020,169,Wallet,Delivered
O001393,CUST001394,R001393,11/22/2024,765,Wallet,Delivered
O001394,CUST001395,R001394,2/7/2025,1521,UPI,Delivered
O001395,CUST001396,R001395,10/11/2020,1815,UPI,Cancelled
O001396,CUST001397,R001396,1/13/2021,1431,UPI,Delivered
O001397,CUST001398,R001397,12/13/2022,504,UPI,Delivered
O001398,CUST001399,R001398,3/24/2019,1069,UPI,Delivered
O001399,CUST001400,R001399,8/19/2020,671,Wallet,Delivered
O001400,CUST001401,R001400,1/23/2023,1691,Card,Cancelled
O001401,CUST001402,R001401,6/18/2025,1986,Card,Delivered
O001402,CUST001403,R001402,1/24/2025,977,Card,Delivered
O001403,CUST001404,R001403,3/5/2021,1618,Card,Delivered
O001404,CUST001405,R001404,9/19/2024,402,Wallet,Delivered
O001405,CUST001406,R001405,12/7/2019,841,COD,Delivered
O001406,CUST001407,R001406,8/25/2021,809,COD,Delivered
O001407,CUST001408,R001407,6/4/2025,1137,Card,Delivered
O001408,CUST001409,R001408,6/5/2021,542,COD,Delivered
O001409,CUST001410,R001409,10/10/2025,1048,UPI,Delivered
O001410,CUST001411,R001410,8/14/2024,1176,Wallet,Cancelled
O001411,CUST001412,R001411,12/6/2025,860,Wallet,Delivered
O001412,CUST001413,R001412,4/14/2022,287,UPI,Delivered
O001413,CUST001414,R001413,5/17/2020,784,UPI,Delivered
O001414,CUST001415,R001414,9/13/2020,1603,Card,Delivered
O001415,CUST001416,R001415,8/19/2025,1649,UPI,Delivered
O001416,CUST001417,R001416,1/17/2021,1730,UPI,Delivered
O001417,CUST001418,R001417,1/13/2021,1919,Card,Delivered
O001418,CUST001419,R001418,6/22/2021,458,Card,Delivered
O001419,CUST001420,R001419,3/20/2021,469,Wallet,Delivered
O001420,CUST001421,R001420,8/6/2020,1808,Card,Delivered
O001421,CUST001422,R001421,1/14/2025,158,COD,Delivered
O001422,CUST001423,R001422,6/5/2020,839,Card,Delivered
O001423,CUST001424,R001423,5/23/2022,793,COD,Delivered
O001424,CUST001425,R001424,3/1/2020,519,Wallet,Delivered
O001425,CUST001426,R001425,12/11/2019,915,UPI,Delivered
O001426,CUST001427,R001426,10/26/2020,893,Wallet,Delivered
O001427,CUST001428,R001427,1/10/2020,1647,Wallet,Cancelled
O001428,CUST001429,R001428,2/28/2019,1692,Card,Cancelled
O001429,CUST001430,R001429,9/18/2021,1818,UPI,Delivered
O001430,CUST001431,R001430,12/21/2019,1075,Card,Delivered
O001431,CUST001432,R001431,12/9/2022,1880,Card,Delivered
O001432,CUST001433,R001432,7/20/2019,507,Card,Delivered
O001433,CUST001434,R001433,1/22/2025,126,Card,Cancelled
O001434,CUST001435,R001434,12/15/2023,247,COD,Delivered
O001435,CUST001436,R001435,2/5/2023,1895,COD,Delivered
O001436,CUST001437,R001436,8/16/2020,1327,COD,Delivered
O001437,CUST001438,R001437,10/1/2025,563,Card,Delivered
O001438,CUST001439,R001438,10/27/2022,1003,Wallet,Delivered
O001439,CUST001440,R001439,7/27/2023,980,Wallet,Delivered
O001440,CUST001441,R001440,11/17/2025,548,COD,Delivered
O001441,CUST001442,R001441,2/1/2025,1309,UPI,Delivered
O001442,CUST001443,R001442,5/13/2023,1609,COD,Delivered
O001443,CUST001444,R001443,4/3/2024,735,UPI,Delivered
O001444,CUST001445,R001444,8/4/2024,1496,Wallet,Delivered
O001445,CUST001446,R001445,4/17/2023,1135,UPI,Delivered
O001446,CUST001447,R001446,9/16/2020,170,UPI,Cancelled
O001447,CUST001448,R001447,5/12/2023,1764,Wallet,Cancelled
O001448,CUST001449,R001448,3/15/2023,1560,Card,Delivered
O001449,CUST001450,R001449,12/10/2023,420,UPI,Delivered
O001450,CUST001451,R001450,11/2/2019,1192,UPI,Delivered
O001451,CUST001452,R001451,9/21/2022,794,Wallet,Delivered
O001452,CUST001453,R001452,10/22/2025,596,Card,Delivered
O001453,CUST001454,R001453,2/27/2022,208,Card,Delivered
O001454,CUST001455,R001454,8/15/2020,926,Card,Delivered
O001455,CUST001456,R001455,5/7/2022,337,Card,Delivered
O001456,CUST001457,R001456,5/28/2019,842,Wallet,Delivered
O001457,CUST001458,R001457,7/26/2021,1156,Card,Delivered
O001458,CUST001459,R001458,9/27/2023,796,UPI,Delivered
O001459,CUST001460,R001459,9/11/2020,1688,COD,Delivered
O001460,CUST001461,R001460,7/14/2025,665,COD,Delivered
O001461,CUST001462,R001461,7/9/2020,1176,UPI,Delivered
O001462,CUST001463,R001462,3/5/2025,1742,UPI,Delivered
O001463,CUST001464,R001463,12/10/2019,569,Wallet,Delivered
O001464,CUST001465,R001464,4/12/2019,164,UPI,Delivered
O001465,CUST001466,R001465,4/15/2024,984,Wallet,Delivered
O001466,CUST001467,R001466,8/18/2019,1977,UPI,Delivered
O001467,CUST001468,R001467,1/7/2022,1358,UPI,Delivered
O001468,CUST001469,R001468,9/13/2025,1614,UPI,Cancelled
O001469,CUST001470,R001469,2/19/2023,393,UPI,Delivered
O001470,CUST001471,R001470,8/25/2025,1545,UPI,Delivered
O001471,CUST001472,R001471,3/18/2025,347,COD,Delivered
O001472,CUST001473,R001472,1/22/2024,218,Card,Delivered
O001473,CUST001474,R001473,7/20/2022,1943,Card,Delivered
O001474,CUST001475,R001474,6/3/2024,554,Card,Delivered
O001475,CUST001476,R001475,1/24/2020,470,COD,Delivered
O001476,CUST001477,R001476,3/5/2021,719,COD,Delivered
O001477,CUST001478,R001477,8/6/2023,836,Wallet,Delivered
O001478,CUST001479,R001478,10/25/2024,776,Wallet,Delivered
O001479,CUST001480,R001479,7/12/2019,1594,COD,Delivered
O001480,CUST001481,R001480,3/8/2024,456,Wallet,Delivered
O001481,CUST001482,R001481,8/8/2022,1274,Wallet,Cancelled
O001482,CUST001483,R001482,10/13/2025,1022,UPI,Delivered
O001483,CUST001484,R001483,10/8/2023,1161,Wallet,Delivered
O001484,CUST001485,R001484,10/12/2020,1864,UPI,Delivered
O001485,CUST001486,R001485,6/17/2022,1736,Card,Delivered
O001486,CUST001487,R001486,10/15/2024,385,Card,Delivered
O001487,CUST001488,R001487,5/25/2024,1356,UPI,Cancelled
O001488,CUST001489,R001488,7/6/2020,1986,Card,Delivered
O001489,CUST001490,R001489,7/28/2025,510,UPI,Delivered
O001490,CUST001491,R001490,8/16/2023,453,COD,Delivered
O001491,CUST001492,R001491,10/19/2024,436,COD,Delivered
O001492,CUST001493,R001492,8/9/2021,320,COD,Delivered
O001493,CUST001494,R001493,5/18/2019,1973,Card,Delivered
O001494,CUST001495,R001494,8/5/2023,891,Card,Delivered
O001495,CUST001496,R001495,3/23/2024,682,Card,Delivered
O001496,CUST001497,R001496,6/3/2025,1734,Wallet,Delivered
O001497,CUST001498,R001497,2/7/2024,1019,UPI,Delivered
O001498,CUST001499,R001498,8/4/2025,1257,Card,Delivered
O001499,CUST001500,R001499,6/15/2020,429,Wallet,Delivered
O001500,CUST001501,R001500,3/13/2020,1443,UPI,Delivered
O001501,CUST001502,R001501,6/9/2019,129,Card,Delivered
O001502,CUST001503,R001502,11/28/2023,1567,Card,Delivered
O001503,CUST001504,R001503,8/15/2025,498,COD,Delivered
O001504,CUST001505,R001504,9/20/2022,479,UPI,Delivered
O001505,CUST001506,R001505,1/26/2019,408,COD,Delivered
O001506,CUST001507,R001506,9/18/2024,608,COD,Delivered
O001507,CUST001508,R001507,4/5/2019,220,Card,Delivered
O001508,CUST001509,R001508,7/24/2021,725,UPI,Delivered
O001509,CUST001510,R001509,1/4/2025,1525,UPI,Delivered
O001510,CUST001511,R001510,9/25/2020,679,Wallet,Delivered
O001511,CUST001512,R001511,7/27/2025,874,Wallet,Delivered
O001512,CUST001513,R001512,7/12/2022,1062,Wallet,Delivered
O001513,CUST001514,R001513,1/15/2024,1060,UPI,Delivered
O001514,CUST001515,R001514,9/4/2020,1691,COD,Delivered
O001515,CUST001516,R001515,9/10/2021,1183,UPI,Delivered
O001516,CUST001517,R001516,4/10/2020,1982,UPI,Delivered
O001517,CUST001518,R001517,6/15/2021,1108,UPI,Delivered
O001518,CUST001519,R001518,9/20/2021,199,Card,Delivered
O001519,CUST001520,R001519,4/13/2024,268,Wallet,Delivered
O001520,CUST001521,R001520,10/14/2020,1737,UPI,Delivered
O001521,CUST001522,R001521,9/11/2025,341,Card,Delivered
O001522,CUST001523,R001522,9/26/2020,253,Card,Delivered
O001523,CUST001524,R001523,10/27/2020,296,Wallet,Delivered
O001524,CUST001525,R001524,10/21/2020,533,UPI,Delivered
O001525,CUST001526,R001525,8/22/2024,853,COD,Delivered
O001526,CUST001527,R001526,9/9/2019,1104,Card,Delivered
O001527,CUST001528,R001527,9/26/2020,593,COD,Delivered
O001528,CUST001529,R001528,12/5/2023,837,UPI,Delivered
O001529,CUST001530,R001529,8/4/2024,1642,COD,Delivered
O001530,CUST001531,R001530,5/26/2021,725,COD,Delivered
O001531,CUST001532,R001531,9/14/2021,1289,COD,Delivered
O001532,CUST001533,R001532,5/10/2019,468,COD,Delivered
O001533,CUST001534,R001533,2/10/2019,969,Wallet,Delivered
O001534,CUST001535,R001534,9/27/2024,909,UPI,Delivered
O001535,CUST001536,R001535,10/1/2022,1342,Wallet,Delivered
O001536,CUST001537,R001536,10/15/2019,149,Wallet,Delivered
O001537,CUST001538,R001537,6/10/2021,733,COD,Delivered
O001538,CUST001539,R001538,3/10/2023,1987,Card,Delivered
O001539,CUST001540,R001539,10/18/2023,1305,UPI,Delivered
O001540,CUST001541,R001540,7/1/2024,1682,UPI,Delivered
O001541,CUST001542,R001541,12/23/2024,1927,UPI,Delivered
O001542,CUST001543,R001542,2/21/2022,1843,Card,Delivered
O001543,CUST001544,R001543,4/18/2022,1858,Card,Delivered
O001544,CUST001545,R001544,8/2/2020,1922,Card,Delivered
O001545,CUST001546,R001545,10/13/2025,259,COD,Delivered
O001546,CUST001547,R001546,10/5/2021,1077,UPI,Delivered
O001547,CUST001548,R001547,3/22/2024,1581,Wallet,Delivered
O001548,CUST001549,R001548,11/26/2024,1002,COD,Delivered
O001549,CUST001550,R001549,7/9/2024,777,Wallet,Delivered
O001550,CUST001551,R001550,4/21/2021,350,COD,Delivered
O001551,CUST001552,R001551,3/5/2023,1603,COD,Delivered
O001552,CUST001553,R001552,1/13/2024,964,UPI,Delivered
O001553,CUST001554,R001553,5/3/2021,1298,UPI,Cancelled
O001554,CUST001555,R001554,8/18/2019,829,Wallet,Delivered
O001555,CUST001556,R001555,12/2/2020,1460,UPI,Cancelled
O001556,CUST001557,R001556,12/12/2023,238,Wallet,Delivered
O001557,CUST001558,R001557,5/12/2022,1582,Card,Delivered
O001558,CUST001559,R001558,6/8/2020,1777,Card,Delivered
O001559,CUST001560,R001559,2/2/2021,1706,Wallet,Delivered
O001560,CUST001561,R001560,9/3/2024,1191,Card,Delivered
O001561,CUST001562,R001561,10/21/2021,618,UPI,Delivered
O001562,CUST001563,R001562,8/19/2024,438,Wallet,Delivered
O001563,CUST001564,R001563,10/23/2021,141,Card,Delivered
O001564,CUST001565,R001564,11/27/2025,330,COD,Delivered
O001565,CUST001566,R001565,10/22/2025,1958,UPI,Delivered
O001566,CUST001567,R001566,8/26/2023,1814,COD,Delivered
O001567,CUST001568,R001567,2/5/2020,917,Wallet,Delivered
O001568,CUST001569,R001568,9/5/2019,1503,UPI,Delivered
O001569,CUST001570,R001569,12/13/2023,1294,Wallet,Delivered
O001570,CUST001571,R001570,8/5/2019,1627,Card,Cancelled
O001571,CUST001572,R001571,9/9/2023,1865,Wallet,Delivered
O001572,CUST001573,R001572,4/17/2024,1923,UPI,Cancelled
O001573,CUST001574,R001573,4/11/2024,1235,Card,Delivered
O001574,CUST001575,R001574,2/22/2019,1849,UPI,Delivered
O001575,CUST001576,R001575,4/20/2020,482,Wallet,Cancelled
O001576,CUST001577,R001576,10/24/2019,725,Wallet,Delivered
O001577,CUST001578,R001577,2/17/2023,374,COD,Delivered
O001578,CUST001579,R001578,2/23/2023,102,COD,Delivered
O001579,CUST001580,R001579,9/1/2019,541,Card,Cancelled
O001580,CUST001581,R001580,5/28/2022,532,Wallet,Delivered
O001581,CUST001582,R001581,1/28/2024,1163,COD,Delivered
O001582,CUST001583,R001582,6/22/2023,911,Wallet,Delivered
O001583,CUST001584,R001583,1/6/2019,720,COD,Delivered
O001584,CUST001585,R001584,5/3/2025,591,Wallet,Cancelled
O001585,CUST001586,R001585,3/12/2021,1583,UPI,Delivered
O001586,CUST001587,R001586,4/8/2019,1387,COD,Delivered
O001587,CUST001588,R001587,12/3/2024,1466,Wallet,Delivered
O001588,CUST001589,R001588,10/7/2022,1999,UPI,Delivered
O001589,CUST001590,R001589,2/19/2023,1353,Wallet,Delivered
O001590,CUST001591,R001590,5/12/2025,1936,Card,Delivered
O001591,CUST001592,R001591,2/17/2023,1619,UPI,Delivered
O001592,CUST001593,R001592,2/10/2019,326,Card,Delivered
O001593,CUST001594,R001593,3/2/2019,149,UPI,Delivered
O001594,CUST001595,R001594,9/23/2019,1967,Card,Delivered
O001595,CUST001596,R001595,1/17/2023,571,Wallet,Cancelled
O001596,CUST001597,R001596,8/28/2020,827,UPI,Delivered
O001597,CUST001598,R001597,7/15/2025,208,COD,Delivered
O001598,CUST001599,R001598,11/7/2023,1200,Card,Delivered
O001599,CUST001600,R001599,11/3/2019,114,UPI,Delivered
O001600,CUST001601,R001600,8/25/2019,319,Card,Delivered
O001601,CUST001602,R001601,2/1/2019,286,COD,Delivered
O001602,CUST001603,R001602,2/16/2020,165,COD,Delivered
O001603,CUST001604,R001603,5/2/2022,921,Card,Delivered
O001604,CUST001605,R001604,11/28/2022,1485,Card,Delivered
O001605,CUST001606,R001605,1/21/2020,1081,Wallet,Delivered
O001606,CUST001607,R001606,3/5/2024,1873,COD,Delivered
O001607,CUST001608,R001607,1/20/2021,777,Wallet,Delivered
O001608,CUST001609,R001608,8/2/2022,1288,COD,Delivered
O001609,CUST001610,R001609,2/11/2021,693,COD,Delivered
O001610,CUST001611,R001610,9/26/2024,1094,Wallet,Delivered
O001611,CUST001612,R001611,5/17/2019,1023,Wallet,Delivered
O001612,CUST001613,R001612,11/28/2023,999,UPI,Cancelled
O001613,CUST001614,R001613,1/16/2021,1837,COD,Delivered
O001614,CUST001615,R001614,11/12/2025,959,Card,Delivered
O001615,CUST001616,R001615,6/13/2020,1682,Card,Delivered
O001616,CUST001617,R001616,1/24/2024,1548,UPI,Delivered
O001617,CUST001618,R001617,6/12/2024,1101,UPI,Delivered
O001618,CUST001619,R001618,4/16/2022,698,UPI,Delivered
O001619,CUST001620,R001619,3/27/2024,1960,Card,Delivered
O001620,CUST001621,R001620,9/14/2023,393,COD,Delivered
O001621,CUST001622,R001621,12/24/2019,189,Card,Delivered
O001622,CUST001623,R001622,8/21/2021,310,COD,Delivered
O001623,CUST001624,R001623,9/27/2023,754,Card,Delivered
O001624,CUST001625,R001624,11/4/2021,677,COD,Delivered
O001625,CUST001626,R001625,3/22/2020,616,UPI,Delivered
O001626,CUST001627,R001626,1/13/2023,565,Card,Delivered
O001627,CUST001628,R001627,9/21/2023,575,Wallet,Delivered
O001628,CUST001629,R001628,9/8/2022,1341,COD,Delivered
O001629,CUST001630,R001629,10/5/2024,1656,Wallet,Delivered
O001630,CUST001631,R001630,2/6/2019,893,Wallet,Delivered
O001631,CUST001632,R001631,3/10/2022,1326,UPI,Delivered
O001632,CUST001633,R001632,4/9/2024,1053,Card,Delivered
O001633,CUST001634,R001633,2/17/2020,1954,UPI,Delivered
O001634,CUST001635,R001634,5/6/2019,1707,COD,Delivered
O001635,CUST001636,R001635,12/17/2021,354,COD,Delivered
O001636,CUST001637,R001636,5/21/2025,1810,Card,Delivered
O001637,CUST001638,R001637,5/20/2019,721,COD,Delivered
O001638,CUST001639,R001638,7/23/2025,704,COD,Delivered
O001639,CUST001640,R001639,7/28/2025,1274,Card,Delivered
O001640,CUST001641,R001640,1/22/2021,624,Wallet,Delivered
O001641,CUST001642,R001641,10/9/2022,671,COD,Delivered
O001642,CUST001643,R001642,9/7/2022,1744,UPI,Delivered
O001643,CUST001644,R001643,4/14/2022,937,COD,Delivered
O001644,CUST001645,R001644,10/28/2025,1370,UPI,Delivered
O001645,CUST001646,R001645,9/9/2019,1097,UPI,Delivered
O001646,CUST001647,R001646,11/20/2025,1110,UPI,Delivered
O001647,CUST001648,R001647,9/7/2022,1795,Card,Delivered
O001648,CUST001649,R001648,4/18/2019,144,Wallet,Delivered
O001649,CUST001650,R001649,3/9/2023,1917,UPI,Delivered
O001650,CUST001651,R001650,1/14/2021,1716,UPI,Delivered
O001651,CUST001652,R001651,2/18/2024,1333,Card,Delivered
O001652,CUST001653,R001652,10/23/2019,934,COD,Delivered
O001653,CUST001654,R001653,4/26/2025,241,UPI,Cancelled
O001654,CUST001655,R001654,3/18/2022,288,COD,Delivered
O001655,CUST001656,R001655,7/21/2022,1361,COD,Delivered
O001656,CUST001657,R001656,7/9/2024,1602,Card,Delivered
O001657,CUST001658,R001657,2/22/2022,1030,Wallet,Delivered
O001658,CUST001659,R001658,5/4/2021,714,COD,Delivered
O001659,CUST001660,R001659,8/1/2023,1072,Wallet,Delivered
O001660,CUST001661,R001660,4/1/2024,1411,COD,Delivered
O001661,CUST001662,R001661,10/13/2022,816,Wallet,Delivered
O001662,CUST001663,R001662,3/6/2025,1534,Card,Delivered
O001663,CUST001664,R001663,5/15/2020,1332,COD,Delivered
O001664,CUST001665,R001664,1/2/2025,948,UPI,Delivered
O001665,CUST001666,R001665,2/18/2023,550,Wallet,Delivered
O001666,CUST001667,R001666,7/21/2020,913,UPI,Delivered
O001667,CUST001668,R001667,3/12/2022,1805,Card,Delivered
O001668,CUST001669,R001668,3/16/2024,453,UPI,Cancelled
O001669,CUST001670,R001669,9/18/2019,1710,UPI,Delivered
O001670,CUST001671,R001670,5/17/2024,394,Wallet,Delivered
O001671,CUST001672,R001671,4/20/2025,958,UPI,Delivered
O001672,CUST001673,R001672,8/17/2022,266,COD,Delivered
O001673,CUST001674,R001673,5/17/2025,1611,Card,Cancelled
O001674,CUST001675,R001674,8/16/2019,1907,Card,Delivered
O001675,CUST001676,R001675,2/22/2022,767,Card,Delivered
O001676,CUST001677,R001676,5/3/2019,1576,UPI,Delivered
O001677,CUST001678,R001677,1/18/2020,311,Wallet,Delivered
O001678,CUST001679,R001678,2/6/2022,751,COD,Delivered
O001679,CUST001680,R001679,8/24/2022,767,COD,Delivered
O001680,CUST001681,R001680,10/1/2021,1037,COD,Delivered
O001681,CUST001682,R001681,10/4/2024,654,Wallet,Delivered
O001682,CUST001683,R001682,1/9/2025,899,UPI,Delivered
O001683,CUST001684,R001683,3/13/2021,1022,Wallet,Delivered
O001684,CUST001685,R001684,2/4/2025,574,Wallet,Delivered
O001685,CUST001686,R001685,7/12/2019,1827,UPI,Delivered
O001686,CUST001687,R001686,12/11/2020,705,UPI,Cancelled
O001687,CUST001688,R001687,7/10/2025,1523,UPI,Delivered
O001688,CUST001689,R001688,10/17/2024,1563,UPI,Delivered
O001689,CUST001690,R001689,2/13/2021,1683,Wallet,Delivered
O001690,CUST001691,R001690,4/13/2022,1873,UPI,Delivered
O001691,CUST001692,R001691,12/20/2022,368,Card,Delivered
O001692,CUST001693,R001692,4/18/2024,383,Wallet,Delivered
O001693,CUST001694,R001693,8/5/2023,1665,Card,Delivered
O001694,CUST001695,R001694,11/14/2025,314,Card,Delivered
O001695,CUST001696,R001695,1/3/2024,559,Card,Delivered
O001696,CUST001697,R001696,9/22/2021,637,COD,Delivered
O001697,CUST001698,R001697,6/27/2022,365,COD,Delivered
O001698,CUST001699,R001698,3/6/2021,555,Wallet,Delivered
O001699,CUST001700,R001699,5/21/2025,793,Wallet,Delivered
O001700,CUST001701,R001700,8/7/2020,1139,COD,Delivered
O001701,CUST001702,R001701,12/26/2019,1180,UPI,Cancelled
O001702,CUST001703,R001702,3/10/2023,1300,Wallet,Cancelled
O001703,CUST001704,R001703,2/17/2024,600,Card,Delivered
O001704,CUST001705,R001704,12/2/2022,460,Card,Delivered
O001705,CUST001706,R001705,8/13/2020,427,Card,Delivered
O001706,CUST001707,R001706,10/21/2019,1884,Card,Delivered
O001707,CUST001708,R001707,7/14/2021,359,Card,Delivered
O001708,CUST001709,R001708,12/5/2022,1789,Card,Cancelled
O001709,CUST001710,R001709,9/23/2023,1216,COD,Delivered
O001710,CUST001711,R001710,10/27/2020,410,Card,Delivered
O001711,CUST001712,R001711,2/25/2022,599,Wallet,Delivered
O001712,CUST001713,R001712,9/22/2023,836,Wallet,Delivered
O001713,CUST001714,R001713,10/16/2021,337,COD,Delivered
O001714,CUST001715,R001714,4/27/2024,1268,UPI,Delivered
O001715,CUST001716,R001715,11/10/2019,1519,COD,Delivered
O001716,CUST001717,R001716,4/5/2020,644,UPI,Delivered
O001717,CUST001718,R001717,1/3/2022,1454,COD,Delivered
O001718,CUST001719,R001718,7/14/2025,1100,UPI,Delivered
O001719,CUST001720,R001719,9/15/2019,1992,UPI,Delivered
O001720,CUST001721,R001720,8/11/2022,1870,Wallet,Cancelled
O001721,CUST001722,R001721,2/14/2025,1405,Card,Delivered
O001722,CUST001723,R001722,3/10/2024,833,UPI,Delivered
O001723,CUST001724,R001723,12/1/2020,1081,UPI,Delivered
O001724,CUST001725,R001724,9/19/2024,389,COD,Delivered
O001725,CUST001726,R001725,8/16/2025,452,Card,Delivered
O001726,CUST001727,R001726,3/25/2021,129,Card,Cancelled
O001727,CUST001728,R001727,11/22/2024,884,Card,Delivered
O001728,CUST001729,R001728,6/5/2021,289,Card,Delivered
O001729,CUST001730,R001729,12/2/2024,751,Wallet,Delivered
O001730,CUST001731,R001730,9/25/2024,1071,Card,Delivered
O001731,CUST001732,R001731,10/26/2024,716,Wallet,Delivered
O001732,CUST001733,R001732,12/10/2021,1651,COD,Delivered
O001733,CUST001734,R001733,6/13/2019,641,COD,Delivered
O001734,CUST001735,R001734,10/8/2019,1022,UPI,Delivered
O001735,CUST001736,R001735,3/4/2024,1828,UPI,Delivered
O001736,CUST001737,R001736,5/11/2020,703,Wallet,Delivered
O001737,CUST001738,R001737,9/14/2021,1950,Wallet,Delivered
O001738,CUST001739,R001738,9/13/2020,1081,Wallet,Delivered
O001739,CUST001740,R001739,3/20/2021,1834,UPI,Delivered
O001740,CUST001741,R001740,5/8/2019,1272,UPI,Delivered
O001741,CUST001742,R001741,7/11/2020,1567,UPI,Delivered
O001742,CUST001743,R001742,2/21/2021,172,UPI,Delivered
O001743,CUST001744,R001743,12/22/2025,1460,Wallet,Delivered
O001744,CUST001745,R001744,4/17/2021,267,COD,Delivered
O001745,CUST001746,R001745,3/1/2020,138,COD,Delivered
O001746,CUST001747,R001746,5/19/2022,192,Card,Delivered
O001747,CUST001748,R001747,1/2/2021,443,Card,Delivered
O001748,CUST001749,R001748,9/23/2021,315,Card,Delivered
O001749,CUST001750,R001749,12/4/2019,570,COD,Delivered
O001750,CUST001751,R001750,3/5/2025,438,Wallet,Delivered
O001751,CUST001752,R001751,12/19/2020,502,Wallet,Delivered
O001752,CUST001753,R001752,9/10/2024,1488,COD,Delivered
O001753,CUST001754,R001753,1/6/2025,365,Wallet,Delivered
O001754,CUST001755,R001754,3/5/2022,1184,Wallet,Delivered
O001755,CUST001756,R001755,2/15/2021,975,UPI,Delivered
O001756,CUST001757,R001756,1/4/2025,1119,COD,Delivered
O001757,CUST001758,R001757,3/11/2023,1784,Wallet,Delivered
O001758,CUST001759,R001758,9/15/2022,1657,Card,Delivered
O001759,CUST001760,R001759,5/14/2022,300,UPI,Delivered
O001760,CUST001761,R001760,4/25/2023,1070,UPI,Delivered
O001761,CUST001762,R001761,6/5/2023,1876,Card,Delivered
O001762,CUST001763,R001762,8/26/2021,362,Wallet,Delivered
O001763,CUST001764,R001763,12/14/2023,1955,COD,Delivered
O001764,CUST001765,R001764,8/14/2022,292,COD,Delivered
O001765,CUST001766,R001765,9/5/2021,215,COD,Delivered
O001766,CUST001767,R001766,7/16/2025,1927,COD,Delivered
O001767,CUST001768,R001767,7/2/2022,800,UPI,Delivered
O001768,CUST001769,R001768,7/25/2021,596,UPI,Delivered
O001769,CUST001770,R001769,9/1/2022,1227,COD,Delivered
O001770,CUST001771,R001770,6/6/2025,555,Wallet,Delivered
O001771,CUST001772,R001771,6/25/2020,750,UPI,Delivered
O001772,CUST001773,R001772,1/8/2023,1817,Wallet,Delivered
O001773,CUST001774,R001773,11/6/2020,861,UPI,Delivered
O001774,CUST001775,R001774,2/27/2025,1920,Card,Delivered
O001775,CUST001776,R001775,11/28/2024,1461,UPI,Cancelled
O001776,CUST001777,R001776,9/14/2021,1999,COD,Delivered
O001777,CUST001778,R001777,8/14/2022,336,UPI,Delivered
O001778,CUST001779,R001778,3/23/2025,260,COD,Delivered
O001779,CUST001780,R001779,10/17/2021,498,Card,Delivered
O001780,CUST001781,R001780,6/4/2020,1899,Card,Delivered
O001781,CUST001782,R001781,8/25/2021,640,UPI,Delivered
O001782,CUST001783,R001782,1/2/2020,1446,UPI,Delivered
O001783,CUST001784,R001783,12/22/2019,600,Wallet,Delivered
O001784,CUST001785,R001784,5/26/2025,831,COD,Delivered
O001785,CUST001786,R001785,6/11/2023,1015,Wallet,Delivered
O001786,CUST001787,R001786,9/14/2025,906,UPI,Delivered
O001787,CUST001788,R001787,3/2/2021,1537,COD,Delivered
O001788,CUST001789,R001788,5/9/2024,1077,UPI,Delivered
O001789,CUST001790,R001789,3/9/2023,249,UPI,Cancelled
O001790,CUST001791,R001790,4/9/2024,965,UPI,Delivered
O001791,CUST001792,R001791,3/18/2025,1951,Card,Delivered
O001792,CUST001793,R001792,6/11/2023,113,Wallet,Cancelled
O001793,CUST001794,R001793,8/13/2022,1690,UPI,Delivered
O001794,CUST001795,R001794,11/20/2023,301,Card,Delivered
O001795,CUST001796,R001795,1/24/2020,173,UPI,Delivered
O001796,CUST001797,R001796,5/25/2020,215,COD,Cancelled
O001797,CUST001798,R001797,10/20/2021,448,UPI,Cancelled
O001798,CUST001799,R001798,7/21/2024,632,COD,Delivered
O001799,CUST001800,R001799,4/9/2025,1057,Card,Delivered
O001800,CUST001801,R001800,10/25/2023,443,Card,Delivered
O001801,CUST001802,R001801,9/3/2021,693,Wallet,Delivered
O001802,CUST001803,R001802,11/4/2025,1244,Wallet,Delivered
O001803,CUST001804,R001803,9/19/2022,625,Wallet,Delivered
O001804,CUST001805,R001804,11/12/2019,1611,COD,Delivered
O001805,CUST001806,R001805,8/8/2021,742,Wallet,Delivered
O001806,CUST001807,R001806,10/15/2024,1307,Wallet,Delivered
O001807,CUST001808,R001807,8/7/2023,929,Wallet,Delivered
O001808,CUST001809,R001808,2/6/2020,1306,Wallet,Delivered
O001809,CUST001810,R001809,9/19/2024,1970,Wallet,Delivered
O001810,CUST001811,R001810,9/8/2020,649,Wallet,Delivered
O001811,CUST001812,R001811,10/9/2020,1896,UPI,Delivered
O001812,CUST001813,R001812,3/25/2024,1257,Wallet,Delivered
O001813,CUST001814,R001813,11/28/2022,1576,UPI,Delivered
O001814,CUST001815,R001814,1/22/2020,1784,Wallet,Delivered
O001815,CUST001816,R001815,2/20/2021,1445,Card,Delivered
O001816,CUST001817,R001816,7/17/2021,1708,Card,Cancelled
O001817,CUST001818,R001817,2/1/2020,1811,Card,Delivered
O001818,CUST001819,R001818,12/12/2025,1875,Card,Delivered
O001819,CUST001820,R001819,2/3/2021,1178,UPI,Delivered
O001820,CUST001821,R001820,8/23/2021,1495,Wallet,Delivered
O001821,CUST001822,R001821,5/22/2019,922,COD,Delivered
O001822,CUST001823,R001822,4/8/2023,742,COD,Delivered
O001823,CUST001824,R001823,11/20/2019,309,COD,Delivered
O001824,CUST001825,R001824,6/3/2022,1512,COD,Delivered
O001825,CUST001826,R001825,6/11/2021,873,UPI,Delivered
O001826,CUST001827,R001826,1/2/2024,1193,Wallet,Cancelled
O001827,CUST001828,R001827,8/17/2020,555,COD,Delivered
O001828,CUST001829,R001828,8/1/2022,1060,UPI,Delivered
O001829,CUST001830,R001829,11/11/2025,1990,COD,Delivered
O001830,CUST001831,R001830,7/10/2020,1428,UPI,Delivered
O001831,CUST001832,R001831,12/6/2025,1666,Card,Delivered
O001832,CUST001833,R001832,5/26/2023,1855,Wallet,Delivered
O001833,CUST001834,R001833,10/4/2024,1111,Card,Delivered
O001834,CUST001835,R001834,5/19/2021,539,Wallet,Delivered
O001835,CUST001836,R001835,2/17/2021,358,Wallet,Delivered
O001836,CUST001837,R001836,7/21/2020,1826,Card,Delivered
O001837,CUST001838,R001837,10/26/2021,283,Card,Delivered
O001838,CUST001839,R001838,11/21/2021,1868,Wallet,Delivered
O001839,CUST001840,R001839,1/24/2024,1301,Card,Delivered
O001840,CUST001841,R001840,2/26/2020,345,COD,Delivered
O001841,CUST001842,R001841,7/24/2025,720,UPI,Delivered
O001842,CUST001843,R001842,7/5/2020,762,Wallet,Delivered
O001843,CUST001844,R001843,5/25/2020,1472,UPI,Delivered
O001844,CUST001845,R001844,8/28/2020,1710,Wallet,Delivered
O001845,CUST001846,R001845,8/16/2021,1899,UPI,Cancelled
O001846,CUST001847,R001846,3/13/2022,1199,Card,Delivered
O001847,CUST001848,R001847,1/20/2024,1770,UPI,Delivered
O001848,CUST001849,R001848,6/18/2019,396,Wallet,Delivered
O001849,CUST001850,R001849,8/22/2020,634,Wallet,Delivered
O001850,CUST001851,R001850,12/14/2024,328,Card,Delivered
O001851,CUST001852,R001851,2/22/2024,1956,Card,Delivered
O001852,CUST001853,R001852,10/28/2022,455,Card,Cancelled
O001853,CUST001854,R001853,9/27/2025,389,COD,Delivered
O001854,CUST001855,R001854,4/27/2023,765,COD,Delivered
O001855,CUST001856,R001855,8/21/2021,806,Wallet,Delivered
O001856,CUST001857,R001856,4/5/2025,1132,COD,Delivered
O001857,CUST001858,R001857,8/1/2020,437,COD,Cancelled
O001858,CUST001859,R001858,4/10/2023,1690,Wallet,Delivered
O001859,CUST001860,R001859,3/7/2022,1243,COD,Delivered
O001860,CUST001861,R001860,2/2/2024,1429,Wallet,Delivered
O001861,CUST001862,R001861,8/4/2023,1957,UPI,Delivered
O001862,CUST001863,R001862,4/16/2022,1263,Wallet,Delivered
O001863,CUST001864,R001863,5/11/2024,1845,Card,Delivered
O001864,CUST001865,R001864,10/16/2025,1577,Wallet,Delivered
O001865,CUST001866,R001865,7/9/2024,115,Card,Delivered
O001866,CUST001867,R001866,11/28/2020,1907,Wallet,Delivered
O001867,CUST001868,R001867,4/21/2023,1568,Card,Delivered
O001868,CUST001869,R001868,4/16/2023,422,COD,Delivered
O001869,CUST001870,R001869,8/28/2024,716,Card,Delivered
O001870,CUST001871,R001870,9/11/2020,1999,COD,Delivered
O001871,CUST001872,R001871,3/4/2023,1307,Card,Delivered
O001872,CUST001873,R001872,4/4/2023,1871,Card,Delivered
O001873,CUST001874,R001873,6/24/2021,1045,COD,Delivered
O001874,CUST001875,R001874,11/27/2024,685,Wallet,Delivered
O001875,CUST001876,R001875,1/26/2020,923,Wallet,Cancelled
O001876,CUST001877,R001876,1/8/2023,1635,UPI,Delivered
O001877,CUST001878,R001877,2/11/2022,304,Card,Delivered
O001878,CUST001879,R001878,3/4/2019,1002,COD,Delivered
O001879,CUST001880,R001879,1/12/2024,1773,Card,Delivered
O001880,CUST001881,R001880,4/19/2020,416,COD,Delivered
O001881,CUST001882,R001881,7/1/2024,1133,COD,Delivered
O001882,CUST001883,R001882,10/10/2022,539,Card,Delivered
O001883,CUST001884,R001883,8/24/2024,809,Wallet,Delivered
O001884,CUST001885,R001884,1/16/2022,1172,Wallet,Delivered
O001885,CUST001886,R001885,7/2/2021,856,UPI,Delivered
O001886,CUST001887,R001886,3/14/2020,1758,COD,Delivered
O001887,CUST001888,R001887,5/10/2021,874,Card,Delivered
O001888,CUST001889,R001888,11/9/2019,1634,Card,Delivered
O001889,CUST001890,R001889,7/19/2024,1501,UPI,Delivered
O001890,CUST001891,R001890,7/11/2020,1017,UPI,Delivered
O001891,CUST001892,R001891,9/14/2023,618,UPI,Delivered
O001892,CUST001893,R001892,6/26/2025,1880,UPI,Delivered
O001893,CUST001894,R001893,3/14/2024,1933,COD,Delivered
O001894,CUST001895,R001894,3/23/2019,1806,Card,Delivered
O001895,CUST001896,R001895,8/19/2021,156,COD,Delivered
O001896,CUST001897,R001896,10/26/2019,605,UPI,Delivered
O001897,CUST001898,R001897,3/25/2024,789,COD,Delivered
O001898,CUST001899,R001898,10/25/2023,517,Wallet,Delivered
O001899,CUST001900,R001899,7/11/2020,485,Card,Delivered
O001900,CUST001901,R001900,11/19/2021,490,Wallet,Delivered
O001901,CUST001902,R001901,12/6/2024,1251,COD,Delivered
O001902,CUST001903,R001902,12/28/2024,1610,Wallet,Delivered
O001903,CUST001904,R001903,2/6/2019,677,Wallet,Delivered
O001904,CUST001905,R001904,5/9/2025,1246,Wallet,Cancelled
O001905,CUST001906,R001905,8/7/2021,973,UPI,Delivered
O001906,CUST001907,R001906,5/15/2019,1550,Wallet,Delivered
O001907,CUST001908,R001907,7/5/2024,1597,UPI,Delivered
O001908,CUST001909,R001908,11/14/2022,1716,Card,Delivered
O001909,CUST001910,R001909,2/20/2023,1233,UPI,Cancelled
O001910,CUST001911,R001910,8/11/2025,406,Card,Delivered
O001911,CUST001912,R001911,10/19/2023,133,COD,Delivered
O001912,CUST001913,R001912,8/20/2020,994,Card,Delivered
O001913,CUST001914,R001913,3/14/2025,577,Wallet,Delivered
O001914,CUST001915,R001914,5/6/2022,581,COD,Delivered
O001915,CUST001916,R001915,9/1/2020,1654,UPI,Cancelled
O001916,CUST001917,R001916,11/13/2024,895,Card,Delivered
O001917,CUST001918,R001917,5/25/2021,1334,UPI,Delivered
O001918,CUST001919,R001918,12/8/2025,1018,Wallet,Delivered
O001919,CUST001920,R001919,6/19/2022,705,Wallet,Delivered
O001920,CUST001921,R001920,12/6/2022,1640,Card,Cancelled
O001921,CUST001922,R001921,4/17/2022,1760,Wallet,Delivered
O001922,CUST001923,R001922,11/8/2019,1813,UPI,Delivered
O001923,CUST001924,R001923,5/12/2021,1828,Wallet,Cancelled
O001924,CUST001925,R001924,2/20/2021,1188,Card,Delivered
O001925,CUST001926,R001925,8/21/2020,785,COD,Delivered
O001926,CUST001927,R001926,8/22/2023,194,UPI,Delivered
O001927,CUST001928,R001927,9/16/2021,241,Card,Delivered
O001928,CUST001929,R001928,2/15/2021,1275,COD,Delivered
O001929,CUST001930,R001929,3/7/2021,1523,Card,Delivered
O001930,CUST001931,R001930,5/22/2023,951,Wallet,Delivered
O001931,CUST001932,R001931,7/3/2025,678,Card,Delivered
O001932,CUST001933,R001932,12/28/2023,856,Wallet,Delivered
O001933,CUST001934,R001933,9/28/2020,1256,COD,Delivered
O001934,CUST001935,R001934,12/12/2024,663,COD,Delivered
O001935,CUST001936,R001935,11/2/2019,1429,Card,Delivered
O001936,CUST001937,R001936,2/14/2023,1487,Wallet,Delivered
O001937,CUST001938,R001937,8/3/2023,805,UPI,Delivered
O001938,CUST001939,R001938,4/15/2022,402,Wallet,Cancelled
O001939,CUST001940,R001939,1/19/2023,823,UPI,Delivered
O001940,CUST001941,R001940,5/11/2022,1757,Card,Delivered
O001941,CUST001942,R001941,2/10/2025,1947,Card,Delivered
O001942,CUST001943,R001942,9/16/2021,1631,UPI,Delivered
O001943,CUST001944,R001943,5/16/2023,742,UPI,Delivered
O001944,CUST001945,R001944,3/25/2020,1300,UPI,Delivered
O001945,CUST001946,R001945,11/23/2019,647,COD,Delivered
O001946,CUST001947,R001946,6/2/2022,1929,UPI,Delivered
O001947,CUST001948,R001947,9/21/2022,1752,Card,Delivered
O001948,CUST001949,R001948,12/27/2021,617,Card,Delivered
O001949,CUST001950,R001949,4/2/2022,1688,UPI,Delivered
O001950,CUST001951,R001950,3/20/2022,1939,Wallet,Delivered
O001951,CUST001952,R001951,7/4/2019,646,COD,Delivered
O001952,CUST001953,R001952,10/22/2020,612,COD,Delivered
O001953,CUST001954,R001953,1/27/2023,946,Card,Delivered
O001954,CUST001955,R001954,1/26/2024,613,Wallet,Delivered
O001955,CUST001956,R001955,8/5/2025,863,UPI,Delivered
O001956,CUST001957,R001956,10/11/2021,941,COD,Delivered
O001957,CUST001958,R001957,1/3/2019,489,COD,Delivered
O001958,CUST001959,R001958,10/11/2025,1737,UPI,Delivered
O001959,CUST001960,R001959,8/11/2019,1118,UPI,Cancelled
O001960,CUST001961,R001960,4/10/2021,1417,UPI,Delivered
O001961,CUST001962,R001961,7/15/2022,1420,UPI,Cancelled
O001962,CUST001963,R001962,10/12/2022,1796,Wallet,Delivered
O001963,CUST001964,R001963,3/14/2021,1729,UPI,Delivered
O001964,CUST001965,R001964,8/13/2019,261,Card,Delivered
O001965,CUST001966,R001965,2/17/2019,272,COD,Delivered
O001966,CUST001967,R001966,8/3/2025,1575,Card,Cancelled
O001967,CUST001968,R001967,11/8/2022,229,Card,Delivered
O001968,CUST001969,R001968,8/2/2020,479,Card,Delivered
O001969,CUST001970,R001969,7/20/2024,601,COD,Delivered
O001970,CUST001971,R001970,9/25/2021,149,COD,Delivered
O001971,CUST001972,R001971,10/5/2025,464,Wallet,Delivered
O001972,CUST001973,R001972,1/20/2019,701,Wallet,Cancelled
O001973,CUST001974,R001973,8/4/2025,1033,COD,Delivered
O001974,CUST001975,R001974,8/25/2022,1080,UPI,Delivered
O001975,CUST001976,R001975,3/9/2022,1412,Wallet,Cancelled
O001976,CUST001977,R001976,5/16/2023,450,Wallet,Delivered
O001977,CUST001978,R001977,10/28/2022,1779,UPI,Delivered
O001978,CUST001979,R001978,10/11/2021,1790,UPI,Delivered
O001979,CUST001980,R001979,12/13/2023,1235,UPI,Delivered
O001980,CUST001981,R001980,7/2/2024,1746,Card,Delivered
O001981,CUST001982,R001981,7/24/2022,1282,Card,Delivered
O001982,CUST001983,R001982,3/15/2025,1137,COD,Delivered
O001983,CUST001984,R001983,1/27/2024,368,UPI,Delivered
O001984,CUST001985,R001984,5/23/2021,551,Wallet,Delivered
O001985,CUST001986,R001985,2/20/2019,746,Wallet,Delivered
O001986,CUST001987,R001986,11/15/2023,189,COD,Delivered
O001987,CUST001988,R001987,4/26/2025,1124,UPI,Delivered
O001988,CUST001989,R001988,2/10/2020,1499,Card,Delivered
O001989,CUST001990,R001989,3/4/2022,538,UPI,Delivered
O001990,CUST001991,R001990,3/1/2020,1300,COD,Cancelled
O001991,CUST001992,R001991,6/12/2024,945,UPI,Delivered
O001992,CUST001993,R001992,5/13/2021,1630,UPI,Delivered
O001993,CUST001994,R001993,2/3/2024,1834,Wallet,Delivered
O001994,CUST001995,R001994,9/12/2025,1326,UPI,Delivered
O001995,CUST001996,R001995,9/8/2021,754,Wallet,Delivered
O001996,CUST001997,R001996,2/27/2019,996,Wallet,Delivered
O001997,CUST001998,R001997,9/18/2020,168,COD,Delivered
O001998,CUST001999,R001998,5/15/2021,406,UPI,Delivered
O001999,CUST002000,R001999,9/24/2021,1881,Card,Delivered
O002000,CUST002001,R002000,12/20/2020,740,COD,Delivered
O002001,CUST002002,R002001,6/4/2024,401,Card,Cancelled
O002002,CUST002003,R002002,6/27/2024,646,Wallet,Delivered
O002003,CUST002004,R002003,2/23/2020,960,COD,Delivered
O002004,CUST002005,R002004,5/24/2024,561,Wallet,Delivered
O002005,CUST002006,R002005,9/8/2025,1247,COD,Delivered
O002006,CUST002007,R002006,9/7/2019,562,COD,Delivered
O002007,CUST002008,R002007,4/7/2025,986,UPI,Delivered
O002008,CUST002009,R002008,5/2/2023,1420,UPI,Delivered
O002009,CUST002010,R002009,3/9/2021,612,Wallet,Delivered
O002010,CUST002011,R002010,5/13/2022,1860,Wallet,Delivered
O002011,CUST002012,R002011,4/10/2021,1034,UPI,Delivered
O002012,CUST002013,R002012,12/19/2023,130,UPI,Cancelled
O002013,CUST002014,R002013,9/7/2022,1368,Card,Delivered
O002014,CUST002015,R002014,12/13/2024,1919,UPI,Delivered
O002015,CUST002016,R002015,10/24/2024,263,UPI,Delivered
O002016,CUST002017,R002016,12/25/2022,1348,Wallet,Delivered
O002017,CUST002018,R002017,4/19/2021,1882,COD,Delivered
O002018,CUST002019,R002018,3/26/2022,1636,Card,Cancelled
O002019,CUST002020,R002019,5/13/2019,113,Card,Delivered
O002020,CUST002021,R002020,10/26/2022,362,Card,Delivered
O002021,CUST002022,R002021,2/22/2022,273,COD,Delivered
O002022,CUST002023,R002022,2/2/2025,524,Card,Delivered
O002023,CUST002024,R002023,3/3/2024,348,Wallet,Delivered
O002024,CUST002025,R002024,1/18/2023,416,COD,Delivered
O002025,CUST002026,R002025,2/10/2022,1408,Card,Delivered
O002026,CUST002027,R002026,5/6/2019,789,UPI,Delivered
O002027,CUST002028,R002027,10/4/2019,1296,Wallet,Delivered
O002028,CUST002029,R002028,5/14/2020,825,UPI,Delivered
O002029,CUST002030,R002029,5/3/2021,965,COD,Delivered
O002030,CUST002031,R002030,10/9/2025,1674,Wallet,Delivered
O002031,CUST002032,R002031,7/8/2020,1296,Card,Cancelled
O002032,CUST002033,R002032,1/8/2021,156,UPI,Delivered
O002033,CUST002034,R002033,7/22/2019,991,UPI,Delivered
O002034,CUST002035,R002034,8/3/2022,1791,UPI,Delivered
O002035,CUST002036,R002035,9/25/2025,140,Wallet,Delivered
O002036,CUST002037,R002036,4/13/2024,1908,COD,Delivered
O002037,CUST002038,R002037,5/12/2020,207,Card,Delivered
O002038,CUST002039,R002038,10/4/2024,136,Card,Delivered
O002039,CUST002040,R002039,2/15/2024,1783,Wallet,Delivered
O002040,CUST002041,R002040,1/27/2021,949,UPI,Delivered
O002041,CUST002042,R002041,6/24/2023,485,Wallet,Delivered
O002042,CUST002043,R002042,5/28/2023,1073,Card,Delivered
O002043,CUST002044,R002043,10/4/2025,401,Wallet,Delivered
O002044,CUST002045,R002044,1/23/2022,911,UPI,Delivered
O002045,CUST002046,R002045,7/3/2023,1717,COD,Delivered
O002046,CUST002047,R002046,12/4/2019,782,Wallet,Delivered
O002047,CUST002048,R002047,8/25/2022,1407,UPI,Delivered
O002048,CUST002049,R002048,5/19/2019,942,Wallet,Delivered
O002049,CUST002050,R002049,5/18/2023,1524,COD,Delivered
O002050,CUST002051,R002050,8/7/2022,1768,UPI,Delivered
O002051,CUST002052,R002051,12/16/2022,180,COD,Delivered
O002052,CUST002053,R002052,10/9/2019,417,COD,Delivered
O002053,CUST002054,R002053,6/3/2021,104,UPI,Delivered
O002054,CUST002055,R002054,6/25/2021,530,UPI,Delivered
O002055,CUST002056,R002055,9/1/2019,1161,UPI,Delivered
O002056,CUST002057,R002056,12/19/2021,450,Wallet,Delivered
O002057,CUST002058,R002057,2/24/2022,432,COD,Delivered
O002058,CUST002059,R002058,11/3/2021,872,Wallet,Delivered
O002059,CUST002060,R002059,10/12/2022,870,Wallet,Delivered
O002060,CUST002061,R002060,4/28/2020,1494,COD,Delivered
O002061,CUST002062,R002061,8/7/2019,987,Wallet,Delivered
O002062,CUST002063,R002062,8/11/2021,159,Wallet,Cancelled
O002063,CUST002064,R002063,4/8/2025,923,Wallet,Delivered
O002064,CUST002065,R002064,11/17/2020,1740,Card,Delivered
O002065,CUST002066,R002065,10/10/2019,1935,Wallet,Cancelled
O002066,CUST002067,R002066,11/12/2021,1797,UPI,Delivered
O002067,CUST002068,R002067,5/19/2020,146,Card,Delivered
O002068,CUST002069,R002068,4/23/2021,1963,UPI,Delivered
O002069,CUST002070,R002069,5/22/2025,110,COD,Delivered
O002070,CUST002071,R002070,10/18/2024,1951,UPI,Delivered
O002071,CUST002072,R002071,1/15/2019,489,COD,Delivered
O002072,CUST002073,R002072,6/7/2024,907,Card,Delivered
O002073,CUST002074,R002073,4/23/2024,222,Card,Delivered
O002074,CUST002075,R002074,11/2/2021,647,Wallet,Delivered
O002075,CUST002076,R002075,7/5/2020,1153,COD,Delivered
O002076,CUST002077,R002076,10/17/2025,539,COD,Delivered
O002077,CUST002078,R002077,10/12/2022,1531,COD,Delivered
O002078,CUST002079,R002078,1/5/2020,706,Wallet,Delivered
O002079,CUST002080,R002079,5/13/2021,1457,Wallet,Delivered
O002080,CUST002081,R002080,11/6/2022,774,UPI,Delivered
O002081,CUST002082,R002081,6/5/2023,1579,Wallet,Delivered
O002082,CUST002083,R002082,6/18/2020,218,Wallet,Delivered
O002083,CUST002084,R002083,5/13/2024,721,Wallet,Delivered
O002084,CUST002085,R002084,9/9/2021,279,UPI,Cancelled
O002085,CUST002086,R002085,10/1/2021,1536,Wallet,Delivered
O002086,CUST002087,R002086,9/5/2024,1486,Wallet,Delivered
O002087,CUST002088,R002087,3/18/2025,1737,Wallet,Delivered
O002088,CUST002089,R002088,2/22/2019,1402,COD,Delivered
O002089,CUST002090,R002089,3/14/2025,1629,Card,Cancelled
O002090,CUST002091,R002090,10/28/2021,1732,Card,Delivered
O002091,CUST002092,R002091,7/10/2023,1796,COD,Delivered
O002092,CUST002093,R002092,12/2/2020,1136,UPI,Delivered
O002093,CUST002094,R002093,7/22/2024,1907,COD,Delivered
O002094,CUST002095,R002094,6/21/2022,768,COD,Delivered
O002095,CUST002096,R002095,9/7/2024,593,COD,Delivered
O002096,CUST002097,R002096,2/16/2021,1810,COD,Delivered
O002097,CUST002098,R002097,12/26/2022,1412,COD,Cancelled
O002098,CUST002099,R002098,8/9/2019,769,UPI,Delivered
O002099,CUST002100,R002099,7/28/2021,1103,Wallet,Delivered
O002100,CUST002101,R002100,3/15/2020,463,COD,Delivered
O002101,CUST002102,R002101,4/3/2021,1019,UPI,Delivered
O002102,CUST002103,R002102,6/9/2020,1780,COD,Delivered
O002103,CUST002104,R002103,7/9/2019,1349,UPI,Delivered
O002104,CUST002105,R002104,3/5/2025,1580,Card,Delivered
O002105,CUST002106,R002105,4/24/2024,1764,Wallet,Delivered
O002106,CUST002107,R002106,1/4/2025,1001,COD,Delivered
O002107,CUST002108,R002107,1/16/2022,428,Wallet,Delivered
O002108,CUST002109,R002108,3/16/2024,209,COD,Delivered
O002109,CUST002110,R002109,12/20/2023,1427,Card,Delivered
O002110,CUST002111,R002110,8/20/2024,140,Card,Delivered
O002111,CUST002112,R002111,12/19/2024,385,Wallet,Delivered
O002112,CUST002113,R002112,3/22/2023,1189,UPI,Delivered
O002113,CUST002114,R002113,5/24/2022,254,Card,Delivered
O002114,CUST002115,R002114,12/25/2023,636,Wallet,Delivered
O002115,CUST002116,R002115,6/4/2020,682,Card,Delivered
O002116,CUST002117,R002116,10/4/2021,1008,Wallet,Delivered
O002117,CUST002118,R002117,7/27/2021,1240,COD,Cancelled
O002118,CUST002119,R002118,2/8/2024,1381,Wallet,Delivered
O002119,CUST002120,R002119,7/5/2025,617,Card,Delivered
O002120,CUST002121,R002120,1/13/2024,1489,Wallet,Delivered
O002121,CUST002122,R002121,2/11/2021,296,COD,Delivered
O002122,CUST002123,R002122,4/21/2021,236,Wallet,Delivered
O002123,CUST002124,R002123,2/8/2025,184,Card,Delivered
O002124,CUST002125,R002124,4/20/2022,1806,Card,Delivered
O002125,CUST002126,R002125,4/23/2024,345,Card,Delivered
O002126,CUST002127,R002126,4/25/2020,343,COD,Delivered
O002127,CUST002128,R002127,12/1/2019,680,Card,Delivered
O002128,CUST002129,R002128,8/19/2023,726,Wallet,Delivered
O002129,CUST002130,R002129,2/3/2020,1052,COD,Delivered
O002130,CUST002131,R002130,7/28/2019,396,Wallet,Delivered
O002131,CUST002132,R002131,10/9/2020,1469,Wallet,Delivered
O002132,CUST002133,R002132,11/6/2023,1152,COD,Delivered
O002133,CUST002134,R002133,11/28/2022,1280,COD,Delivered
O002134,CUST002135,R002134,6/11/2019,1815,Wallet,Delivered
O002135,CUST002136,R002135,11/16/2021,908,COD,Delivered
O002136,CUST002137,R002136,2/5/2020,1739,Card,Delivered
O002137,CUST002138,R002137,8/14/2019,1423,Wallet,Delivered
O002138,CUST002139,R002138,2/7/2025,1863,Card,Delivered
O002139,CUST002140,R002139,10/27/2020,1860,Wallet,Delivered
O002140,CUST002141,R002140,3/24/2021,1351,Card,Delivered
O002141,CUST002142,R002141,7/14/2025,342,COD,Delivered
O002142,CUST002143,R002142,10/25/2022,637,Card,Delivered
O002143,CUST002144,R002143,4/10/2024,1913,COD,Delivered
O002144,CUST002145,R002144,2/4/2022,1259,Card,Delivered
O002145,CUST002146,R002145,10/1/2019,1824,Card,Delivered
O002146,CUST002147,R002146,7/23/2024,897,COD,Cancelled
O002147,CUST002148,R002147,4/26/2025,542,COD,Delivered
O002148,CUST002149,R002148,5/25/2021,524,Wallet,Cancelled
O002149,CUST002150,R002149,8/7/2024,1355,COD,Delivered
O002150,CUST002151,R002150,4/9/2021,194,COD,Delivered
O002151,CUST002152,R002151,2/2/2025,1653,UPI,Delivered
O002152,CUST002153,R002152,6/21/2022,592,Wallet,Delivered
O002153,CUST002154,R002153,5/5/2023,1142,COD,Delivered
O002154,CUST002155,R002154,10/9/2020,1904,COD,Delivered
O002155,CUST002156,R002155,10/20/2022,460,COD,Delivered
O002156,CUST002157,R002156,5/7/2019,723,Wallet,Delivered
O002157,CUST002158,R002157,5/14/2025,1082,COD,Delivered
O002158,CUST002159,R002158,3/1/2024,635,UPI,Delivered
O002159,CUST002160,R002159,3/13/2021,1652,COD,Delivered
O002160,CUST002161,R002160,6/9/2024,730,UPI,Delivered
O002161,CUST002162,R002161,3/8/2022,1235,UPI,Delivered
O002162,CUST002163,R002162,10/18/2023,1353,Wallet,Delivered
O002163,CUST002164,R002163,3/7/2023,906,UPI,Delivered
O002164,CUST002165,R002164,11/13/2023,507,UPI,Delivered
O002165,CUST002166,R002165,3/24/2023,1986,UPI,Delivered
O002166,CUST002167,R002166,8/15/2022,1854,COD,Delivered
O002167,CUST002168,R002167,9/22/2024,1726,Card,Delivered
O002168,CUST002169,R002168,5/18/2019,114,Card,Delivered
O002169,CUST002170,R002169,8/23/2020,383,Card,Delivered
O002170,CUST002171,R002170,11/24/2025,699,COD,Delivered
O002171,CUST002172,R002171,3/23/2024,426,Wallet,Delivered
O002172,CUST002173,R002172,11/7/2023,379,Card,Delivered
O002173,CUST002174,R002173,10/19/2024,390,Wallet,Cancelled
O002174,CUST002175,R002174,3/5/2024,852,COD,Delivered
O002175,CUST002176,R002175,7/27/2021,1461,Wallet,Delivered
O002176,CUST002177,R002176,4/4/2025,522,Wallet,Delivered
O002177,CUST002178,R002177,3/7/2020,1135,Wallet,Delivered
O002178,CUST002179,R002178,4/6/2023,1647,UPI,Delivered
O002179,CUST002180,R002179,2/17/2022,1471,Wallet,Delivered
O002180,CUST002181,R002180,2/3/2024,1516,UPI,Cancelled
O002181,CUST002182,R002181,9/12/2023,1631,Card,Delivered
O002182,CUST002183,R002182,11/18/2022,1187,UPI,Delivered
O002183,CUST002184,R002183,6/19/2025,359,Card,Delivered
O002184,CUST002185,R002184,11/18/2025,1948,Card,Delivered
O002185,CUST002186,R002185,5/19/2025,486,UPI,Delivered
O002186,CUST002187,R002186,6/13/2019,1908,Card,Delivered
O002187,CUST002188,R002187,10/28/2024,1524,Card,Delivered
O002188,CUST002189,R002188,3/21/2023,1120,UPI,Delivered
O002189,CUST002190,R002189,7/5/2024,312,Card,Delivered
O002190,CUST002191,R002190,9/16/2020,1180,Wallet,Delivered
O002191,CUST002192,R002191,12/7/2019,1168,Wallet,Cancelled
O002192,CUST002193,R002192,1/18/2020,669,Wallet,Delivered
O002193,CUST002194,R002193,3/4/2024,1560,UPI,Delivered
O002194,CUST002195,R002194,6/15/2021,1676,Wallet,Delivered
O002195,CUST002196,R002195,5/6/2023,1722,UPI,Cancelled
O002196,CUST002197,R002196,8/11/2022,402,Wallet,Delivered
O002197,CUST002198,R002197,6/19/2025,1147,Card,Delivered
O002198,CUST002199,R002198,9/20/2023,706,Card,Delivered
O002199,CUST002200,R002199,8/21/2022,1952,Wallet,Delivered
O002200,CUST002201,R002200,12/15/2020,1737,Card,Delivered
O002201,CUST002202,R002201,11/23/2023,1164,Card,Delivered
O002202,CUST002203,R002202,7/6/2022,1413,Card,Delivered
O002203,CUST002204,R002203,9/20/2023,796,Wallet,Delivered
O002204,CUST002205,R002204,8/1/2021,784,Card,Delivered
O002205,CUST002206,R002205,2/2/2021,712,COD,Delivered
O002206,CUST002207,R002206,6/26/2019,1221,COD,Delivered
O002207,CUST002208,R002207,5/10/2021,447,COD,Delivered
O002208,CUST002209,R002208,1/28/2025,1338,Card,Delivered
O002209,CUST002210,R002209,1/8/2023,1396,COD,Delivered
O002210,CUST002211,R002210,12/28/2025,764,UPI,Delivered
O002211,CUST002212,R002211,4/15/2023,366,Wallet,Delivered
O002212,CUST002213,R002212,9/18/2024,678,Wallet,Delivered
O002213,CUST002214,R002213,4/9/2024,1353,Card,Delivered
O002214,CUST002215,R002214,5/9/2024,1793,UPI,Delivered
O002215,CUST002216,R002215,4/16/2020,1520,UPI,Delivered
O002216,CUST002217,R002216,12/15/2025,461,UPI,Cancelled
O002217,CUST002218,R002217,12/23/2024,1412,UPI,Delivered
O002218,CUST002219,R002218,10/24/2022,504,Wallet,Delivered
O002219,CUST002220,R002219,12/28/2019,1849,Card,Delivered
O002220,CUST002221,R002220,6/20/2021,237,Card,Delivered
O002221,CUST002222,R002221,5/23/2023,998,COD,Delivered
O002222,CUST002223,R002222,8/3/2025,124,UPI,Delivered
O002223,CUST002224,R002223,4/25/2025,380,COD,Delivered
O002224,CUST002225,R002224,12/9/2025,565,Card,Delivered
O002225,CUST002226,R002225,6/28/2020,402,Card,Delivered
O002226,CUST002227,R002226,4/25/2022,586,Card,Delivered
O002227,CUST002228,R002227,8/25/2021,458,Wallet,Delivered
O002228,CUST002229,R002228,4/4/2019,708,Wallet,Delivered
O002229,CUST002230,R002229,2/10/2019,836,COD,Delivered
O002230,CUST002231,R002230,4/27/2021,645,COD,Delivered
O002231,CUST002232,R002231,2/12/2019,1593,Wallet,Cancelled
O002232,CUST002233,R002232,10/8/2024,1032,Wallet,Delivered
O002233,CUST002234,R002233,2/8/2022,1326,UPI,Delivered
O002234,CUST002235,R002234,9/14/2022,1199,UPI,Cancelled
O002235,CUST002236,R002235,5/6/2020,1749,Wallet,Delivered
O002236,CUST002237,R002236,4/13/2024,1643,UPI,Delivered
O002237,CUST002238,R002237,1/12/2022,182,Card,Delivered
O002238,CUST002239,R002238,5/16/2025,193,Card,Delivered
O002239,CUST002240,R002239,5/28/2023,1214,UPI,Cancelled
O002240,CUST002241,R002240,2/6/2021,118,COD,Delivered
O002241,CUST002242,R002241,12/1/2023,325,Card,Delivered
O002242,CUST002243,R002242,8/19/2019,453,COD,Delivered
O002243,CUST002244,R002243,8/24/2021,261,Card,Delivered
O002244,CUST002245,R002244,5/7/2021,364,Wallet,Delivered
O002245,CUST002246,R002245,11/18/2019,1119,Wallet,Delivered
O002246,CUST002247,R002246,10/2/2024,943,Card,Cancelled
O002247,CUST002248,R002247,7/23/2020,990,UPI,Delivered
O002248,CUST002249,R002248,1/1/2022,1370,Wallet,Delivered
O002249,CUST002250,R002249,8/14/2021,414,Wallet,Delivered
O002250,CUST002251,R002250,7/27/2023,1700,UPI,Delivered
O002251,CUST002252,R002251,5/10/2025,1711,Wallet,Delivered
O002252,CUST002253,R002252,3/12/2023,830,UPI,Delivered
O002253,CUST002254,R002253,6/1/2020,1635,UPI,Delivered
O002254,CUST002255,R002254,3/23/2025,997,UPI,Delivered
O002255,CUST002256,R002255,8/13/2019,561,Card,Delivered
O002256,CUST002257,R002256,4/18/2023,1952,Wallet,Delivered
O002257,CUST002258,R002257,6/17/2023,1881,Wallet,Delivered
O002258,CUST002259,R002258,2/13/2021,213,Card,Delivered
O002259,CUST002260,R002259,8/6/2024,142,COD,Delivered
O002260,CUST002261,R002260,3/17/2022,1033,UPI,Delivered
O002261,CUST002262,R002261,6/4/2022,1414,Card,Delivered
O002262,CUST002263,R002262,10/2/2024,459,Wallet,Delivered
O002263,CUST002264,R002263,10/28/2019,1788,COD,Delivered
O002264,CUST002265,R002264,9/11/2023,903,Wallet,Delivered
O002265,CUST002266,R002265,4/12/2023,1540,UPI,Delivered
O002266,CUST002267,R002266,10/2/2025,1680,COD,Cancelled
O002267,CUST002268,R002267,9/11/2019,1216,UPI,Delivered
O002268,CUST002269,R002268,7/15/2024,648,Wallet,Delivered
O002269,CUST002270,R002269,6/26/2022,1107,Wallet,Delivered
O002270,CUST002271,R002270,3/20/2021,1926,COD,Cancelled
O002271,CUST002272,R002271,10/13/2024,257,UPI,Delivered
O002272,CUST002273,R002272,6/22/2020,1659,Card,Cancelled
O002273,CUST002274,R002273,10/19/2022,693,Card,Delivered
O002274,CUST002275,R002274,2/26/2024,316,UPI,Delivered
O002275,CUST002276,R002275,10/24/2024,567,Wallet,Delivered
O002276,CUST002277,R002276,6/22/2021,880,Card,Delivered
O002277,CUST002278,R002277,6/21/2025,520,COD,Delivered
O002278,CUST002279,R002278,12/7/2025,1200,Card,Delivered
O002279,CUST002280,R002279,9/6/2025,407,COD,Delivered
O002280,CUST002281,R002280,5/5/2021,837,UPI,Delivered
O002281,CUST002282,R002281,9/1/2021,1276,UPI,Delivered
O002282,CUST002283,R002282,7/8/2022,768,COD,Delivered
O002283,CUST002284,R002283,3/14/2021,1716,Wallet,Delivered
O002284,CUST002285,R002284,6/8/2019,885,Wallet,Delivered
O002285,CUST002286,R002285,3/17/2019,1877,UPI,Delivered
O002286,CUST002287,R002286,6/13/2024,1322,Card,Delivered
O002287,CUST002288,R002287,6/8/2022,1877,UPI,Delivered
O002288,CUST002289,R002288,11/21/2019,182,UPI,Delivered
O002289,CUST002290,R002289,3/23/2025,1508,Wallet,Delivered
O002290,CUST002291,R002290,7/17/2020,137,COD,Delivered
O002291,CUST002292,R002291,7/2/2024,1829,COD,Cancelled
O002292,CUST002293,R002292,10/16/2025,1968,UPI,Delivered
O002293,CUST002294,R002293,9/28/2024,453,UPI,Delivered
O002294,CUST002295,R002294,5/24/2023,130,Wallet,Delivered
O002295,CUST002296,R002295,5/27/2024,636,Card,Delivered
O002296,CUST002297,R002296,4/6/2025,241,COD,Delivered
O002297,CUST002298,R002297,11/16/2024,305,COD,Delivered
O002298,CUST002299,R002298,9/7/2023,1254,Card,Delivered
O002299,CUST002300,R002299,9/3/2019,699,Wallet,Delivered
O002300,CUST002301,R002300,12/27/2019,1253,Wallet,Delivered
O002301,CUST002302,R002301,3/13/2023,615,UPI,Delivered
O002302,CUST002303,R002302,7/1/2020,886,COD,Delivered
O002303,CUST002304,R002303,5/8/2022,1589,COD,Delivered
O002304,CUST002305,R002304,10/7/2020,1204,UPI,Cancelled
O002305,CUST002306,R002305,12/7/2024,109,UPI,Delivered
O002306,CUST002307,R002306,11/19/2021,886,UPI,Delivered
O002307,CUST002308,R002307,1/1/2023,1648,COD,Delivered
O002308,CUST002309,R002308,5/24/2019,252,COD,Delivered
O002309,CUST002310,R002309,6/15/2020,1759,COD,Delivered
O002310,CUST002311,R002310,2/11/2025,1823,Card,Delivered
O002311,CUST002312,R002311,4/2/2023,1926,Card,Delivered
O002312,CUST002313,R002312,2/13/2019,1698,Wallet,Delivered
O002313,CUST002314,R002313,4/21/2023,870,UPI,Delivered
O002314,CUST002315,R002314,9/22/2023,406,Wallet,Delivered
O002315,CUST002316,R002315,2/24/2020,1037,Card,Delivered
O002316,CUST002317,R002316,1/3/2024,359,COD,Delivered
O002317,CUST002318,R002317,6/22/2025,821,UPI,Delivered
O002318,CUST002319,R002318,8/1/2019,1627,Card,Delivered
O002319,CUST002320,R002319,1/3/2020,502,Wallet,Delivered
O002320,CUST002321,R002320,4/24/2025,1307,UPI,Delivered
O002321,CUST002322,R002321,9/18/2023,1054,Wallet,Delivered
O002322,CUST002323,R002322,8/17/2022,1376,Card,Delivered
O002323,CUST002324,R002323,2/5/2025,1614,Wallet,Delivered
O002324,CUST002325,R002324,9/12/2023,1542,Card,Delivered
O002325,CUST002326,R002325,2/8/2023,1530,UPI,Delivered
O002326,CUST002327,R002326,5/18/2025,1499,Wallet,Cancelled
O002327,CUST002328,R002327,8/16/2023,1923,Wallet,Delivered
O002328,CUST002329,R002328,2/21/2022,1075,Wallet,Delivered
O002329,CUST002330,R002329,10/13/2019,403,COD,Delivered
O002330,CUST002331,R002330,5/23/2023,909,COD,Delivered
O002331,CUST002332,R002331,4/2/2022,782,COD,Delivered
O002332,CUST002333,R002332,11/11/2025,720,Wallet,Delivered
O002333,CUST002334,R002333,11/25/2023,1351,COD,Delivered
O002334,CUST002335,R002334,6/6/2019,1143,Wallet,Delivered
O002335,CUST002336,R002335,2/10/2025,1955,Wallet,Delivered
O002336,CUST002337,R002336,6/6/2023,768,Wallet,Delivered
O002337,CUST002338,R002337,2/15/2023,1586,Card,Delivered
O002338,CUST002339,R002338,6/8/2021,1574,Wallet,Delivered
O002339,CUST002340,R002339,6/6/2019,1586,Wallet,Delivered
O002340,CUST002341,R002340,12/17/2021,1967,Card,Delivered
O002341,CUST002342,R002341,3/21/2022,1878,UPI,Delivered
O002342,CUST002343,R002342,7/19/2024,1921,Card,Delivered
O002343,CUST002344,R002343,5/17/2023,1904,Card,Delivered
O002344,CUST002345,R002344,5/12/2022,447,COD,Delivered
O002345,CUST002346,R002345,3/5/2022,828,Card,Delivered
O002346,CUST002347,R002346,12/22/2025,1980,Card,Delivered
O002347,CUST002348,R002347,6/1/2019,759,COD,Delivered
O002348,CUST002349,R002348,5/4/2020,681,COD,Delivered
O002349,CUST002350,R002349,8/16/2020,428,COD,Delivered
O002350,CUST002351,R002350,10/9/2025,1377,COD,Delivered
O002351,CUST002352,R002351,5/3/2021,302,Wallet,Delivered
O002352,CUST002353,R002352,8/8/2021,1376,Wallet,Delivered
O002353,CUST002354,R002353,12/12/2025,738,UPI,Delivered
O002354,CUST002355,R002354,8/3/2022,1538,Wallet,Delivered
O002355,CUST002356,R002355,11/16/2024,128,Wallet,Delivered
O002356,CUST002357,R002356,1/12/2025,630,Wallet,Delivered
O002357,CUST002358,R002357,2/9/2019,1964,Card,Cancelled
O002358,CUST002359,R002358,6/28/2024,1500,UPI,Delivered
O002359,CUST002360,R002359,9/3/2023,1771,Card,Delivered
O002360,CUST002361,R002360,2/23/2020,369,UPI,Delivered
O002361,CUST002362,R002361,10/27/2024,1676,COD,Delivered
O002362,CUST002363,R002362,10/17/2022,1946,Card,Delivered
O002363,CUST002364,R002363,5/4/2025,1621,UPI,Cancelled
O002364,CUST002365,R002364,4/15/2021,1391,Card,Cancelled
O002365,CUST002366,R002365,11/24/2020,992,Wallet,Delivered
O002366,CUST002367,R002366,9/20/2023,1828,COD,Delivered
O002367,CUST002368,R002367,7/19/2019,727,COD,Delivered
O002368,CUST002369,R002368,11/4/2022,371,Card,Delivered
O002369,CUST002370,R002369,6/15/2024,1720,Card,Cancelled
O002370,CUST002371,R002370,1/25/2025,1328,Card,Delivered
O002371,CUST002372,R002371,7/3/2019,689,Wallet,Delivered
O002372,CUST002373,R002372,10/27/2022,1002,Wallet,Delivered
O002373,CUST002374,R002373,2/14/2021,613,COD,Delivered
O002374,CUST002375,R002374,7/2/2021,865,UPI,Delivered
O002375,CUST002376,R002375,6/8/2019,1626,COD,Delivered
O002376,CUST002377,R002376,3/7/2022,1242,UPI,Delivered
O002377,CUST002378,R002377,7/3/2022,1051,Card,Delivered
O002378,CUST002379,R002378,7/18/2022,1621,Wallet,Delivered
O002379,CUST002380,R002379,7/2/2021,921,Card,Delivered
O002380,CUST002381,R002380,3/14/2020,342,Wallet,Delivered
O002381,CUST002382,R002381,1/14/2019,162,Card,Delivered
O002382,CUST002383,R002382,7/20/2021,1380,Card,Delivered
O002383,CUST002384,R002383,1/19/2025,1956,Card,Delivered
O002384,CUST002385,R002384,1/18/2020,305,COD,Delivered
O002385,CUST002386,R002385,2/22/2019,1110,Card,Delivered
O002386,CUST002387,R002386,3/23/2022,230,Card,Delivered
O002387,CUST002388,R002387,7/24/2021,525,Wallet,Delivered
O002388,CUST002389,R002388,2/2/2021,527,Card,Delivered
O002389,CUST002390,R002389,7/2/2025,859,Wallet,Cancelled
O002390,CUST002391,R002390,3/26/2024,842,COD,Delivered
O002391,CUST002392,R002391,11/28/2020,1281,Wallet,Delivered
O002392,CUST002393,R002392,9/3/2023,575,Wallet,Delivered
O002393,CUST002394,R002393,11/11/2024,971,COD,Delivered
O002394,CUST002395,R002394,9/9/2021,1680,Card,Delivered
O002395,CUST002396,R002395,11/17/2021,1488,COD,Delivered
O002396,CUST002397,R002396,2/1/2025,1615,Card,Delivered
O002397,CUST002398,R002397,12/12/2022,1299,Card,Delivered
O002398,CUST002399,R002398,10/16/2021,265,Card,Delivered
O002399,CUST002400,R002399,11/24/2024,449,Card,Delivered
O002400,CUST002401,R002400,6/25/2025,568,Card,Delivered
O002401,CUST002402,R002401,8/19/2019,615,COD,Delivered
O002402,CUST002403,R002402,3/2/2023,904,Card,Delivered
O002403,CUST002404,R002403,11/26/2019,1898,Wallet,Delivered
O002404,CUST002405,R002404,8/4/2025,1325,Wallet,Delivered
O002405,CUST002406,R002405,5/4/2023,1047,COD,Delivered
O002406,CUST002407,R002406,1/26/2021,1059,COD,Delivered
O002407,CUST002408,R002407,5/9/2024,1724,Wallet,Delivered
O002408,CUST002409,R002408,3/17/2019,822,COD,Cancelled
O002409,CUST002410,R002409,2/2/2025,1659,UPI,Delivered
O002410,CUST002411,R002410,12/14/2020,1387,UPI,Delivered
O002411,CUST002412,R002411,9/6/2022,1783,Card,Delivered
O002412,CUST002413,R002412,1/26/2019,1966,Wallet,Delivered
O002413,CUST002414,R002413,8/22/2024,1197,UPI,Delivered
O002414,CUST002415,R002414,3/13/2021,232,COD,Delivered
O002415,CUST002416,R002415,10/25/2023,1576,Card,Delivered
O002416,CUST002417,R002416,4/7/2020,1514,COD,Delivered
O002417,CUST002418,R002417,12/26/2022,1116,UPI,Delivered
O002418,CUST002419,R002418,12/27/2025,1676,Card,Delivered
O002419,CUST002420,R002419,8/21/2020,850,COD,Delivered
O002420,CUST002421,R002420,8/4/2019,494,COD,Delivered
O002421,CUST002422,R002421,5/27/2021,439,Wallet,Delivered
O002422,CUST002423,R002422,8/5/2019,1276,COD,Delivered
O002423,CUST002424,R002423,11/8/2020,114,COD,Delivered
O002424,CUST002425,R002424,12/1/2024,1437,UPI,Delivered
O002425,CUST002426,R002425,5/20/2023,736,COD,Delivered
O002426,CUST002427,R002426,1/4/2024,988,UPI,Delivered
O002427,CUST002428,R002427,3/7/2021,1749,Wallet,Delivered
O002428,CUST002429,R002428,6/19/2025,1159,UPI,Delivered
O002429,CUST002430,R002429,10/3/2022,1174,Card,Delivered
O002430,CUST002431,R002430,8/20/2024,1745,UPI,Delivered
O002431,CUST002432,R002431,3/11/2023,1292,UPI,Delivered
O002432,CUST002433,R002432,10/23/2023,1561,COD,Delivered
O002433,CUST002434,R002433,10/19/2023,1206,UPI,Delivered
O002434,CUST002435,R002434,3/10/2020,1194,UPI,Delivered
O002435,CUST002436,R002435,2/15/2023,1273,Wallet,Delivered
O002436,CUST002437,R002436,11/5/2024,825,UPI,Delivered
O002437,CUST002438,R002437,10/12/2025,422,UPI,Delivered
O002438,CUST002439,R002438,1/18/2020,1940,UPI,Delivered
O002439,CUST002440,R002439,3/15/2021,1743,Card,Cancelled
O002440,CUST002441,R002440,10/20/2020,1576,Card,Cancelled
O002441,CUST002442,R002441,2/16/2024,1871,Card,Delivered
O002442,CUST002443,R002442,11/23/2021,1886,Card,Delivered
O002443,CUST002444,R002443,7/18/2019,599,COD,Delivered
O002444,CUST002445,R002444,5/21/2022,146,Wallet,Delivered
O002445,CUST002446,R002445,2/5/2025,288,Card,Delivered
O002446,CUST002447,R002446,10/16/2020,300,Wallet,Delivered
O002447,CUST002448,R002447,2/4/2019,811,COD,Delivered
O002448,CUST002449,R002448,3/25/2023,1424,COD,Cancelled
O002449,CUST002450,R002449,8/2/2021,442,Wallet,Delivered
O002450,CUST002451,R002450,6/6/2020,1051,Wallet,Delivered
O002451,CUST002452,R002451,10/5/2020,1556,UPI,Delivered
O002452,CUST002453,R002452,5/16/2023,1359,Wallet,Delivered
O002453,CUST002454,R002453,7/2/2022,1236,UPI,Cancelled
O002454,CUST002455,R002454,10/11/2019,1488,UPI,Delivered
O002455,CUST002456,R002455,11/17/2021,788,UPI,Delivered
O002456,CUST002457,R002456,3/13/2021,209,Card,Delivered
O002457,CUST002458,R002457,4/16/2019,1837,UPI,Delivered
O002458,CUST002459,R002458,3/15/2025,376,UPI,Delivered
O002459,CUST002460,R002459,10/11/2020,1817,Card,Delivered
O002460,CUST002461,R002460,3/1/2021,1438,Card,Delivered
O002461,CUST002462,R002461,2/20/2025,1040,Wallet,Delivered
O002462,CUST002463,R002462,4/4/2023,103,UPI,Delivered
O002463,CUST002464,R002463,4/15/2025,711,Wallet,Delivered
O002464,CUST002465,R002464,6/27/2022,649,Card,Cancelled
O002465,CUST002466,R002465,9/11/2020,1987,Wallet,Delivered
O002466,CUST002467,R002466,3/25/2024,1028,UPI,Delivered
O002467,CUST002468,R002467,5/6/2019,1576,COD,Delivered
O002468,CUST002469,R002468,5/26/2021,1323,UPI,Cancelled
O002469,CUST002470,R002469,1/6/2020,253,Wallet,Delivered
O002470,CUST002471,R002470,8/17/2024,993,Card,Delivered
O002471,CUST002472,R002471,3/18/2021,420,Card,Delivered
O002472,CUST002473,R002472,4/19/2025,1910,Wallet,Delivered
O002473,CUST002474,R002473,1/17/2020,1657,Card,Delivered
O002474,CUST002475,R002474,6/20/2023,1085,Card,Delivered
O002475,CUST002476,R002475,12/4/2025,1333,UPI,Delivered
O002476,CUST002477,R002476,3/16/2023,754,Wallet,Delivered
O002477,CUST002478,R002477,7/28/2024,737,COD,Delivered
O002478,CUST002479,R002478,3/1/2023,622,COD,Delivered
O002479,CUST002480,R002479,11/25/2020,1072,COD,Delivered
O002480,CUST002481,R002480,2/9/2024,302,Card,Delivered
O002481,CUST002482,R002481,12/28/2021,982,UPI,Delivered
O002482,CUST002483,R002482,4/7/2022,926,COD,Delivered
O002483,CUST002484,R002483,6/26/2022,609,UPI,Delivered
O002484,CUST002485,R002484,11/13/2023,210,COD,Delivered
O002485,CUST002486,R002485,8/13/2021,637,Wallet,Delivered
O002486,CUST002487,R002486,4/12/2021,1318,UPI,Delivered
O002487,CUST002488,R002487,4/7/2023,1713,UPI,Delivered
O002488,CUST002489,R002488,6/13/2019,1434,UPI,Delivered
O002489,CUST002490,R002489,12/13/2020,371,UPI,Cancelled
O002490,CUST002491,R002490,3/23/2025,1366,UPI,Delivered
O002491,CUST002492,R002491,10/24/2023,282,COD,Delivered
O002492,CUST002493,R002492,1/27/2022,1700,Card,Delivered
O002493,CUST002494,R002493,10/18/2024,1994,UPI,Cancelled
O002494,CUST002495,R002494,8/22/2023,600,COD,Delivered
O002495,CUST002496,R002495,11/2/2022,1920,Card,Delivered
O002496,CUST002497,R002496,6/23/2024,269,Wallet,Delivered
O002497,CUST002498,R002497,3/7/2020,839,COD,Delivered
O002498,CUST002499,R002498,6/25/2022,937,COD,Delivered
O002499,CUST002500,R002499,4/6/2021,934,COD,Delivered
O002500,CUST002501,R002500,7/2/2025,1373,Wallet,Delivered
O002501,CUST002502,R002501,10/8/2022,1094,Wallet,Delivered
O002502,CUST002503,R002502,1/14/2021,746,COD,Delivered
O002503,CUST002504,R002503,4/26/2021,554,COD,Delivered
O002504,CUST002505,R002504,10/12/2022,1551,Wallet,Delivered
O002505,CUST002506,R002505,2/2/2021,932,Wallet,Delivered
O002506,CUST002507,R002506,10/6/2023,1183,Wallet,Delivered
O002507,CUST002508,R002507,4/13/2020,800,UPI,Delivered
O002508,CUST002509,R002508,8/5/2019,1599,Wallet,Delivered
O002509,CUST002510,R002509,2/12/2020,1358,UPI,Cancelled
O002510,CUST002511,R002510,8/11/2024,1973,UPI,Delivered
O002511,CUST002512,R002511,9/13/2019,300,Card,Delivered
O002512,CUST002513,R002512,10/1/2020,1134,UPI,Delivered
O002513,CUST002514,R002513,12/5/2024,1939,COD,Delivered
O002514,CUST002515,R002514,5/24/2021,284,Card,Delivered
O002515,CUST002516,R002515,2/17/2023,406,COD,Delivered
O002516,CUST002517,R002516,5/22/2022,170,Card,Delivered
O002517,CUST002518,R002517,2/6/2019,278,COD,Delivered
O002518,CUST002519,R002518,8/17/2022,1040,COD,Delivered
O002519,CUST002520,R002519,5/1/2023,843,Card,Delivered
O002520,CUST002521,R002520,10/22/2020,454,Wallet,Delivered
O002521,CUST002522,R002521,12/27/2023,1216,Wallet,Delivered
O002522,CUST002523,R002522,4/13/2022,261,Wallet,Delivered
O002523,CUST002524,R002523,8/5/2024,1589,UPI,Delivered
O002524,CUST002525,R002524,12/8/2020,1860,Wallet,Delivered
O002525,CUST002526,R002525,11/13/2021,750,Wallet,Delivered
O002526,CUST002527,R002526,8/27/2019,1556,UPI,Delivered
O002527,CUST002528,R002527,9/21/2021,912,UPI,Cancelled
O002528,CUST002529,R002528,5/12/2025,513,Card,Delivered
O002529,CUST002530,R002529,4/17/2019,1731,Wallet,Delivered
O002530,CUST002531,R002530,8/15/2019,1796,COD,Delivered
O002531,CUST002532,R002531,7/11/2022,133,UPI,Delivered
O002532,CUST002533,R002532,7/3/2025,1471,UPI,Delivered
O002533,CUST002534,R002533,9/17/2024,245,Wallet,Delivered
O002534,CUST002535,R002534,12/24/2025,876,UPI,Delivered
O002535,CUST002536,R002535,2/22/2020,1778,Wallet,Delivered
O002536,CUST002537,R002536,2/20/2019,1638,COD,Delivered
O002537,CUST002538,R002537,4/3/2024,1015,Wallet,Delivered
O002538,CUST002539,R002538,10/14/2019,1266,UPI,Delivered
O002539,CUST002540,R002539,4/28/2022,1600,COD,Cancelled
O002540,CUST002541,R002540,11/9/2024,1130,UPI,Delivered
O002541,CUST002542,R002541,10/13/2020,557,UPI,Delivered
O002542,CUST002543,R002542,10/16/2021,1061,Wallet,Delivered
O002543,CUST002544,R002543,11/17/2022,1884,COD,Delivered
O002544,CUST002545,R002544,12/12/2020,177,Card,Delivered
O002545,CUST002546,R002545,10/21/2023,1515,UPI,Cancelled
O002546,CUST002547,R002546,1/18/2021,289,Card,Delivered
O002547,CUST002548,R002547,4/26/2021,1932,UPI,Delivered
O002548,CUST002549,R002548,1/24/2025,455,COD,Delivered
O002549,CUST002550,R002549,2/20/2025,731,Card,Delivered
O002550,CUST002551,R002550,6/18/2020,632,COD,Delivered
O002551,CUST002552,R002551,10/9/2019,1057,Card,Delivered
O002552,CUST002553,R002552,1/2/2024,365,Card,Delivered
O002553,CUST002554,R002553,3/3/2021,790,Wallet,Delivered
O002554,CUST002555,R002554,4/27/2021,1186,UPI,Delivered
O002555,CUST002556,R002555,7/26/2019,677,COD,Delivered
O002556,CUST002557,R002556,11/14/2024,1500,Wallet,Delivered
O002557,CUST002558,R002557,6/7/2022,849,Wallet,Delivered
O002558,CUST002559,R002558,6/15/2025,1798,Wallet,Cancelled
O002559,CUST002560,R002559,1/12/2021,918,UPI,Delivered
O002560,CUST002561,R002560,9/7/2021,1722,Wallet,Delivered
O002561,CUST002562,R002561,5/18/2022,1973,UPI,Delivered
O002562,CUST002563,R002562,11/22/2020,1404,UPI,Delivered
O002563,CUST002564,R002563,11/15/2020,248,Card,Delivered
O002564,CUST002565,R002564,6/3/2020,1684,Card,Delivered
O002565,CUST002566,R002565,8/14/2019,1882,Card,Cancelled
O002566,CUST002567,R002566,6/26/2023,407,Card,Delivered
O002567,CUST002568,R002567,11/22/2021,846,Wallet,Delivered
O002568,CUST002569,R002568,3/20/2021,790,Card,Delivered
O002569,CUST002570,R002569,3/8/2021,402,COD,Delivered
O002570,CUST002571,R002570,11/16/2022,466,COD,Delivered
O002571,CUST002572,R002571,1/10/2025,1218,UPI,Delivered
O002572,CUST002573,R002572,1/6/2023,337,Wallet,Delivered
O002573,CUST002574,R002573,5/26/2022,1099,COD,Delivered
O002574,CUST002575,R002574,4/11/2019,461,Wallet,Delivered
O002575,CUST002576,R002575,7/28/2021,780,COD,Delivered
O002576,CUST002577,R002576,12/7/2024,1569,COD,Cancelled
O002577,CUST002578,R002577,6/9/2025,1061,UPI,Delivered
O002578,CUST002579,R002578,2/5/2023,1861,Wallet,Cancelled
O002579,CUST002580,R002579,4/17/2025,795,Wallet,Delivered
O002580,CUST002581,R002580,3/28/2023,1600,COD,Delivered
O002581,CUST002582,R002581,1/12/2020,210,COD,Delivered
O002582,CUST002583,R002582,7/14/2023,1680,Card,Delivered
O002583,CUST002584,R002583,2/10/2024,1743,Card,Delivered
O002584,CUST002585,R002584,7/1/2022,1840,Card,Delivered
O002585,CUST002586,R002585,9/12/2020,1855,COD,Delivered
O002586,CUST002587,R002586,8/21/2024,760,UPI,Delivered
O002587,CUST002588,R002587,2/21/2024,252,Wallet,Delivered
O002588,CUST002589,R002588,3/22/2023,887,Card,Delivered
O002589,CUST002590,R002589,11/1/2020,471,Card,Delivered
O002590,CUST002591,R002590,9/4/2020,722,Wallet,Delivered
O002591,CUST002592,R002591,2/27/2023,1521,Card,Delivered
O002592,CUST002593,R002592,3/1/2025,411,Wallet,Delivered
O002593,CUST002594,R002593,7/22/2020,1216,UPI,Delivered
O002594,CUST002595,R002594,1/8/2022,839,COD,Delivered
O002595,CUST002596,R002595,7/15/2022,1340,Card,Delivered
O002596,CUST002597,R002596,10/4/2019,1533,COD,Delivered
O002597,CUST002598,R002597,9/11/2024,1457,UPI,Delivered
O002598,CUST002599,R002598,5/6/2022,1440,UPI,Delivered
O002599,CUST002600,R002599,8/15/2024,1388,Wallet,Delivered
O002600,CUST002601,R002600,5/16/2019,1817,COD,Delivered
O002601,CUST002602,R002601,12/19/2020,504,COD,Delivered
O002602,CUST002603,R002602,5/10/2020,1989,Card,Delivered
O002603,CUST002604,R002603,7/18/2019,338,Card,Delivered
O002604,CUST002605,R002604,5/22/2025,248,COD,Delivered
O002605,CUST002606,R002605,1/3/2024,1972,Wallet,Delivered
O002606,CUST002607,R002606,3/17/2022,1261,COD,Delivered
O002607,CUST002608,R002607,11/18/2020,1057,Wallet,Delivered
O002608,CUST002609,R002608,12/16/2020,1874,Wallet,Delivered
O002609,CUST002610,R002609,5/5/2019,732,COD,Delivered
O002610,CUST002611,R002610,5/14/2022,1545,UPI,Delivered
O002611,CUST002612,R002611,1/7/2025,1484,Wallet,Delivered
O002612,CUST002613,R002612,2/5/2020,1431,Wallet,Delivered
O002613,CUST002614,R002613,5/16/2019,1861,UPI,Delivered
O002614,CUST002615,R002614,11/21/2024,1604,UPI,Delivered
O002615,CUST002616,R002615,7/18/2023,132,Card,Cancelled
O002616,CUST002617,R002616,11/19/2024,1754,Card,Delivered
O002617,CUST002618,R002617,3/10/2023,292,Card,Delivered
O002618,CUST002619,R002618,5/4/2022,718,UPI,Delivered
O002619,CUST002620,R002619,6/18/2025,1933,Card,Delivered
O002620,CUST002621,R002620,3/18/2025,673,COD,Delivered
O002621,CUST002622,R002621,9/2/2022,602,COD,Delivered
O002622,CUST002623,R002622,11/15/2019,349,COD,Delivered
O002623,CUST002624,R002623,12/9/2022,1161,Card,Delivered
O002624,CUST002625,R002624,8/2/2020,254,Wallet,Delivered
O002625,CUST002626,R002625,12/7/2024,1222,COD,Delivered
O002626,CUST002627,R002626,1/11/2020,589,UPI,Delivered
O002627,CUST002628,R002627,8/2/2023,1395,Wallet,Delivered
O002628,CUST002629,R002628,10/13/2025,282,Wallet,Delivered
O002629,CUST002630,R002629,3/13/2021,525,UPI,Delivered
O002630,CUST002631,R002630,3/7/2025,1810,Card,Delivered
O002631,CUST002632,R002631,5/26/2022,1346,UPI,Delivered
O002632,CUST002633,R002632,5/2/2025,1554,Card,Delivered
O002633,CUST002634,R002633,2/13/2022,333,UPI,Delivered
O002634,CUST002635,R002634,5/25/2024,1597,COD,Cancelled
O002635,CUST002636,R002635,4/15/2019,1866,Card,Delivered
O002636,CUST002637,R002636,8/3/2024,1963,UPI,Cancelled
O002637,CUST002638,R002637,11/11/2024,1771,COD,Cancelled
O002638,CUST002639,R002638,3/2/2019,1374,UPI,Delivered
O002639,CUST002640,R002639,11/25/2020,206,COD,Delivered
O002640,CUST002641,R002640,4/24/2024,583,COD,Delivered
O002641,CUST002642,R002641,7/10/2022,483,Card,Delivered
O002642,CUST002643,R002642,8/17/2025,1615,Card,Cancelled
O002643,CUST002644,R002643,7/23/2022,1042,Card,Delivered
O002644,CUST002645,R002644,2/1/2019,534,Wallet,Delivered
O002645,CUST002646,R002645,7/25/2019,917,Wallet,Delivered
O002646,CUST002647,R002646,2/1/2020,534,COD,Delivered
O002647,CUST002648,R002647,1/28/2019,829,Card,Delivered
O002648,CUST002649,R002648,8/6/2025,1584,COD,Delivered
O002649,CUST002650,R002649,2/6/2023,1152,Wallet,Delivered
O002650,CUST002651,R002650,3/2/2023,961,UPI,Cancelled
O002651,CUST002652,R002651,7/18/2023,1574,COD,Cancelled
O002652,CUST002653,R002652,3/1/2024,1338,Card,Delivered
O002653,CUST002654,R002653,7/12/2023,199,Wallet,Delivered
O002654,CUST002655,R002654,4/13/2019,274,Card,Delivered
O002655,CUST002656,R002655,2/19/2025,1231,Card,Cancelled
O002656,CUST002657,R002656,10/18/2023,1844,UPI,Delivered
O002657,CUST002658,R002657,2/24/2023,194,COD,Delivered
O002658,CUST002659,R002658,2/19/2021,706,Card,Delivered
O002659,CUST002660,R002659,4/13/2019,151,Card,Delivered
O002660,CUST002661,R002660,9/23/2021,445,Wallet,Delivered
O002661,CUST002662,R002661,7/1/2022,311,Card,Delivered
O002662,CUST002663,R002662,10/28/2025,813,COD,Delivered
O002663,CUST002664,R002663,3/24/2023,751,COD,Delivered
O002664,CUST002665,R002664,1/27/2023,1196,Wallet,Delivered
O002665,CUST002666,R002665,2/2/2021,432,Wallet,Cancelled
O002666,CUST002667,R002666,10/7/2025,871,COD,Delivered
O002667,CUST002668,R002667,4/7/2019,1792,UPI,Delivered
O002668,CUST002669,R002668,2/16/2020,1338,COD,Delivered
O002669,CUST002670,R002669,5/27/2020,1461,UPI,Delivered
O002670,CUST002671,R002670,8/11/2024,1712,UPI,Delivered
O002671,CUST002672,R002671,9/14/2021,1378,UPI,Delivered
O002672,CUST002673,R002672,12/8/2021,1842,UPI,Delivered
O002673,CUST002674,R002673,1/17/2025,1962,Card,Delivered
O002674,CUST002675,R002674,1/10/2022,102,COD,Delivered
O002675,CUST002676,R002675,10/2/2024,857,Card,Delivered
O002676,CUST002677,R002676,6/19/2025,1850,COD,Delivered
O002677,CUST002678,R002677,6/2/2023,1240,Wallet,Delivered
O002678,CUST002679,R002678,6/3/2019,968,COD,Delivered
O002679,CUST002680,R002679,8/26/2020,916,Wallet,Delivered
O002680,CUST002681,R002680,3/9/2023,1873,Wallet,Delivered
O002681,CUST002682,R002681,3/16/2020,537,COD,Delivered
O002682,CUST002683,R002682,9/27/2025,1506,UPI,Delivered
O002683,CUST002684,R002683,4/11/2020,1233,UPI,Delivered
O002684,CUST002685,R002684,11/2/2024,1421,Card,Delivered
O002685,CUST002686,R002685,8/16/2019,1929,Wallet,Delivered
O002686,CUST002687,R002686,10/20/2023,1118,UPI,Delivered
O002687,CUST002688,R002687,9/11/2025,147,COD,Delivered
O002688,CUST002689,R002688,12/23/2022,1484,UPI,Delivered
O002689,CUST002690,R002689,4/7/2023,1467,Card,Delivered
O002690,CUST002691,R002690,9/25/2025,900,UPI,Cancelled
O002691,CUST002692,R002691,5/26/2019,1596,Card,Delivered
O002692,CUST002693,R002692,4/20/2022,706,COD,Delivered
O002693,CUST002694,R002693,7/3/2020,600,COD,Cancelled
O002694,CUST002695,R002694,3/26/2020,328,COD,Delivered
O002695,CUST002696,R002695,10/2/2025,1166,Card,Delivered
O002696,CUST002697,R002696,12/6/2022,1866,COD,Delivered
O002697,CUST002698,R002697,8/27/2021,1038,UPI,Delivered
O002698,CUST002699,R002698,4/11/2021,657,COD,Cancelled
O002699,CUST002700,R002699,2/2/2021,778,Wallet,Delivered
O002700,CUST002701,R002700,5/5/2019,1707,Wallet,Delivered
O002701,CUST002702,R002701,9/17/2020,1069,Wallet,Delivered
O002702,CUST002703,R002702,12/1/2025,1084,Card,Delivered
O002703,CUST002704,R002703,8/20/2024,1703,Wallet,Delivered
O002704,CUST002705,R002704,6/7/2019,1255,Card,Delivered
O002705,CUST002706,R002705,3/21/2019,322,Wallet,Delivered
O002706,CUST002707,R002706,1/18/2022,218,Card,Delivered
O002707,CUST002708,R002707,3/20/2020,1846,COD,Delivered
O002708,CUST002709,R002708,11/27/2020,1793,Wallet,Delivered
O002709,CUST002710,R002709,9/16/2024,1526,Wallet,Delivered
O002710,CUST002711,R002710,4/21/2023,1925,UPI,Delivered
O002711,CUST002712,R002711,2/20/2019,1797,UPI,Delivered
O002712,CUST002713,R002712,5/13/2020,1658,Card,Delivered
O002713,CUST002714,R002713,11/16/2020,1529,Card,Delivered
O002714,CUST002715,R002714,4/15/2024,1825,COD,Delivered
O002715,CUST002716,R002715,8/24/2024,1796,UPI,Delivered
O002716,CUST002717,R002716,8/17/2022,513,Card,Delivered
O002717,CUST002718,R002717,4/21/2025,1967,Wallet,Delivered
O002718,CUST002719,R002718,12/5/2024,189,Card,Cancelled
O002719,CUST002720,R002719,5/15/2024,973,Wallet,Delivered
O002720,CUST002721,R002720,5/3/2019,656,Card,Delivered
O002721,CUST002722,R002721,7/24/2019,1269,COD,Delivered
O002722,CUST002723,R002722,11/26/2023,337,Wallet,Delivered
O002723,CUST002724,R002723,5/4/2020,695,Wallet,Delivered
O002724,CUST002725,R002724,2/23/2024,1412,UPI,Delivered
O002725,CUST002726,R002725,3/14/2024,1274,Wallet,Cancelled
O002726,CUST002727,R002726,9/28/2021,1147,UPI,Delivered
O002727,CUST002728,R002727,4/9/2024,1441,UPI,Delivered
O002728,CUST002729,R002728,11/19/2019,571,UPI,Delivered
O002729,CUST002730,R002729,12/11/2025,129,UPI,Delivered
O002730,CUST002731,R002730,12/15/2020,1758,UPI,Delivered
O002731,CUST002732,R002731,10/14/2023,297,UPI,Delivered
O002732,CUST002733,R002732,8/10/2019,1966,UPI,Delivered
O002733,CUST002734,R002733,10/26/2024,1328,Card,Cancelled
O002734,CUST002735,R002734,3/18/2021,886,Wallet,Delivered
O002735,CUST002736,R002735,9/2/2023,1855,UPI,Delivered
O002736,CUST002737,R002736,11/14/2020,311,Wallet,Delivered
O002737,CUST002738,R002737,1/18/2021,1072,Card,Delivered
O002738,CUST002739,R002738,11/8/2019,1946,COD,Delivered
O002739,CUST002740,R002739,9/22/2020,937,Wallet,Delivered
O002740,CUST002741,R002740,12/4/2019,1057,Card,Cancelled
O002741,CUST002742,R002741,1/1/2021,853,Wallet,Delivered
O002742,CUST002743,R002742,3/6/2020,1691,COD,Delivered
O002743,CUST002744,R002743,12/9/2020,486,UPI,Delivered
O002744,CUST002745,R002744,10/11/2025,335,Card,Cancelled
O002745,CUST002746,R002745,6/12/2023,110,Wallet,Delivered
O002746,CUST002747,R002746,4/16/2021,1372,Card,Delivered
O002747,CUST002748,R002747,6/20/2024,974,Card,Delivered
O002748,CUST002749,R002748,2/3/2021,1183,UPI,Delivered
O002749,CUST002750,R002749,6/14/2025,355,Wallet,Delivered
O002750,CUST002751,R002750,5/18/2019,594,Card,Delivered
O002751,CUST002752,R002751,12/25/2020,517,COD,Delivered
O002752,CUST002753,R002752,1/23/2025,1024,Card,Delivered
O002753,CUST002754,R002753,5/7/2019,212,Card,Delivered
O002754,CUST002755,R002754,5/1/2019,898,UPI,Delivered
O002755,CUST002756,R002755,3/6/2022,846,COD,Delivered
O002756,CUST002757,R002756,9/25/2023,573,UPI,Delivered
O002757,CUST002758,R002757,10/11/2024,1896,Wallet,Delivered
O002758,CUST002759,R002758,11/12/2021,738,COD,Delivered
O002759,CUST002760,R002759,4/10/2021,1163,UPI,Delivered
O002760,CUST002761,R002760,2/14/2019,1607,UPI,Delivered
O002761,CUST002762,R002761,11/13/2023,1334,Wallet,Delivered
O002762,CUST002763,R002762,7/11/2020,1873,UPI,Delivered
O002763,CUST002764,R002763,5/13/2019,1222,Wallet,Delivered
O002764,CUST002765,R002764,12/22/2022,133,COD,Cancelled
O002765,CUST002766,R002765,11/25/2024,1653,Card,Delivered
O002766,CUST002767,R002766,6/17/2019,1773,UPI,Cancelled
O002767,CUST002768,R002767,5/24/2025,514,COD,Delivered
O002768,CUST002769,R002768,11/28/2024,1840,Card,Cancelled
O002769,CUST002770,R002769,1/20/2020,189,Wallet,Delivered
O002770,CUST002771,R002770,2/6/2019,798,COD,Cancelled
O002771,CUST002772,R002771,1/24/2019,890,COD,Delivered
O002772,CUST002773,R002772,12/5/2022,779,COD,Delivered
O002773,CUST002774,R002773,4/1/2023,1224,Wallet,Delivered
O002774,CUST002775,R002774,7/7/2025,952,Wallet,Delivered
O002775,CUST002776,R002775,8/13/2020,644,Wallet,Delivered
O002776,CUST002777,R002776,11/22/2019,876,Wallet,Delivered
O002777,CUST002778,R002777,4/16/2019,1824,Wallet,Delivered
O002778,CUST002779,R002778,5/6/2024,1270,Wallet,Delivered
O002779,CUST002780,R002779,5/11/2019,1136,Wallet,Delivered
O002780,CUST002781,R002780,8/19/2020,758,UPI,Delivered
O002781,CUST002782,R002781,11/3/2022,1519,Wallet,Delivered
O002782,CUST002783,R002782,5/10/2019,1279,Wallet,Cancelled
O002783,CUST002784,R002783,3/9/2021,1887,Card,Delivered
O002784,CUST002785,R002784,8/13/2025,1979,Card,Delivered
O002785,CUST002786,R002785,9/1/2023,1023,UPI,Delivered
O002786,CUST002787,R002786,1/4/2020,1791,COD,Delivered
O002787,CUST002788,R002787,10/23/2022,140,UPI,Delivered
O002788,CUST002789,R002788,5/16/2024,1908,COD,Delivered
O002789,CUST002790,R002789,2/10/2020,1966,Card,Delivered
O002790,CUST002791,R002790,4/4/2025,168,COD,Delivered
O002791,CUST002792,R002791,7/15/2021,886,COD,Delivered
O002792,CUST002793,R002792,5/27/2025,758,UPI,Delivered
O002793,CUST002794,R002793,6/24/2020,374,Wallet,Delivered
O002794,CUST002795,R002794,2/26/2023,1180,Wallet,Delivered
O002795,CUST002796,R002795,10/11/2025,181,COD,Delivered
O002796,CUST002797,R002796,11/4/2023,1503,UPI,Delivered
O002797,CUST002798,R002797,5/7/2023,1769,COD,Delivered
O002798,CUST002799,R002798,3/10/2024,640,Wallet,Delivered
O002799,CUST002800,R002799,8/27/2020,1451,Wallet,Delivered
O002800,CUST002801,R002800,10/20/2024,768,Wallet,Delivered
O002801,CUST002802,R002801,9/11/2021,114,Card,Delivered
O002802,CUST002803,R002802,2/7/2022,1583,COD,Delivered
O002803,CUST002804,R002803,9/14/2023,1686,Card,Delivered
O002804,CUST002805,R002804,10/10/2023,545,UPI,Delivered
O002805,CUST002806,R002805,3/1/2022,1386,UPI,Delivered
O002806,CUST002807,R002806,2/18/2021,166,COD,Delivered
O002807,CUST002808,R002807,2/20/2023,796,UPI,Delivered
O002808,CUST002809,R002808,11/21/2019,1736,COD,Delivered
O002809,CUST002810,R002809,1/18/2020,1163,Card,Delivered
O002810,CUST002811,R002810,1/1/2025,497,COD,Delivered
O002811,CUST002812,R002811,7/7/2024,748,COD,Delivered
O002812,CUST002813,R002812,4/21/2021,1066,COD,Delivered
O002813,CUST002814,R002813,2/2/2024,428,Wallet,Delivered
O002814,CUST002815,R002814,5/5/2023,159,Wallet,Delivered
O002815,CUST002816,R002815,8/9/2022,912,COD,Delivered
O002816,CUST002817,R002816,1/15/2021,1729,COD,Delivered
O002817,CUST002818,R002817,10/10/2023,1967,Card,Delivered
O002818,CUST002819,R002818,12/17/2025,1474,UPI,Cancelled
O002819,CUST002820,R002819,10/19/2024,210,Card,Delivered
O002820,CUST002821,R002820,11/23/2021,1852,UPI,Delivered
O002821,CUST002822,R002821,11/22/2025,370,COD,Delivered
O002822,CUST002823,R002822,12/20/2025,319,Card,Cancelled
O002823,CUST002824,R002823,2/18/2020,585,COD,Delivered
O002824,CUST002825,R002824,11/7/2021,971,Card,Delivered
O002825,CUST002826,R002825,11/1/2021,221,Card,Delivered
O002826,CUST002827,R002826,7/3/2022,647,COD,Delivered
O002827,CUST002828,R002827,8/6/2019,831,UPI,Delivered
O002828,CUST002829,R002828,10/25/2025,571,COD,Delivered
O002829,CUST002830,R002829,3/11/2019,1345,Wallet,Delivered
O002830,CUST002831,R002830,6/5/2024,695,Wallet,Delivered
O002831,CUST002832,R002831,5/14/2025,1773,Wallet,Delivered
O002832,CUST002833,R002832,1/14/2019,881,UPI,Delivered
O002833,CUST002834,R002833,12/5/2023,1643,Wallet,Delivered
O002834,CUST002835,R002834,7/16/2020,1888,Wallet,Delivered
O002835,CUST002836,R002835,5/20/2024,1313,Card,Delivered
O002836,CUST002837,R002836,9/12/2021,201,Card,Delivered
O002837,CUST002838,R002837,11/2/2025,1643,Card,Delivered
O002838,CUST002839,R002838,9/13/2022,1740,UPI,Delivered
O002839,CUST002840,R002839,6/25/2022,263,UPI,Delivered
O002840,CUST002841,R002840,2/21/2020,441,Wallet,Delivered
O002841,CUST002842,R002841,9/20/2022,679,Card,Delivered
O002842,CUST002843,R002842,6/6/2021,117,COD,Delivered
O002843,CUST002844,R002843,3/14/2023,311,COD,Cancelled
O002844,CUST002845,R002844,1/8/2020,1563,UPI,Delivered
O002845,CUST002846,R002845,10/23/2020,497,Wallet,Delivered
O002846,CUST002847,R002846,4/28/2025,1303,COD,Delivered
O002847,CUST002848,R002847,12/13/2020,659,Wallet,Delivered
O002848,CUST002849,R002848,11/2/2024,689,COD,Delivered
O002849,CUST002850,R002849,6/9/2025,1478,COD,Delivered
O002850,CUST002851,R002850,2/8/2021,1020,UPI,Delivered
O002851,CUST002852,R002851,2/4/2024,1651,Wallet,Cancelled
O002852,CUST002853,R002852,12/16/2019,651,Wallet,Delivered
O002853,CUST002854,R002853,2/27/2025,1195,Card,Delivered
O002854,CUST002855,R002854,4/10/2019,1957,COD,Delivered
O002855,CUST002856,R002855,1/12/2022,1569,Card,Delivered
O002856,CUST002857,R002856,5/6/2020,1637,Card,Delivered
O002857,CUST002858,R002857,3/27/2019,1952,UPI,Delivered
O002858,CUST002859,R002858,8/14/2023,1776,COD,Delivered
O002859,CUST002860,R002859,2/19/2020,680,UPI,Delivered
O002860,CUST002861,R002860,11/19/2023,1936,COD,Delivered
O002861,CUST002862,R002861,1/21/2025,840,Card,Delivered
O002862,CUST002863,R002862,12/28/2022,381,Card,Delivered
O002863,CUST002864,R002863,2/2/2020,636,Wallet,Delivered
O002864,CUST002865,R002864,10/26/2019,1441,UPI,Cancelled
O002865,CUST002866,R002865,9/26/2021,311,COD,Delivered
O002866,CUST002867,R002866,10/21/2019,856,Wallet,Delivered
O002867,CUST002868,R002867,8/7/2019,685,COD,Delivered
O002868,CUST002869,R002868,4/14/2024,1185,UPI,Cancelled
O002869,CUST002870,R002869,1/2/2023,1254,COD,Delivered
O002870,CUST002871,R002870,4/9/2019,1613,UPI,Delivered
O002871,CUST002872,R002871,8/8/2023,1296,UPI,Delivered
O002872,CUST002873,R002872,9/13/2022,1302,Wallet,Delivered
O002873,CUST002874,R002873,3/14/2019,1727,COD,Delivered
O002874,CUST002875,R002874,9/15/2020,457,Wallet,Delivered
O002875,CUST002876,R002875,5/10/2020,1942,UPI,Delivered
O002876,CUST002877,R002876,8/17/2022,252,UPI,Delivered
O002877,CUST002878,R002877,9/21/2021,168,Card,Delivered
O002878,CUST002879,R002878,4/2/2023,1829,Card,Delivered
O002879,CUST002880,R002879,5/16/2019,473,Card,Delivered
O002880,CUST002881,R002880,2/17/2019,344,Card,Delivered
O002881,CUST002882,R002881,8/8/2020,1292,Wallet,Cancelled
O002882,CUST002883,R002882,9/25/2025,156,COD,Delivered
O002883,CUST002884,R002883,4/3/2019,1657,UPI,Cancelled
O002884,CUST002885,R002884,11/3/2025,1383,UPI,Delivered
O002885,CUST002886,R002885,12/3/2021,1390,Wallet,Delivered
O002886,CUST002887,R002886,7/14/2024,1772,UPI,Delivered
O002887,CUST002888,R002887,10/18/2023,1513,UPI,Delivered
O002888,CUST002889,R002888,10/13/2022,1991,Card,Delivered
O002889,CUST002890,R002889,4/18/2022,1352,Card,Delivered
O002890,CUST002891,R002890,11/8/2024,213,Card,Delivered
O002891,CUST002892,R002891,12/3/2019,638,Wallet,Delivered
O002892,CUST002893,R002892,9/17/2024,1528,Card,Delivered
O002893,CUST002894,R002893,2/18/2021,562,COD,Delivered
O002894,CUST002895,R002894,7/9/2025,492,COD,Delivered
O002895,CUST002896,R002895,3/12/2020,200,COD,Delivered
O002896,CUST002897,R002896,12/6/2024,1272,Card,Delivered
O002897,CUST002898,R002897,11/4/2025,111,Wallet,Delivered
O002898,CUST002899,R002898,10/5/2023,1007,COD,Delivered
O002899,CUST002900,R002899,7/9/2024,542,UPI,Delivered
O002900,CUST002901,R002900,3/28/2023,1303,Wallet,Delivered
O002901,CUST002902,R002901,2/7/2019,197,COD,Cancelled
O002902,CUST002903,R002902,12/13/2024,446,UPI,Delivered
O002903,CUST002904,R002903,6/3/2024,1774,UPI,Delivered
O002904,CUST002905,R002904,8/25/2021,1304,Wallet,Delivered
O002905,CUST002906,R002905,4/1/2020,1144,UPI,Delivered
O002906,CUST002907,R002906,10/12/2023,179,Wallet,Cancelled
O002907,CUST002908,R002907,5/24/2025,108,COD,Cancelled
O002908,CUST002909,R002908,12/15/2022,1760,Card,Delivered
O002909,CUST002910,R002909,11/1/2019,174,UPI,Delivered
O002910,CUST002911,R002910,5/13/2025,1629,COD,Delivered
O002911,CUST002912,R002911,9/28/2022,1225,UPI,Delivered
O002912,CUST002913,R002912,7/18/2024,158,Wallet,Delivered
O002913,CUST002914,R002913,3/23/2020,963,COD,Cancelled
O002914,CUST002915,R002914,2/4/2021,826,Card,Delivered
O002915,CUST002916,R002915,9/22/2022,1963,COD,Delivered
O002916,CUST002917,R002916,6/28/2019,1390,Card,Delivered
O002917,CUST002918,R002917,5/7/2023,920,COD,Delivered
O002918,CUST002919,R002918,6/2/2022,377,Wallet,Delivered
O002919,CUST002920,R002919,10/6/2023,380,COD,Delivered
O002920,CUST002921,R002920,2/27/2022,679,UPI,Delivered
O002921,CUST002922,R002921,8/3/2022,1440,COD,Delivered
O002922,CUST002923,R002922,4/4/2023,1308,Wallet,Delivered
O002923,CUST002924,R002923,1/4/2022,817,UPI,Delivered
O002924,CUST002925,R002924,9/16/2021,1425,COD,Delivered
O002925,CUST002926,R002925,6/27/2020,1248,Card,Delivered
O002926,CUST002927,R002926,2/11/2019,153,Wallet,Delivered
O002927,CUST002928,R002927,11/8/2023,1959,Card,Delivered
O002928,CUST002929,R002928,2/16/2020,1151,UPI,Cancelled
O002929,CUST002930,R002929,2/16/2019,1765,UPI,Delivered
O002930,CUST002931,R002930,5/23/2022,109,Card,Delivered
O002931,CUST002932,R002931,5/19/2025,659,UPI,Delivered
O002932,CUST002933,R002932,2/10/2020,1940,Card,Delivered
O002933,CUST002934,R002933,6/21/2019,296,COD,Delivered
O002934,CUST002935,R002934,9/28/2024,168,Card,Delivered
O002935,CUST002936,R002935,4/27/2023,924,COD,Delivered
O002936,CUST002937,R002936,4/27/2024,471,COD,Delivered
O002937,CUST002938,R002937,11/25/2023,1085,Wallet,Delivered
O002938,CUST002939,R002938,9/28/2022,342,COD,Delivered
O002939,CUST002940,R002939,2/5/2019,781,COD,Delivered
O002940,CUST002941,R002940,7/2/2025,1749,UPI,Delivered
O002941,CUST002942,R002941,8/11/2022,1302,COD,Cancelled
O002942,CUST002943,R002942,8/26/2020,1382,Wallet,Delivered
O002943,CUST002944,R002943,3/9/2022,1627,Wallet,Delivered
O002944,CUST002945,R002944,12/13/2020,1287,Wallet,Cancelled
O002945,CUST002946,R002945,11/7/2024,1557,UPI,Delivered
O002946,CUST002947,R002946,9/16/2021,1857,UPI,Delivered
O002947,CUST002948,R002947,6/9/2022,1860,Card,Delivered
O002948,CUST002949,R002948,6/28/2025,540,UPI,Delivered
O002949,CUST002950,R002949,8/21/2021,1274,Card,Delivered
O002950,CUST002951,R002950,2/20/2025,702,COD,Delivered
O002951,CUST002952,R002951,3/23/2021,429,Wallet,Delivered
O002952,CUST002953,R002952,12/17/2019,830,COD,Delivered
O002953,CUST002954,R002953,11/24/2022,1794,Wallet,Delivered
O002954,CUST002955,R002954,5/15/2020,458,COD,Delivered
O002955,CUST002956,R002955,11/27/2023,1469,UPI,Delivered
O002956,CUST002957,R002956,7/10/2020,825,Wallet,Delivered
O002957,CUST002958,R002957,4/1/2020,1331,Card,Delivered
O002958,CUST002959,R002958,10/15/2022,1776,COD,Cancelled
O002959,CUST002960,R002959,5/17/2024,1012,UPI,Delivered
O002960,CUST002961,R002960,6/10/2020,1947,COD,Delivered
O002961,CUST002962,R002961,4/21/2025,1596,UPI,Delivered
O002962,CUST002963,R002962,10/8/2024,1319,Card,Delivered
O002963,CUST002964,R002963,2/23/2021,746,UPI,Cancelled
O002964,CUST002965,R002964,8/24/2019,1484,Card,Delivered
O002965,CUST002966,R002965,8/18/2019,490,COD,Delivered
O002966,CUST002967,R002966,3/25/2020,521,COD,Cancelled
O002967,CUST002968,R002967,2/24/2025,249,COD,Delivered
O002968,CUST002969,R002968,12/28/2024,1080,Card,Delivered
O002969,CUST002970,R002969,6/5/2024,1819,COD,Delivered
O002970,CUST002971,R002970,7/24/2022,992,UPI,Delivered
O002971,CUST002972,R002971,9/9/2022,503,COD,Cancelled
O002972,CUST002973,R002972,4/1/2024,628,Wallet,Cancelled
O002973,CUST002974,R002973,4/4/2023,1563,Wallet,Delivered
O002974,CUST002975,R002974,7/16/2020,1748,Wallet,Delivered
O002975,CUST002976,R002975,10/3/2024,978,Card,Delivered
O002976,CUST002977,R002976,10/17/2023,1548,Wallet,Delivered
O002977,CUST002978,R002977,9/5/2021,1101,Card,Delivered
O002978,CUST002979,R002978,10/20/2021,281,Wallet,Delivered
O002979,CUST002980,R002979,8/7/2025,181,Card,Delivered
O002980,CUST002981,R002980,10/18/2020,1765,Card,Delivered
O002981,CUST002982,R002981,9/24/2021,1708,UPI,Delivered
O002982,CUST002983,R002982,12/14/2024,1436,UPI,Delivered
O002983,CUST002984,R002983,11/21/2022,608,Card,Cancelled
O002984,CUST002985,R002984,10/19/2022,659,Card,Delivered
O002985,CUST002986,R002985,8/23/2021,419,Card,Delivered
O002986,CUST002987,R002986,12/27/2024,291,Card,Delivered
O002987,CUST002988,R002987,5/26/2025,1937,Card,Delivered
O002988,CUST002989,R002988,7/5/2019,1690,UPI,Delivered
O002989,CUST002990,R002989,7/15/2024,402,Card,Delivered
O002990,CUST002991,R002990,4/18/2020,1813,COD,Delivered
O002991,CUST002992,R002991,4/2/2025,104,Card,Delivered
O002992,CUST002993,R002992,8/10/2024,892,Wallet,Delivered
O002993,CUST002994,R002993,4/1/2021,620,Card,Delivered
O002994,CUST002995,R002994,9/22/2025,1054,COD,Delivered
O002995,CUST002996,R002995,6/25/2021,247,COD,Delivered
O002996,CUST002997,R002996,1/3/2021,604,Wallet,Delivered
O002997,CUST002998,R002997,8/2/2023,1371,UPI,Delivered
O002998,CUST002999,R002998,11/13/2020,1175,COD,Delivered
O002999,CUST003000,R002999,9/27/2020,1003,UPI,Delivered
O003000,CUST003001,R003000,7/8/2024,1547,Wallet,Delivered
O003001,CUST003002,R003001,10/18/2020,417,Wallet,Delivered
O003002,CUST003003,R003002,3/10/2019,1920,UPI,Delivered
O003003,CUST003004,R003003,11/13/2020,1473,UPI,Delivered
O003004,CUST003005,R003004,10/12/2025,1509,UPI,Delivered
O003005,CUST003006,R003005,7/4/2019,1887,UPI,Delivered
O003006,CUST003007,R003006,12/24/2023,1249,UPI,Cancelled
O003007,CUST003008,R003007,4/17/2025,845,COD,Delivered
O003008,CUST003009,R003008,11/28/2022,1807,Wallet,Delivered
O003009,CUST003010,R003009,3/12/2023,221,COD,Delivered
O003010,CUST003011,R003010,2/16/2024,988,Card,Delivered
O003011,CUST003012,R003011,11/8/2020,1803,COD,Delivered
O003012,CUST003013,R003012,12/22/2022,662,Wallet,Delivered
O003013,CUST003014,R003013,11/2/2020,1207,Card,Cancelled
O003014,CUST003015,R003014,4/27/2020,699,Wallet,Delivered
O003015,CUST003016,R003015,2/4/2019,1537,COD,Cancelled
O003016,CUST003017,R003016,7/8/2022,379,Wallet,Delivered
O003017,CUST003018,R003017,9/7/2022,1169,UPI,Cancelled
O003018,CUST003019,R003018,9/6/2021,1504,Wallet,Delivered
O003019,CUST003020,R003019,2/8/2021,865,UPI,Delivered
O003020,CUST003021,R003020,12/11/2020,461,Card,Delivered
O003021,CUST003022,R003021,4/23/2021,534,Wallet,Delivered
O003022,CUST003023,R003022,6/7/2025,309,COD,Delivered
O003023,CUST003024,R003023,2/11/2024,509,Card,Delivered
O003024,CUST003025,R003024,1/23/2023,437,COD,Delivered
O003025,CUST003026,R003025,12/22/2021,881,Card,Delivered
O003026,CUST003027,R003026,10/4/2025,362,Card,Delivered
O003027,CUST003028,R003027,12/28/2023,787,UPI,Delivered
O003028,CUST003029,R003028,11/4/2024,691,COD,Delivered
O003029,CUST003030,R003029,5/23/2020,424,Wallet,Delivered
O003030,CUST003031,R003030,6/10/2020,1214,Wallet,Delivered
O003031,CUST003032,R003031,12/7/2024,702,COD,Delivered
O003032,CUST003033,R003032,6/8/2019,947,UPI,Delivered
O003033,CUST003034,R003033,12/12/2020,1517,UPI,Delivered
O003034,CUST003035,R003034,6/11/2024,1245,COD,Delivered
O003035,CUST003036,R003035,2/8/2021,1826,UPI,Delivered
O003036,CUST003037,R003036,2/12/2022,1180,UPI,Delivered
O003037,CUST003038,R003037,5/20/2025,1954,COD,Delivered
O003038,CUST003039,R003038,2/24/2023,1510,Card,Delivered
O003039,CUST003040,R003039,1/16/2024,1880,UPI,Delivered
O003040,CUST003041,R003040,3/23/2025,403,Card,Delivered
O003041,CUST003042,R003041,10/27/2020,351,Card,Cancelled
O003042,CUST003043,R003042,1/17/2022,1942,Wallet,Delivered
O003043,CUST003044,R003043,5/4/2020,115,COD,Delivered
O003044,CUST003045,R003044,6/16/2024,745,Card,Delivered
O003045,CUST003046,R003045,5/3/2023,737,Card,Delivered
O003046,CUST003047,R003046,6/26/2021,1177,Wallet,Delivered
O003047,CUST003048,R003047,5/5/2024,861,Wallet,Delivered
O003048,CUST003049,R003048,12/15/2025,558,Wallet,Delivered
O003049,CUST003050,R003049,3/21/2024,796,COD,Delivered
O003050,CUST003051,R003050,8/15/2020,1615,Wallet,Delivered
O003051,CUST003052,R003051,12/5/2022,1126,UPI,Delivered
O003052,CUST003053,R003052,8/10/2019,1670,Wallet,Delivered
O003053,CUST003054,R003053,12/17/2023,1031,Card,Delivered
O003054,CUST003055,R003054,4/9/2021,1837,UPI,Cancelled
O003055,CUST003056,R003055,8/12/2022,1602,Wallet,Cancelled
O003056,CUST003057,R003056,11/13/2020,1632,UPI,Delivered
O003057,CUST003058,R003057,3/13/2021,1835,Card,Delivered
O003058,CUST003059,R003058,11/26/2022,939,UPI,Delivered
O003059,CUST003060,R003059,2/2/2023,366,COD,Delivered
O003060,CUST003061,R003060,12/22/2023,1993,UPI,Delivered
O003061,CUST003062,R003061,6/18/2024,1822,Card,Cancelled
O003062,CUST003063,R003062,3/9/2023,1887,Card,Delivered
O003063,CUST003064,R003063,11/3/2024,1990,COD,Delivered
O003064,CUST003065,R003064,7/22/2020,843,Wallet,Delivered
O003065,CUST003066,R003065,4/26/2019,902,UPI,Delivered
O003066,CUST003067,R003066,2/23/2021,220,Wallet,Delivered
O003067,CUST003068,R003067,7/25/2024,1026,COD,Delivered
O003068,CUST003069,R003068,7/10/2021,1801,COD,Delivered
O003069,CUST003070,R003069,9/2/2019,864,UPI,Delivered
O003070,CUST003071,R003070,2/1/2019,1627,COD,Delivered
O003071,CUST003072,R003071,9/8/2020,555,Wallet,Delivered
O003072,CUST003073,R003072,10/24/2025,1359,Wallet,Delivered
O003073,CUST003074,R003073,4/16/2019,721,Wallet,Delivered
O003074,CUST003075,R003074,9/13/2019,1974,Card,Delivered
O003075,CUST003076,R003075,7/6/2023,1503,COD,Delivered
O003076,CUST003077,R003076,5/13/2024,1605,Card,Delivered
O003077,CUST003078,R003077,9/9/2024,460,UPI,Delivered
O003078,CUST003079,R003078,2/28/2021,1531,Wallet,Delivered
O003079,CUST003080,R003079,9/18/2020,1781,COD,Delivered
O003080,CUST003081,R003080,3/19/2019,647,UPI,Delivered
O003081,CUST003082,R003081,8/20/2023,1592,COD,Delivered
O003082,CUST003083,R003082,5/24/2021,481,Card,Delivered
O003083,CUST003084,R003083,9/24/2019,397,Card,Delivered
O003084,CUST003085,R003084,9/5/2022,642,COD,Delivered
O003085,CUST003086,R003085,7/19/2024,976,Card,Delivered
O003086,CUST003087,R003086,2/28/2020,338,COD,Delivered
O003087,CUST003088,R003087,9/7/2019,1591,COD,Delivered
O003088,CUST003089,R003088,4/7/2024,273,Card,Delivered
O003089,CUST003090,R003089,9/7/2021,1222,Card,Cancelled
O003090,CUST003091,R003090,5/3/2019,1455,Card,Delivered
O003091,CUST003092,R003091,11/9/2020,1575,Wallet,Cancelled
O003092,CUST003093,R003092,5/12/2022,1999,UPI,Delivered
O003093,CUST003094,R003093,11/20/2019,1746,UPI,Delivered
O003094,CUST003095,R003094,1/20/2021,227,COD,Delivered
O003095,CUST003096,R003095,11/17/2023,1537,Card,Cancelled
O003096,CUST003097,R003096,11/12/2023,435,COD,Delivered
O003097,CUST003098,R003097,5/6/2022,686,UPI,Delivered
O003098,CUST003099,R003098,1/27/2022,175,Card,Cancelled
O003099,CUST003100,R003099,11/28/2023,556,COD,Delivered
O003100,CUST003101,R003100,1/8/2024,745,Wallet,Delivered
O003101,CUST003102,R003101,9/23/2021,492,Card,Delivered
O003102,CUST003103,R003102,8/8/2019,1310,Wallet,Delivered
O003103,CUST003104,R003103,1/4/2022,653,UPI,Delivered
O003104,CUST003105,R003104,8/13/2025,1682,Wallet,Delivered
O003105,CUST003106,R003105,5/13/2022,727,UPI,Delivered
O003106,CUST003107,R003106,9/4/2019,1363,Wallet,Delivered
O003107,CUST003108,R003107,7/15/2021,1788,Wallet,Delivered
O003108,CUST003109,R003108,1/19/2025,630,UPI,Delivered
O003109,CUST003110,R003109,3/6/2019,1953,Card,Cancelled
O003110,CUST003111,R003110,12/28/2024,1489,Card,Delivered
O003111,CUST003112,R003111,10/9/2020,1693,UPI,Delivered
O003112,CUST003113,R003112,2/23/2024,221,Wallet,Delivered
O003113,CUST003114,R003113,3/22/2020,361,Wallet,Delivered
O003114,CUST003115,R003114,4/17/2022,600,Card,Delivered
O003115,CUST003116,R003115,12/5/2019,1938,COD,Cancelled
O003116,CUST003117,R003116,2/14/2022,269,COD,Cancelled
O003117,CUST003118,R003117,12/8/2023,1342,UPI,Delivered
O003118,CUST003119,R003118,11/22/2022,344,Wallet,Delivered
O003119,CUST003120,R003119,9/26/2019,1154,COD,Delivered
O003120,CUST003121,R003120,3/10/2023,515,Wallet,Delivered
O003121,CUST003122,R003121,10/1/2020,290,UPI,Delivered
O003122,CUST003123,R003122,4/3/2021,1613,COD,Delivered
O003123,CUST003124,R003123,10/10/2022,1105,UPI,Delivered
O003124,CUST003125,R003124,11/5/2022,1736,Wallet,Delivered
O003125,CUST003126,R003125,6/18/2021,849,Wallet,Delivered
O003126,CUST003127,R003126,4/4/2020,1683,Card,Cancelled
O003127,CUST003128,R003127,4/12/2022,1878,COD,Delivered
O003128,CUST003129,R003128,4/11/2021,1483,Card,Delivered
O003129,CUST003130,R003129,4/4/2021,1547,Card,Delivered
O003130,CUST003131,R003130,6/26/2020,1906,UPI,Delivered
O003131,CUST003132,R003131,10/21/2025,1665,COD,Delivered
O003132,CUST003133,R003132,3/17/2023,530,Wallet,Delivered
O003133,CUST003134,R003133,3/18/2019,1792,COD,Delivered
O003134,CUST003135,R003134,4/20/2024,158,Card,Delivered
O003135,CUST003136,R003135,9/23/2023,101,Card,Delivered
O003136,CUST003137,R003136,4/28/2019,525,Wallet,Delivered
O003137,CUST003138,R003137,1/24/2021,1287,UPI,Delivered
O003138,CUST003139,R003138,10/23/2023,227,COD,Delivered
O003139,CUST003140,R003139,2/23/2022,776,Wallet,Cancelled
O003140,CUST003141,R003140,6/3/2019,648,COD,Delivered
O003141,CUST003142,R003141,2/12/2024,1143,UPI,Cancelled
O003142,CUST003143,R003142,4/1/2023,1164,COD,Delivered
O003143,CUST003144,R003143,4/8/2025,1522,Wallet,Delivered
O003144,CUST003145,R003144,4/7/2019,1777,Wallet,Delivered
O003145,CUST003146,R003145,2/12/2020,1202,Wallet,Delivered
O003146,CUST003147,R003146,11/12/2020,1584,Card,Delivered
O003147,CUST003148,R003147,4/14/2024,1676,Wallet,Delivered
O003148,CUST003149,R003148,2/4/2024,1792,UPI,Delivered
O003149,CUST003150,R003149,8/23/2025,141,UPI,Delivered
O003150,CUST003151,R003150,4/19/2023,1959,Card,Delivered
O003151,CUST003152,R003151,8/28/2024,1744,Card,Delivered
O003152,CUST003153,R003152,10/18/2024,392,Card,Delivered
O003153,CUST003154,R003153,12/15/2022,264,Card,Delivered
O003154,CUST003155,R003154,5/7/2019,1251,COD,Delivered
O003155,CUST003156,R003155,4/24/2023,1836,COD,Delivered
O003156,CUST003157,R003156,12/2/2020,1138,Wallet,Cancelled
O003157,CUST003158,R003157,8/2/2023,870,COD,Delivered
O003158,CUST003159,R003158,8/21/2020,819,COD,Delivered
O003159,CUST003160,R003159,6/7/2020,1244,Wallet,Delivered
O003160,CUST003161,R003160,5/11/2019,440,UPI,Delivered
O003161,CUST003162,R003161,1/5/2020,1836,Card,Delivered
O003162,CUST003163,R003162,11/16/2022,1198,UPI,Delivered
O003163,CUST003164,R003163,10/7/2024,102,Card,Delivered
O003164,CUST003165,R003164,8/1/2022,613,Wallet,Delivered
O003165,CUST003166,R003165,5/18/2022,1448,Card,Delivered
O003166,CUST003167,R003166,4/16/2020,483,Card,Delivered
O003167,CUST003168,R003167,1/7/2022,406,COD,Delivered
O003168,CUST003169,R003168,1/12/2019,152,COD,Cancelled
O003169,CUST003170,R003169,7/3/2020,1225,Card,Delivered
O003170,CUST003171,R003170,12/2/2021,1927,COD,Delivered
O003171,CUST003172,R003171,3/4/2023,863,COD,Delivered
O003172,CUST003173,R003172,10/8/2025,398,Wallet,Delivered
O003173,CUST003174,R003173,10/27/2024,485,Wallet,Delivered
O003174,CUST003175,R003174,5/6/2025,1988,COD,Delivered
O003175,CUST003176,R003175,10/11/2022,291,UPI,Delivered
O003176,CUST003177,R003176,6/1/2019,1624,UPI,Delivered
O003177,CUST003178,R003177,12/23/2025,1415,COD,Delivered
O003178,CUST003179,R003178,6/28/2022,1109,UPI,Delivered
O003179,CUST003180,R003179,4/10/2019,100,Wallet,Delivered
O003180,CUST003181,R003180,7/22/2024,1923,COD,Cancelled
O003181,CUST003182,R003181,4/12/2024,1670,Card,Delivered
O003182,CUST003183,R003182,8/28/2022,1854,UPI,Delivered
O003183,CUST003184,R003183,5/12/2019,1587,COD,Delivered
O003184,CUST003185,R003184,10/26/2025,1145,Wallet,Delivered
O003185,CUST003186,R003185,12/17/2020,1916,COD,Delivered
O003186,CUST003187,R003186,6/22/2019,276,COD,Cancelled
O003187,CUST003188,R003187,12/1/2025,715,Card,Delivered
O003188,CUST003189,R003188,11/20/2022,1852,Wallet,Delivered
O003189,CUST003190,R003189,3/26/2023,1241,COD,Delivered
O003190,CUST003191,R003190,5/5/2019,1032,Wallet,Delivered
O003191,CUST003192,R003191,4/4/2023,725,Wallet,Delivered
O003192,CUST003193,R003192,7/5/2021,765,COD,Delivered
O003193,CUST003194,R003193,9/3/2019,1583,UPI,Delivered
O003194,CUST003195,R003194,11/7/2019,1778,COD,Delivered
O003195,CUST003196,R003195,5/9/2020,1217,COD,Delivered
O003196,CUST003197,R003196,1/7/2021,775,UPI,Delivered
O003197,CUST003198,R003197,8/15/2024,1389,COD,Delivered
O003198,CUST003199,R003198,9/26/2019,1105,UPI,Cancelled
O003199,CUST003200,R003199,9/10/2023,1366,Wallet,Delivered
O003200,CUST003201,R003200,2/7/2023,1804,Card,Delivered
O003201,CUST003202,R003201,1/16/2023,1040,UPI,Delivered
O003202,CUST003203,R003202,9/15/2022,1486,UPI,Delivered
O003203,CUST003204,R003203,9/21/2022,221,Card,Delivered
O003204,CUST003205,R003204,4/20/2021,515,UPI,Delivered
O003205,CUST003206,R003205,12/8/2020,1855,Card,Delivered
O003206,CUST003207,R003206,3/20/2024,249,COD,Delivered
O003207,CUST003208,R003207,10/23/2023,121,Card,Delivered
O003208,CUST003209,R003208,5/26/2019,839,COD,Delivered
O003209,CUST003210,R003209,1/25/2022,391,Card,Delivered
O003210,CUST003211,R003210,2/24/2024,1006,COD,Delivered
O003211,CUST003212,R003211,11/28/2019,765,COD,Delivered
O003212,CUST003213,R003212,5/4/2025,136,COD,Delivered
O003213,CUST003214,R003213,11/1/2021,1595,UPI,Delivered
O003214,CUST003215,R003214,9/10/2025,1148,Card,Cancelled
O003215,CUST003216,R003215,7/24/2020,1276,Wallet,Delivered
O003216,CUST003217,R003216,12/16/2024,1781,Wallet,Delivered
O003217,CUST003218,R003217,8/15/2025,1143,Wallet,Cancelled
O003218,CUST003219,R003218,1/5/2022,1472,UPI,Delivered
O003219,CUST003220,R003219,3/14/2024,1767,UPI,Delivered
O003220,CUST003221,R003220,8/7/2023,1638,Card,Delivered
O003221,CUST003222,R003221,5/23/2020,499,Wallet,Delivered
O003222,CUST003223,R003222,9/20/2024,1195,Card,Delivered
O003223,CUST003224,R003223,2/19/2024,622,Card,Delivered
O003224,CUST003225,R003224,7/22/2021,343,Card,Delivered
O003225,CUST003226,R003225,2/14/2020,1653,Card,Delivered
O003226,CUST003227,R003226,2/24/2023,1256,Card,Cancelled
O003227,CUST003228,R003227,2/7/2025,1777,Card,Delivered
O003228,CUST003229,R003228,3/18/2022,892,UPI,Delivered
O003229,CUST003230,R003229,9/2/2019,509,Wallet,Delivered
O003230,CUST003231,R003230,9/25/2025,1232,Card,Delivered
O003231,CUST003232,R003231,7/6/2022,1560,COD,Delivered
O003232,CUST003233,R003232,7/15/2022,921,UPI,Delivered
O003233,CUST003234,R003233,9/8/2023,1856,Card,Delivered
O003234,CUST003235,R003234,9/24/2025,1555,Wallet,Cancelled
O003235,CUST003236,R003235,10/8/2025,1282,Card,Delivered
O003236,CUST003237,R003236,11/22/2022,666,UPI,Delivered
O003237,CUST003238,R003237,7/23/2021,1399,UPI,Delivered
O003238,CUST003239,R003238,11/17/2025,1698,Card,Cancelled
O003239,CUST003240,R003239,10/24/2019,411,COD,Delivered
O003240,CUST003241,R003240,11/23/2021,1869,COD,Delivered
O003241,CUST003242,R003241,10/26/2022,936,Card,Delivered
O003242,CUST003243,R003242,1/3/2024,1931,COD,Cancelled
O003243,CUST003244,R003243,5/25/2021,848,UPI,Delivered
O003244,CUST003245,R003244,6/8/2020,461,Card,Delivered
O003245,CUST003246,R003245,9/25/2019,581,Wallet,Delivered
O003246,CUST003247,R003246,5/2/2025,1473,Wallet,Delivered
O003247,CUST003248,R003247,7/10/2024,1663,Wallet,Delivered
O003248,CUST003249,R003248,6/2/2020,898,UPI,Delivered
O003249,CUST003250,R003249,10/17/2019,1337,Wallet,Delivered
O003250,CUST003251,R003250,1/4/2021,1060,UPI,Delivered
O003251,CUST003252,R003251,5/19/2025,1489,Wallet,Delivered
O003252,CUST003253,R003252,4/6/2019,1927,Card,Delivered
O003253,CUST003254,R003253,3/18/2025,1660,Card,Delivered
O003254,CUST003255,R003254,1/21/2024,1609,UPI,Delivered
O003255,CUST003256,R003255,10/12/2022,1548,Card,Delivered
O003256,CUST003257,R003256,5/22/2023,458,Card,Cancelled
O003257,CUST003258,R003257,8/17/2022,505,Card,Cancelled
O003258,CUST003259,R003258,10/22/2021,198,COD,Delivered
O003259,CUST003260,R003259,12/25/2025,244,COD,Delivered
O003260,CUST003261,R003260,1/20/2024,755,Wallet,Delivered
O003261,CUST003262,R003261,10/3/2021,514,COD,Delivered
O003262,CUST003263,R003262,3/26/2019,1129,COD,Delivered
O003263,CUST003264,R003263,7/27/2021,676,COD,Delivered
O003264,CUST003265,R003264,1/13/2020,259,UPI,Delivered
O003265,CUST003266,R003265,6/20/2023,738,COD,Delivered
O003266,CUST003267,R003266,5/28/2024,471,Card,Delivered
O003267,CUST003268,R003267,9/21/2019,911,COD,Delivered
O003268,CUST003269,R003268,8/23/2021,401,COD,Delivered
O003269,CUST003270,R003269,4/5/2024,324,Wallet,Delivered
O003270,CUST003271,R003270,10/27/2021,1217,Wallet,Delivered
O003271,CUST003272,R003271,10/11/2025,1084,COD,Delivered
O003272,CUST003273,R003272,12/23/2022,961,UPI,Delivered
O003273,CUST003274,R003273,6/3/2025,1511,Wallet,Delivered
O003274,CUST003275,R003274,5/16/2020,338,Wallet,Delivered
O003275,CUST003276,R003275,9/9/2023,1841,UPI,Delivered
O003276,CUST003277,R003276,2/12/2020,1387,Wallet,Delivered
O003277,CUST003278,R003277,9/11/2021,1462,UPI,Delivered
O003278,CUST003279,R003278,3/3/2021,399,UPI,Delivered
O003279,CUST003280,R003279,5/22/2024,1100,UPI,Delivered
O003280,CUST003281,R003280,5/16/2021,701,COD,Delivered
O003281,CUST003282,R003281,6/25/2025,1919,Wallet,Delivered
O003282,CUST003283,R003282,5/15/2024,116,COD,Delivered
O003283,CUST003284,R003283,8/14/2021,877,Card,Delivered
O003284,CUST003285,R003284,6/6/2020,1712,Card,Delivered
O003285,CUST003286,R003285,8/20/2019,577,Wallet,Delivered
O003286,CUST003287,R003286,2/25/2020,1128,Card,Delivered
O003287,CUST003288,R003287,10/26/2025,489,COD,Delivered
O003288,CUST003289,R003288,5/3/2025,1494,Card,Cancelled
O003289,CUST003290,R003289,6/6/2023,289,COD,Delivered
O003290,CUST003291,R003290,5/5/2023,1079,UPI,Delivered
O003291,CUST003292,R003291,9/5/2021,1393,Wallet,Delivered
O003292,CUST003293,R003292,6/4/2024,759,Wallet,Delivered
O003293,CUST003294,R003293,4/10/2023,317,UPI,Delivered
O003294,CUST003295,R003294,7/22/2020,647,COD,Delivered
O003295,CUST003296,R003295,4/9/2024,1633,Card,Delivered
O003296,CUST003297,R003296,11/9/2023,1504,UPI,Delivered
O003297,CUST003298,R003297,3/15/2022,1799,COD,Delivered
O003298,CUST003299,R003298,4/14/2021,369,Card,Delivered
O003299,CUST003300,R003299,2/19/2020,283,Card,Delivered
O003300,CUST003301,R003300,6/20/2020,707,UPI,Delivered
O003301,CUST003302,R003301,6/10/2024,649,Card,Delivered
O003302,CUST003303,R003302,8/22/2020,377,COD,Delivered
O003303,CUST003304,R003303,6/9/2019,1123,COD,Delivered
O003304,CUST003305,R003304,1/6/2019,553,COD,Delivered
O003305,CUST003306,R003305,10/7/2024,803,Wallet,Delivered
O003306,CUST003307,R003306,3/11/2021,1417,UPI,Delivered
O003307,CUST003308,R003307,1/9/2021,1356,COD,Delivered
O003308,CUST003309,R003308,9/10/2022,1677,UPI,Delivered
O003309,CUST003310,R003309,5/10/2024,1025,UPI,Delivered
O003310,CUST003311,R003310,7/16/2020,1844,COD,Cancelled
O003311,CUST003312,R003311,2/22/2024,1468,Card,Delivered
O003312,CUST003313,R003312,8/10/2023,1799,UPI,Delivered
O003313,CUST003314,R003313,6/21/2020,323,Card,Delivered
O003314,CUST003315,R003314,12/25/2019,266,Card,Delivered
O003315,CUST003316,R003315,3/17/2020,1895,COD,Delivered
O003316,CUST003317,R003316,9/4/2021,1794,COD,Delivered
O003317,CUST003318,R003317,3/15/2022,660,Card,Delivered
O003318,CUST003319,R003318,6/2/2019,595,Card,Delivered
O003319,CUST003320,R003319,1/21/2019,1034,Wallet,Delivered
O003320,CUST003321,R003320,4/4/2023,1010,COD,Delivered
O003321,CUST003322,R003321,11/14/2019,448,Wallet,Delivered
O003322,CUST003323,R003322,10/19/2024,643,COD,Delivered
O003323,CUST003324,R003323,12/13/2020,1460,Wallet,Delivered
O003324,CUST003325,R003324,7/4/2024,1084,UPI,Delivered
O003325,CUST003326,R003325,2/5/2025,1459,Wallet,Delivered
O003326,CUST003327,R003326,2/15/2022,952,UPI,Delivered
O003327,CUST003328,R003327,10/6/2024,1752,UPI,Delivered
O003328,CUST003329,R003328,11/11/2021,1510,Wallet,Cancelled
O003329,CUST003330,R003329,11/13/2023,1585,Card,Delivered
O003330,CUST003331,R003330,6/10/2023,321,Card,Delivered
O003331,CUST003332,R003331,12/3/2019,1223,UPI,Delivered
O003332,CUST003333,R003332,7/7/2020,649,COD,Delivered
O003333,CUST003334,R003333,8/27/2020,627,Wallet,Delivered
O003334,CUST003335,R003334,12/24/2019,1538,Card,Cancelled
O003335,CUST003336,R003335,5/14/2024,1776,Card,Delivered
O003336,CUST003337,R003336,11/1/2019,1840,Card,Delivered
O003337,CUST003338,R003337,3/20/2025,445,COD,Delivered
O003338,CUST003339,R003338,2/21/2024,823,UPI,Delivered
O003339,CUST003340,R003339,10/19/2024,184,Wallet,Delivered
O003340,CUST003341,R003340,9/22/2023,983,UPI,Delivered
O003341,CUST003342,R003341,10/8/2024,1711,Card,Delivered
O003342,CUST003343,R003342,10/1/2021,774,Wallet,Delivered
O003343,CUST003344,R003343,2/1/2020,1411,COD,Delivered
O003344,CUST003345,R003344,5/7/2023,454,Wallet,Delivered
O003345,CUST003346,R003345,2/23/2021,1216,Wallet,Delivered
O003346,CUST003347,R003346,7/15/2019,828,COD,Delivered
O003347,CUST003348,R003347,4/12/2023,1820,UPI,Delivered
O003348,CUST003349,R003348,5/2/2023,1391,COD,Delivered
O003349,CUST003350,R003349,8/11/2021,1500,Card,Delivered
O003350,CUST003351,R003350,9/6/2019,1963,UPI,Delivered
O003351,CUST003352,R003351,8/22/2024,1451,Wallet,Delivered
O003352,CUST003353,R003352,11/16/2019,1696,COD,Delivered
O003353,CUST003354,R003353,8/17/2020,600,UPI,Delivered
O003354,CUST003355,R003354,11/18/2024,1372,Card,Delivered
O003355,CUST003356,R003355,10/23/2021,391,Card,Delivered
O003356,CUST003357,R003356,10/23/2022,312,Card,Delivered
O003357,CUST003358,R003357,4/1/2025,562,COD,Delivered
O003358,CUST003359,R003358,6/18/2023,877,COD,Delivered
O003359,CUST003360,R003359,9/27/2024,488,COD,Delivered
O003360,CUST003361,R003360,12/6/2025,1436,COD,Delivered
O003361,CUST003362,R003361,8/6/2020,119,Card,Delivered
O003362,CUST003363,R003362,4/5/2023,1117,UPI,Delivered
O003363,CUST003364,R003363,4/1/2019,733,UPI,Delivered
O003364,CUST003365,R003364,2/3/2024,1067,COD,Delivered
O003365,CUST003366,R003365,3/10/2023,1486,Wallet,Delivered
O003366,CUST003367,R003366,4/12/2022,1229,Wallet,Delivered
O003367,CUST003368,R003367,10/12/2024,1653,Card,Delivered
O003368,CUST003369,R003368,1/18/2023,1067,Card,Delivered
O003369,CUST003370,R003369,12/4/2024,356,Card,Delivered
O003370,CUST003371,R003370,1/5/2023,607,UPI,Delivered
O003371,CUST003372,R003371,8/26/2019,1933,Card,Cancelled
O003372,CUST003373,R003372,9/28/2022,531,COD,Delivered
O003373,CUST003374,R003373,12/7/2020,634,Wallet,Delivered
O003374,CUST003375,R003374,10/22/2023,338,Card,Delivered
O003375,CUST003376,R003375,12/6/2019,1161,Wallet,Delivered
O003376,CUST003377,R003376,8/2/2024,254,UPI,Delivered
O003377,CUST003378,R003377,9/5/2024,1582,Wallet,Delivered
O003378,CUST003379,R003378,7/11/2021,686,Wallet,Delivered
O003379,CUST003380,R003379,3/2/2023,1273,Wallet,Delivered
O003380,CUST003381,R003380,2/13/2022,1697,Wallet,Delivered
O003381,CUST003382,R003381,9/21/2025,1111,UPI,Delivered
O003382,CUST003383,R003382,11/5/2022,1917,Card,Cancelled
O003383,CUST003384,R003383,12/27/2023,1409,UPI,Delivered
O003384,CUST003385,R003384,2/7/2019,1543,Card,Delivered
O003385,CUST003386,R003385,1/22/2019,322,Wallet,Delivered
O003386,CUST003387,R003386,6/16/2020,251,COD,Delivered
O003387,CUST003388,R003387,5/17/2023,489,UPI,Delivered
O003388,CUST003389,R003388,1/3/2021,1789,COD,Delivered
O003389,CUST003390,R003389,5/11/2024,1771,COD,Delivered
O003390,CUST003391,R003390,10/2/2019,1199,UPI,Delivered
O003391,CUST003392,R003391,12/21/2019,302,Wallet,Delivered
O003392,CUST003393,R003392,11/24/2025,932,COD,Delivered
O003393,CUST003394,R003393,7/7/2025,424,Wallet,Delivered
O003394,CUST003395,R003394,3/2/2025,205,Wallet,Delivered
O003395,CUST003396,R003395,11/28/2022,1534,COD,Delivered
O003396,CUST003397,R003396,1/9/2023,1069,UPI,Delivered
O003397,CUST003398,R003397,10/4/2023,1694,UPI,Delivered
O003398,CUST003399,R003398,9/17/2021,951,Wallet,Delivered
O003399,CUST003400,R003399,4/3/2019,1769,COD,Delivered
O003400,CUST003401,R003400,1/11/2025,110,COD,Delivered
O003401,CUST003402,R003401,10/13/2023,1449,UPI,Delivered
O003402,CUST003403,R003402,1/6/2019,1388,Card,Delivered
O003403,CUST003404,R003403,9/24/2019,1762,UPI,Cancelled
O003404,CUST003405,R003404,2/22/2021,1579,COD,Delivered
O003405,CUST003406,R003405,1/16/2019,483,Wallet,Cancelled
O003406,CUST003407,R003406,6/14/2021,1746,COD,Delivered
O003407,CUST003408,R003407,1/21/2020,1974,Card,Delivered
O003408,CUST003409,R003408,10/21/2019,1922,Card,Delivered
O003409,CUST003410,R003409,4/28/2022,445,Wallet,Delivered
O003410,CUST003411,R003410,11/24/2020,1071,Card,Delivered
O003411,CUST003412,R003411,4/22/2021,371,COD,Delivered
O003412,CUST003413,R003412,10/22/2023,621,COD,Cancelled
O003413,CUST003414,R003413,3/2/2024,499,COD,Delivered
O003414,CUST003415,R003414,10/11/2020,1000,UPI,Delivered
O003415,CUST003416,R003415,6/25/2021,808,COD,Delivered
O003416,CUST003417,R003416,1/2/2021,1416,Wallet,Delivered
O003417,CUST003418,R003417,2/5/2020,1623,Wallet,Delivered
O003418,CUST003419,R003418,9/10/2020,1112,COD,Delivered
O003419,CUST003420,R003419,10/11/2021,1362,Card,Delivered
O003420,CUST003421,R003420,4/16/2022,1633,COD,Delivered
O003421,CUST003422,R003421,7/3/2020,1712,UPI,Delivered
O003422,CUST003423,R003422,11/22/2024,1963,UPI,Delivered
O003423,CUST003424,R003423,11/18/2020,1874,Card,Delivered
O003424,CUST003425,R003424,2/25/2023,1888,Card,Delivered
O003425,CUST003426,R003425,9/17/2020,281,COD,Delivered
O003426,CUST003427,R003426,1/14/2024,116,Card,Delivered
O003427,CUST003428,R003427,10/5/2020,1108,Card,Delivered
O003428,CUST003429,R003428,6/22/2023,1436,COD,Delivered
O003429,CUST003430,R003429,1/25/2025,1032,COD,Delivered
O003430,CUST003431,R003430,10/28/2022,394,COD,Delivered
O003431,CUST003432,R003431,7/19/2019,729,COD,Delivered
O003432,CUST003433,R003432,6/5/2022,1158,COD,Delivered
O003433,CUST003434,R003433,8/11/2019,361,Wallet,Delivered
O003434,CUST003435,R003434,3/4/2021,1373,Wallet,Cancelled
O003435,CUST003436,R003435,9/9/2024,691,Wallet,Delivered
O003436,CUST003437,R003436,5/27/2020,1490,Card,Cancelled
O003437,CUST003438,R003437,4/21/2022,1995,Wallet,Delivered
O003438,CUST003439,R003438,5/11/2022,1338,Card,Delivered
O003439,CUST003440,R003439,8/9/2024,204,Card,Delivered
O003440,CUST003441,R003440,2/6/2025,262,COD,Delivered
O003441,CUST003442,R003441,4/10/2021,1655,COD,Delivered
O003442,CUST003443,R003442,5/25/2023,1077,Card,Delivered
O003443,CUST003444,R003443,1/1/2025,1816,Wallet,Delivered
O003444,CUST003445,R003444,12/28/2024,816,COD,Delivered
O003445,CUST003446,R003445,6/6/2022,313,Wallet,Delivered
O003446,CUST003447,R003446,2/1/2022,406,Wallet,Delivered
O003447,CUST003448,R003447,11/4/2024,1908,COD,Delivered
O003448,CUST003449,R003448,9/10/2021,772,Wallet,Delivered
O003449,CUST003450,R003449,5/28/2020,1577,Card,Delivered
O003450,CUST003451,R003450,8/22/2019,1325,COD,Delivered
O003451,CUST003452,R003451,11/27/2023,954,UPI,Delivered
O003452,CUST003453,R003452,12/9/2022,1895,COD,Delivered
O003453,CUST003454,R003453,6/16/2025,1823,UPI,Cancelled
O003454,CUST003455,R003454,7/11/2023,1272,Card,Delivered
O003455,CUST003456,R003455,9/22/2023,1705,UPI,Delivered
O003456,CUST003457,R003456,7/10/2025,1432,COD,Delivered
O003457,CUST003458,R003457,9/25/2021,859,Wallet,Delivered
O003458,CUST003459,R003458,7/16/2023,1875,COD,Delivered
O003459,CUST003460,R003459,2/23/2022,196,COD,Delivered
O003460,CUST003461,R003460,7/27/2019,635,Card,Delivered
O003461,CUST003462,R003461,10/19/2024,1766,Wallet,Delivered
O003462,CUST003463,R003462,8/23/2022,1194,COD,Delivered
O003463,CUST003464,R003463,12/4/2025,985,COD,Delivered
O003464,CUST003465,R003464,6/3/2025,576,Wallet,Delivered
O003465,CUST003466,R003465,4/4/2019,622,COD,Delivered
O003466,CUST003467,R003466,12/2/2020,1440,UPI,Delivered
O003467,CUST003468,R003467,2/6/2023,1423,Wallet,Delivered
O003468,CUST003469,R003468,3/4/2023,1365,Wallet,Delivered
O003469,CUST003470,R003469,4/4/2023,1048,Card,Delivered
O003470,CUST003471,R003470,5/19/2023,1663,COD,Delivered
O003471,CUST003472,R003471,7/10/2022,1491,UPI,Cancelled
O003472,CUST003473,R003472,5/18/2024,1757,COD,Delivered
O003473,CUST003474,R003473,1/11/2021,1724,UPI,Cancelled
O003474,CUST003475,R003474,3/14/2022,956,UPI,Delivered
O003475,CUST003476,R003475,4/14/2019,1395,UPI,Delivered
O003476,CUST003477,R003476,12/20/2023,173,Card,Delivered
O003477,CUST003478,R003477,8/20/2019,299,UPI,Delivered
O003478,CUST003479,R003478,2/7/2023,1712,UPI,Cancelled
O003479,CUST003480,R003479,3/19/2024,106,UPI,Delivered
O003480,CUST003481,R003480,1/22/2022,1617,Card,Cancelled
O003481,CUST003482,R003481,6/20/2024,728,Card,Delivered
O003482,CUST003483,R003482,11/21/2022,281,Card,Delivered
O003483,CUST003484,R003483,6/22/2025,851,COD,Delivered
O003484,CUST003485,R003484,11/26/2021,679,Card,Cancelled
O003485,CUST003486,R003485,8/6/2023,1957,COD,Delivered
O003486,CUST003487,R003486,8/27/2020,1385,UPI,Delivered
O003487,CUST003488,R003487,3/8/2022,1107,Card,Cancelled
O003488,CUST003489,R003488,10/23/2019,1185,Wallet,Delivered
O003489,CUST003490,R003489,4/14/2020,1691,COD,Delivered
O003490,CUST003491,R003490,4/14/2021,1102,Wallet,Delivered
O003491,CUST003492,R003491,9/2/2023,1372,UPI,Delivered
O003492,CUST003493,R003492,11/13/2025,1622,Wallet,Delivered
O003493,CUST003494,R003493,8/6/2024,1234,Card,Cancelled
O003494,CUST003495,R003494,8/22/2019,345,Wallet,Delivered
O003495,CUST003496,R003495,3/18/2022,909,UPI,Cancelled
O003496,CUST003497,R003496,9/17/2019,516,Card,Delivered
O003497,CUST003498,R003497,3/20/2025,455,Card,Delivered
O003498,CUST003499,R003498,1/15/2023,1574,Card,Delivered
O003499,CUST003500,R003499,8/22/2020,1176,Card,Delivered
O003500,CUST003501,R003500,6/3/2024,1734,UPI,Delivered
O003501,CUST003502,R003501,2/18/2025,845,Wallet,Delivered
O003502,CUST003503,R003502,10/1/2022,419,COD,Delivered
O003503,CUST003504,R003503,2/23/2019,719,Wallet,Delivered
O003504,CUST003505,R003504,3/6/2025,988,Card,Delivered
O003505,CUST003506,R003505,10/8/2022,393,Card,Delivered
O003506,CUST003507,R003506,3/28/2019,894,Card,Delivered
O003507,CUST003508,R003507,8/16/2019,1401,Wallet,Delivered
O003508,CUST003509,R003508,9/27/2022,1127,Card,Delivered
O003509,CUST003510,R003509,9/18/2019,560,UPI,Delivered
O003510,CUST003511,R003510,2/21/2023,1555,Card,Delivered
O003511,CUST003512,R003511,2/19/2019,1618,Card,Cancelled
O003512,CUST003513,R003512,12/22/2025,325,Card,Delivered
O003513,CUST003514,R003513,9/21/2022,1779,COD,Delivered
O003514,CUST003515,R003514,12/25/2022,890,Card,Delivered
O003515,CUST003516,R003515,1/2/2025,506,COD,Delivered
O003516,CUST003517,R003516,6/24/2024,762,Wallet,Delivered
O003517,CUST003518,R003517,11/6/2023,317,Card,Delivered
O003518,CUST003519,R003518,12/23/2025,438,COD,Delivered
O003519,CUST003520,R003519,7/2/2022,1113,Wallet,Delivered
O003520,CUST003521,R003520,10/9/2023,1551,Wallet,Delivered
O003521,CUST003522,R003521,9/28/2022,744,UPI,Delivered
O003522,CUST003523,R003522,10/15/2021,1189,Wallet,Delivered
O003523,CUST003524,R003523,12/2/2021,1172,UPI,Delivered
O003524,CUST003525,R003524,11/21/2021,1278,Wallet,Delivered
O003525,CUST003526,R003525,2/4/2020,1886,Card,Delivered
O003526,CUST003527,R003526,5/15/2024,1570,Card,Delivered
O003527,CUST003528,R003527,11/19/2022,1518,UPI,Delivered
O003528,CUST003529,R003528,7/12/2025,1505,Card,Delivered
O003529,CUST003530,R003529,5/19/2021,422,Card,Delivered
O003530,CUST003531,R003530,4/16/2023,426,UPI,Delivered
O003531,CUST003532,R003531,5/20/2025,1955,Card,Delivered
O003532,CUST003533,R003532,3/24/2024,1740,COD,Delivered
O003533,CUST003534,R003533,12/19/2020,1168,Wallet,Delivered
O003534,CUST003535,R003534,7/2/2024,404,COD,Delivered
O003535,CUST003536,R003535,7/24/2019,980,COD,Delivered
O003536,CUST003537,R003536,8/25/2023,787,Wallet,Delivered
O003537,CUST003538,R003537,3/15/2025,179,COD,Delivered
O003538,CUST003539,R003538,5/27/2022,1503,UPI,Delivered
O003539,CUST003540,R003539,4/10/2024,1230,COD,Delivered
O003540,CUST003541,R003540,10/3/2022,1625,COD,Delivered
O003541,CUST003542,R003541,11/6/2022,1122,Card,Delivered
O003542,CUST003543,R003542,6/16/2023,245,COD,Delivered
O003543,CUST003544,R003543,11/11/2023,1181,Wallet,Delivered
O003544,CUST003545,R003544,1/10/2024,804,UPI,Delivered
O003545,CUST003546,R003545,11/21/2023,551,UPI,Delivered
O003546,CUST003547,R003546,2/1/2019,1357,COD,Delivered
O003547,CUST003548,R003547,1/13/2021,227,Wallet,Delivered
O003548,CUST003549,R003548,5/7/2025,1734,UPI,Delivered
O003549,CUST003550,R003549,5/10/2022,1499,Wallet,Delivered
O003550,CUST003551,R003550,3/13/2022,1319,UPI,Delivered
O003551,CUST003552,R003551,9/1/2025,314,UPI,Delivered
O003552,CUST003553,R003552,2/21/2023,1052,UPI,Cancelled
O003553,CUST003554,R003553,3/14/2023,479,COD,Delivered
O003554,CUST003555,R003554,2/19/2024,1834,Wallet,Delivered
O003555,CUST003556,R003555,10/13/2025,1937,Card,Delivered
O003556,CUST003557,R003556,1/21/2022,797,Card,Delivered
O003557,CUST003558,R003557,12/5/2021,1606,UPI,Delivered
O003558,CUST003559,R003558,11/18/2025,212,Wallet,Delivered
O003559,CUST003560,R003559,2/24/2019,973,UPI,Delivered
O003560,CUST003561,R003560,11/24/2021,339,COD,Delivered
O003561,CUST003562,R003561,9/1/2022,1351,Card,Delivered
O003562,CUST003563,R003562,8/5/2024,271,COD,Delivered
O003563,CUST003564,R003563,3/7/2022,935,UPI,Delivered
O003564,CUST003565,R003564,11/3/2020,1307,Wallet,Delivered
O003565,CUST003566,R003565,9/2/2019,668,Wallet,Delivered
O003566,CUST003567,R003566,11/8/2025,271,UPI,Delivered
O003567,CUST003568,R003567,9/14/2024,605,COD,Delivered
O003568,CUST003569,R003568,6/8/2020,1553,Card,Delivered
O003569,CUST003570,R003569,4/8/2019,1425,UPI,Delivered
O003570,CUST003571,R003570,6/14/2021,1715,Wallet,Delivered
O003571,CUST003572,R003571,6/13/2025,1729,UPI,Delivered
O003572,CUST003573,R003572,5/19/2021,1644,UPI,Delivered
O003573,CUST003574,R003573,3/19/2025,130,COD,Delivered
O003574,CUST003575,R003574,11/3/2024,1980,UPI,Delivered
O003575,CUST003576,R003575,6/14/2022,1962,COD,Delivered
O003576,CUST003577,R003576,6/2/2024,589,COD,Delivered
O003577,CUST003578,R003577,3/25/2024,506,Wallet,Delivered
O003578,CUST003579,R003578,5/5/2024,713,Wallet,Delivered
O003579,CUST003580,R003579,7/9/2021,1327,UPI,Delivered
O003580,CUST003581,R003580,3/4/2021,1140,COD,Delivered
O003581,CUST003582,R003581,8/9/2025,1641,Wallet,Cancelled
O003582,CUST003583,R003582,8/8/2024,946,UPI,Delivered
O003583,CUST003584,R003583,2/15/2024,1759,UPI,Delivered
O003584,CUST003585,R003584,5/21/2023,1058,UPI,Delivered
O003585,CUST003586,R003585,3/6/2019,1689,UPI,Delivered
O003586,CUST003587,R003586,2/20/2023,218,Card,Delivered
O003587,CUST003588,R003587,5/24/2020,123,Card,Delivered
O003588,CUST003589,R003588,10/15/2020,105,COD,Delivered
O003589,CUST003590,R003589,11/5/2024,1645,Card,Delivered
O003590,CUST003591,R003590,12/13/2020,550,Card,Delivered
O003591,CUST003592,R003591,12/28/2024,373,Card,Delivered
O003592,CUST003593,R003592,1/18/2021,948,Wallet,Delivered
O003593,CUST003594,R003593,7/26/2025,931,COD,Delivered
O003594,CUST003595,R003594,9/10/2020,369,Wallet,Delivered
O003595,CUST003596,R003595,12/18/2022,606,Wallet,Delivered
O003596,CUST003597,R003596,3/12/2019,1418,COD,Delivered
O003597,CUST003598,R003597,12/2/2020,674,UPI,Delivered
O003598,CUST003599,R003598,4/3/2021,1306,Wallet,Delivered
O003599,CUST003600,R003599,2/14/2023,847,UPI,Delivered
O003600,CUST003601,R003600,6/6/2020,273,UPI,Delivered
O003601,CUST003602,R003601,2/9/2024,1622,Wallet,Delivered
O003602,CUST003603,R003602,5/14/2024,1437,Card,Delivered
O003603,CUST003604,R003603,12/8/2020,167,Card,Cancelled
O003604,CUST003605,R003604,3/2/2019,1175,UPI,Delivered
O003605,CUST003606,R003605,12/13/2025,608,Wallet,Delivered
O003606,CUST003607,R003606,3/21/2019,548,UPI,Delivered
O003607,CUST003608,R003607,11/21/2025,1886,COD,Delivered
O003608,CUST003609,R003608,8/13/2024,217,Card,Cancelled
O003609,CUST003610,R003609,2/7/2023,145,Card,Delivered
O003610,CUST003611,R003610,3/25/2022,826,COD,Delivered
O003611,CUST003612,R003611,3/26/2021,669,Wallet,Delivered
O003612,CUST003613,R003612,8/24/2023,1936,COD,Delivered
O003613,CUST003614,R003613,9/22/2019,840,UPI,Delivered
O003614,CUST003615,R003614,3/5/2023,1867,Card,Delivered
O003615,CUST003616,R003615,8/2/2021,669,Wallet,Delivered
O003616,CUST003617,R003616,4/26/2019,1255,COD,Delivered
O003617,CUST003618,R003617,8/5/2025,364,Wallet,Delivered
O003618,CUST003619,R003618,10/22/2023,1698,Wallet,Delivered
O003619,CUST003620,R003619,2/9/2023,792,COD,Delivered
O003620,CUST003621,R003620,11/9/2024,1739,UPI,Delivered
O003621,CUST003622,R003621,4/1/2024,1306,COD,Delivered
O003622,CUST003623,R003622,11/10/2020,1410,Wallet,Delivered
O003623,CUST003624,R003623,6/13/2019,1916,UPI,Delivered
O003624,CUST003625,R003624,4/22/2020,1345,Wallet,Cancelled
O003625,CUST003626,R003625,8/14/2024,1552,COD,Delivered
O003626,CUST003627,R003626,4/16/2021,457,UPI,Delivered
O003627,CUST003628,R003627,5/17/2021,1483,Card,Delivered
O003628,CUST003629,R003628,11/25/2023,285,Card,Delivered
O003629,CUST003630,R003629,9/21/2025,1927,Card,Delivered
O003630,CUST003631,R003630,4/27/2020,408,COD,Delivered
O003631,CUST003632,R003631,9/16/2023,791,COD,Delivered
O003632,CUST003633,R003632,8/19/2023,407,COD,Delivered
O003633,CUST003634,R003633,10/4/2020,1399,Card,Cancelled
O003634,CUST003635,R003634,10/4/2019,1979,Card,Delivered
O003635,CUST003636,R003635,11/4/2020,1026,Wallet,Cancelled
O003636,CUST003637,R003636,12/28/2020,642,UPI,Delivered
O003637,CUST003638,R003637,6/3/2022,962,COD,Delivered
O003638,CUST003639,R003638,11/9/2019,1213,Wallet,Delivered
O003639,CUST003640,R003639,4/11/2021,1085,Wallet,Delivered
O003640,CUST003641,R003640,1/11/2023,1759,UPI,Delivered
O003641,CUST003642,R003641,3/20/2020,913,UPI,Delivered
O003642,CUST003643,R003642,2/3/2025,1719,UPI,Delivered
O003643,CUST003644,R003643,11/22/2020,1969,Wallet,Delivered
O003644,CUST003645,R003644,12/18/2025,1419,Card,Delivered
O003645,CUST003646,R003645,11/16/2019,1925,COD,Delivered
O003646,CUST003647,R003646,6/27/2022,555,Wallet,Delivered
O003647,CUST003648,R003647,2/14/2024,122,Card,Delivered
O003648,CUST003649,R003648,3/5/2025,1113,Card,Delivered
O003649,CUST003650,R003649,12/1/2020,163,UPI,Delivered
O003650,CUST003651,R003650,10/3/2020,1498,COD,Delivered
O003651,CUST003652,R003651,7/10/2022,542,Wallet,Delivered
O003652,CUST003653,R003652,1/27/2024,1172,Wallet,Delivered
O003653,CUST003654,R003653,2/12/2023,1847,COD,Delivered
O003654,CUST003655,R003654,12/20/2024,958,UPI,Delivered
O003655,CUST003656,R003655,10/3/2021,1763,Card,Delivered
O003656,CUST003657,R003656,8/25/2025,1129,UPI,Delivered
O003657,CUST003658,R003657,5/6/2023,1507,UPI,Delivered
O003658,CUST003659,R003658,3/16/2023,243,Wallet,Cancelled
O003659,CUST003660,R003659,12/14/2024,172,COD,Delivered
O003660,CUST003661,R003660,7/15/2022,403,UPI,Cancelled
O003661,CUST003662,R003661,7/28/2024,1742,UPI,Delivered
O003662,CUST003663,R003662,1/11/2020,1725,Wallet,Delivered
O003663,CUST003664,R003663,3/28/2020,1114,UPI,Delivered
O003664,CUST003665,R003664,1/19/2022,158,Wallet,Delivered
O003665,CUST003666,R003665,10/24/2021,789,COD,Delivered
O003666,CUST003667,R003666,5/7/2025,575,Wallet,Delivered
O003667,CUST003668,R003667,10/1/2022,618,Wallet,Delivered
O003668,CUST003669,R003668,6/26/2023,1379,COD,Delivered
O003669,CUST003670,R003669,10/7/2020,920,UPI,Delivered
O003670,CUST003671,R003670,1/28/2025,1296,UPI,Delivered
O003671,CUST003672,R003671,10/11/2023,915,COD,Delivered
O003672,CUST003673,R003672,6/1/2025,1726,Card,Delivered
O003673,CUST003674,R003673,11/9/2019,1921,COD,Delivered
O003674,CUST003675,R003674,6/12/2024,1359,UPI,Delivered
O003675,CUST003676,R003675,1/5/2020,1341,Card,Delivered
O003676,CUST003677,R003676,6/23/2022,1785,UPI,Cancelled
O003677,CUST003678,R003677,6/21/2024,1675,COD,Cancelled
O003678,CUST003679,R003678,6/18/2023,580,UPI,Delivered
O003679,CUST003680,R003679,2/16/2023,191,Card,Delivered
O003680,CUST003681,R003680,1/24/2024,201,UPI,Delivered
O003681,CUST003682,R003681,5/21/2019,1811,Card,Delivered
O003682,CUST003683,R003682,4/25/2024,297,Wallet,Delivered
O003683,CUST003684,R003683,3/21/2020,672,UPI,Delivered
O003684,CUST003685,R003684,2/17/2019,291,Card,Delivered
O003685,CUST003686,R003685,3/20/2024,1103,COD,Delivered
O003686,CUST003687,R003686,5/28/2023,452,COD,Delivered
O003687,CUST003688,R003687,9/9/2025,910,COD,Delivered
O003688,CUST003689,R003688,7/24/2024,723,COD,Delivered
O003689,CUST003690,R003689,6/1/2019,1336,Wallet,Cancelled
O003690,CUST003691,R003690,8/12/2021,1587,Wallet,Delivered
O003691,CUST003692,R003691,4/9/2025,969,COD,Delivered
O003692,CUST003693,R003692,1/10/2020,1468,UPI,Delivered
O003693,CUST003694,R003693,8/15/2025,1479,COD,Delivered
O003694,CUST003695,R003694,2/1/2022,1428,UPI,Delivered
O003695,CUST003696,R003695,11/20/2024,1858,UPI,Delivered
O003696,CUST003697,R003696,11/16/2022,1474,Card,Delivered
O003697,CUST003698,R003697,12/19/2023,1808,Card,Delivered
O003698,CUST003699,R003698,11/15/2019,197,Card,Delivered
O003699,CUST003700,R003699,9/10/2021,1970,Card,Delivered
O003700,CUST003701,R003700,12/4/2020,1060,UPI,Delivered
O003701,CUST003702,R003701,4/21/2021,1351,Card,Delivered
O003702,CUST003703,R003702,2/23/2021,953,COD,Delivered
O003703,CUST003704,R003703,5/27/2021,315,COD,Delivered
O003704,CUST003705,R003704,5/19/2025,622,COD,Delivered
O003705,CUST003706,R003705,5/4/2024,1128,COD,Delivered
O003706,CUST003707,R003706,4/9/2020,207,COD,Delivered
O003707,CUST003708,R003707,8/2/2022,1219,Wallet,Delivered
O003708,CUST003709,R003708,6/15/2019,585,Wallet,Delivered
O003709,CUST003710,R003709,3/26/2023,1134,UPI,Delivered
O003710,CUST003711,R003710,1/15/2025,1853,COD,Delivered
O003711,CUST003712,R003711,11/9/2019,825,UPI,Delivered
O003712,CUST003713,R003712,10/7/2023,1585,UPI,Cancelled
O003713,CUST003714,R003713,4/26/2024,1688,Wallet,Delivered
O003714,CUST003715,R003714,5/3/2021,1012,Card,Delivered
O003715,CUST003716,R003715,2/18/2021,997,UPI,Delivered
O003716,CUST003717,R003716,1/21/2023,1736,Wallet,Delivered
O003717,CUST003718,R003717,11/27/2025,667,COD,Delivered
O003718,CUST003719,R003718,4/5/2022,458,COD,Delivered
O003719,CUST003720,R003719,5/26/2021,295,COD,Delivered
O003720,CUST003721,R003720,12/3/2020,1759,COD,Delivered
O003721,CUST003722,R003721,5/8/2019,629,Wallet,Delivered
O003722,CUST003723,R003722,7/26/2021,1179,UPI,Delivered
O003723,CUST003724,R003723,4/17/2021,1051,COD,Delivered
O003724,CUST003725,R003724,1/25/2022,912,UPI,Delivered
O003725,CUST003726,R003725,3/7/2025,1804,COD,Delivered
O003726,CUST003727,R003726,6/14/2020,1733,UPI,Delivered
O003727,CUST003728,R003727,10/13/2019,1230,Card,Delivered
O003728,CUST003729,R003728,1/19/2019,1669,UPI,Delivered
O003729,CUST003730,R003729,11/9/2021,1352,COD,Delivered
O003730,CUST003731,R003730,12/24/2020,775,Wallet,Cancelled
O003731,CUST003732,R003731,2/14/2020,1976,Card,Delivered
O003732,CUST003733,R003732,5/22/2023,1811,COD,Delivered
O003733,CUST003734,R003733,11/26/2024,530,Card,Delivered
O003734,CUST003735,R003734,11/17/2019,1624,COD,Delivered
O003735,CUST003736,R003735,7/21/2020,796,COD,Delivered
O003736,CUST003737,R003736,10/26/2021,836,COD,Delivered
O003737,CUST003738,R003737,6/27/2019,529,Wallet,Delivered
O003738,CUST003739,R003738,6/2/2019,576,COD,Cancelled
O003739,CUST003740,R003739,4/28/2020,1350,UPI,Delivered
O003740,CUST003741,R003740,6/8/2021,1337,COD,Delivered
O003741,CUST003742,R003741,2/3/2019,1285,Wallet,Delivered
O003742,CUST003743,R003742,2/4/2023,1013,Card,Delivered
O003743,CUST003744,R003743,12/18/2020,1447,Wallet,Delivered
O003744,CUST003745,R003744,10/9/2022,1591,Card,Delivered
O003745,CUST003746,R003745,9/17/2020,1602,Wallet,Delivered
O003746,CUST003747,R003746,5/7/2024,147,Card,Cancelled
O003747,CUST003748,R003747,12/19/2019,1284,UPI,Cancelled
O003748,CUST003749,R003748,8/18/2022,1423,UPI,Delivered
O003749,CUST003750,R003749,2/20/2025,452,Card,Delivered
O003750,CUST003751,R003750,7/24/2021,145,Wallet,Delivered
O003751,CUST003752,R003751,4/11/2025,1665,UPI,Delivered
O003752,CUST003753,R003752,11/17/2019,587,UPI,Delivered
O003753,CUST003754,R003753,2/24/2022,1537,Card,Delivered
O003754,CUST003755,R003754,2/19/2025,649,Card,Delivered
O003755,CUST003756,R003755,6/20/2019,201,Card,Delivered
O003756,CUST003757,R003756,4/21/2024,809,COD,Delivered
O003757,CUST003758,R003757,12/5/2024,824,Card,Delivered
O003758,CUST003759,R003758,9/5/2019,1803,COD,Delivered
O003759,CUST003760,R003759,1/26/2021,1236,Wallet,Cancelled
O003760,CUST003761,R003760,11/7/2025,963,Card,Cancelled
O003761,CUST003762,R003761,8/21/2022,655,Wallet,Delivered
O003762,CUST003763,R003762,1/8/2023,1586,COD,Delivered
O003763,CUST003764,R003763,10/12/2025,948,Wallet,Delivered
O003764,CUST003765,R003764,4/27/2023,1281,Wallet,Delivered
O003765,CUST003766,R003765,3/11/2023,1581,Wallet,Delivered
O003766,CUST003767,R003766,3/6/2022,1198,Card,Cancelled
O003767,CUST003768,R003767,7/20/2024,265,Wallet,Delivered
O003768,CUST003769,R003768,6/17/2021,824,UPI,Cancelled
O003769,CUST003770,R003769,8/16/2021,425,COD,Delivered
O003770,CUST003771,R003770,6/19/2019,1452,UPI,Delivered
O003771,CUST003772,R003771,2/15/2024,1463,Card,Delivered
O003772,CUST003773,R003772,9/20/2022,1026,Card,Delivered
O003773,CUST003774,R003773,10/2/2020,1591,UPI,Delivered
O003774,CUST003775,R003774,4/16/2023,447,COD,Delivered
O003775,CUST003776,R003775,8/3/2023,313,COD,Delivered
O003776,CUST003777,R003776,4/21/2025,607,Wallet,Delivered
O003777,CUST003778,R003777,7/4/2021,897,Card,Delivered
O003778,CUST003779,R003778,10/6/2024,309,Card,Delivered
O003779,CUST003780,R003779,7/3/2022,814,UPI,Delivered
O003780,CUST003781,R003780,10/15/2019,936,COD,Delivered
O003781,CUST003782,R003781,8/26/2023,484,Wallet,Delivered
O003782,CUST003783,R003782,4/10/2023,1943,Wallet,Delivered
O003783,CUST003784,R003783,6/14/2019,1037,UPI,Delivered
O003784,CUST003785,R003784,10/9/2019,1084,Card,Delivered
O003785,CUST003786,R003785,8/15/2019,225,Card,Delivered
O003786,CUST003787,R003786,5/20/2023,1636,Card,Delivered
O003787,CUST003788,R003787,7/24/2019,491,Card,Delivered
O003788,CUST003789,R003788,11/24/2021,357,COD,Delivered
O003789,CUST003790,R003789,4/22/2020,651,Wallet,Delivered
O003790,CUST003791,R003790,6/5/2025,1998,Card,Cancelled
O003791,CUST003792,R003791,4/21/2019,353,Card,Delivered
O003792,CUST003793,R003792,11/3/2020,1032,COD,Delivered
O003793,CUST003794,R003793,8/2/2024,1472,COD,Delivered
O003794,CUST003795,R003794,8/27/2021,703,UPI,Delivered
O003795,CUST003796,R003795,5/13/2019,1142,Wallet,Cancelled
O003796,CUST003797,R003796,8/1/2022,1080,UPI,Delivered
O003797,CUST003798,R003797,9/20/2019,1129,COD,Delivered
O003798,CUST003799,R003798,10/3/2022,1743,UPI,Delivered
O003799,CUST003800,R003799,12/15/2023,1296,UPI,Delivered
O003800,CUST003801,R003800,2/18/2021,1157,UPI,Delivered
O003801,CUST003802,R003801,12/6/2023,1351,Card,Delivered
O003802,CUST003803,R003802,12/17/2021,268,Card,Delivered
O003803,CUST003804,R003803,3/14/2024,315,UPI,Delivered
O003804,CUST003805,R003804,7/16/2020,1913,Card,Delivered
O003805,CUST003806,R003805,10/26/2022,1661,COD,Delivered
O003806,CUST003807,R003806,2/17/2019,1089,COD,Delivered
O003807,CUST003808,R003807,12/28/2021,319,Card,Cancelled
O003808,CUST003809,R003808,6/23/2019,758,COD,Delivered
O003809,CUST003810,R003809,7/24/2019,740,Wallet,Delivered
O003810,CUST003811,R003810,5/14/2021,1932,Card,Delivered
O003811,CUST003812,R003811,10/25/2022,1359,UPI,Delivered
O003812,CUST003813,R003812,8/9/2025,1086,Card,Delivered
O003813,CUST003814,R003813,11/28/2023,1264,UPI,Delivered
O003814,CUST003815,R003814,8/28/2025,1012,COD,Delivered
O003815,CUST003816,R003815,5/14/2021,897,UPI,Delivered
O003816,CUST003817,R003816,11/8/2025,1837,Card,Delivered
O003817,CUST003818,R003817,10/20/2025,1530,COD,Delivered
O003818,CUST003819,R003818,11/7/2022,1321,Wallet,Delivered
O003819,CUST003820,R003819,2/11/2019,1277,COD,Delivered
O003820,CUST003821,R003820,8/22/2023,141,Wallet,Delivered
O003821,CUST003822,R003821,9/6/2021,1644,UPI,Delivered
O003822,CUST003823,R003822,9/7/2025,1453,Wallet,Delivered
O003823,CUST003824,R003823,4/12/2023,1277,Wallet,Delivered
O003824,CUST003825,R003824,10/28/2021,169,Wallet,Delivered
O003825,CUST003826,R003825,6/20/2019,908,Wallet,Delivered
O003826,CUST003827,R003826,6/13/2022,1977,COD,Delivered
O003827,CUST003828,R003827,4/18/2022,1723,Wallet,Delivered
O003828,CUST003829,R003828,12/12/2019,1651,Card,Delivered
O003829,CUST003830,R003829,10/19/2019,648,UPI,Delivered
O003830,CUST003831,R003830,12/3/2023,1527,UPI,Delivered
O003831,CUST003832,R003831,5/18/2019,132,Wallet,Delivered
O003832,CUST003833,R003832,11/22/2025,931,Card,Delivered
O003833,CUST003834,R003833,9/22/2022,292,COD,Delivered
O003834,CUST003835,R003834,5/28/2023,1261,Card,Delivered
O003835,CUST003836,R003835,2/4/2025,180,COD,Delivered
O003836,CUST003837,R003836,12/6/2025,893,UPI,Delivered
O003837,CUST003838,R003837,11/2/2023,841,COD,Delivered
O003838,CUST003839,R003838,12/1/2019,525,COD,Delivered
O003839,CUST003840,R003839,6/7/2022,1767,Wallet,Delivered
O003840,CUST003841,R003840,12/13/2024,450,COD,Delivered
O003841,CUST003842,R003841,4/6/2022,1442,Card,Cancelled
O003842,CUST003843,R003842,1/14/2021,1320,UPI,Delivered
O003843,CUST003844,R003843,10/12/2022,1826,Wallet,Delivered
O003844,CUST003845,R003844,6/15/2021,1649,UPI,Delivered
O003845,CUST003846,R003845,3/17/2022,1559,Wallet,Delivered
O003846,CUST003847,R003846,12/17/2024,1810,COD,Delivered
O003847,CUST003848,R003847,5/1/2023,1933,Card,Delivered
O003848,CUST003849,R003848,7/13/2025,1877,Card,Delivered
O003849,CUST003850,R003849,4/1/2022,510,Card,Delivered
O003850,CUST003851,R003850,7/25/2025,1836,COD,Delivered
O003851,CUST003852,R003851,7/24/2019,185,COD,Delivered
O003852,CUST003853,R003852,2/2/2024,538,Wallet,Delivered
O003853,CUST003854,R003853,11/24/2021,558,COD,Delivered
O003854,CUST003855,R003854,12/28/2024,1487,Wallet,Delivered
O003855,CUST003856,R003855,11/1/2021,1364,UPI,Delivered
O003856,CUST003857,R003856,9/13/2020,1913,UPI,Delivered
O003857,CUST003858,R003857,12/23/2021,978,UPI,Delivered
O003858,CUST003859,R003858,5/4/2025,1604,UPI,Cancelled
O003859,CUST003860,R003859,8/18/2020,128,UPI,Delivered
O003860,CUST003861,R003860,7/17/2019,1976,Card,Delivered
O003861,CUST003862,R003861,3/14/2025,1964,Card,Delivered
O003862,CUST003863,R003862,12/4/2020,1566,Card,Cancelled
O003863,CUST003864,R003863,12/12/2019,470,Card,Delivered
O003864,CUST003865,R003864,3/27/2024,223,UPI,Delivered
O003865,CUST003866,R003865,7/18/2022,582,Wallet,Delivered
O003866,CUST003867,R003866,11/26/2019,646,COD,Delivered
O003867,CUST003868,R003867,2/8/2020,214,COD,Cancelled
O003868,CUST003869,R003868,1/16/2024,457,Wallet,Delivered
O003869,CUST003870,R003869,8/8/2022,1530,COD,Delivered
O003870,CUST003871,R003870,1/5/2021,639,Wallet,Delivered
O003871,CUST003872,R003871,9/1/2025,1264,Wallet,Delivered
O003872,CUST003873,R003872,4/12/2022,755,UPI,Delivered
O003873,CUST003874,R003873,9/4/2022,183,UPI,Delivered
O003874,CUST003875,R003874,11/8/2020,1581,Wallet,Delivered
O003875,CUST003876,R003875,5/14/2025,1226,UPI,Delivered
O003876,CUST003877,R003876,8/7/2021,1987,Card,Cancelled
O003877,CUST003878,R003877,2/1/2021,1026,Wallet,Delivered
O003878,CUST003879,R003878,3/12/2024,199,COD,Cancelled
O003879,CUST003880,R003879,10/20/2025,437,Wallet,Delivered
O003880,CUST003881,R003880,3/18/2021,1780,COD,Delivered
O003881,CUST003882,R003881,5/10/2021,1974,Card,Delivered
O003882,CUST003883,R003882,9/5/2024,258,Card,Delivered
O003883,CUST003884,R003883,1/27/2021,682,Wallet,Delivered
O003884,CUST003885,R003884,12/24/2020,880,UPI,Delivered
O003885,CUST003886,R003885,6/22/2025,415,Wallet,Delivered
O003886,CUST003887,R003886,5/26/2024,1178,Card,Delivered
O003887,CUST003888,R003887,11/5/2023,309,Card,Delivered
O003888,CUST003889,R003888,1/8/2020,1016,Wallet,Delivered
O003889,CUST003890,R003889,7/2/2025,1219,Card,Delivered
O003890,CUST003891,R003890,11/4/2025,259,Card,Delivered
O003891,CUST003892,R003891,5/20/2021,1288,Wallet,Delivered
O003892,CUST003893,R003892,10/8/2024,637,COD,Delivered
O003893,CUST003894,R003893,3/9/2021,1460,UPI,Delivered
O003894,CUST003895,R003894,11/27/2020,1207,COD,Delivered
O003895,CUST003896,R003895,10/8/2019,1522,Wallet,Delivered
O003896,CUST003897,R003896,12/15/2020,1766,Wallet,Delivered
O003897,CUST003898,R003897,2/19/2021,1255,COD,Delivered
O003898,CUST003899,R003898,6/10/2024,1506,COD,Delivered
O003899,CUST003900,R003899,4/15/2021,410,Card,Delivered
O003900,CUST003901,R003900,1/11/2021,1398,UPI,Delivered
O003901,CUST003902,R003901,4/24/2019,205,UPI,Delivered
O003902,CUST003903,R003902,12/20/2024,1848,Card,Delivered
O003903,CUST003904,R003903,6/27/2025,367,Card,Delivered
O003904,CUST003905,R003904,1/15/2023,1960,COD,Delivered
O003905,CUST003906,R003905,12/17/2019,253,Card,Delivered
O003906,CUST003907,R003906,11/3/2023,1251,Card,Delivered
O003907,CUST003908,R003907,5/1/2020,1835,Card,Delivered
O003908,CUST003909,R003908,1/3/2021,1181,COD,Delivered
O003909,CUST003910,R003909,2/2/2023,537,UPI,Delivered
O003910,CUST003911,R003910,8/1/2021,872,COD,Delivered
O003911,CUST003912,R003911,10/7/2024,1122,Wallet,Delivered
O003912,CUST003913,R003912,11/9/2023,1043,Wallet,Delivered
O003913,CUST003914,R003913,12/6/2024,1549,UPI,Delivered
O003914,CUST003915,R003914,12/19/2021,834,UPI,Delivered
O003915,CUST003916,R003915,9/1/2022,1639,UPI,Delivered
O003916,CUST003917,R003916,2/21/2019,1883,COD,Delivered
O003917,CUST003918,R003917,11/17/2021,1053,Card,Delivered
O003918,CUST003919,R003918,3/12/2021,1815,Card,Delivered
O003919,CUST003920,R003919,11/26/2023,1879,COD,Delivered
O003920,CUST003921,R003920,4/13/2020,1451,UPI,Cancelled
O003921,CUST003922,R003921,5/25/2024,797,UPI,Delivered
O003922,CUST003923,R003922,6/25/2025,154,UPI,Delivered
O003923,CUST003924,R003923,8/23/2021,1387,COD,Delivered
O003924,CUST003925,R003924,6/1/2019,451,Wallet,Delivered
O003925,CUST003926,R003925,10/24/2021,1087,Wallet,Delivered
O003926,CUST003927,R003926,4/6/2022,1768,COD,Delivered
O003927,CUST003928,R003927,1/7/2022,922,UPI,Delivered
O003928,CUST003929,R003928,1/2/2020,1721,UPI,Cancelled
O003929,CUST003930,R003929,7/24/2019,1038,Wallet,Delivered
O003930,CUST003931,R003930,1/4/2025,1098,UPI,Delivered
O003931,CUST003932,R003931,4/16/2024,1859,Wallet,Delivered
O003932,CUST003933,R003932,8/14/2019,1966,COD,Cancelled
O003933,CUST003934,R003933,11/13/2025,260,UPI,Delivered
O003934,CUST003935,R003934,9/26/2022,1854,UPI,Cancelled
O003935,CUST003936,R003935,11/12/2019,1576,Wallet,Delivered
O003936,CUST003937,R003936,7/24/2019,1003,Wallet,Delivered
O003937,CUST003938,R003937,11/18/2024,111,COD,Delivered
O003938,CUST003939,R003938,10/21/2023,704,COD,Delivered
O003939,CUST003940,R003939,4/1/2022,495,COD,Delivered
O003940,CUST003941,R003940,12/28/2023,537,Wallet,Delivered
O003941,CUST003942,R003941,1/25/2024,1337,COD,Delivered
O003942,CUST003943,R003942,1/5/2020,699,Wallet,Delivered
O003943,CUST003944,R003943,1/27/2024,1205,Wallet,Delivered
O003944,CUST003945,R003944,11/10/2019,765,COD,Delivered
O003945,CUST003946,R003945,12/8/2023,1583,Card,Delivered
O003946,CUST003947,R003946,2/8/2020,1821,Card,Delivered
O003947,CUST003948,R003947,11/9/2021,1471,Wallet,Delivered
O003948,CUST003949,R003948,7/7/2021,1192,Card,Delivered
O003949,CUST003950,R003949,9/21/2024,1631,UPI,Delivered
O003950,CUST003951,R003950,1/19/2019,1629,COD,Delivered
O003951,CUST003952,R003951,5/16/2023,364,UPI,Delivered
O003952,CUST003953,R003952,10/10/2022,111,COD,Delivered
O003953,CUST003954,R003953,4/22/2020,122,UPI,Delivered
O003954,CUST003955,R003954,8/19/2019,1966,Card,Delivered
O003955,CUST003956,R003955,7/28/2020,490,COD,Delivered
O003956,CUST003957,R003956,4/22/2019,865,UPI,Delivered
O003957,CUST003958,R003957,1/19/2021,382,Card,Delivered
O003958,CUST003959,R003958,6/23/2025,960,COD,Delivered
O003959,CUST003960,R003959,2/3/2020,309,COD,Delivered
O003960,CUST003961,R003960,7/8/2025,885,COD,Delivered
O003961,CUST003962,R003961,10/25/2020,612,COD,Delivered
O003962,CUST003963,R003962,1/27/2020,1183,COD,Delivered
O003963,CUST003964,R003963,11/10/2021,1433,Wallet,Delivered
O003964,CUST003965,R003964,11/7/2020,926,COD,Delivered
O003965,CUST003966,R003965,2/2/2020,1432,UPI,Cancelled
O003966,CUST003967,R003966,10/13/2024,1400,Wallet,Delivered
O003967,CUST003968,R003967,9/28/2019,1343,UPI,Delivered
O003968,CUST003969,R003968,2/19/2024,1767,Wallet,Delivered
O003969,CUST003970,R003969,11/15/2025,1253,UPI,Cancelled
O003970,CUST003971,R003970,9/18/2025,1703,UPI,Delivered
O003971,CUST003972,R003971,4/14/2020,1954,Card,Delivered
O003972,CUST003973,R003972,6/8/2022,1826,Card,Delivered
O003973,CUST003974,R003973,11/2/2022,1167,Wallet,Delivered
O003974,CUST003975,R003974,1/20/2022,1241,Card,Cancelled
O003975,CUST003976,R003975,8/22/2019,842,COD,Delivered
O003976,CUST003977,R003976,5/25/2023,165,COD,Delivered
O003977,CUST003978,R003977,1/16/2022,543,COD,Delivered
O003978,CUST003979,R003978,3/27/2022,1049,COD,Cancelled
O003979,CUST003980,R003979,5/8/2024,171,COD,Delivered
O003980,CUST003981,R003980,10/28/2020,1002,Wallet,Delivered
O003981,CUST003982,R003981,11/14/2022,494,COD,Delivered
O003982,CUST003983,R003982,4/24/2025,1044,UPI,Delivered
O003983,CUST003984,R003983,9/12/2025,1811,COD,Delivered
O003984,CUST003985,R003984,7/9/2022,725,UPI,Cancelled
O003985,CUST003986,R003985,2/5/2019,1442,UPI,Cancelled
O003986,CUST003987,R003986,7/25/2023,1795,Wallet,Delivered
O003987,CUST003988,R003987,3/4/2020,857,UPI,Delivered
O003988,CUST003989,R003988,4/16/2021,458,Wallet,Delivered
O003989,CUST003990,R003989,5/20/2020,1726,COD,Delivered
O003990,CUST003991,R003990,3/18/2024,160,Card,Delivered
O003991,CUST003992,R003991,3/21/2021,1852,COD,Delivered
O003992,CUST003993,R003992,10/17/2024,1682,COD,Delivered
O003993,CUST003994,R003993,9/23/2024,1712,Card,Delivered
O003994,CUST003995,R003994,8/2/2025,582,Wallet,Delivered
O003995,CUST003996,R003995,1/25/2021,1089,UPI,Delivered
O003996,CUST003997,R003996,5/15/2023,965,COD,Delivered
O003997,CUST003998,R003997,12/24/2025,769,Wallet,Delivered
O003998,CUST003999,R003998,2/7/2024,1530,Wallet,Delivered
O003999,CUST004000,R003999,1/12/2025,1883,UPI,Delivered
O004000,CUST004001,R004000,1/12/2025,1075,UPI,Delivered
O004001,CUST004002,R004001,4/17/2021,1514,Wallet,Delivered
O004002,CUST004003,R004002,7/7/2023,1248,COD,Delivered
O004003,CUST004004,R004003,6/19/2020,420,Wallet,Cancelled
O004004,CUST004005,R004004,5/8/2025,1895,Card,Cancelled
O004005,CUST004006,R004005,3/20/2024,1726,Card,Delivered
O004006,CUST004007,R004006,1/24/2022,440,Card,Cancelled
O004007,CUST004008,R004007,6/16/2025,199,COD,Delivered
O004008,CUST004009,R004008,4/20/2023,753,COD,Delivered
O004009,CUST004010,R004009,7/25/2025,756,COD,Delivered
O004010,CUST004011,R004010,2/26/2020,386,Wallet,Delivered
O004011,CUST004012,R004011,1/1/2024,432,COD,Delivered
O004012,CUST004013,R004012,4/7/2020,1499,Wallet,Delivered
O004013,CUST004014,R004013,6/7/2024,1226,COD,Delivered
O004014,CUST004015,R004014,2/1/2021,1131,Wallet,Delivered
O004015,CUST004016,R004015,6/2/2023,864,UPI,Delivered
O004016,CUST004017,R004016,7/16/2022,1047,COD,Delivered
O004017,CUST004018,R004017,4/3/2021,1555,Card,Delivered
O004018,CUST004019,R004018,11/15/2019,1387,Wallet,Delivered
O004019,CUST004020,R004019,11/5/2020,1957,Card,Delivered
O004020,CUST004021,R004020,7/17/2019,1192,Wallet,Cancelled
O004021,CUST004022,R004021,8/14/2020,1382,Card,Delivered
O004022,CUST004023,R004022,10/20/2020,417,Card,Cancelled
O004023,CUST004024,R004023,7/23/2020,493,UPI,Delivered
O004024,CUST004025,R004024,7/10/2024,1943,Card,Delivered
O004025,CUST004026,R004025,6/22/2023,1115,Card,Delivered
O004026,CUST004027,R004026,1/1/2019,1855,Card,Delivered
O004027,CUST004028,R004027,9/24/2021,363,Card,Delivered
O004028,CUST004029,R004028,2/24/2025,1953,Card,Delivered
O004029,CUST004030,R004029,7/19/2019,410,COD,Delivered
O004030,CUST004031,R004030,10/27/2020,744,Card,Delivered
O004031,CUST004032,R004031,10/3/2022,1762,Card,Delivered
O004032,CUST004033,R004032,3/24/2019,1188,Wallet,Delivered
O004033,CUST004034,R004033,2/5/2020,872,UPI,Delivered
O004034,CUST004035,R004034,10/20/2024,571,Wallet,Delivered
O004035,CUST004036,R004035,2/8/2024,1506,COD,Delivered
O004036,CUST004037,R004036,1/11/2019,737,COD,Delivered
O004037,CUST004038,R004037,3/26/2025,1175,UPI,Delivered
O004038,CUST004039,R004038,6/10/2022,1682,Wallet,Delivered
O004039,CUST004040,R004039,3/4/2021,1044,Card,Delivered
O004040,CUST004041,R004040,3/19/2020,159,COD,Delivered
O004041,CUST004042,R004041,5/13/2025,724,UPI,Cancelled
O004042,CUST004043,R004042,3/14/2021,1928,Card,Delivered
O004043,CUST004044,R004043,7/13/2020,1373,UPI,Delivered
O004044,CUST004045,R004044,4/13/2023,1377,Card,Delivered
O004045,CUST004046,R004045,7/19/2025,805,Card,Delivered
O004046,CUST004047,R004046,6/28/2022,1545,Wallet,Delivered
O004047,CUST004048,R004047,9/14/2024,362,COD,Delivered
O004048,CUST004049,R004048,10/2/2019,233,Card,Delivered
O004049,CUST004050,R004049,3/21/2021,527,Wallet,Delivered
O004050,CUST004051,R004050,12/28/2020,793,Card,Delivered
O004051,CUST004052,R004051,5/4/2022,453,COD,Delivered
O004052,CUST004053,R004052,3/1/2023,659,UPI,Delivered
O004053,CUST004054,R004053,7/13/2024,787,COD,Delivered
O004054,CUST004055,R004054,3/24/2019,341,Wallet,Delivered
O004055,CUST004056,R004055,10/9/2021,1588,Wallet,Delivered
O004056,CUST004057,R004056,3/8/2022,1454,Wallet,Delivered
O004057,CUST004058,R004057,8/7/2019,994,UPI,Delivered
O004058,CUST004059,R004058,3/13/2020,1608,UPI,Cancelled
O004059,CUST004060,R004059,3/9/2020,1161,UPI,Delivered
O004060,CUST004061,R004060,10/19/2021,1922,Card,Delivered
O004061,CUST004062,R004061,7/17/2021,1750,Card,Delivered
O004062,CUST004063,R004062,11/15/2023,572,Wallet,Delivered
O004063,CUST004064,R004063,4/25/2020,1849,Card,Cancelled
O004064,CUST004065,R004064,2/21/2025,497,Card,Delivered
O004065,CUST004066,R004065,11/3/2023,747,COD,Delivered
O004066,CUST004067,R004066,9/1/2020,1323,COD,Delivered
O004067,CUST004068,R004067,12/25/2022,559,Wallet,Delivered
O004068,CUST004069,R004068,2/9/2019,743,Wallet,Delivered
O004069,CUST004070,R004069,9/24/2020,975,Card,Delivered
O004070,CUST004071,R004070,11/17/2025,1082,COD,Delivered
O004071,CUST004072,R004071,9/1/2021,1652,UPI,Delivered
O004072,CUST004073,R004072,12/13/2025,1210,UPI,Delivered
O004073,CUST004074,R004073,10/20/2021,1077,UPI,Delivered
O004074,CUST004075,R004074,4/5/2024,1839,Card,Delivered
O004075,CUST004076,R004075,7/16/2019,189,UPI,Delivered
O004076,CUST004077,R004076,6/13/2023,229,UPI,Delivered
O004077,CUST004078,R004077,12/15/2024,113,UPI,Delivered
O004078,CUST004079,R004078,7/25/2025,1550,Card,Delivered
O004079,CUST004080,R004079,4/24/2020,983,COD,Delivered
O004080,CUST004081,R004080,2/27/2024,175,Card,Delivered
O004081,CUST004082,R004081,9/21/2021,359,COD,Delivered
O004082,CUST004083,R004082,4/18/2022,592,Wallet,Delivered
O004083,CUST004084,R004083,6/12/2024,1711,Card,Delivered
O004084,CUST004085,R004084,12/24/2023,1312,Wallet,Delivered
O004085,CUST004086,R004085,4/7/2022,1001,Card,Delivered
O004086,CUST004087,R004086,4/1/2021,1185,Wallet,Delivered
O004087,CUST004088,R004087,3/27/2024,932,COD,Delivered
O004088,CUST004089,R004088,10/11/2021,854,UPI,Delivered
O004089,CUST004090,R004089,10/7/2020,1790,Card,Delivered
O004090,CUST004091,R004090,6/19/2019,1631,COD,Delivered
O004091,CUST004092,R004091,4/6/2023,1167,Card,Delivered
O004092,CUST004093,R004092,10/11/2022,599,UPI,Cancelled
O004093,CUST004094,R004093,8/22/2019,847,UPI,Delivered
O004094,CUST004095,R004094,5/15/2023,150,Card,Delivered
O004095,CUST004096,R004095,4/13/2022,208,COD,Cancelled
O004096,CUST004097,R004096,11/22/2025,1928,Wallet,Delivered
O004097,CUST004098,R004097,4/18/2020,122,Wallet,Cancelled
O004098,CUST004099,R004098,1/18/2021,868,Wallet,Delivered
O004099,CUST004100,R004099,3/14/2025,1897,COD,Delivered
O004100,CUST004101,R004100,11/16/2022,1643,COD,Cancelled
O004101,CUST004102,R004101,11/11/2020,1566,Card,Cancelled
O004102,CUST004103,R004102,8/18/2019,601,Card,Delivered
O004103,CUST004104,R004103,8/2/2023,1497,Wallet,Delivered
O004104,CUST004105,R004104,6/17/2022,1883,COD,Delivered
O004105,CUST004106,R004105,8/21/2023,788,Card,Delivered
O004106,CUST004107,R004106,8/19/2023,149,COD,Delivered
O004107,CUST004108,R004107,6/27/2020,906,Card,Delivered
O004108,CUST004109,R004108,11/26/2021,1975,COD,Delivered
O004109,CUST004110,R004109,3/4/2020,739,UPI,Delivered
O004110,CUST004111,R004110,11/28/2025,751,COD,Delivered
O004111,CUST004112,R004111,11/27/2019,484,COD,Delivered
O004112,CUST004113,R004112,6/9/2020,1556,Wallet,Delivered
O004113,CUST004114,R004113,3/10/2019,370,COD,Delivered
O004114,CUST004115,R004114,7/5/2022,1358,UPI,Cancelled
O004115,CUST004116,R004115,8/13/2019,1229,UPI,Delivered
O004116,CUST004117,R004116,1/11/2023,1779,COD,Delivered
O004117,CUST004118,R004117,5/12/2019,1543,UPI,Delivered
O004118,CUST004119,R004118,4/15/2024,1416,Wallet,Delivered
O004119,CUST004120,R004119,12/16/2023,1667,Card,Delivered
O004120,CUST004121,R004120,8/28/2022,1528,Card,Cancelled
O004121,CUST004122,R004121,8/8/2023,1591,Card,Delivered
O004122,CUST004123,R004122,6/27/2022,399,Card,Delivered
O004123,CUST004124,R004123,10/22/2025,1746,COD,Delivered
O004124,CUST004125,R004124,7/22/2021,100,Card,Delivered
O004125,CUST004126,R004125,5/4/2022,458,COD,Delivered
O004126,CUST004127,R004126,4/20/2019,522,Card,Delivered
O004127,CUST004128,R004127,7/27/2022,1018,COD,Delivered
O004128,CUST004129,R004128,2/27/2020,845,Wallet,Delivered
O004129,CUST004130,R004129,5/6/2020,1395,Wallet,Delivered
O004130,CUST004131,R004130,12/16/2021,271,UPI,Delivered
O004131,CUST004132,R004131,9/25/2023,1504,Wallet,Delivered
O004132,CUST004133,R004132,8/10/2025,1885,UPI,Delivered
O004133,CUST004134,R004133,6/16/2020,1572,Card,Delivered
O004134,CUST004135,R004134,12/8/2021,1811,Card,Delivered
O004135,CUST004136,R004135,2/28/2025,1455,Card,Delivered
O004136,CUST004137,R004136,8/11/2021,364,COD,Delivered
O004137,CUST004138,R004137,12/25/2021,144,UPI,Delivered
O004138,CUST004139,R004138,7/19/2025,503,Wallet,Delivered
O004139,CUST004140,R004139,4/24/2022,566,COD,Delivered
O004140,CUST004141,R004140,11/7/2019,172,COD,Cancelled
O004141,CUST004142,R004141,12/15/2020,933,Wallet,Delivered
O004142,CUST004143,R004142,10/6/2024,1440,Card,Delivered
O004143,CUST004144,R004143,6/3/2022,490,Wallet,Delivered
O004144,CUST004145,R004144,1/26/2021,1120,COD,Delivered
O004145,CUST004146,R004145,4/12/2025,656,Wallet,Delivered
O004146,CUST004147,R004146,12/2/2022,1724,UPI,Delivered
O004147,CUST004148,R004147,12/3/2021,1427,Wallet,Delivered
O004148,CUST004149,R004148,12/12/2025,1071,UPI,Delivered
O004149,CUST004150,R004149,12/5/2025,1882,Card,Delivered
O004150,CUST004151,R004150,9/27/2023,816,Wallet,Delivered
O004151,CUST004152,R004151,6/14/2025,119,COD,Delivered
O004152,CUST004153,R004152,12/18/2024,351,Wallet,Cancelled
O004153,CUST004154,R004153,1/16/2021,1689,Card,Delivered
O004154,CUST004155,R004154,8/10/2022,1928,Card,Delivered
O004155,CUST004156,R004155,4/1/2024,211,Card,Cancelled
O004156,CUST004157,R004156,2/26/2024,597,Wallet,Delivered
O004157,CUST004158,R004157,5/23/2023,736,UPI,Delivered
O004158,CUST004159,R004158,9/21/2025,273,COD,Delivered
O004159,CUST004160,R004159,7/25/2022,1340,Card,Delivered
O004160,CUST004161,R004160,2/4/2023,197,COD,Delivered
O004161,CUST004162,R004161,4/6/2022,862,Wallet,Delivered
O004162,CUST004163,R004162,8/27/2020,1499,COD,Delivered
O004163,CUST004164,R004163,7/8/2021,607,COD,Delivered
O004164,CUST004165,R004164,9/9/2020,1679,Wallet,Delivered
O004165,CUST004166,R004165,4/12/2021,1023,COD,Delivered
O004166,CUST004167,R004166,2/13/2023,1370,UPI,Cancelled
O004167,CUST004168,R004167,8/4/2022,1116,COD,Delivered
O004168,CUST004169,R004168,6/7/2022,1305,Wallet,Delivered
O004169,CUST004170,R004169,5/14/2025,1730,Wallet,Delivered
O004170,CUST004171,R004170,11/18/2022,1112,COD,Delivered
O004171,CUST004172,R004171,1/9/2022,1362,Card,Delivered
O004172,CUST004173,R004172,7/13/2020,1906,UPI,Delivered
O004173,CUST004174,R004173,8/8/2024,1287,UPI,Cancelled
O004174,CUST004175,R004174,11/23/2021,1996,UPI,Delivered
O004175,CUST004176,R004175,4/18/2024,1699,UPI,Delivered
O004176,CUST004177,R004176,6/24/2020,478,Card,Delivered
O004177,CUST004178,R004177,3/17/2021,1880,COD,Delivered
O004178,CUST004179,R004178,9/16/2025,212,Card,Delivered
O004179,CUST004180,R004179,5/1/2020,1030,Card,Cancelled
O004180,CUST004181,R004180,12/27/2020,1744,Card,Delivered
O004181,CUST004182,R004181,10/1/2025,1096,COD,Delivered
O004182,CUST004183,R004182,1/9/2019,458,Wallet,Delivered
O004183,CUST004184,R004183,3/28/2020,772,Card,Delivered
O004184,CUST004185,R004184,1/6/2024,1016,COD,Delivered
O004185,CUST004186,R004185,11/8/2024,633,Wallet,Delivered
O004186,CUST004187,R004186,8/5/2025,1395,Wallet,Delivered
O004187,CUST004188,R004187,11/17/2021,723,Wallet,Delivered
O004188,CUST004189,R004188,4/28/2024,1359,UPI,Delivered
O004189,CUST004190,R004189,5/19/2022,1995,COD,Delivered
O004190,CUST004191,R004190,5/19/2023,974,Card,Delivered
O004191,CUST004192,R004191,9/10/2025,1729,UPI,Delivered
O004192,CUST004193,R004192,8/24/2022,1832,Card,Delivered
O004193,CUST004194,R004193,9/8/2022,1404,UPI,Cancelled
O004194,CUST004195,R004194,6/24/2020,713,UPI,Delivered
O004195,CUST004196,R004195,11/23/2019,1975,Wallet,Delivered
O004196,CUST004197,R004196,11/22/2022,879,Card,Delivered
O004197,CUST004198,R004197,12/1/2020,1644,Card,Delivered
O004198,CUST004199,R004198,4/17/2024,294,COD,Delivered
O004199,CUST004200,R004199,8/27/2025,1186,COD,Delivered
O004200,CUST004201,R004200,4/26/2021,344,UPI,Delivered
O004201,CUST004202,R004201,8/22/2021,1577,UPI,Delivered
O004202,CUST004203,R004202,4/20/2020,1194,Wallet,Delivered
O004203,CUST004204,R004203,11/6/2024,1018,Card,Delivered
O004204,CUST004205,R004204,5/13/2023,1773,Wallet,Cancelled
O004205,CUST004206,R004205,11/11/2022,1876,COD,Delivered
O004206,CUST004207,R004206,6/12/2020,1940,UPI,Cancelled
O004207,CUST004208,R004207,10/25/2023,1813,UPI,Delivered
O004208,CUST004209,R004208,1/11/2022,1496,Wallet,Delivered
O004209,CUST004210,R004209,11/23/2022,923,Wallet,Delivered
O004210,CUST004211,R004210,2/16/2024,1864,Card,Delivered
O004211,CUST004212,R004211,7/18/2020,338,COD,Cancelled
O004212,CUST004213,R004212,8/28/2023,384,COD,Delivered
O004213,CUST004214,R004213,9/26/2021,388,Wallet,Delivered
O004214,CUST004215,R004214,1/23/2019,1194,COD,Delivered
O004215,CUST004216,R004215,7/4/2025,811,Wallet,Delivered
O004216,CUST004217,R004216,2/1/2019,1099,Wallet,Delivered
O004217,CUST004218,R004217,9/8/2020,544,COD,Delivered
O004218,CUST004219,R004218,7/6/2024,1493,Card,Delivered
O004219,CUST004220,R004219,6/6/2020,1731,COD,Delivered
O004220,CUST004221,R004220,3/6/2023,1428,Wallet,Delivered
O004221,CUST004222,R004221,7/6/2024,1155,UPI,Delivered
O004222,CUST004223,R004222,12/20/2024,1552,Wallet,Delivered
O004223,CUST004224,R004223,8/18/2024,1480,Card,Delivered
O004224,CUST004225,R004224,8/15/2022,1855,Wallet,Delivered
O004225,CUST004226,R004225,9/9/2025,1901,Card,Delivered
O004226,CUST004227,R004226,12/21/2023,540,UPI,Delivered
O004227,CUST004228,R004227,12/17/2019,1822,Card,Delivered
O004228,CUST004229,R004228,2/26/2020,601,COD,Delivered
O004229,CUST004230,R004229,6/23/2023,716,Card,Delivered
O004230,CUST004231,R004230,10/18/2020,335,Card,Delivered
O004231,CUST004232,R004231,2/1/2024,1153,COD,Delivered
O004232,CUST004233,R004232,2/28/2022,463,COD,Delivered
O004233,CUST004234,R004233,1/6/2024,1045,COD,Delivered
O004234,CUST004235,R004234,3/28/2019,773,COD,Delivered
O004235,CUST004236,R004235,5/2/2022,972,COD,Delivered
O004236,CUST004237,R004236,4/12/2019,1391,COD,Delivered
O004237,CUST004238,R004237,3/6/2023,517,COD,Delivered
O004238,CUST004239,R004238,3/28/2022,1278,UPI,Cancelled
O004239,CUST004240,R004239,10/12/2025,1295,Wallet,Delivered
O004240,CUST004241,R004240,12/24/2021,1242,Wallet,Delivered
O004241,CUST004242,R004241,5/17/2019,1878,Wallet,Delivered
O004242,CUST004243,R004242,5/17/2020,1105,UPI,Delivered
O004243,CUST004244,R004243,3/16/2022,1613,UPI,Cancelled
O004244,CUST004245,R004244,6/12/2020,1541,Card,Delivered
O004245,CUST004246,R004245,9/7/2019,1784,Card,Delivered
O004246,CUST004247,R004246,7/24/2021,1088,Wallet,Delivered
O004247,CUST004248,R004247,1/19/2021,1161,Card,Cancelled
O004248,CUST004249,R004248,11/21/2019,757,Card,Delivered
O004249,CUST004250,R004249,2/4/2024,118,Card,Delivered
O004250,CUST004251,R004250,4/16/2023,177,Card,Delivered
O004251,CUST004252,R004251,8/25/2022,895,Card,Cancelled
O004252,CUST004253,R004252,6/6/2019,1922,COD,Delivered
O004253,CUST004254,R004253,9/28/2023,858,Wallet,Delivered
O004254,CUST004255,R004254,8/12/2021,650,COD,Delivered
O004255,CUST004256,R004255,3/26/2025,765,UPI,Delivered
O004256,CUST004257,R004256,11/10/2024,1656,Card,Delivered
O004257,CUST004258,R004257,10/6/2024,634,UPI,Delivered
O004258,CUST004259,R004258,5/1/2021,1401,UPI,Delivered
O004259,CUST004260,R004259,2/19/2021,1759,COD,Delivered
O004260,CUST004261,R004260,11/3/2021,777,UPI,Delivered
O004261,CUST004262,R004261,3/15/2023,373,Wallet,Delivered
O004262,CUST004263,R004262,8/19/2019,1636,Card,Delivered
O004263,CUST004264,R004263,10/17/2023,1695,Card,Delivered
O004264,CUST004265,R004264,11/20/2024,1571,Card,Delivered
O004265,CUST004266,R004265,8/16/2021,1539,Card,Delivered
O004266,CUST004267,R004266,5/22/2025,1141,UPI,Delivered
O004267,CUST004268,R004267,5/21/2019,266,Card,Delivered
O004268,CUST004269,R004268,6/21/2020,555,UPI,Delivered
O004269,CUST004270,R004269,3/5/2023,427,COD,Delivered
O004270,CUST004271,R004270,4/16/2024,679,Wallet,Delivered
O004271,CUST004272,R004271,9/26/2021,1445,COD,Delivered
O004272,CUST004273,R004272,4/7/2024,1803,UPI,Delivered
O004273,CUST004274,R004273,12/11/2021,864,UPI,Delivered
O004274,CUST004275,R004274,7/16/2020,1473,Wallet,Delivered
O004275,CUST004276,R004275,2/6/2020,1157,Card,Delivered
O004276,CUST004277,R004276,2/18/2021,328,Wallet,Delivered
O004277,CUST004278,R004277,9/8/2022,1790,Card,Delivered
O004278,CUST004279,R004278,7/17/2019,1627,Card,Cancelled
O004279,CUST004280,R004279,1/23/2021,296,UPI,Delivered
O004280,CUST004281,R004280,8/14/2024,304,COD,Delivered
O004281,CUST004282,R004281,6/22/2020,599,Card,Delivered
O004282,CUST004283,R004282,9/23/2019,472,COD,Delivered
O004283,CUST004284,R004283,1/24/2020,339,Wallet,Delivered
O004284,CUST004285,R004284,2/27/2019,346,COD,Delivered
O004285,CUST004286,R004285,3/1/2019,1419,Wallet,Delivered
O004286,CUST004287,R004286,7/5/2023,1147,COD,Delivered
O004287,CUST004288,R004287,12/26/2019,1090,COD,Delivered
O004288,CUST004289,R004288,9/28/2022,816,Wallet,Delivered
O004289,CUST004290,R004289,11/15/2025,957,COD,Delivered
O004290,CUST004291,R004290,5/2/2024,1407,UPI,Delivered
O004291,CUST004292,R004291,12/14/2019,1243,Wallet,Delivered
O004292,CUST004293,R004292,2/5/2021,1856,Card,Delivered
O004293,CUST004294,R004293,6/16/2021,1865,Wallet,Delivered
O004294,CUST004295,R004294,2/16/2021,1228,Card,Delivered
O004295,CUST004296,R004295,9/18/2019,262,Card,Cancelled
O004296,CUST004297,R004296,9/18/2022,387,UPI,Delivered
O004297,CUST004298,R004297,10/9/2021,1907,Card,Delivered
O004298,CUST004299,R004298,9/16/2021,1036,Card,Delivered
O004299,CUST004300,R004299,7/27/2023,1775,Card,Delivered
O004300,CUST004301,R004300,12/23/2021,705,COD,Delivered
O004301,CUST004302,R004301,2/23/2021,433,Card,Delivered
O004302,CUST004303,R004302,12/25/2025,617,Wallet,Delivered
O004303,CUST004304,R004303,11/4/2024,1023,Card,Delivered
O004304,CUST004305,R004304,7/8/2021,144,Card,Delivered
O004305,CUST004306,R004305,6/27/2025,1045,Wallet,Delivered
O004306,CUST004307,R004306,1/5/2019,1023,Card,Delivered
O004307,CUST004308,R004307,8/22/2024,460,Wallet,Delivered
O004308,CUST004309,R004308,9/6/2025,1351,COD,Delivered
O004309,CUST004310,R004309,10/9/2023,588,COD,Delivered
O004310,CUST004311,R004310,10/25/2020,1096,UPI,Delivered
O004311,CUST004312,R004311,7/5/2025,1280,Wallet,Delivered
O004312,CUST004313,R004312,5/2/2020,1001,Card,Delivered
O004313,CUST004314,R004313,1/17/2021,1969,COD,Delivered
O004314,CUST004315,R004314,1/11/2019,634,Wallet,Cancelled
O004315,CUST004316,R004315,3/13/2022,1881,Card,Delivered
O004316,CUST004317,R004316,6/20/2023,1267,UPI,Delivered
O004317,CUST004318,R004317,8/11/2019,1234,UPI,Cancelled
O004318,CUST004319,R004318,10/18/2024,662,Card,Delivered
O004319,CUST004320,R004319,12/27/2019,1651,Wallet,Delivered
O004320,CUST004321,R004320,11/17/2019,1977,COD,Delivered
O004321,CUST004322,R004321,8/1/2021,122,Card,Delivered
O004322,CUST004323,R004322,3/18/2023,379,COD,Delivered
O004323,CUST004324,R004323,4/26/2020,713,Card,Delivered
O004324,CUST004325,R004324,3/27/2020,373,COD,Delivered
O004325,CUST004326,R004325,4/25/2024,618,UPI,Delivered
O004326,CUST004327,R004326,9/11/2023,741,Card,Delivered
O004327,CUST004328,R004327,3/23/2025,250,COD,Delivered
O004328,CUST004329,R004328,11/7/2024,1502,COD,Cancelled
O004329,CUST004330,R004329,8/7/2020,1374,Wallet,Delivered
O004330,CUST004331,R004330,11/6/2020,895,UPI,Delivered
O004331,CUST004332,R004331,10/12/2024,1465,UPI,Delivered
O004332,CUST004333,R004332,6/8/2019,1267,Wallet,Cancelled
O004333,CUST004334,R004333,2/18/2024,1768,Wallet,Delivered
O004334,CUST004335,R004334,2/10/2022,1640,UPI,Delivered
O004335,CUST004336,R004335,10/13/2023,1940,COD,Delivered
O004336,CUST004337,R004336,5/23/2022,1340,UPI,Delivered
O004337,CUST004338,R004337,5/8/2022,1890,UPI,Delivered
O004338,CUST004339,R004338,4/22/2025,235,COD,Delivered
O004339,CUST004340,R004339,2/21/2021,1276,COD,Delivered
O004340,CUST004341,R004340,6/18/2020,337,Wallet,Delivered
O004341,CUST004342,R004341,12/8/2024,657,Wallet,Delivered
O004342,CUST004343,R004342,10/23/2023,896,UPI,Cancelled
O004343,CUST004344,R004343,1/14/2024,939,COD,Delivered
O004344,CUST004345,R004344,7/28/2020,1546,UPI,Delivered
O004345,CUST004346,R004345,11/11/2019,1354,UPI,Delivered
O004346,CUST004347,R004346,6/19/2022,923,UPI,Delivered
O004347,CUST004348,R004347,8/3/2024,1684,UPI,Cancelled
O004348,CUST004349,R004348,2/14/2021,1984,UPI,Delivered
O004349,CUST004350,R004349,5/11/2025,1600,UPI,Delivered
O004350,CUST004351,R004350,9/9/2020,1935,UPI,Delivered
O004351,CUST004352,R004351,12/23/2021,1465,Card,Delivered
O004352,CUST004353,R004352,6/22/2019,892,COD,Delivered
O004353,CUST004354,R004353,12/25/2019,128,UPI,Cancelled
O004354,CUST004355,R004354,12/18/2024,318,COD,Delivered
O004355,CUST004356,R004355,10/17/2023,512,COD,Delivered
O004356,CUST004357,R004356,2/11/2019,1566,Card,Delivered
O004357,CUST004358,R004357,11/22/2024,1163,UPI,Delivered
O004358,CUST004359,R004358,2/6/2021,972,Card,Delivered
O004359,CUST004360,R004359,11/1/2020,1074,Wallet,Delivered
O004360,CUST004361,R004360,4/25/2019,782,COD,Delivered
O004361,CUST004362,R004361,6/8/2025,711,Wallet,Delivered
O004362,CUST004363,R004362,1/6/2020,1392,UPI,Delivered
O004363,CUST004364,R004363,10/11/2020,1595,COD,Delivered
O004364,CUST004365,R004364,6/4/2022,1125,UPI,Delivered
O004365,CUST004366,R004365,1/8/2024,508,Wallet,Delivered
O004366,CUST004367,R004366,8/20/2021,757,Wallet,Delivered
O004367,CUST004368,R004367,5/15/2024,1835,Card,Delivered
O004368,CUST004369,R004368,1/12/2025,172,UPI,Cancelled
O004369,CUST004370,R004369,4/20/2021,1848,UPI,Delivered
O004370,CUST004371,R004370,7/17/2019,780,Card,Cancelled
O004371,CUST004372,R004371,2/1/2021,1774,UPI,Delivered
O004372,CUST004373,R004372,7/23/2022,690,COD,Delivered
O004373,CUST004374,R004373,9/27/2023,442,Wallet,Delivered
O004374,CUST004375,R004374,5/20/2025,1423,Card,Cancelled
O004375,CUST004376,R004375,12/28/2020,202,UPI,Delivered
O004376,CUST004377,R004376,5/24/2019,1412,Wallet,Delivered
O004377,CUST004378,R004377,11/15/2022,1836,COD,Delivered
O004378,CUST004379,R004378,11/19/2023,375,Card,Cancelled
O004379,CUST004380,R004379,12/17/2023,1960,Card,Delivered
O004380,CUST004381,R004380,7/25/2023,820,Card,Delivered
O004381,CUST004382,R004381,6/22/2024,1895,Card,Delivered
O004382,CUST004383,R004382,1/4/2020,703,Wallet,Delivered
O004383,CUST004384,R004383,6/27/2023,646,Wallet,Delivered
O004384,CUST004385,R004384,2/26/2025,584,COD,Delivered
O004385,CUST004386,R004385,10/8/2023,1402,Wallet,Delivered
O004386,CUST004387,R004386,11/10/2022,266,Card,Delivered
O004387,CUST004388,R004387,6/3/2022,1083,UPI,Delivered
O004388,CUST004389,R004388,3/11/2019,830,UPI,Delivered
O004389,CUST004390,R004389,7/6/2021,1630,COD,Delivered
O004390,CUST004391,R004390,7/10/2024,1453,UPI,Delivered
O004391,CUST004392,R004391,10/14/2023,1369,UPI,Cancelled
O004392,CUST004393,R004392,3/12/2025,1625,Card,Delivered
O004393,CUST004394,R004393,9/2/2022,1448,UPI,Cancelled
O004394,CUST004395,R004394,4/6/2024,1512,UPI,Delivered
O004395,CUST004396,R004395,1/26/2019,320,Card,Delivered
O004396,CUST004397,R004396,9/22/2025,262,COD,Delivered
O004397,CUST004398,R004397,6/21/2024,244,Card,Delivered
O004398,CUST004399,R004398,6/2/2025,304,COD,Delivered
O004399,CUST004400,R004399,9/19/2020,373,Card,Delivered
O004400,CUST004401,R004400,2/26/2024,873,COD,Delivered
O004401,CUST004402,R004401,12/20/2021,490,Wallet,Delivered
O004402,CUST004403,R004402,3/28/2023,1290,Wallet,Cancelled
O004403,CUST004404,R004403,6/14/2024,181,Wallet,Delivered
O004404,CUST004405,R004404,4/23/2023,985,COD,Delivered
O004405,CUST004406,R004405,11/9/2022,1241,Wallet,Delivered
O004406,CUST004407,R004406,10/12/2022,1109,UPI,Delivered
O004407,CUST004408,R004407,4/1/2024,1303,Card,Delivered
O004408,CUST004409,R004408,9/20/2021,942,Card,Delivered
O004409,CUST004410,R004409,10/3/2020,274,COD,Delivered
O004410,CUST004411,R004410,10/22/2022,289,Wallet,Delivered
O004411,CUST004412,R004411,7/19/2019,392,COD,Delivered
O004412,CUST004413,R004412,6/22/2025,417,COD,Delivered
O004413,CUST004414,R004413,3/6/2022,1929,COD,Delivered
O004414,CUST004415,R004414,2/13/2019,535,Wallet,Delivered
O004415,CUST004416,R004415,6/1/2019,1335,Card,Delivered
O004416,CUST004417,R004416,8/1/2021,268,Wallet,Delivered
O004417,CUST004418,R004417,4/24/2023,1029,COD,Delivered
O004418,CUST004419,R004418,4/9/2020,571,Wallet,Delivered
O004419,CUST004420,R004419,6/12/2025,1644,UPI,Delivered
O004420,CUST004421,R004420,3/2/2022,1390,COD,Delivered
O004421,CUST004422,R004421,11/10/2020,1030,UPI,Delivered
O004422,CUST004423,R004422,3/4/2025,1792,Card,Delivered
O004423,CUST004424,R004423,9/26/2022,917,Wallet,Delivered
O004424,CUST004425,R004424,3/13/2021,1914,COD,Delivered
O004425,CUST004426,R004425,5/17/2022,1978,Wallet,Cancelled
O004426,CUST004427,R004426,9/15/2022,1546,Card,Delivered
O004427,CUST004428,R004427,2/8/2019,1529,UPI,Cancelled
O004428,CUST004429,R004428,2/24/2020,1962,UPI,Cancelled
O004429,CUST004430,R004429,12/24/2019,486,COD,Delivered
O004430,CUST004431,R004430,7/19/2025,690,UPI,Cancelled
O004431,CUST004432,R004431,1/19/2025,187,COD,Delivered
O004432,CUST004433,R004432,12/27/2019,1260,Card,Delivered
O004433,CUST004434,R004433,12/3/2025,117,COD,Delivered
O004434,CUST004435,R004434,2/5/2021,647,Wallet,Delivered
O004435,CUST004436,R004435,2/26/2024,1452,COD,Delivered
O004436,CUST004437,R004436,3/7/2022,707,COD,Delivered
O004437,CUST004438,R004437,7/7/2025,1530,Wallet,Delivered
O004438,CUST004439,R004438,1/12/2024,880,COD,Delivered
O004439,CUST004440,R004439,4/10/2022,1698,UPI,Delivered
O004440,CUST004441,R004440,10/2/2020,1183,UPI,Delivered
O004441,CUST004442,R004441,8/7/2023,1578,UPI,Delivered
O004442,CUST004443,R004442,8/18/2021,103,Wallet,Cancelled
O004443,CUST004444,R004443,6/23/2025,890,COD,Delivered
O004444,CUST004445,R004444,4/14/2020,1320,Card,Delivered
O004445,CUST004446,R004445,2/15/2025,1826,UPI,Delivered
O004446,CUST004447,R004446,10/6/2022,1208,UPI,Delivered
O004447,CUST004448,R004447,6/21/2025,1911,UPI,Delivered
O004448,CUST004449,R004448,9/15/2023,1652,Card,Delivered
O004449,CUST004450,R004449,6/24/2023,431,UPI,Delivered
O004450,CUST004451,R004450,4/16/2023,1732,Card,Delivered
O004451,CUST004452,R004451,2/15/2019,1970,Card,Delivered
O004452,CUST004453,R004452,8/28/2021,886,Card,Cancelled
O004453,CUST004454,R004453,7/26/2021,1383,Card,Delivered
O004454,CUST004455,R004454,8/23/2021,811,COD,Delivered
O004455,CUST004456,R004455,12/7/2025,303,Wallet,Delivered
O004456,CUST004457,R004456,3/26/2022,686,Card,Delivered
O004457,CUST004458,R004457,12/2/2021,936,COD,Delivered
O004458,CUST004459,R004458,5/10/2020,598,UPI,Delivered
O004459,CUST004460,R004459,2/2/2022,1315,Wallet,Delivered
O004460,CUST004461,R004460,2/16/2020,637,Wallet,Delivered
O004461,CUST004462,R004461,9/27/2020,1268,UPI,Delivered
O004462,CUST004463,R004462,1/18/2025,1949,COD,Delivered
O004463,CUST004464,R004463,6/18/2024,1392,Card,Delivered
O004464,CUST004465,R004464,10/9/2021,1585,UPI,Delivered
O004465,CUST004466,R004465,12/23/2025,1688,UPI,Delivered
O004466,CUST004467,R004466,12/7/2022,1000,UPI,Delivered
O004467,CUST004468,R004467,3/18/2021,602,Wallet,Delivered
O004468,CUST004469,R004468,12/16/2025,1864,COD,Delivered
O004469,CUST004470,R004469,7/20/2019,730,Card,Delivered
O004470,CUST004471,R004470,12/27/2023,1565,Card,Delivered
O004471,CUST004472,R004471,3/19/2025,214,COD,Delivered
O004472,CUST004473,R004472,5/25/2024,969,UPI,Cancelled
O004473,CUST004474,R004473,4/25/2022,297,COD,Delivered
O004474,CUST004475,R004474,5/21/2022,1059,Wallet,Delivered
O004475,CUST004476,R004475,1/12/2025,676,COD,Delivered
O004476,CUST004477,R004476,11/27/2024,484,Card,Delivered
O004477,CUST004478,R004477,4/4/2023,1245,COD,Cancelled
O004478,CUST004479,R004478,6/4/2025,1733,Card,Delivered
O004479,CUST004480,R004479,5/4/2022,1536,UPI,Cancelled
O004480,CUST004481,R004480,7/19/2019,1657,UPI,Cancelled
O004481,CUST004482,R004481,11/9/2025,1908,Wallet,Delivered
O004482,CUST004483,R004482,7/21/2024,818,Wallet,Delivered
O004483,CUST004484,R004483,6/14/2024,1784,Card,Delivered
O004484,CUST004485,R004484,7/20/2023,258,COD,Delivered
O004485,CUST004486,R004485,6/26/2024,299,COD,Delivered
O004486,CUST004487,R004486,8/5/2020,342,Wallet,Delivered
O004487,CUST004488,R004487,8/22/2025,1147,Card,Delivered
O004488,CUST004489,R004488,8/3/2021,725,COD,Delivered
O004489,CUST004490,R004489,12/28/2024,1020,Wallet,Delivered
O004490,CUST004491,R004490,1/7/2021,401,COD,Delivered
O004491,CUST004492,R004491,9/5/2021,1393,UPI,Delivered
O004492,CUST004493,R004492,9/5/2019,1195,COD,Delivered
O004493,CUST004494,R004493,2/28/2023,1274,Wallet,Delivered
O004494,CUST004495,R004494,7/4/2019,1002,UPI,Delivered
O004495,CUST004496,R004495,6/16/2024,1446,Wallet,Delivered
O004496,CUST004497,R004496,4/16/2019,1443,Card,Delivered
O004497,CUST004498,R004497,4/17/2020,1775,Wallet,Delivered
O004498,CUST004499,R004498,11/7/2024,1817,Card,Delivered
O004499,CUST004500,R004499,6/19/2019,450,UPI,Delivered
O004500,CUST004501,R004500,4/17/2020,1775,Card,Delivered
O004501,CUST004502,R004501,7/26/2025,385,COD,Delivered
O004502,CUST004503,R004502,8/22/2025,637,UPI,Delivered
O004503,CUST004504,R004503,10/16/2019,192,Card,Cancelled
O004504,CUST004505,R004504,5/28/2023,1003,COD,Delivered
O004505,CUST004506,R004505,8/28/2023,1998,COD,Cancelled
O004506,CUST004507,R004506,11/2/2025,935,COD,Delivered
O004507,CUST004508,R004507,7/26/2019,618,COD,Delivered
O004508,CUST004509,R004508,5/28/2024,1062,COD,Delivered
O004509,CUST004510,R004509,3/11/2021,1742,COD,Delivered
O004510,CUST004511,R004510,7/12/2022,547,COD,Delivered
O004511,CUST004512,R004511,11/2/2024,1477,UPI,Delivered
O004512,CUST004513,R004512,2/14/2021,1443,Wallet,Delivered
O004513,CUST004514,R004513,6/26/2022,1151,UPI,Delivered
O004514,CUST004515,R004514,1/16/2022,1838,COD,Cancelled
O004515,CUST004516,R004515,1/14/2020,1069,UPI,Delivered
O004516,CUST004517,R004516,11/15/2023,1469,UPI,Delivered
O004517,CUST004518,R004517,5/11/2021,1392,UPI,Cancelled
O004518,CUST004519,R004518,12/6/2019,1375,Card,Delivered
O004519,CUST004520,R004519,2/24/2020,802,Wallet,Delivered
O004520,CUST004521,R004520,8/18/2023,1055,Card,Delivered
O004521,CUST004522,R004521,7/18/2023,613,Card,Delivered
O004522,CUST004523,R004522,9/2/2025,230,Card,Delivered
O004523,CUST004524,R004523,2/17/2022,1999,Card,Delivered
O004524,CUST004525,R004524,12/21/2021,852,Card,Delivered
O004525,CUST004526,R004525,4/5/2022,1875,Wallet,Delivered
O004526,CUST004527,R004526,9/25/2019,768,Wallet,Delivered
O004527,CUST004528,R004527,1/11/2022,565,COD,Delivered
O004528,CUST004529,R004528,11/25/2021,684,Wallet,Delivered
O004529,CUST004530,R004529,10/9/2020,1620,Card,Delivered
O004530,CUST004531,R004530,1/5/2023,1052,Wallet,Cancelled
O004531,CUST004532,R004531,12/28/2025,991,UPI,Delivered
O004532,CUST004533,R004532,10/18/2022,1604,COD,Delivered
O004533,CUST004534,R004533,10/27/2025,671,UPI,Delivered
O004534,CUST004535,R004534,10/13/2025,274,Wallet,Delivered
O004535,CUST004536,R004535,7/16/2024,1748,Card,Delivered
O004536,CUST004537,R004536,5/19/2025,1609,Card,Cancelled
O004537,CUST004538,R004537,9/18/2025,1481,UPI,Delivered
O004538,CUST004539,R004538,10/14/2022,1492,Card,Delivered
O004539,CUST004540,R004539,4/20/2019,920,UPI,Delivered
O004540,CUST004541,R004540,7/20/2022,181,Card,Delivered
O004541,CUST004542,R004541,10/20/2023,475,COD,Delivered
O004542,CUST004543,R004542,6/4/2022,348,UPI,Delivered
O004543,CUST004544,R004543,6/15/2021,146,Wallet,Delivered
O004544,CUST004545,R004544,12/25/2020,651,Card,Delivered
O004545,CUST004546,R004545,12/27/2024,1221,Wallet,Cancelled
O004546,CUST004547,R004546,4/3/2021,288,UPI,Delivered
O004547,CUST004548,R004547,10/8/2025,1330,Wallet,Delivered
O004548,CUST004549,R004548,7/26/2025,1835,Card,Delivered
O004549,CUST004550,R004549,5/20/2024,223,Wallet,Delivered
O004550,CUST004551,R004550,11/6/2021,1700,Card,Delivered
O004551,CUST004552,R004551,6/15/2025,1536,Card,Delivered
O004552,CUST004553,R004552,9/21/2023,254,UPI,Cancelled
O004553,CUST004554,R004553,2/21/2022,268,Card,Delivered
O004554,CUST004555,R004554,2/20/2021,520,Card,Delivered
O004555,CUST004556,R004555,4/22/2023,392,COD,Delivered
O004556,CUST004557,R004556,4/23/2020,189,COD,Delivered
O004557,CUST004558,R004557,1/26/2022,1707,Card,Delivered
O004558,CUST004559,R004558,11/1/2022,1309,Wallet,Delivered
O004559,CUST004560,R004559,1/4/2024,998,Card,Delivered
O004560,CUST004561,R004560,12/23/2021,946,COD,Delivered
O004561,CUST004562,R004561,8/27/2024,928,Wallet,Delivered
O004562,CUST004563,R004562,8/15/2019,852,COD,Delivered
O004563,CUST004564,R004563,11/28/2021,1360,UPI,Delivered
O004564,CUST004565,R004564,7/12/2020,1152,COD,Delivered
O004565,CUST004566,R004565,10/2/2019,1771,Card,Delivered
O004566,CUST004567,R004566,9/10/2020,1786,Wallet,Delivered
O004567,CUST004568,R004567,9/15/2021,1192,UPI,Delivered
O004568,CUST004569,R004568,12/16/2025,1947,Card,Delivered
O004569,CUST004570,R004569,8/17/2023,297,Wallet,Delivered
O004570,CUST004571,R004570,7/7/2022,1498,Card,Delivered
O004571,CUST004572,R004571,11/23/2022,925,UPI,Delivered
O004572,CUST004573,R004572,4/27/2025,1669,Card,Delivered
O004573,CUST004574,R004573,3/20/2023,562,COD,Delivered
O004574,CUST004575,R004574,4/21/2019,545,Card,Delivered
O004575,CUST004576,R004575,10/27/2025,468,COD,Cancelled
O004576,CUST004577,R004576,8/2/2023,976,COD,Delivered
O004577,CUST004578,R004577,6/7/2024,1824,COD,Cancelled
O004578,CUST004579,R004578,6/25/2020,1388,UPI,Delivered
O004579,CUST004580,R004579,8/5/2020,1371,COD,Delivered
O004580,CUST004581,R004580,3/25/2021,807,Wallet,Delivered
O004581,CUST004582,R004581,11/11/2022,1737,Card,Delivered
O004582,CUST004583,R004582,9/14/2025,541,Card,Delivered
O004583,CUST004584,R004583,6/2/2022,687,Wallet,Delivered
O004584,CUST004585,R004584,8/3/2020,1131,Wallet,Delivered
O004585,CUST004586,R004585,9/2/2024,858,UPI,Delivered
O004586,CUST004587,R004586,4/16/2022,1696,COD,Delivered
O004587,CUST004588,R004587,7/9/2023,746,Wallet,Delivered
O004588,CUST004589,R004588,10/15/2023,1732,Card,Delivered
O004589,CUST004590,R004589,9/18/2019,1176,UPI,Delivered
O004590,CUST004591,R004590,3/10/2021,1188,UPI,Delivered
O004591,CUST004592,R004591,5/13/2024,620,Card,Delivered
O004592,CUST004593,R004592,8/21/2019,1571,UPI,Delivered
O004593,CUST004594,R004593,3/15/2022,1897,COD,Delivered
O004594,CUST004595,R004594,11/27/2021,1939,Card,Delivered
O004595,CUST004596,R004595,5/18/2020,158,COD,Delivered
O004596,CUST004597,R004596,7/26/2021,346,Card,Delivered
O004597,CUST004598,R004597,12/26/2024,224,COD,Delivered
O004598,CUST004599,R004598,5/24/2019,475,Wallet,Delivered
O004599,CUST004600,R004599,4/11/2022,597,Card,Delivered
O004600,CUST004601,R004600,8/19/2023,399,COD,Delivered
O004601,CUST004602,R004601,2/9/2020,1392,COD,Delivered
O004602,CUST004603,R004602,3/5/2020,1221,Wallet,Delivered
O004603,CUST004604,R004603,3/4/2021,804,UPI,Delivered
O004604,CUST004605,R004604,5/10/2019,1248,UPI,Delivered
O004605,CUST004606,R004605,12/3/2019,1231,Wallet,Cancelled
O004606,CUST004607,R004606,4/16/2023,1689,Wallet,Delivered
O004607,CUST004608,R004607,8/9/2019,1555,UPI,Delivered
O004608,CUST004609,R004608,1/12/2022,1849,Card,Delivered
O004609,CUST004610,R004609,11/20/2025,974,UPI,Delivered
O004610,CUST004611,R004610,1/8/2024,1786,Card,Delivered
O004611,CUST004612,R004611,9/21/2019,1992,Card,Delivered
O004612,CUST004613,R004612,10/20/2022,704,Card,Delivered
O004613,CUST004614,R004613,5/16/2020,1917,Card,Delivered
O004614,CUST004615,R004614,5/4/2022,119,COD,Delivered
O004615,CUST004616,R004615,8/15/2025,881,UPI,Cancelled
O004616,CUST004617,R004616,5/6/2023,425,COD,Delivered
O004617,CUST004618,R004617,7/20/2021,1467,UPI,Delivered
O004618,CUST004619,R004618,4/3/2024,1275,Wallet,Delivered
O004619,CUST004620,R004619,7/17/2019,887,Wallet,Delivered
O004620,CUST004621,R004620,11/2/2023,1642,UPI,Cancelled
O004621,CUST004622,R004621,7/13/2024,1893,Wallet,Delivered
O004622,CUST004623,R004622,6/10/2021,1510,UPI,Delivered
O004623,CUST004624,R004623,9/8/2020,1830,UPI,Delivered
O004624,CUST004625,R004624,9/22/2024,1190,Card,Delivered
O004625,CUST004626,R004625,10/20/2022,748,COD,Delivered
O004626,CUST004627,R004626,3/24/2025,235,UPI,Delivered
O004627,CUST004628,R004627,11/19/2023,164,COD,Delivered
O004628,CUST004629,R004628,12/15/2023,401,COD,Delivered
O004629,CUST004630,R004629,1/7/2023,1525,Card,Delivered
O004630,CUST004631,R004630,11/20/2019,1084,UPI,Delivered
O004631,CUST004632,R004631,9/28/2024,892,Card,Delivered
O004632,CUST004633,R004632,1/27/2019,989,Wallet,Delivered
O004633,CUST004634,R004633,10/25/2020,1258,COD,Delivered
O004634,CUST004635,R004634,10/8/2019,665,Wallet,Delivered
O004635,CUST004636,R004635,6/4/2021,1301,UPI,Delivered
O004636,CUST004637,R004636,11/10/2022,1445,Card,Delivered
O004637,CUST004638,R004637,5/3/2025,981,UPI,Delivered
O004638,CUST004639,R004638,1/15/2024,409,UPI,Delivered
O004639,CUST004640,R004639,3/18/2025,907,Wallet,Delivered
O004640,CUST004641,R004640,11/16/2025,1680,Card,Delivered
O004641,CUST004642,R004641,4/10/2020,1918,UPI,Delivered
O004642,CUST004643,R004642,11/19/2023,1569,UPI,Delivered
O004643,CUST004644,R004643,6/15/2019,744,Card,Delivered
O004644,CUST004645,R004644,4/23/2019,1694,UPI,Delivered
O004645,CUST004646,R004645,5/21/2023,605,Wallet,Cancelled
O004646,CUST004647,R004646,11/25/2022,352,Card,Delivered
O004647,CUST004648,R004647,7/17/2024,281,COD,Cancelled
O004648,CUST004649,R004648,9/27/2023,966,COD,Delivered
O004649,CUST004650,R004649,8/7/2019,173,UPI,Delivered
O004650,CUST004651,R004650,1/26/2019,598,COD,Cancelled
O004651,CUST004652,R004651,11/2/2023,232,Card,Cancelled
O004652,CUST004653,R004652,4/28/2025,208,Card,Delivered
O004653,CUST004654,R004653,10/27/2021,535,Card,Delivered
O004654,CUST004655,R004654,6/20/2019,1741,Card,Delivered
O004655,CUST004656,R004655,5/1/2020,554,Wallet,Delivered
O004656,CUST004657,R004656,3/5/2025,566,COD,Delivered
O004657,CUST004658,R004657,8/21/2025,548,COD,Delivered
O004658,CUST004659,R004658,12/6/2022,1361,Wallet,Delivered
O004659,CUST004660,R004659,5/8/2019,175,Card,Delivered
O004660,CUST004661,R004660,2/2/2023,992,Wallet,Cancelled
O004661,CUST004662,R004661,7/10/2024,788,Wallet,Delivered
O004662,CUST004663,R004662,3/5/2024,1420,COD,Delivered
O004663,CUST004664,R004663,7/8/2023,1310,Wallet,Delivered
O004664,CUST004665,R004664,1/13/2022,1220,UPI,Cancelled
O004665,CUST004666,R004665,2/11/2019,1726,Card,Delivered
O004666,CUST004667,R004666,12/1/2023,1338,UPI,Delivered
O004667,CUST004668,R004667,11/2/2024,1401,UPI,Delivered
O004668,CUST004669,R004668,1/24/2022,170,UPI,Delivered
O004669,CUST004670,R004669,12/20/2020,182,COD,Delivered
O004670,CUST004671,R004670,4/15/2020,165,Card,Delivered
O004671,CUST004672,R004671,7/1/2022,1989,COD,Delivered
O004672,CUST004673,R004672,11/17/2019,325,UPI,Delivered
O004673,CUST004674,R004673,6/24/2020,783,Card,Delivered
O004674,CUST004675,R004674,1/19/2024,405,Wallet,Delivered
O004675,CUST004676,R004675,3/27/2023,1211,COD,Delivered
O004676,CUST004677,R004676,5/11/2025,1981,Wallet,Delivered
O004677,CUST004678,R004677,3/22/2024,880,UPI,Delivered
O004678,CUST004679,R004678,2/8/2021,1343,COD,Delivered
O004679,CUST004680,R004679,10/10/2021,954,Wallet,Delivered
O004680,CUST004681,R004680,11/27/2019,1023,UPI,Delivered
O004681,CUST004682,R004681,12/19/2025,842,UPI,Delivered
O004682,CUST004683,R004682,5/1/2020,1349,Card,Delivered
O004683,CUST004684,R004683,3/9/2020,1683,COD,Delivered
O004684,CUST004685,R004684,1/10/2022,1779,COD,Delivered
O004685,CUST004686,R004685,3/12/2024,1843,COD,Delivered
O004686,CUST004687,R004686,2/26/2021,1883,Card,Delivered
O004687,CUST004688,R004687,11/6/2023,450,Wallet,Delivered
O004688,CUST004689,R004688,7/28/2021,1254,Card,Delivered
O004689,CUST004690,R004689,7/1/2024,124,Wallet,Delivered
O004690,CUST004691,R004690,2/23/2022,925,Wallet,Delivered
O004691,CUST004692,R004691,11/8/2024,541,COD,Delivered
O004692,CUST004693,R004692,2/11/2019,1489,Wallet,Delivered
O004693,CUST004694,R004693,12/28/2019,1241,COD,Delivered
O004694,CUST004695,R004694,2/6/2022,887,UPI,Delivered
O004695,CUST004696,R004695,9/2/2023,1437,Wallet,Delivered
O004696,CUST004697,R004696,6/20/2025,875,Wallet,Delivered
O004697,CUST004698,R004697,1/11/2022,1823,COD,Delivered
O004698,CUST004699,R004698,12/15/2022,1888,Wallet,Delivered
O004699,CUST004700,R004699,8/13/2022,1499,UPI,Delivered
O004700,CUST004701,R004700,10/7/2021,109,UPI,Cancelled
O004701,CUST004702,R004701,6/22/2023,1882,UPI,Delivered
O004702,CUST004703,R004702,3/23/2019,407,COD,Cancelled
O004703,CUST004704,R004703,2/18/2022,541,UPI,Delivered
O004704,CUST004705,R004704,11/18/2024,331,COD,Delivered
O004705,CUST004706,R004705,1/6/2023,1149,Card,Delivered
O004706,CUST004707,R004706,2/1/2021,1870,Card,Cancelled
O004707,CUST004708,R004707,6/3/2022,503,Wallet,Delivered
O004708,CUST004709,R004708,5/25/2025,1052,COD,Delivered
O004709,CUST004710,R004709,3/2/2020,491,COD,Delivered
O004710,CUST004711,R004710,9/5/2024,1484,Wallet,Delivered
O004711,CUST004712,R004711,12/9/2022,789,COD,Delivered
O004712,CUST004713,R004712,4/8/2024,1612,UPI,Delivered
O004713,CUST004714,R004713,2/1/2025,1103,Wallet,Delivered
O004714,CUST004715,R004714,7/4/2024,1543,Wallet,Delivered
O004715,CUST004716,R004715,3/17/2025,1924,Wallet,Delivered
O004716,CUST004717,R004716,9/22/2024,1169,Wallet,Delivered
O004717,CUST004718,R004717,8/12/2023,1849,Card,Cancelled
O004718,CUST004719,R004718,7/21/2024,1778,Card,Delivered
O004719,CUST004720,R004719,6/11/2019,1530,UPI,Delivered
O004720,CUST004721,R004720,2/25/2023,293,Wallet,Delivered
O004721,CUST004722,R004721,9/19/2022,1253,Card,Delivered
O004722,CUST004723,R004722,3/18/2019,282,UPI,Delivered
O004723,CUST004724,R004723,7/22/2020,1685,Card,Cancelled
O004724,CUST004725,R004724,4/13/2019,1922,UPI,Delivered
O004725,CUST004726,R004725,5/26/2025,800,UPI,Delivered
O004726,CUST004727,R004726,11/27/2019,1304,Card,Delivered
O004727,CUST004728,R004727,3/23/2020,732,COD,Delivered
O004728,CUST004729,R004728,10/6/2024,261,Wallet,Delivered
O004729,CUST004730,R004729,3/25/2023,401,COD,Delivered
O004730,CUST004731,R004730,8/28/2022,1038,COD,Delivered
O004731,CUST004732,R004731,10/9/2021,443,Wallet,Delivered
O004732,CUST004733,R004732,6/27/2025,1209,Wallet,Delivered
O004733,CUST004734,R004733,12/14/2023,537,Wallet,Delivered
O004734,CUST004735,R004734,11/24/2019,870,UPI,Delivered
O004735,CUST004736,R004735,3/12/2019,1800,COD,Delivered
O004736,CUST004737,R004736,8/16/2022,1300,Card,Cancelled
O004737,CUST004738,R004737,8/7/2023,1538,UPI,Cancelled
O004738,CUST004739,R004738,8/21/2020,1473,UPI,Delivered
O004739,CUST004740,R004739,9/9/2024,921,UPI,Delivered
O004740,CUST004741,R004740,11/17/2022,522,Wallet,Delivered
O004741,CUST004742,R004741,12/15/2019,1779,COD,Delivered
O004742,CUST004743,R004742,6/20/2025,683,Card,Delivered
O004743,CUST004744,R004743,3/24/2022,1710,Card,Delivered
O004744,CUST004745,R004744,4/18/2021,1966,Card,Delivered
O004745,CUST004746,R004745,3/24/2022,826,UPI,Cancelled
O004746,CUST004747,R004746,6/23/2023,154,COD,Delivered
O004747,CUST004748,R004747,6/19/2019,530,Wallet,Delivered
O004748,CUST004749,R004748,11/7/2021,570,COD,Delivered
O004749,CUST004750,R004749,3/25/2019,394,UPI,Delivered
O004750,CUST004751,R004750,4/2/2025,1155,Card,Delivered
O004751,CUST004752,R004751,5/2/2025,1264,UPI,Cancelled
O004752,CUST004753,R004752,12/4/2019,1071,Wallet,Delivered
O004753,CUST004754,R004753,3/11/2019,1150,COD,Cancelled
O004754,CUST004755,R004754,6/2/2021,1396,COD,Delivered
O004755,CUST004756,R004755,5/14/2025,728,Wallet,Delivered
O004756,CUST004757,R004756,1/7/2022,1753,Card,Delivered
O004757,CUST004758,R004757,11/19/2021,152,COD,Delivered
O004758,CUST004759,R004758,7/25/2020,156,Card,Delivered
O004759,CUST004760,R004759,8/3/2019,198,COD,Delivered
O004760,CUST004761,R004760,10/20/2024,742,Card,Delivered
O004761,CUST004762,R004761,4/23/2019,614,COD,Delivered
O004762,CUST004763,R004762,2/26/2024,909,COD,Delivered
O004763,CUST004764,R004763,5/5/2021,310,Card,Delivered
O004764,CUST004765,R004764,9/3/2023,1307,UPI,Delivered
O004765,CUST004766,R004765,12/7/2024,1115,Card,Delivered
O004766,CUST004767,R004766,12/28/2022,1238,Wallet,Delivered
O004767,CUST004768,R004767,2/3/2024,1483,UPI,Delivered
O004768,CUST004769,R004768,10/15/2023,1355,UPI,Delivered
O004769,CUST004770,R004769,8/15/2022,1544,UPI,Delivered
O004770,CUST004771,R004770,7/13/2023,1670,Wallet,Delivered
O004771,CUST004772,R004771,11/7/2025,1717,Card,Cancelled
O004772,CUST004773,R004772,2/18/2020,305,UPI,Delivered
O004773,CUST004774,R004773,2/14/2021,1370,Card,Delivered
O004774,CUST004775,R004774,4/20/2021,231,Card,Delivered
O004775,CUST004776,R004775,2/21/2024,526,UPI,Delivered
O004776,CUST004777,R004776,6/15/2021,1876,Card,Delivered
O004777,CUST004778,R004777,1/25/2020,924,Card,Delivered
O004778,CUST004779,R004778,8/1/2019,1919,Card,Delivered
O004779,CUST004780,R004779,5/28/2022,855,COD,Delivered
O004780,CUST004781,R004780,5/26/2019,576,Wallet,Delivered
O004781,CUST004782,R004781,12/24/2020,1015,Wallet,Delivered
O004782,CUST004783,R004782,4/10/2024,1652,COD,Cancelled
O004783,CUST004784,R004783,12/10/2023,398,COD,Delivered
O004784,CUST004785,R004784,7/1/2020,1332,UPI,Delivered
O004785,CUST004786,R004785,1/13/2024,977,Wallet,Delivered
O004786,CUST004787,R004786,7/24/2021,1031,UPI,Delivered
O004787,CUST004788,R004787,4/14/2021,1923,Wallet,Delivered
O004788,CUST004789,R004788,9/15/2019,1153,UPI,Delivered
O004789,CUST004790,R004789,4/16/2025,1667,Wallet,Delivered
O004790,CUST004791,R004790,4/20/2022,1356,UPI,Cancelled
O004791,CUST004792,R004791,5/11/2024,1295,UPI,Delivered
O004792,CUST004793,R004792,4/22/2019,716,Wallet,Delivered
O004793,CUST004794,R004793,7/16/2025,964,UPI,Delivered
O004794,CUST004795,R004794,10/18/2024,392,COD,Delivered
O004795,CUST004796,R004795,9/1/2019,183,Card,Delivered
O004796,CUST004797,R004796,4/16/2025,1849,Card,Delivered
O004797,CUST004798,R004797,5/20/2024,709,Card,Delivered
O004798,CUST004799,R004798,7/4/2021,1732,COD,Delivered
O004799,CUST004800,R004799,7/22/2023,408,Wallet,Delivered
O004800,CUST004801,R004800,10/5/2025,453,Card,Delivered
O004801,CUST004802,R004801,2/23/2023,530,Wallet,Delivered
O004802,CUST004803,R004802,10/7/2022,1471,Card,Cancelled
O004803,CUST004804,R004803,12/3/2023,973,Wallet,Cancelled
O004804,CUST004805,R004804,6/2/2021,955,UPI,Delivered
O004805,CUST004806,R004805,8/16/2023,1388,COD,Cancelled
O004806,CUST004807,R004806,1/26/2025,581,UPI,Delivered
O004807,CUST004808,R004807,10/12/2024,183,Wallet,Delivered
O004808,CUST004809,R004808,3/10/2019,1706,Card,Delivered
O004809,CUST004810,R004809,9/18/2022,1509,UPI,Delivered
O004810,CUST004811,R004810,5/17/2019,1338,UPI,Delivered
O004811,CUST004812,R004811,5/13/2019,1349,UPI,Delivered
O004812,CUST004813,R004812,7/19/2025,515,UPI,Delivered
O004813,CUST004814,R004813,12/15/2021,1971,Card,Delivered
O004814,CUST004815,R004814,5/18/2025,191,COD,Delivered
O004815,CUST004816,R004815,10/2/2022,199,UPI,Delivered
O004816,CUST004817,R004816,6/13/2024,1966,COD,Delivered
O004817,CUST004818,R004817,10/24/2025,571,Card,Delivered
O004818,CUST004819,R004818,9/26/2023,1180,COD,Delivered
O004819,CUST004820,R004819,10/1/2024,241,Wallet,Delivered
O004820,CUST004821,R004820,6/7/2019,811,COD,Delivered
O004821,CUST004822,R004821,5/25/2022,1322,UPI,Delivered
O004822,CUST004823,R004822,5/13/2024,1617,COD,Delivered
O004823,CUST004824,R004823,10/27/2024,998,UPI,Cancelled
O004824,CUST004825,R004824,1/7/2021,1003,UPI,Cancelled
O004825,CUST004826,R004825,11/14/2022,1745,UPI,Cancelled
O004826,CUST004827,R004826,5/15/2019,115,Card,Delivered
O004827,CUST004828,R004827,1/19/2021,409,Card,Delivered
O004828,CUST004829,R004828,7/18/2025,286,Card,Delivered
O004829,CUST004830,R004829,8/21/2022,109,Card,Delivered
O004830,CUST004831,R004830,7/28/2023,1628,Card,Cancelled
O004831,CUST004832,R004831,5/27/2019,1224,Wallet,Delivered
O004832,CUST004833,R004832,10/2/2022,776,Card,Delivered
O004833,CUST004834,R004833,11/23/2024,899,Wallet,Delivered
O004834,CUST004835,R004834,9/26/2020,844,COD,Delivered
O004835,CUST004836,R004835,1/13/2020,772,COD,Delivered
O004836,CUST004837,R004836,2/27/2022,1216,UPI,Delivered
O004837,CUST004838,R004837,8/9/2021,1047,COD,Delivered
O004838,CUST004839,R004838,1/1/2025,1406,UPI,Delivered
O004839,CUST004840,R004839,9/9/2019,1632,COD,Delivered
O004840,CUST004841,R004840,9/13/2023,1042,UPI,Delivered
O004841,CUST004842,R004841,4/15/2022,1803,Card,Delivered
O004842,CUST004843,R004842,11/16/2024,453,Wallet,Delivered
O004843,CUST004844,R004843,5/9/2021,1418,UPI,Delivered
O004844,CUST004845,R004844,1/21/2021,840,UPI,Delivered
O004845,CUST004846,R004845,7/24/2021,1579,UPI,Delivered
O004846,CUST004847,R004846,7/17/2019,516,COD,Delivered
O004847,CUST004848,R004847,4/21/2020,504,COD,Delivered
O004848,CUST004849,R004848,11/25/2020,388,COD,Cancelled
O004849,CUST004850,R004849,12/1/2019,832,Card,Delivered
O004850,CUST004851,R004850,9/6/2023,1676,Card,Delivered
O004851,CUST004852,R004851,8/24/2025,1022,UPI,Delivered
O004852,CUST004853,R004852,12/4/2021,402,COD,Delivered
O004853,CUST004854,R004853,11/22/2025,659,Wallet,Delivered
O004854,CUST004855,R004854,11/9/2024,1595,COD,Delivered
O004855,CUST004856,R004855,10/10/2024,1081,COD,Delivered
O004856,CUST004857,R004856,8/4/2023,1072,UPI,Delivered
O004857,CUST004858,R004857,3/8/2024,1512,Wallet,Delivered
O004858,CUST004859,R004858,12/6/2021,1196,UPI,Delivered
O004859,CUST004860,R004859,5/20/2025,1605,COD,Delivered
O004860,CUST004861,R004860,12/15/2022,703,Wallet,Delivered
O004861,CUST004862,R004861,9/14/2019,1521,UPI,Delivered
O004862,CUST004863,R004862,12/17/2025,1033,UPI,Delivered
O004863,CUST004864,R004863,10/9/2025,1039,Wallet,Delivered
O004864,CUST004865,R004864,8/12/2024,210,UPI,Delivered
O004865,CUST004866,R004865,8/20/2022,1460,UPI,Delivered
O004866,CUST004867,R004866,6/11/2024,1792,COD,Delivered
O004867,CUST004868,R004867,3/25/2021,1795,UPI,Cancelled
O004868,CUST004869,R004868,12/16/2021,269,Card,Delivered
O004869,CUST004870,R004869,10/27/2024,261,UPI,Delivered
O004870,CUST004871,R004870,10/24/2023,701,COD,Delivered
O004871,CUST004872,R004871,11/22/2025,428,Wallet,Delivered
O004872,CUST004873,R004872,4/8/2024,512,Card,Delivered
O004873,CUST004874,R004873,5/18/2021,320,COD,Delivered
O004874,CUST004875,R004874,5/8/2021,1312,COD,Delivered
O004875,CUST004876,R004875,5/27/2023,1184,Wallet,Delivered
O004876,CUST004877,R004876,6/3/2020,698,COD,Delivered
O004877,CUST004878,R004877,10/9/2022,838,UPI,Delivered
O004878,CUST004879,R004878,1/1/2022,1077,Wallet,Delivered
O004879,CUST004880,R004879,4/15/2024,1409,Wallet,Delivered
O004880,CUST004881,R004880,4/7/2021,1454,UPI,Cancelled
O004881,CUST004882,R004881,4/10/2025,1961,Card,Delivered
O004882,CUST004883,R004882,6/22/2019,890,UPI,Delivered
O004883,CUST004884,R004883,7/6/2021,1695,Card,Delivered
O004884,CUST004885,R004884,7/17/2020,1945,Card,Delivered
O004885,CUST004886,R004885,1/18/2019,663,Card,Delivered
O004886,CUST004887,R004886,6/15/2023,1838,Card,Delivered
O004887,CUST004888,R004887,5/3/2021,1941,Card,Delivered
O004888,CUST004889,R004888,11/14/2025,795,Wallet,Delivered
O004889,CUST004890,R004889,11/5/2024,314,UPI,Delivered
O004890,CUST004891,R004890,11/19/2022,499,Wallet,Delivered
O004891,CUST004892,R004891,1/24/2022,693,COD,Delivered
O004892,CUST004893,R004892,12/10/2019,310,Wallet,Delivered
O004893,CUST004894,R004893,3/1/2023,1071,UPI,Delivered
O004894,CUST004895,R004894,8/5/2020,148,Wallet,Delivered
O004895,CUST004896,R004895,8/5/2024,1405,UPI,Delivered
O004896,CUST004897,R004896,11/6/2019,1738,UPI,Cancelled
O004897,CUST004898,R004897,12/20/2020,1100,Card,Delivered
O004898,CUST004899,R004898,5/19/2024,708,COD,Delivered
O004899,CUST004900,R004899,10/19/2023,1926,Wallet,Delivered
O004900,CUST004901,R004900,7/18/2024,1984,Card,Cancelled
O004901,CUST004902,R004901,11/14/2024,316,Card,Delivered
O004902,CUST004903,R004902,4/6/2022,1371,UPI,Cancelled
O004903,CUST004904,R004903,7/20/2025,717,Wallet,Cancelled
O004904,CUST004905,R004904,12/25/2020,786,Card,Delivered
O004905,CUST004906,R004905,10/25/2024,845,Wallet,Delivered
O004906,CUST004907,R004906,5/22/2021,1116,Card,Delivered
O004907,CUST004908,R004907,4/6/2023,776,COD,Delivered
O004908,CUST004909,R004908,7/7/2022,1021,UPI,Delivered
O004909,CUST004910,R004909,10/8/2025,1398,Card,Delivered
O004910,CUST004911,R004910,6/1/2020,891,UPI,Delivered
O004911,CUST004912,R004911,5/13/2024,324,Wallet,Delivered
O004912,CUST004913,R004912,6/13/2025,827,Wallet,Delivered
O004913,CUST004914,R004913,6/13/2021,1644,Card,Delivered
O004914,CUST004915,R004914,7/9/2019,1877,Card,Delivered
O004915,CUST004916,R004915,6/18/2020,1479,Wallet,Delivered
O004916,CUST004917,R004916,2/14/2020,333,Card,Delivered
O004917,CUST004918,R004917,9/22/2024,1414,UPI,Delivered
O004918,CUST004919,R004918,1/20/2019,506,Wallet,Cancelled
O004919,CUST004920,R004919,11/24/2021,209,Card,Delivered
O004920,CUST004921,R004920,9/15/2023,387,COD,Delivered
O004921,CUST004922,R004921,11/1/2019,811,Card,Delivered
O004922,CUST004923,R004922,6/3/2020,126,UPI,Delivered
O004923,CUST004924,R004923,12/24/2020,551,Wallet,Cancelled
O004924,CUST004925,R004924,11/28/2025,952,Wallet,Delivered
O004925,CUST004926,R004925,2/22/2025,934,COD,Delivered
O004926,CUST004927,R004926,6/10/2023,1261,COD,Delivered
O004927,CUST004928,R004927,2/4/2019,605,Card,Delivered
O004928,CUST004929,R004928,2/12/2022,1138,COD,Delivered
O004929,CUST004930,R004929,1/16/2024,156,COD,Delivered
O004930,CUST004931,R004930,9/19/2021,400,Card,Delivered
O004931,CUST004932,R004931,8/3/2023,1217,COD,Delivered
O004932,CUST004933,R004932,8/7/2020,1975,COD,Delivered
O004933,CUST004934,R004933,12/28/2024,1142,Wallet,Delivered
O004934,CUST004935,R004934,2/11/2025,635,Wallet,Delivered
O004935,CUST004936,R004935,2/3/2022,1265,COD,Delivered
O004936,CUST004937,R004936,3/7/2019,1268,Wallet,Delivered
O004937,CUST004938,R004937,5/11/2019,1707,UPI,Delivered
O004938,CUST004939,R004938,5/5/2024,1647,Card,Delivered
O004939,CUST004940,R004939,6/27/2020,1258,Wallet,Delivered
O004940,CUST004941,R004940,2/1/2023,1316,UPI,Delivered
O004941,CUST004942,R004941,12/23/2025,123,Wallet,Delivered
O004942,CUST004943,R004942,8/14/2021,1717,Card,Delivered
O004943,CUST004944,R004943,9/14/2021,1917,Card,Delivered
O004944,CUST004945,R004944,8/28/2025,1845,COD,Delivered
O004945,CUST004946,R004945,10/16/2022,182,UPI,Delivered
O004946,CUST004947,R004946,3/23/2025,759,Card,Delivered
O004947,CUST004948,R004947,11/21/2023,295,Wallet,Delivered
O004948,CUST004949,R004948,10/25/2024,1056,COD,Delivered
O004949,CUST004950,R004949,1/8/2023,1896,COD,Delivered
O004950,CUST004951,R004950,10/20/2019,801,Wallet,Delivered
O004951,CUST004952,R004951,11/28/2024,1306,COD,Delivered
O004952,CUST004953,R004952,11/8/2020,912,Wallet,Delivered
O004953,CUST004954,R004953,10/26/2020,932,Wallet,Cancelled
O004954,CUST004955,R004954,8/17/2019,752,Wallet,Delivered
O004955,CUST004956,R004955,6/28/2021,1825,Card,Delivered
O004956,CUST004957,R004956,12/9/2023,1576,COD,Delivered
O004957,CUST004958,R004957,5/9/2025,1636,Card,Delivered
O004958,CUST004959,R004958,6/11/2024,1700,Card,Delivered
O004959,CUST004960,R004959,9/24/2019,1562,UPI,Delivered
O004960,CUST004961,R004960,2/16/2025,1811,COD,Delivered
O004961,CUST004962,R004961,9/20/2021,716,UPI,Delivered
O004962,CUST004963,R004962,11/20/2023,1513,COD,Delivered
O004963,CUST004964,R004963,10/15/2019,845,COD,Delivered
O004964,CUST004965,R004964,12/25/2019,461,COD,Delivered
O004965,CUST004966,R004965,7/9/2020,1447,Wallet,Delivered
O004966,CUST004967,R004966,3/26/2025,1020,COD,Delivered
O004967,CUST004968,R004967,2/5/2021,796,Wallet,Delivered
O004968,CUST004969,R004968,10/1/2019,1351,Wallet,Delivered
O004969,CUST004970,R004969,6/17/2023,731,COD,Delivered
O004970,CUST004971,R004970,4/10/2023,1724,Card,Cancelled
O004971,CUST004972,R004971,7/14/2020,1744,Wallet,Delivered
O004972,CUST004973,R004972,11/12/2022,1605,UPI,Delivered
O004973,CUST004974,R004973,6/9/2019,1855,UPI,Delivered
O004974,CUST004975,R004974,1/21/2019,1772,UPI,Delivered
O004975,CUST004976,R004975,2/21/2019,127,COD,Delivered
O004976,CUST004977,R004976,2/15/2024,461,UPI,Delivered
O004977,CUST004978,R004977,10/12/2024,252,Card,Delivered
O004978,CUST004979,R004978,3/4/2021,1064,Card,Delivered
O004979,CUST004980,R004979,3/28/2025,1823,Card,Delivered
O004980,CUST004981,R004980,5/28/2023,455,COD,Delivered
O004981,CUST004982,R004981,2/23/2023,967,COD,Delivered
O004982,CUST004983,R004982,5/28/2023,349,Card,Delivered
O004983,CUST004984,R004983,4/5/2023,1341,Wallet,Delivered
O004984,CUST004985,R004984,10/9/2022,509,COD,Delivered
O004985,CUST004986,R004985,3/6/2019,1756,UPI,Delivered
O004986,CUST004987,R004986,2/3/2021,949,Wallet,Delivered
O004987,CUST004988,R004987,11/2/2024,1389,Wallet,Delivered
O004988,CUST004989,R004988,10/16/2021,1818,Wallet,Delivered
O004989,CUST004990,R004989,3/18/2020,1132,Wallet,Delivered
O004990,CUST004991,R004990,6/7/2019,1770,Card,Cancelled
O004991,CUST004992,R004991,1/18/2021,1693,Card,Delivered
O004992,CUST004993,R004992,8/9/2025,1439,UPI,Delivered
O004993,CUST004994,R004993,2/25/2020,1973,UPI,Delivered
O004994,CUST004995,R004994,5/18/2025,1640,Card,Delivered
O004995,CUST004996,R004995,4/23/2023,631,Card,Delivered
O004996,CUST004997,R004996,12/27/2025,1968,Card,Cancelled
O004997,CUST004998,R004997,12/18/2024,300,Card,Delivered
O004998,CUST004999,R004998,6/1/2020,946,UPI,Delivered
O004999,CUST005000,R004999,3/5/2021,1193,COD,Cancelled
O005000,CUST005001,R005000,3/21/2023,582,Card,Delivered
O005001,CUST005002,R005001,6/4/2021,118,Wallet,Delivered
O005002,CUST005003,R005002,5/23/2024,322,Card,Cancelled
O005003,CUST005004,R005003,5/23/2023,1002,COD,Delivered
O005004,CUST005005,R005004,12/6/2020,924,Wallet,Delivered
O005005,CUST005006,R005005,9/25/2020,1119,Wallet,Delivered
O005006,CUST005007,R005006,1/13/2025,447,COD,Delivered
O005007,CUST005008,R005007,6/21/2020,828,UPI,Delivered
O005008,CUST005009,R005008,11/12/2022,1763,Card,Delivered
O005009,CUST005010,R005009,12/14/2025,1157,UPI,Cancelled
O005010,CUST005011,R005010,11/6/2022,1390,UPI,Cancelled
O005011,CUST005012,R005011,2/20/2024,1574,UPI,Delivered
O005012,CUST005013,R005012,12/8/2025,809,UPI,Delivered
O005013,CUST005014,R005013,2/16/2019,242,Wallet,Delivered
O005014,CUST005015,R005014,12/13/2021,1636,COD,Delivered
O005015,CUST005016,R005015,4/17/2024,285,Card,Delivered
O005016,CUST005017,R005016,12/18/2025,1624,Card,Delivered
O005017,CUST005018,R005017,9/16/2022,1919,COD,Delivered
O005018,CUST005019,R005018,12/20/2022,779,UPI,Delivered
O005019,CUST005020,R005019,11/22/2023,1965,Card,Delivered
O005020,CUST005021,R005020,7/18/2022,444,Wallet,Delivered
O005021,CUST005022,R005021,10/6/2024,490,COD,Delivered
O005022,CUST005023,R005022,1/24/2025,817,UPI,Delivered
O005023,CUST005024,R005023,11/1/2022,1050,COD,Delivered
O005024,CUST005025,R005024,8/1/2025,1364,Wallet,Cancelled
O005025,CUST005026,R005025,4/2/2022,917,Wallet,Delivered
O005026,CUST005027,R005026,10/10/2021,1045,COD,Delivered
O005027,CUST005028,R005027,7/8/2021,1296,Card,Delivered
O005028,CUST005029,R005028,12/12/2025,1801,COD,Delivered
O005029,CUST005030,R005029,7/1/2020,1240,UPI,Delivered
O005030,CUST005031,R005030,5/11/2024,1536,UPI,Cancelled
O005031,CUST005032,R005031,5/17/2022,1408,Card,Delivered
O005032,CUST005033,R005032,7/23/2025,1629,COD,Delivered
O005033,CUST005034,R005033,11/12/2025,663,Card,Delivered
O005034,CUST005035,R005034,12/22/2020,535,COD,Delivered
O005035,CUST005036,R005035,9/25/2021,830,COD,Delivered
O005036,CUST005037,R005036,10/2/2020,204,COD,Delivered
O005037,CUST005038,R005037,9/2/2019,1452,Wallet,Delivered
O005038,CUST005039,R005038,1/6/2020,962,Card,Delivered
O005039,CUST005040,R005039,4/25/2023,1089,Wallet,Delivered
O005040,CUST005041,R005040,9/1/2019,1339,Wallet,Cancelled
O005041,CUST005042,R005041,8/13/2025,1000,Wallet,Delivered
O005042,CUST005043,R005042,5/9/2025,1329,UPI,Delivered
O005043,CUST005044,R005043,1/11/2020,1580,Wallet,Delivered
O005044,CUST005045,R005044,7/4/2025,1625,UPI,Delivered
O005045,CUST005046,R005045,7/24/2025,264,Wallet,Delivered
O005046,CUST005047,R005046,10/14/2023,1335,UPI,Delivered
O005047,CUST005048,R005047,4/18/2020,152,Card,Delivered
O005048,CUST005049,R005048,5/19/2023,440,UPI,Delivered
O005049,CUST005050,R005049,5/14/2023,1722,Card,Delivered
O005050,CUST005051,R005050,5/25/2021,1069,Card,Delivered
O005051,CUST005052,R005051,8/1/2020,1633,Card,Delivered
O005052,CUST005053,R005052,6/27/2025,705,COD,Delivered
O005053,CUST005054,R005053,8/23/2021,432,Wallet,Delivered
O005054,CUST005055,R005054,1/22/2019,617,Wallet,Delivered
O005055,CUST005056,R005055,12/4/2025,1547,Card,Delivered
O005056,CUST005057,R005056,2/8/2022,350,COD,Cancelled
O005057,CUST005058,R005057,11/27/2022,1242,UPI,Delivered
O005058,CUST005059,R005058,1/11/2019,893,COD,Delivered
O005059,CUST005060,R005059,8/23/2022,951,UPI,Delivered
O005060,CUST005061,R005060,7/13/2022,1712,COD,Delivered
O005061,CUST005062,R005061,9/14/2020,1112,UPI,Delivered
O005062,CUST005063,R005062,7/15/2025,1513,UPI,Delivered
O005063,CUST005064,R005063,4/19/2021,1697,UPI,Delivered
O005064,CUST005065,R005064,1/10/2020,1429,UPI,Delivered
O005065,CUST005066,R005065,5/22/2021,856,Wallet,Delivered
O005066,CUST005067,R005066,4/18/2023,1061,Card,Delivered
O005067,CUST005068,R005067,6/19/2019,1895,Card,Cancelled
O005068,CUST005069,R005068,8/27/2020,1935,UPI,Delivered
O005069,CUST005070,R005069,2/15/2021,1628,Card,Delivered
O005070,CUST005071,R005070,12/18/2019,663,Card,Delivered
O005071,CUST005072,R005071,11/1/2021,1647,COD,Delivered
O005072,CUST005073,R005072,11/24/2021,327,COD,Delivered
O005073,CUST005074,R005073,10/4/2021,374,Card,Delivered
O005074,CUST005075,R005074,8/20/2022,489,Wallet,Delivered
O005075,CUST005076,R005075,5/6/2020,1424,Card,Delivered
O005076,CUST005077,R005076,9/2/2025,1073,Wallet,Delivered
O005077,CUST005078,R005077,4/1/2019,806,Wallet,Delivered
O005078,CUST005079,R005078,4/15/2019,1246,COD,Cancelled
O005079,CUST005080,R005079,7/24/2023,481,UPI,Delivered
O005080,CUST005081,R005080,12/10/2022,1548,Wallet,Cancelled
O005081,CUST005082,R005081,8/4/2024,1551,Card,Delivered
O005082,CUST005083,R005082,4/16/2023,1419,UPI,Delivered
O005083,CUST005084,R005083,12/13/2019,1291,UPI,Cancelled
O005084,CUST005085,R005084,12/11/2021,1307,Card,Delivered
O005085,CUST005086,R005085,3/21/2023,435,UPI,Delivered
O005086,CUST005087,R005086,3/13/2021,1892,Card,Delivered
O005087,CUST005088,R005087,12/17/2022,105,COD,Delivered
O005088,CUST005089,R005088,8/1/2021,151,Card,Delivered
O005089,CUST005090,R005089,6/12/2020,733,COD,Delivered
O005090,CUST005091,R005090,12/23/2021,423,Card,Delivered
O005091,CUST005092,R005091,2/25/2024,1036,COD,Delivered
O005092,CUST005093,R005092,9/26/2025,1998,Wallet,Delivered
O005093,CUST005094,R005093,11/5/2019,450,COD,Delivered
O005094,CUST005095,R005094,2/19/2025,1212,UPI,Delivered
O005095,CUST005096,R005095,4/11/2023,1463,COD,Cancelled
O005096,CUST005097,R005096,10/24/2019,912,Wallet,Delivered
O005097,CUST005098,R005097,4/6/2025,923,Wallet,Cancelled
O005098,CUST005099,R005098,6/16/2025,1107,Wallet,Delivered
O005099,CUST005100,R005099,3/8/2021,1508,UPI,Delivered
O005100,CUST005101,R005100,8/11/2024,1796,UPI,Delivered
O005101,CUST005102,R005101,3/10/2025,1668,COD,Delivered
O005102,CUST005103,R005102,8/14/2022,255,Card,Delivered
O005103,CUST005104,R005103,7/18/2021,1522,Card,Delivered
O005104,CUST005105,R005104,6/25/2022,1080,COD,Delivered
O005105,CUST005106,R005105,2/1/2025,633,Card,Delivered
O005106,CUST005107,R005106,1/21/2023,495,COD,Delivered
O005107,CUST005108,R005107,5/20/2021,1256,COD,Cancelled
O005108,CUST005109,R005108,3/12/2021,661,COD,Delivered
O005109,CUST005110,R005109,10/25/2019,1131,Wallet,Delivered
O005110,CUST005111,R005110,8/6/2023,968,Card,Delivered
O005111,CUST005112,R005111,12/3/2019,1326,UPI,Delivered
O005112,CUST005113,R005112,8/15/2025,1590,COD,Delivered
O005113,CUST005114,R005113,8/12/2024,995,UPI,Delivered
O005114,CUST005115,R005114,12/13/2023,1713,Card,Delivered
O005115,CUST005116,R005115,4/14/2025,362,Wallet,Delivered
O005116,CUST005117,R005116,1/8/2024,1138,UPI,Delivered
O005117,CUST005118,R005117,12/20/2024,740,UPI,Delivered
O005118,CUST005119,R005118,10/23/2020,1436,UPI,Delivered
O005119,CUST005120,R005119,1/15/2022,111,COD,Delivered
O005120,CUST005121,R005120,1/15/2023,348,Card,Delivered
O005121,CUST005122,R005121,5/21/2023,277,COD,Delivered
O005122,CUST005123,R005122,8/27/2021,791,Card,Delivered
O005123,CUST005124,R005123,1/3/2023,1596,Card,Delivered
O005124,CUST005125,R005124,8/26/2021,942,UPI,Delivered
O005125,CUST005126,R005125,10/2/2022,317,Card,Delivered
O005126,CUST005127,R005126,9/22/2024,612,Wallet,Delivered
O005127,CUST005128,R005127,7/8/2023,1373,COD,Delivered
O005128,CUST005129,R005128,12/9/2020,995,COD,Delivered
O005129,CUST005130,R005129,5/3/2021,929,Wallet,Delivered
O005130,CUST005131,R005130,8/15/2019,1369,Wallet,Delivered
O005131,CUST005132,R005131,2/5/2025,1096,UPI,Delivered
O005132,CUST005133,R005132,8/19/2025,1672,Wallet,Delivered
O005133,CUST005134,R005133,10/9/2022,977,UPI,Delivered
O005134,CUST005135,R005134,6/18/2025,1795,Card,Delivered
O005135,CUST005136,R005135,7/22/2021,1419,Wallet,Delivered
O005136,CUST005137,R005136,2/13/2023,1255,Wallet,Delivered
O005137,CUST005138,R005137,12/20/2025,130,UPI,Delivered
O005138,CUST005139,R005138,9/18/2020,1375,UPI,Delivered
O005139,CUST005140,R005139,1/10/2021,1702,Card,Cancelled
O005140,CUST005141,R005140,6/24/2022,1747,Card,Delivered
O005141,CUST005142,R005141,12/12/2019,227,Card,Delivered
O005142,CUST005143,R005142,11/26/2020,118,UPI,Delivered
O005143,CUST005144,R005143,9/23/2022,557,Card,Delivered
O005144,CUST005145,R005144,2/21/2024,278,COD,Delivered
O005145,CUST005146,R005145,11/8/2025,1872,Card,Cancelled
O005146,CUST005147,R005146,3/13/2019,210,COD,Delivered
O005147,CUST005148,R005147,9/6/2021,1158,COD,Delivered
O005148,CUST005149,R005148,5/25/2025,1035,Wallet,Delivered
O005149,CUST005150,R005149,4/1/2022,618,COD,Delivered
O005150,CUST005151,R005150,7/9/2023,803,Wallet,Delivered
O005151,CUST005152,R005151,7/27/2019,1035,UPI,Delivered
O005152,CUST005153,R005152,6/13/2022,1317,Wallet,Delivered
O005153,CUST005154,R005153,8/6/2024,1364,UPI,Cancelled
O005154,CUST005155,R005154,1/9/2021,1745,UPI,Delivered
O005155,CUST005156,R005155,6/21/2020,790,Wallet,Delivered
O005156,CUST005157,R005156,3/4/2022,1551,Card,Delivered
O005157,CUST005158,R005157,6/16/2021,1796,UPI,Delivered
O005158,CUST005159,R005158,4/17/2025,254,UPI,Delivered
O005159,CUST005160,R005159,3/7/2019,1727,Card,Delivered
O005160,CUST005161,R005160,12/1/2023,1835,Card,Delivered
O005161,CUST005162,R005161,7/11/2022,651,Wallet,Delivered
O005162,CUST005163,R005162,6/3/2024,235,UPI,Delivered
O005163,CUST005164,R005163,9/21/2022,419,Wallet,Delivered
O005164,CUST005165,R005164,10/22/2020,651,COD,Delivered
O005165,CUST005166,R005165,11/8/2021,1989,COD,Delivered
O005166,CUST005167,R005166,4/28/2019,981,Wallet,Delivered
O005167,CUST005168,R005167,1/4/2020,1536,COD,Delivered
O005168,CUST005169,R005168,12/2/2020,897,Wallet,Delivered
O005169,CUST005170,R005169,2/27/2019,1211,COD,Delivered
O005170,CUST005171,R005170,7/12/2023,567,UPI,Delivered
O005171,CUST005172,R005171,4/11/2025,298,COD,Delivered
O005172,CUST005173,R005172,10/11/2021,1770,Wallet,Delivered
O005173,CUST005174,R005173,10/17/2021,1879,Card,Cancelled
O005174,CUST005175,R005174,6/13/2020,740,Card,Delivered
O005175,CUST005176,R005175,2/4/2020,1291,UPI,Delivered
O005176,CUST005177,R005176,1/21/2020,632,Wallet,Delivered
O005177,CUST005178,R005177,10/23/2020,695,UPI,Delivered
O005178,CUST005179,R005178,1/24/2024,799,COD,Delivered
O005179,CUST005180,R005179,7/1/2022,1069,COD,Delivered
O005180,CUST005181,R005180,5/4/2025,691,COD,Delivered
O005181,CUST005182,R005181,12/5/2025,941,UPI,Delivered
O005182,CUST005183,R005182,1/7/2024,1256,Card,Delivered
O005183,CUST005184,R005183,8/1/2024,611,Wallet,Delivered
O005184,CUST005185,R005184,8/12/2023,1858,Wallet,Delivered
O005185,CUST005186,R005185,10/12/2021,672,Wallet,Delivered
O005186,CUST005187,R005186,6/11/2023,1496,UPI,Delivered
O005187,CUST005188,R005187,6/7/2020,1734,UPI,Delivered
O005188,CUST005189,R005188,3/13/2020,1633,Wallet,Delivered
O005189,CUST005190,R005189,5/16/2023,292,UPI,Delivered
O005190,CUST005191,R005190,11/20/2022,1324,UPI,Delivered
O005191,CUST005192,R005191,12/18/2024,415,Wallet,Cancelled
O005192,CUST005193,R005192,6/22/2023,1702,Card,Delivered
O005193,CUST005194,R005193,2/14/2020,351,Card,Delivered
O005194,CUST005195,R005194,7/28/2020,732,Card,Cancelled
O005195,CUST005196,R005195,1/2/2024,1884,UPI,Delivered
O005196,CUST005197,R005196,3/23/2019,401,COD,Cancelled
O005197,CUST005198,R005197,1/7/2022,585,COD,Delivered
O005198,CUST005199,R005198,11/22/2021,824,COD,Delivered
O005199,CUST005200,R005199,10/8/2023,1112,COD,Delivered
O005200,CUST005201,R005200,2/1/2021,460,COD,Cancelled
O005201,CUST005202,R005201,12/10/2024,1250,Wallet,Delivered
O005202,CUST005203,R005202,2/18/2019,921,UPI,Delivered
O005203,CUST005204,R005203,8/1/2020,984,Wallet,Delivered
O005204,CUST005205,R005204,8/12/2019,1932,COD,Delivered
O005205,CUST005206,R005205,10/17/2020,795,COD,Delivered
O005206,CUST005207,R005206,10/8/2022,1063,Wallet,Delivered
O005207,CUST005208,R005207,2/23/2020,599,Wallet,Delivered
O005208,CUST005209,R005208,5/1/2021,1223,COD,Delivered
O005209,CUST005210,R005209,2/5/2020,1113,COD,Delivered
O005210,CUST005211,R005210,1/10/2020,1298,UPI,Delivered
O005211,CUST005212,R005211,5/4/2025,1536,Card,Delivered
O005212,CUST005213,R005212,2/26/2022,978,Wallet,Delivered
O005213,CUST005214,R005213,5/27/2019,1172,UPI,Delivered
O005214,CUST005215,R005214,2/21/2023,236,Wallet,Delivered
O005215,CUST005216,R005215,6/15/2021,1632,Card,Delivered
O005216,CUST005217,R005216,6/12/2019,1869,UPI,Delivered
O005217,CUST005218,R005217,2/23/2020,1798,COD,Delivered
O005218,CUST005219,R005218,10/14/2024,1998,UPI,Delivered
O005219,CUST005220,R005219,8/22/2019,679,UPI,Delivered
O005220,CUST005221,R005220,2/20/2024,214,COD,Delivered
O005221,CUST005222,R005221,4/24/2025,840,COD,Delivered
O005222,CUST005223,R005222,4/7/2022,1786,COD,Delivered
O005223,CUST005224,R005223,10/19/2019,391,Wallet,Delivered
O005224,CUST005225,R005224,1/26/2020,1157,COD,Delivered
O005225,CUST005226,R005225,4/7/2024,769,Wallet,Delivered
O005226,CUST005227,R005226,8/22/2021,833,Wallet,Delivered
O005227,CUST005228,R005227,2/15/2023,864,COD,Delivered
O005228,CUST005229,R005228,12/2/2022,1675,UPI,Delivered
O005229,CUST005230,R005229,3/7/2025,1486,COD,Delivered
O005230,CUST005231,R005230,12/7/2020,1415,Card,Delivered
O005231,CUST005232,R005231,5/9/2024,1658,Card,Delivered
O005232,CUST005233,R005232,4/23/2025,1481,UPI,Delivered
O005233,CUST005234,R005233,6/14/2021,1732,Card,Delivered
O005234,CUST005235,R005234,12/19/2020,631,Wallet,Delivered
O005235,CUST005236,R005235,9/17/2020,1402,Card,Delivered
O005236,CUST005237,R005236,1/14/2020,1951,Card,Delivered
O005237,CUST005238,R005237,9/23/2024,1785,Card,Delivered
O005238,CUST005239,R005238,12/2/2019,877,COD,Delivered
O005239,CUST005240,R005239,12/19/2021,449,Card,Delivered
O005240,CUST005241,R005240,3/25/2023,518,Wallet,Delivered
O005241,CUST005242,R005241,4/24/2019,1763,Wallet,Delivered
O005242,CUST005243,R005242,1/14/2023,642,COD,Delivered
O005243,CUST005244,R005243,8/8/2023,1634,Card,Cancelled
O005244,CUST005245,R005244,9/10/2022,1702,Wallet,Delivered
O005245,CUST005246,R005245,4/11/2022,1569,UPI,Delivered
O005246,CUST005247,R005246,9/7/2019,1776,UPI,Delivered
O005247,CUST005248,R005247,8/19/2023,1687,UPI,Cancelled
O005248,CUST005249,R005248,6/20/2025,1937,Card,Delivered
O005249,CUST005250,R005249,2/15/2020,1995,UPI,Cancelled
O005250,CUST005251,R005250,6/12/2020,1874,Card,Delivered
O005251,CUST005252,R005251,8/2/2022,921,UPI,Delivered
O005252,CUST005253,R005252,11/27/2019,1679,Card,Delivered
O005253,CUST005254,R005253,3/26/2023,562,COD,Delivered
O005254,CUST005255,R005254,3/25/2024,857,Wallet,Delivered
O005255,CUST005256,R005255,6/24/2021,302,Card,Cancelled
O005256,CUST005257,R005256,4/2/2025,1255,Wallet,Delivered
O005257,CUST005258,R005257,6/7/2019,429,COD,Cancelled
O005258,CUST005259,R005258,12/5/2024,1677,Wallet,Delivered
O005259,CUST005260,R005259,4/2/2019,547,Wallet,Delivered
O005260,CUST005261,R005260,2/1/2023,1346,Wallet,Delivered
O005261,CUST005262,R005261,3/14/2024,1728,COD,Delivered
O005262,CUST005263,R005262,4/16/2022,723,Wallet,Delivered
O005263,CUST005264,R005263,6/6/2020,1664,UPI,Delivered
O005264,CUST005265,R005264,11/25/2024,1592,Card,Delivered
O005265,CUST005266,R005265,1/8/2021,1295,UPI,Delivered
O005266,CUST005267,R005266,4/23/2025,179,Wallet,Cancelled
O005267,CUST005268,R005267,3/20/2024,1485,Card,Delivered
O005268,CUST005269,R005268,7/21/2023,345,Card,Delivered
O005269,CUST005270,R005269,3/25/2022,1927,COD,Cancelled
O005270,CUST005271,R005270,12/16/2019,221,Card,Delivered
O005271,CUST005272,R005271,12/28/2024,1294,Card,Delivered
O005272,CUST005273,R005272,5/3/2020,1535,COD,Cancelled
O005273,CUST005274,R005273,1/24/2020,963,COD,Delivered
O005274,CUST005275,R005274,6/9/2019,499,COD,Delivered
O005275,CUST005276,R005275,6/28/2021,1813,Card,Delivered
O005276,CUST005277,R005276,2/28/2022,852,Card,Delivered
O005277,CUST005278,R005277,12/6/2023,781,Wallet,Delivered
O005278,CUST005279,R005278,7/24/2020,1019,Wallet,Delivered
O005279,CUST005280,R005279,7/11/2022,423,COD,Delivered
O005280,CUST005281,R005280,1/23/2021,673,Wallet,Delivered
O005281,CUST005282,R005281,2/9/2024,1609,Card,Delivered
O005282,CUST005283,R005282,1/28/2019,1116,UPI,Delivered
O005283,CUST005284,R005283,10/5/2023,1354,UPI,Delivered
O005284,CUST005285,R005284,4/18/2022,1493,UPI,Delivered
O005285,CUST005286,R005285,10/6/2019,724,Wallet,Delivered
O005286,CUST005287,R005286,5/14/2019,152,Wallet,Delivered
O005287,CUST005288,R005287,7/12/2021,1589,Card,Delivered
O005288,CUST005289,R005288,1/17/2019,1969,UPI,Delivered
O005289,CUST005290,R005289,10/16/2022,1480,UPI,Delivered
O005290,CUST005291,R005290,5/15/2023,1776,COD,Delivered
O005291,CUST005292,R005291,7/19/2019,636,UPI,Delivered
O005292,CUST005293,R005292,8/21/2022,213,Card,Delivered
O005293,CUST005294,R005293,5/18/2020,333,Wallet,Delivered
O005294,CUST005295,R005294,10/4/2019,337,COD,Delivered
O005295,CUST005296,R005295,5/22/2019,732,Wallet,Delivered
O005296,CUST005297,R005296,6/27/2025,970,Card,Delivered
O005297,CUST005298,R005297,1/28/2025,1153,Wallet,Delivered
O005298,CUST005299,R005298,6/28/2021,876,Wallet,Delivered
O005299,CUST005300,R005299,5/9/2019,955,COD,Delivered
O005300,CUST005301,R005300,3/7/2022,1204,UPI,Delivered
O005301,CUST005302,R005301,5/11/2023,1760,COD,Delivered
O005302,CUST005303,R005302,11/26/2023,1141,UPI,Delivered
O005303,CUST005304,R005303,5/9/2023,1392,Wallet,Cancelled
O005304,CUST005305,R005304,8/16/2021,1258,Card,Cancelled
O005305,CUST005306,R005305,6/22/2019,1730,Card,Delivered
O005306,CUST005307,R005306,5/15/2022,1851,UPI,Delivered
O005307,CUST005308,R005307,3/14/2024,1898,Card,Delivered
O005308,CUST005309,R005308,1/16/2020,252,COD,Delivered
O005309,CUST005310,R005309,5/21/2020,1598,COD,Cancelled
O005310,CUST005311,R005310,9/22/2019,1373,Wallet,Delivered
O005311,CUST005312,R005311,1/23/2021,920,Card,Delivered
O005312,CUST005313,R005312,7/24/2022,1042,COD,Delivered
O005313,CUST005314,R005313,1/28/2022,1249,Wallet,Delivered
O005314,CUST005315,R005314,9/12/2021,915,Wallet,Delivered
O005315,CUST005316,R005315,6/9/2019,1185,UPI,Delivered
O005316,CUST005317,R005316,4/11/2021,1479,COD,Delivered
O005317,CUST005318,R005317,6/3/2020,1346,Card,Delivered
O005318,CUST005319,R005318,10/23/2024,365,Wallet,Delivered
O005319,CUST005320,R005319,1/15/2024,1181,UPI,Delivered
O005320,CUST005321,R005320,7/14/2022,1946,Card,Cancelled
O005321,CUST005322,R005321,8/18/2020,340,Card,Delivered
O005322,CUST005323,R005322,12/11/2023,1643,Card,Delivered
O005323,CUST005324,R005323,5/23/2022,989,Card,Delivered
O005324,CUST005325,R005324,10/27/2019,1548,Card,Delivered
O005325,CUST005326,R005325,5/25/2020,658,COD,Delivered
O005326,CUST005327,R005326,4/23/2024,1921,COD,Delivered
O005327,CUST005328,R005327,7/21/2019,532,COD,Delivered
O005328,CUST005329,R005328,2/3/2021,1467,Card,Delivered
O005329,CUST005330,R005329,8/5/2025,206,COD,Cancelled
O005330,CUST005331,R005330,9/26/2022,1137,UPI,Delivered
O005331,CUST005332,R005331,8/10/2024,1037,COD,Delivered
O005332,CUST005333,R005332,7/25/2025,796,UPI,Delivered
O005333,CUST005334,R005333,4/11/2019,1563,COD,Delivered
O005334,CUST005335,R005334,4/12/2022,969,UPI,Delivered
O005335,CUST005336,R005335,1/14/2023,1303,UPI,Delivered
O005336,CUST005337,R005336,1/17/2024,1655,UPI,Delivered
O005337,CUST005338,R005337,12/8/2021,1338,UPI,Delivered
O005338,CUST005339,R005338,12/20/2022,766,Wallet,Delivered
O005339,CUST005340,R005339,4/17/2024,1014,Card,Cancelled
O005340,CUST005341,R005340,10/16/2021,191,COD,Cancelled
O005341,CUST005342,R005341,12/25/2023,194,UPI,Delivered
O005342,CUST005343,R005342,7/17/2025,1724,Card,Delivered
O005343,CUST005344,R005343,8/21/2021,753,Card,Delivered
O005344,CUST005345,R005344,11/4/2019,653,COD,Delivered
O005345,CUST005346,R005345,1/27/2022,217,COD,Delivered
O005346,CUST005347,R005346,10/2/2023,225,Card,Delivered
O005347,CUST005348,R005347,12/18/2022,346,Wallet,Delivered
O005348,CUST005349,R005348,7/5/2020,1025,Card,Delivered
O005349,CUST005350,R005349,8/24/2021,1031,Wallet,Delivered
O005350,CUST005351,R005350,6/27/2025,759,Wallet,Delivered
O005351,CUST005352,R005351,3/13/2024,1155,COD,Delivered
O005352,CUST005353,R005352,8/23/2019,396,Wallet,Delivered
O005353,CUST005354,R005353,5/9/2020,1469,COD,Delivered
O005354,CUST005355,R005354,12/4/2025,1516,Card,Delivered
O005355,CUST005356,R005355,11/15/2020,1275,UPI,Delivered
O005356,CUST005357,R005356,3/11/2025,1141,UPI,Cancelled
O005357,CUST005358,R005357,4/10/2024,1407,Card,Delivered
O005358,CUST005359,R005358,7/18/2019,325,UPI,Delivered
O005359,CUST005360,R005359,3/12/2021,1786,UPI,Delivered
O005360,CUST005361,R005360,12/15/2024,1862,COD,Delivered
O005361,CUST005362,R005361,11/27/2024,1653,UPI,Delivered
O005362,CUST005363,R005362,2/10/2023,648,COD,Delivered
O005363,CUST005364,R005363,1/22/2025,376,Card,Delivered
O005364,CUST005365,R005364,4/23/2024,814,COD,Delivered
O005365,CUST005366,R005365,5/23/2022,1913,COD,Delivered
O005366,CUST005367,R005366,12/4/2022,371,COD,Delivered
O005367,CUST005368,R005367,11/26/2025,1132,UPI,Delivered
O005368,CUST005369,R005368,2/10/2022,1420,Card,Delivered
O005369,CUST005370,R005369,9/23/2021,801,UPI,Delivered
O005370,CUST005371,R005370,12/4/2019,1024,Wallet,Delivered
O005371,CUST005372,R005371,11/15/2019,953,Wallet,Delivered
O005372,CUST005373,R005372,10/6/2023,1402,UPI,Delivered
O005373,CUST005374,R005373,6/10/2020,1522,Wallet,Delivered
O005374,CUST005375,R005374,5/8/2024,1270,Card,Cancelled
O005375,CUST005376,R005375,8/12/2023,1643,Wallet,Delivered
O005376,CUST005377,R005376,8/16/2020,1003,UPI,Delivered
O005377,CUST005378,R005377,8/17/2021,605,Card,Delivered
O005378,CUST005379,R005378,8/18/2024,164,UPI,Delivered
O005379,CUST005380,R005379,10/13/2020,415,COD,Delivered
O005380,CUST005381,R005380,5/13/2019,1176,COD,Delivered
O005381,CUST005382,R005381,2/11/2022,576,Card,Delivered
O005382,CUST005383,R005382,8/25/2019,846,UPI,Delivered
O005383,CUST005384,R005383,4/6/2022,1112,Card,Delivered
O005384,CUST005385,R005384,1/2/2022,1176,UPI,Delivered
O005385,CUST005386,R005385,5/14/2023,1446,COD,Delivered
O005386,CUST005387,R005386,11/10/2024,852,Wallet,Delivered
O005387,CUST005388,R005387,8/9/2020,1358,Card,Delivered
O005388,CUST005389,R005388,12/13/2021,256,UPI,Cancelled
O005389,CUST005390,R005389,4/6/2020,1047,UPI,Delivered
O005390,CUST005391,R005390,12/18/2019,650,UPI,Delivered
O005391,CUST005392,R005391,9/22/2020,1220,Wallet,Delivered
O005392,CUST005393,R005392,9/14/2025,1975,Card,Delivered
O005393,CUST005394,R005393,6/13/2019,269,Card,Cancelled
O005394,CUST005395,R005394,8/20/2022,193,COD,Delivered
O005395,CUST005396,R005395,2/26/2019,637,Card,Delivered
O005396,CUST005397,R005396,11/28/2024,1740,UPI,Delivered
O005397,CUST005398,R005397,12/25/2019,836,Wallet,Delivered
O005398,CUST005399,R005398,11/1/2024,174,Card,Cancelled
O005399,CUST005400,R005399,8/20/2023,469,Wallet,Delivered
O005400,CUST005401,R005400,9/6/2022,968,COD,Delivered
O005401,CUST005402,R005401,11/8/2025,884,COD,Delivered
O005402,CUST005403,R005402,7/1/2022,708,Wallet,Delivered
O005403,CUST005404,R005403,12/12/2019,1278,Wallet,Delivered
O005404,CUST005405,R005404,3/3/2020,1010,UPI,Delivered
O005405,CUST005406,R005405,6/19/2022,1592,Wallet,Delivered
O005406,CUST005407,R005406,9/8/2021,941,UPI,Delivered
O005407,CUST005408,R005407,12/17/2022,1754,Card,Delivered
O005408,CUST005409,R005408,10/21/2020,1264,Card,Delivered
O005409,CUST005410,R005409,6/12/2019,1356,UPI,Delivered
O005410,CUST005411,R005410,8/19/2020,453,Card,Delivered
O005411,CUST005412,R005411,6/24/2024,325,UPI,Delivered
O005412,CUST005413,R005412,4/14/2024,1985,Card,Delivered
O005413,CUST005414,R005413,1/1/2019,1771,UPI,Delivered
O005414,CUST005415,R005414,5/17/2025,1975,Card,Delivered
O005415,CUST005416,R005415,1/3/2022,1972,UPI,Delivered
O005416,CUST005417,R005416,4/16/2023,515,Card,Delivered
O005417,CUST005418,R005417,10/19/2021,199,COD,Delivered
O005418,CUST005419,R005418,10/9/2021,1793,Card,Delivered
O005419,CUST005420,R005419,10/11/2023,130,COD,Delivered
O005420,CUST005421,R005420,7/6/2021,941,Card,Delivered
O005421,CUST005422,R005421,4/24/2021,988,Wallet,Delivered
O005422,CUST005423,R005422,5/28/2025,720,COD,Delivered
O005423,CUST005424,R005423,12/7/2024,654,Wallet,Delivered
O005424,CUST005425,R005424,3/27/2021,891,UPI,Delivered
O005425,CUST005426,R005425,1/10/2025,1218,Wallet,Delivered
O005426,CUST005427,R005426,10/4/2023,1004,UPI,Delivered
O005427,CUST005428,R005427,1/8/2022,1591,UPI,Delivered
O005428,CUST005429,R005428,1/19/2020,699,Wallet,Delivered
O005429,CUST005430,R005429,7/3/2019,131,UPI,Delivered
O005430,CUST005431,R005430,1/14/2023,1760,UPI,Delivered
O005431,CUST005432,R005431,8/19/2020,174,UPI,Delivered
O005432,CUST005433,R005432,6/6/2025,1641,Card,Delivered
O005433,CUST005434,R005433,11/28/2025,1744,Card,Cancelled
O005434,CUST005435,R005434,12/18/2023,605,Wallet,Delivered
O005435,CUST005436,R005435,7/2/2025,380,Wallet,Delivered
O005436,CUST005437,R005436,10/19/2025,270,COD,Delivered
O005437,CUST005438,R005437,2/21/2023,507,COD,Delivered
O005438,CUST005439,R005438,2/7/2020,1847,COD,Delivered
O005439,CUST005440,R005439,5/27/2023,620,Wallet,Delivered
O005440,CUST005441,R005440,9/2/2024,1250,COD,Cancelled
O005441,CUST005442,R005441,3/28/2023,742,COD,Delivered
O005442,CUST005443,R005442,2/25/2021,1126,COD,Delivered
O005443,CUST005444,R005443,1/8/2023,488,Wallet,Delivered
O005444,CUST005445,R005444,11/14/2021,1734,UPI,Cancelled
O005445,CUST005446,R005445,8/9/2022,1301,COD,Delivered
O005446,CUST005447,R005446,5/9/2025,1361,UPI,Delivered
O005447,CUST005448,R005447,10/5/2023,221,Card,Delivered
O005448,CUST005449,R005448,3/25/2020,1013,UPI,Delivered
O005449,CUST005450,R005449,9/14/2021,357,Wallet,Delivered
O005450,CUST005451,R005450,6/22/2021,552,UPI,Delivered
O005451,CUST005452,R005451,7/22/2022,655,COD,Delivered
O005452,CUST005453,R005452,9/27/2021,664,Card,Delivered
O005453,CUST005454,R005453,10/3/2025,580,COD,Delivered
O005454,CUST005455,R005454,2/1/2020,831,UPI,Delivered
O005455,CUST005456,R005455,5/5/2024,1170,Card,Delivered
O005456,CUST005457,R005456,8/26/2019,531,Wallet,Delivered
O005457,CUST005458,R005457,11/14/2021,1778,Wallet,Delivered
O005458,CUST005459,R005458,7/10/2019,457,COD,Delivered
O005459,CUST005460,R005459,1/10/2021,1449,UPI,Delivered
O005460,CUST005461,R005460,2/6/2021,1643,Card,Delivered
O005461,CUST005462,R005461,1/12/2025,1548,Wallet,Delivered
O005462,CUST005463,R005462,1/15/2019,149,UPI,Delivered
O005463,CUST005464,R005463,1/17/2021,1224,Wallet,Delivered
O005464,CUST005465,R005464,3/17/2023,309,COD,Cancelled
O005465,CUST005466,R005465,5/21/2024,1292,Card,Delivered
O005466,CUST005467,R005466,3/12/2019,197,Card,Delivered
O005467,CUST005468,R005467,7/26/2020,447,Card,Cancelled
O005468,CUST005469,R005468,8/28/2019,1842,UPI,Delivered
O005469,CUST005470,R005469,7/21/2021,322,COD,Delivered
O005470,CUST005471,R005470,7/9/2023,506,COD,Delivered
O005471,CUST005472,R005471,4/19/2025,739,Card,Delivered
O005472,CUST005473,R005472,4/5/2023,1065,COD,Delivered
O005473,CUST005474,R005473,1/1/2024,413,UPI,Delivered
O005474,CUST005475,R005474,1/9/2020,1165,Wallet,Delivered
O005475,CUST005476,R005475,7/16/2019,777,Wallet,Delivered
O005476,CUST005477,R005476,12/1/2022,840,COD,Delivered
O005477,CUST005478,R005477,3/12/2020,1826,Wallet,Delivered
O005478,CUST005479,R005478,1/15/2019,953,UPI,Delivered
O005479,CUST005480,R005479,3/7/2025,1714,UPI,Delivered
O005480,CUST005481,R005480,2/20/2022,1255,UPI,Delivered
O005481,CUST005482,R005481,10/9/2021,1885,Wallet,Delivered
O005482,CUST005483,R005482,10/16/2023,1883,COD,Delivered
O005483,CUST005484,R005483,5/23/2023,1218,UPI,Delivered
O005484,CUST005485,R005484,12/14/2019,1450,UPI,Cancelled
O005485,CUST005486,R005485,5/24/2025,887,Wallet,Delivered
O005486,CUST005487,R005486,1/26/2022,1126,UPI,Delivered
O005487,CUST005488,R005487,2/20/2024,1921,Wallet,Delivered
O005488,CUST005489,R005488,7/14/2024,1488,Card,Delivered
O005489,CUST005490,R005489,10/11/2022,1726,UPI,Cancelled
O005490,CUST005491,R005490,5/22/2019,1650,Card,Delivered
O005491,CUST005492,R005491,12/14/2021,1632,Card,Delivered
O005492,CUST005493,R005492,12/18/2024,568,UPI,Delivered
O005493,CUST005494,R005493,11/18/2021,1966,COD,Delivered
O005494,CUST005495,R005494,5/22/2020,697,COD,Delivered
O005495,CUST005496,R005495,10/6/2020,1706,Card,Delivered
O005496,CUST005497,R005496,12/21/2020,872,Wallet,Delivered
O005497,CUST005498,R005497,11/24/2020,1110,COD,Cancelled
O005498,CUST005499,R005498,11/5/2025,679,COD,Delivered
O005499,CUST005500,R005499,1/20/2021,742,Wallet,Delivered
O005500,CUST005501,R005500,10/15/2019,822,COD,Delivered
O005501,CUST005502,R005501,1/9/2019,1639,UPI,Delivered
O005502,CUST005503,R005502,6/5/2024,1343,Card,Delivered
O005503,CUST005504,R005503,7/6/2024,1266,UPI,Delivered
O005504,CUST005505,R005504,8/8/2023,1248,UPI,Cancelled
O005505,CUST005506,R005505,3/22/2021,1196,Wallet,Cancelled
O005506,CUST005507,R005506,2/13/2023,1627,Card,Delivered
O005507,CUST005508,R005507,4/17/2020,488,Wallet,Delivered
O005508,CUST005509,R005508,4/15/2020,1322,Card,Delivered
O005509,CUST005510,R005509,4/16/2024,1866,UPI,Delivered
O005510,CUST005511,R005510,2/19/2022,1739,Card,Delivered
O005511,CUST005512,R005511,6/28/2025,830,COD,Delivered
O005512,CUST005513,R005512,1/17/2023,363,Card,Delivered
O005513,CUST005514,R005513,12/24/2021,438,COD,Delivered
O005514,CUST005515,R005514,7/24/2020,1256,COD,Cancelled
O005515,CUST005516,R005515,7/8/2024,114,Card,Delivered
O005516,CUST005517,R005516,3/28/2019,925,UPI,Cancelled
O005517,CUST005518,R005517,5/2/2022,864,Wallet,Delivered
O005518,CUST005519,R005518,9/3/2022,1415,Wallet,Delivered
O005519,CUST005520,R005519,1/7/2023,1671,UPI,Cancelled
O005520,CUST005521,R005520,4/18/2025,1586,Wallet,Delivered
O005521,CUST005522,R005521,9/18/2020,148,Card,Delivered
O005522,CUST005523,R005522,8/16/2022,1911,Wallet,Cancelled
O005523,CUST005524,R005523,12/9/2024,1783,Card,Delivered
O005524,CUST005525,R005524,10/1/2023,873,UPI,Delivered
O005525,CUST005526,R005525,2/25/2023,1463,Card,Delivered
O005526,CUST005527,R005526,4/24/2019,483,COD,Delivered
O005527,CUST005528,R005527,3/24/2023,777,Wallet,Delivered
O005528,CUST005529,R005528,9/23/2021,152,Card,Cancelled
O005529,CUST005530,R005529,10/2/2019,1144,Card,Delivered
O005530,CUST005531,R005530,5/3/2020,1965,COD,Delivered
O005531,CUST005532,R005531,5/4/2025,1523,Wallet,Delivered
O005532,CUST005533,R005532,4/28/2021,398,Wallet,Delivered
O005533,CUST005534,R005533,12/27/2025,1203,Wallet,Delivered
O005534,CUST005535,R005534,12/13/2022,1709,COD,Delivered
O005535,CUST005536,R005535,2/18/2022,682,Wallet,Delivered
O005536,CUST005537,R005536,8/4/2025,1573,UPI,Delivered
O005537,CUST005538,R005537,2/23/2020,1502,UPI,Delivered
O005538,CUST005539,R005538,8/6/2023,1254,UPI,Delivered
O005539,CUST005540,R005539,11/19/2019,143,Wallet,Cancelled
O005540,CUST005541,R005540,11/19/2025,1405,COD,Delivered
O005541,CUST005542,R005541,6/20/2024,259,UPI,Delivered
O005542,CUST005543,R005542,6/24/2021,1773,Card,Cancelled
O005543,CUST005544,R005543,7/15/2025,1581,Card,Delivered
O005544,CUST005545,R005544,8/27/2019,1188,UPI,Delivered
O005545,CUST005546,R005545,2/2/2025,1392,COD,Delivered
O005546,CUST005547,R005546,8/22/2020,820,COD,Delivered
O005547,CUST005548,R005547,11/7/2022,611,COD,Delivered
O005548,CUST005549,R005548,3/28/2022,298,COD,Delivered
O005549,CUST005550,R005549,12/27/2024,1233,COD,Delivered
O005550,CUST005551,R005550,8/10/2021,1119,UPI,Delivered
O005551,CUST005552,R005551,8/28/2023,1362,Wallet,Delivered
O005552,CUST005553,R005552,12/16/2021,770,Card,Delivered
O005553,CUST005554,R005553,8/28/2020,637,Wallet,Delivered
O005554,CUST005555,R005554,5/8/2023,1393,Card,Delivered
O005555,CUST005556,R005555,7/27/2023,961,Wallet,Delivered
O005556,CUST005557,R005556,6/3/2024,943,Wallet,Delivered
O005557,CUST005558,R005557,4/15/2020,1388,UPI,Delivered
O005558,CUST005559,R005558,7/5/2022,625,UPI,Delivered
O005559,CUST005560,R005559,4/12/2024,1910,COD,Cancelled
O005560,CUST005561,R005560,9/10/2019,1694,Card,Cancelled
O005561,CUST005562,R005561,3/18/2023,1815,UPI,Cancelled
O005562,CUST005563,R005562,12/15/2023,1434,UPI,Delivered
O005563,CUST005564,R005563,4/14/2023,351,COD,Delivered
O005564,CUST005565,R005564,7/17/2022,550,UPI,Delivered
O005565,CUST005566,R005565,12/19/2025,133,Card,Delivered
O005566,CUST005567,R005566,8/17/2019,254,COD,Delivered
O005567,CUST005568,R005567,12/3/2023,295,Card,Delivered
O005568,CUST005569,R005568,8/21/2025,621,Wallet,Delivered
O005569,CUST005570,R005569,10/26/2021,560,Card,Delivered
O005570,CUST005571,R005570,2/27/2020,1005,Wallet,Delivered
O005571,CUST005572,R005571,6/28/2022,732,COD,Delivered
O005572,CUST005573,R005572,7/7/2019,680,COD,Delivered
O005573,CUST005574,R005573,1/5/2023,1354,UPI,Delivered
O005574,CUST005575,R005574,11/13/2025,1606,Card,Cancelled
O005575,CUST005576,R005575,10/24/2021,1051,UPI,Cancelled
O005576,CUST005577,R005576,12/8/2025,1350,Wallet,Delivered
O005577,CUST005578,R005577,6/12/2025,1222,UPI,Cancelled
O005578,CUST005579,R005578,9/16/2024,1651,UPI,Delivered
O005579,CUST005580,R005579,12/13/2019,1772,UPI,Delivered
O005580,CUST005581,R005580,6/12/2023,1812,Card,Delivered
O005581,CUST005582,R005581,12/16/2023,728,UPI,Delivered
O005582,CUST005583,R005582,2/21/2022,1232,UPI,Cancelled
O005583,CUST005584,R005583,2/21/2020,796,COD,Delivered
O005584,CUST005585,R005584,2/22/2024,348,UPI,Delivered
O005585,CUST005586,R005585,9/16/2021,470,Card,Delivered
O005586,CUST005587,R005586,4/28/2025,971,Wallet,Delivered
O005587,CUST005588,R005587,11/7/2024,805,Wallet,Delivered
O005588,CUST005589,R005588,4/28/2023,1094,UPI,Delivered
O005589,CUST005590,R005589,1/8/2025,1394,COD,Delivered
O005590,CUST005591,R005590,1/2/2022,1267,Card,Delivered
O005591,CUST005592,R005591,12/18/2020,329,Wallet,Delivered
O005592,CUST005593,R005592,4/14/2024,964,UPI,Delivered
O005593,CUST005594,R005593,6/13/2023,1856,Card,Delivered
O005594,CUST005595,R005594,4/16/2021,250,UPI,Delivered
O005595,CUST005596,R005595,7/8/2024,1276,UPI,Delivered
O005596,CUST005597,R005596,1/22/2025,883,UPI,Delivered
O005597,CUST005598,R005597,2/25/2022,1404,Card,Delivered
O005598,CUST005599,R005598,8/24/2019,515,Card,Delivered
O005599,CUST005600,R005599,10/21/2021,126,COD,Delivered
O005600,CUST005601,R005600,8/23/2021,420,COD,Delivered
O005601,CUST005602,R005601,12/1/2023,1181,Card,Delivered
O005602,CUST005603,R005602,9/3/2020,122,Card,Cancelled
O005603,CUST005604,R005603,1/24/2022,1057,UPI,Delivered
O005604,CUST005605,R005604,8/12/2022,957,COD,Delivered
O005605,CUST005606,R005605,1/24/2019,755,Wallet,Delivered
O005606,CUST005607,R005606,7/10/2025,1517,COD,Delivered
O005607,CUST005608,R005607,4/11/2021,878,Wallet,Delivered
O005608,CUST005609,R005608,2/12/2019,898,UPI,Delivered
O005609,CUST005610,R005609,5/17/2022,1511,UPI,Delivered
O005610,CUST005611,R005610,3/7/2022,1065,UPI,Delivered
O005611,CUST005612,R005611,7/19/2019,623,Wallet,Delivered
O005612,CUST005613,R005612,6/15/2022,1120,Card,Delivered
O005613,CUST005614,R005613,5/18/2019,1938,Card,Delivered
O005614,CUST005615,R005614,8/24/2025,1985,UPI,Delivered
O005615,CUST005616,R005615,1/13/2025,1683,Card,Delivered
O005616,CUST005617,R005616,9/18/2024,673,Card,Delivered
O005617,CUST005618,R005617,10/27/2025,573,COD,Delivered
O005618,CUST005619,R005618,3/25/2020,372,Wallet,Delivered
O005619,CUST005620,R005619,2/5/2025,244,Card,Delivered
O005620,CUST005621,R005620,5/21/2021,538,COD,Delivered
O005621,CUST005622,R005621,6/7/2023,1180,Card,Delivered
O005622,CUST005623,R005622,11/26/2022,889,Wallet,Delivered
O005623,CUST005624,R005623,3/2/2022,616,Wallet,Delivered
O005624,CUST005625,R005624,9/10/2023,1049,Card,Delivered
O005625,CUST005626,R005625,6/21/2020,540,UPI,Delivered
O005626,CUST005627,R005626,4/11/2023,1315,COD,Delivered
O005627,CUST005628,R005627,4/2/2025,1361,UPI,Cancelled
O005628,CUST005629,R005628,6/13/2022,1059,Wallet,Delivered
O005629,CUST005630,R005629,1/10/2021,1105,UPI,Delivered
O005630,CUST005631,R005630,2/4/2020,1328,Card,Delivered
O005631,CUST005632,R005631,1/15/2022,240,Wallet,Delivered
O005632,CUST005633,R005632,6/11/2020,1695,UPI,Delivered
O005633,CUST005634,R005633,7/12/2020,1815,Card,Delivered
O005634,CUST005635,R005634,8/26/2020,1612,UPI,Delivered
O005635,CUST005636,R005635,7/9/2024,505,COD,Delivered
O005636,CUST005637,R005636,9/20/2019,231,UPI,Delivered
O005637,CUST005638,R005637,3/22/2025,665,COD,Delivered
O005638,CUST005639,R005638,3/23/2022,157,COD,Delivered
O005639,CUST005640,R005639,11/6/2023,1987,COD,Delivered
O005640,CUST005641,R005640,11/24/2020,982,UPI,Cancelled
O005641,CUST005642,R005641,10/8/2019,1277,Card,Delivered
O005642,CUST005643,R005642,7/19/2021,722,Wallet,Delivered
O005643,CUST005644,R005643,9/27/2020,988,COD,Delivered
O005644,CUST005645,R005644,1/12/2024,911,Wallet,Delivered
O005645,CUST005646,R005645,3/5/2019,1311,Wallet,Delivered
O005646,CUST005647,R005646,8/8/2022,1432,COD,Delivered
O005647,CUST005648,R005647,5/7/2025,1229,UPI,Cancelled
O005648,CUST005649,R005648,4/11/2019,164,Wallet,Delivered
O005649,CUST005650,R005649,1/15/2023,860,UPI,Delivered
O005650,CUST005651,R005650,11/16/2020,457,Card,Delivered
O005651,CUST005652,R005651,3/17/2022,265,Wallet,Delivered
O005652,CUST005653,R005652,5/15/2023,1777,Card,Delivered
O005653,CUST005654,R005653,11/19/2024,642,Card,Delivered
O005654,CUST005655,R005654,6/2/2021,1906,UPI,Delivered
O005655,CUST005656,R005655,11/16/2021,339,Wallet,Delivered
O005656,CUST005657,R005656,5/22/2022,599,Card,Delivered
O005657,CUST005658,R005657,10/22/2019,955,UPI,Delivered
O005658,CUST005659,R005658,7/13/2023,1400,COD,Delivered
O005659,CUST005660,R005659,4/9/2025,762,Wallet,Delivered
O005660,CUST005661,R005660,9/8/2023,1272,UPI,Delivered
O005661,CUST005662,R005661,12/12/2024,176,Wallet,Delivered
O005662,CUST005663,R005662,10/3/2019,948,UPI,Delivered
O005663,CUST005664,R005663,7/17/2023,544,UPI,Delivered
O005664,CUST005665,R005664,12/20/2020,1320,Wallet,Delivered
O005665,CUST005666,R005665,5/16/2023,1821,Card,Cancelled
O005666,CUST005667,R005666,1/12/2021,1699,Card,Cancelled
O005667,CUST005668,R005667,7/18/2022,1994,COD,Cancelled
O005668,CUST005669,R005668,9/24/2019,556,Card,Delivered
O005669,CUST005670,R005669,5/22/2022,1655,UPI,Delivered
O005670,CUST005671,R005670,2/23/2024,746,Wallet,Delivered
O005671,CUST005672,R005671,7/7/2023,127,Card,Cancelled
O005672,CUST005673,R005672,4/19/2025,426,COD,Delivered
O005673,CUST005674,R005673,6/5/2020,889,COD,Delivered
O005674,CUST005675,R005674,8/6/2019,805,Card,Delivered
O005675,CUST005676,R005675,2/28/2019,564,Wallet,Delivered
O005676,CUST005677,R005676,10/12/2025,1172,Wallet,Delivered
O005677,CUST005678,R005677,2/2/2024,980,Wallet,Delivered
O005678,CUST005679,R005678,7/17/2025,1438,Wallet,Delivered
O005679,CUST005680,R005679,1/6/2021,792,UPI,Delivered
O005680,CUST005681,R005680,3/13/2024,1609,Card,Delivered
O005681,CUST005682,R005681,9/19/2023,1228,UPI,Delivered
O005682,CUST005683,R005682,3/6/2022,1315,Wallet,Delivered
O005683,CUST005684,R005683,2/17/2024,363,Card,Delivered
O005684,CUST005685,R005684,1/22/2025,234,UPI,Delivered
O005685,CUST005686,R005685,8/13/2022,1944,Card,Delivered
O005686,CUST005687,R005686,9/28/2022,1561,Card,Delivered
O005687,CUST005688,R005687,5/16/2024,422,COD,Delivered
O005688,CUST005689,R005688,4/1/2021,349,UPI,Cancelled
O005689,CUST005690,R005689,12/21/2020,788,COD,Delivered
O005690,CUST005691,R005690,10/25/2025,772,COD,Delivered
O005691,CUST005692,R005691,2/12/2025,1682,Card,Delivered
O005692,CUST005693,R005692,6/15/2021,1881,Card,Delivered
O005693,CUST005694,R005693,10/3/2023,798,Card,Delivered
O005694,CUST005695,R005694,6/22/2020,873,Wallet,Delivered
O005695,CUST005696,R005695,2/23/2019,504,COD,Delivered
O005696,CUST005697,R005696,2/5/2023,606,Wallet,Delivered
O005697,CUST005698,R005697,6/24/2024,801,UPI,Delivered
O005698,CUST005699,R005698,1/8/2021,1133,COD,Delivered
O005699,CUST005700,R005699,10/3/2024,924,Wallet,Delivered
O005700,CUST005701,R005700,12/4/2023,1554,UPI,Delivered
O005701,CUST005702,R005701,12/17/2022,593,Wallet,Delivered
O005702,CUST005703,R005702,10/1/2019,1879,Card,Delivered
O005703,CUST005704,R005703,1/13/2022,1861,Wallet,Delivered
O005704,CUST005705,R005704,4/18/2022,1795,UPI,Delivered
O005705,CUST005706,R005705,9/4/2022,1541,Card,Delivered
O005706,CUST005707,R005706,6/26/2025,1601,UPI,Delivered
O005707,CUST005708,R005707,6/16/2020,490,Wallet,Delivered
O005708,CUST005709,R005708,4/24/2021,294,Wallet,Delivered
O005709,CUST005710,R005709,4/15/2020,223,COD,Delivered
O005710,CUST005711,R005710,10/19/2019,461,Card,Delivered
O005711,CUST005712,R005711,6/5/2021,1761,Card,Delivered
O005712,CUST005713,R005712,6/25/2025,540,Wallet,Delivered
O005713,CUST005714,R005713,8/1/2020,1171,Card,Cancelled
O005714,CUST005715,R005714,1/27/2022,701,COD,Delivered
O005715,CUST005716,R005715,9/24/2019,1539,COD,Cancelled
O005716,CUST005717,R005716,9/7/2024,588,Wallet,Delivered
O005717,CUST005718,R005717,8/12/2019,1585,UPI,Cancelled
O005718,CUST005719,R005718,11/6/2024,1158,COD,Delivered
O005719,CUST005720,R005719,11/8/2023,1261,UPI,Delivered
O005720,CUST005721,R005720,12/3/2021,143,UPI,Delivered
O005721,CUST005722,R005721,8/19/2025,922,Wallet,Delivered
O005722,CUST005723,R005722,4/12/2022,1741,Card,Delivered
O005723,CUST005724,R005723,9/14/2019,1979,Wallet,Delivered
O005724,CUST005725,R005724,6/15/2021,1912,Card,Delivered
O005725,CUST005726,R005725,5/20/2021,156,Card,Delivered
O005726,CUST005727,R005726,4/24/2022,501,Card,Delivered
O005727,CUST005728,R005727,1/22/2022,746,Wallet,Delivered
O005728,CUST005729,R005728,3/4/2024,1059,COD,Delivered
O005729,CUST005730,R005729,2/23/2022,676,Wallet,Delivered
O005730,CUST005731,R005730,12/13/2024,1630,Wallet,Delivered
O005731,CUST005732,R005731,12/9/2020,313,COD,Delivered
O005732,CUST005733,R005732,3/8/2021,1305,UPI,Delivered
O005733,CUST005734,R005733,7/4/2021,1199,UPI,Delivered
O005734,CUST005735,R005734,10/6/2021,1438,Wallet,Delivered
O005735,CUST005736,R005735,12/13/2025,1959,UPI,Delivered
O005736,CUST005737,R005736,1/14/2023,1138,Wallet,Delivered
O005737,CUST005738,R005737,7/15/2021,229,Card,Delivered
O005738,CUST005739,R005738,2/3/2021,1256,UPI,Delivered
O005739,CUST005740,R005739,10/11/2023,117,Card,Delivered
O005740,CUST005741,R005740,10/25/2020,361,Card,Delivered
O005741,CUST005742,R005741,12/27/2022,1687,UPI,Delivered
O005742,CUST005743,R005742,3/20/2024,293,COD,Delivered
O005743,CUST005744,R005743,7/8/2024,401,COD,Delivered
O005744,CUST005745,R005744,6/18/2020,595,Card,Delivered
O005745,CUST005746,R005745,7/3/2025,921,Card,Delivered
O005746,CUST005747,R005746,3/27/2023,293,UPI,Delivered
O005747,CUST005748,R005747,5/1/2021,1054,Wallet,Delivered
O005748,CUST005749,R005748,10/15/2020,729,Wallet,Cancelled
O005749,CUST005750,R005749,8/26/2019,755,COD,Delivered
O005750,CUST005751,R005750,3/10/2022,1747,Wallet,Delivered
O005751,CUST005752,R005751,12/18/2020,873,UPI,Delivered
O005752,CUST005753,R005752,1/6/2025,1672,UPI,Delivered
O005753,CUST005754,R005753,2/19/2024,1033,UPI,Delivered
O005754,CUST005755,R005754,6/8/2022,1795,Wallet,Delivered
O005755,CUST005756,R005755,3/14/2024,1984,Wallet,Delivered
O005756,CUST005757,R005756,1/17/2024,1918,Card,Delivered
O005757,CUST005758,R005757,12/13/2023,255,Card,Delivered
O005758,CUST005759,R005758,2/7/2020,1550,Card,Delivered
O005759,CUST005760,R005759,1/8/2021,1811,UPI,Delivered
O005760,CUST005761,R005760,6/26/2023,670,Wallet,Delivered
O005761,CUST005762,R005761,11/24/2022,1441,Card,Delivered
O005762,CUST005763,R005762,5/9/2025,1511,UPI,Delivered
O005763,CUST005764,R005763,9/20/2019,1570,Card,Delivered
O005764,CUST005765,R005764,12/15/2024,1552,Card,Delivered
O005765,CUST005766,R005765,12/17/2019,483,UPI,Delivered
O005766,CUST005767,R005766,9/17/2021,1920,Card,Delivered
O005767,CUST005768,R005767,7/19/2019,650,COD,Delivered
O005768,CUST005769,R005768,11/4/2023,1812,Card,Delivered
O005769,CUST005770,R005769,9/20/2025,728,Wallet,Delivered
O005770,CUST005771,R005770,2/24/2021,967,Card,Cancelled
O005771,CUST005772,R005771,1/5/2022,404,COD,Delivered
O005772,CUST005773,R005772,3/18/2020,664,Wallet,Delivered
O005773,CUST005774,R005773,9/9/2019,667,COD,Delivered
O005774,CUST005775,R005774,2/7/2021,1485,UPI,Delivered
O005775,CUST005776,R005775,5/4/2024,1301,Card,Delivered
O005776,CUST005777,R005776,10/2/2020,1229,UPI,Delivered
O005777,CUST005778,R005777,4/9/2021,1168,Wallet,Cancelled
O005778,CUST005779,R005778,5/20/2020,1112,Wallet,Cancelled
O005779,CUST005780,R005779,9/12/2021,1536,Card,Delivered
O005780,CUST005781,R005780,8/16/2021,265,Wallet,Delivered
O005781,CUST005782,R005781,8/14/2025,1472,UPI,Delivered
O005782,CUST005783,R005782,5/14/2020,1723,UPI,Delivered
O005783,CUST005784,R005783,2/18/2021,1595,Card,Delivered
O005784,CUST005785,R005784,9/27/2024,680,Card,Delivered
O005785,CUST005786,R005785,2/13/2024,281,Card,Delivered
O005786,CUST005787,R005786,10/18/2019,328,Card,Delivered
O005787,CUST005788,R005787,11/21/2020,1102,Card,Delivered
O005788,CUST005789,R005788,7/5/2019,1929,Card,Delivered
O005789,CUST005790,R005789,1/27/2022,846,Wallet,Delivered
O005790,CUST005791,R005790,7/4/2023,829,COD,Delivered
O005791,CUST005792,R005791,3/1/2025,772,COD,Delivered
O005792,CUST005793,R005792,4/6/2023,1152,COD,Cancelled
O005793,CUST005794,R005793,12/10/2025,1068,Wallet,Delivered
O005794,CUST005795,R005794,4/8/2020,1580,Card,Delivered
O005795,CUST005796,R005795,12/9/2019,1811,UPI,Delivered
O005796,CUST005797,R005796,12/2/2022,1639,Card,Delivered
O005797,CUST005798,R005797,9/28/2024,724,UPI,Delivered
O005798,CUST005799,R005798,5/24/2022,1338,Card,Delivered
O005799,CUST005800,R005799,6/19/2022,372,COD,Delivered
O005800,CUST005801,R005800,11/23/2025,305,Wallet,Delivered
O005801,CUST005802,R005801,5/21/2025,1973,Card,Cancelled
O005802,CUST005803,R005802,5/28/2020,1065,Card,Delivered
O005803,CUST005804,R005803,3/5/2019,1885,COD,Delivered
O005804,CUST005805,R005804,2/2/2023,1481,COD,Delivered
O005805,CUST005806,R005805,5/7/2024,351,Wallet,Delivered
O005806,CUST005807,R005806,2/26/2021,1113,Wallet,Delivered
O005807,CUST005808,R005807,5/12/2023,1624,COD,Delivered
O005808,CUST005809,R005808,11/17/2025,538,COD,Delivered
O005809,CUST005810,R005809,8/3/2021,1299,UPI,Delivered
O005810,CUST005811,R005810,5/22/2019,1397,UPI,Delivered
O005811,CUST005812,R005811,3/5/2020,1128,UPI,Delivered
O005812,CUST005813,R005812,2/13/2024,1889,Wallet,Delivered
O005813,CUST005814,R005813,3/17/2022,1299,COD,Delivered
O005814,CUST005815,R005814,8/16/2020,160,UPI,Delivered
O005815,CUST005816,R005815,5/22/2019,1693,Card,Delivered
O005816,CUST005817,R005816,1/17/2019,1495,Card,Delivered
O005817,CUST005818,R005817,6/25/2020,1097,UPI,Delivered
O005818,CUST005819,R005818,4/28/2025,1869,COD,Delivered
O005819,CUST005820,R005819,8/21/2021,773,COD,Delivered
O005820,CUST005821,R005820,1/6/2025,525,COD,Delivered
O005821,CUST005822,R005821,7/26/2025,154,COD,Delivered
O005822,CUST005823,R005822,3/26/2023,1090,Card,Delivered
O005823,CUST005824,R005823,10/4/2024,1013,Wallet,Delivered
O005824,CUST005825,R005824,11/27/2022,1279,Wallet,Delivered
O005825,CUST005826,R005825,10/10/2021,616,COD,Delivered
O005826,CUST005827,R005826,8/26/2022,917,UPI,Delivered
O005827,CUST005828,R005827,1/13/2020,1678,Card,Delivered
O005828,CUST005829,R005828,6/4/2020,1352,Wallet,Delivered
O005829,CUST005830,R005829,5/11/2023,1155,Wallet,Delivered
O005830,CUST005831,R005830,2/19/2022,1298,Wallet,Delivered
O005831,CUST005832,R005831,2/9/2023,534,UPI,Delivered
O005832,CUST005833,R005832,8/9/2020,1867,Wallet,Cancelled
O005833,CUST005834,R005833,1/10/2024,1658,UPI,Delivered
O005834,CUST005835,R005834,11/17/2024,1735,UPI,Delivered
O005835,CUST005836,R005835,7/14/2020,1291,UPI,Cancelled
O005836,CUST005837,R005836,7/12/2023,201,Card,Delivered
O005837,CUST005838,R005837,7/16/2025,467,UPI,Delivered
O005838,CUST005839,R005838,3/14/2025,1750,Card,Delivered
O005839,CUST005840,R005839,12/14/2019,105,COD,Delivered
O005840,CUST005841,R005840,12/1/2025,151,Card,Delivered
O005841,CUST005842,R005841,8/27/2021,541,COD,Delivered
O005842,CUST005843,R005842,12/28/2022,519,Card,Delivered
O005843,CUST005844,R005843,8/25/2024,958,Wallet,Delivered
O005844,CUST005845,R005844,1/25/2022,641,COD,Delivered
O005845,CUST005846,R005845,5/6/2024,595,COD,Delivered
O005846,CUST005847,R005846,9/4/2019,1275,UPI,Cancelled
O005847,CUST005848,R005847,6/12/2024,1395,Card,Cancelled
O005848,CUST005849,R005848,1/23/2020,944,Wallet,Cancelled
O005849,CUST005850,R005849,12/7/2019,1195,COD,Delivered
O005850,CUST005851,R005850,2/10/2020,1096,UPI,Delivered
O005851,CUST005852,R005851,9/16/2025,1541,UPI,Delivered
O005852,CUST005853,R005852,3/9/2021,1665,UPI,Delivered
O005853,CUST005854,R005853,9/10/2019,1668,UPI,Delivered
O005854,CUST005855,R005854,2/14/2022,841,UPI,Delivered
O005855,CUST005856,R005855,12/22/2022,1147,UPI,Delivered
O005856,CUST005857,R005856,11/20/2019,574,COD,Delivered
O005857,CUST005858,R005857,12/20/2019,301,UPI,Delivered
O005858,CUST005859,R005858,10/15/2024,386,Card,Delivered
O005859,CUST005860,R005859,9/26/2019,892,Card,Delivered
O005860,CUST005861,R005860,2/6/2019,296,Card,Delivered
O005861,CUST005862,R005861,6/25/2024,561,Wallet,Delivered
O005862,CUST005863,R005862,7/1/2021,856,COD,Delivered
O005863,CUST005864,R005863,5/22/2025,713,UPI,Delivered
O005864,CUST005865,R005864,5/10/2020,1653,COD,Delivered
O005865,CUST005866,R005865,12/6/2025,820,UPI,Delivered
O005866,CUST005867,R005866,8/12/2024,1757,Card,Delivered
O005867,CUST005868,R005867,10/14/2025,362,UPI,Delivered
O005868,CUST005869,R005868,2/10/2025,1191,UPI,Delivered
O005869,CUST005870,R005869,4/20/2021,792,UPI,Delivered
O005870,CUST005871,R005870,5/21/2024,1358,Card,Cancelled
O005871,CUST005872,R005871,7/23/2020,474,Card,Delivered
O005872,CUST005873,R005872,11/19/2023,1947,COD,Delivered
O005873,CUST005874,R005873,12/22/2024,341,COD,Delivered
O005874,CUST005875,R005874,3/28/2022,1097,Card,Delivered
O005875,CUST005876,R005875,11/2/2024,1912,Card,Cancelled
O005876,CUST005877,R005876,4/23/2023,800,Wallet,Delivered
O005877,CUST005878,R005877,5/11/2020,808,COD,Delivered
O005878,CUST005879,R005878,2/22/2021,612,Wallet,Delivered
O005879,CUST005880,R005879,8/6/2024,1373,COD,Delivered
O005880,CUST005881,R005880,1/9/2020,1028,UPI,Delivered
O005881,CUST005882,R005881,5/14/2022,851,UPI,Delivered
O005882,CUST005883,R005882,12/15/2022,1421,UPI,Delivered
O005883,CUST005884,R005883,7/5/2022,974,UPI,Delivered
O005884,CUST005885,R005884,3/17/2021,581,Wallet,Delivered
O005885,CUST005886,R005885,5/14/2019,1607,Card,Delivered
O005886,CUST005887,R005886,8/16/2019,1859,Card,Delivered
O005887,CUST005888,R005887,3/23/2022,1900,UPI,Delivered
O005888,CUST005889,R005888,4/12/2024,1528,UPI,Delivered
O005889,CUST005890,R005889,8/18/2020,591,Card,Delivered
O005890,CUST005891,R005890,6/20/2020,469,COD,Delivered
O005891,CUST005892,R005891,8/23/2021,228,COD,Delivered
O005892,CUST005893,R005892,9/3/2025,100,Card,Delivered
O005893,CUST005894,R005893,3/19/2022,644,COD,Delivered
O005894,CUST005895,R005894,8/9/2024,895,Card,Delivered
O005895,CUST005896,R005895,5/24/2021,1081,Wallet,Delivered
O005896,CUST005897,R005896,3/27/2024,770,Wallet,Delivered
O005897,CUST005898,R005897,7/11/2025,1209,COD,Delivered
O005898,CUST005899,R005898,11/24/2019,701,Wallet,Delivered
O005899,CUST005900,R005899,3/11/2025,1279,COD,Delivered
O005900,CUST005901,R005900,8/4/2022,1319,UPI,Cancelled
O005901,CUST005902,R005901,11/12/2025,904,Wallet,Delivered
O005902,CUST005903,R005902,2/9/2024,980,UPI,Delivered
O005903,CUST005904,R005903,2/4/2021,1746,UPI,Delivered
O005904,CUST005905,R005904,9/15/2025,139,Wallet,Delivered
O005905,CUST005906,R005905,9/8/2023,1552,UPI,Delivered
O005906,CUST005907,R005906,9/9/2019,1922,Card,Delivered
O005907,CUST005908,R005907,6/28/2019,1458,UPI,Delivered
O005908,CUST005909,R005908,11/15/2025,457,COD,Delivered
O005909,CUST005910,R005909,12/19/2023,190,UPI,Delivered
O005910,CUST005911,R005910,3/20/2021,586,COD,Delivered
O005911,CUST005912,R005911,10/17/2025,1979,Card,Delivered
O005912,CUST005913,R005912,2/5/2023,1901,Card,Delivered
O005913,CUST005914,R005913,6/23/2021,935,Wallet,Cancelled
O005914,CUST005915,R005914,2/7/2020,1056,UPI,Delivered
O005915,CUST005916,R005915,12/18/2022,596,Wallet,Delivered
O005916,CUST005917,R005916,10/26/2023,839,COD,Delivered
O005917,CUST005918,R005917,8/9/2020,767,Wallet,Delivered
O005918,CUST005919,R005918,12/3/2025,1212,Wallet,Delivered
O005919,CUST005920,R005919,1/6/2019,1582,COD,Delivered
O005920,CUST005921,R005920,11/9/2019,1074,UPI,Delivered
O005921,CUST005922,R005921,8/9/2021,1975,Wallet,Delivered
O005922,CUST005923,R005922,8/13/2025,819,UPI,Delivered
O005923,CUST005924,R005923,10/15/2020,246,Card,Delivered
O005924,CUST005925,R005924,6/11/2019,184,Wallet,Delivered
O005925,CUST005926,R005925,4/14/2025,1692,UPI,Cancelled
O005926,CUST005927,R005926,2/18/2023,552,Card,Delivered
O005927,CUST005928,R005927,1/1/2020,1859,Wallet,Delivered
O005928,CUST005929,R005928,3/13/2024,261,COD,Delivered
O005929,CUST005930,R005929,2/20/2020,455,UPI,Delivered
O005930,CUST005931,R005930,6/21/2020,384,Wallet,Delivered
O005931,CUST005932,R005931,6/5/2025,829,Card,Delivered
O005932,CUST005933,R005932,4/1/2021,309,COD,Delivered
O005933,CUST005934,R005933,4/4/2025,734,UPI,Delivered
O005934,CUST005935,R005934,3/3/2023,1924,Wallet,Delivered
O005935,CUST005936,R005935,6/22/2023,863,UPI,Delivered
O005936,CUST005937,R005936,2/15/2025,464,Wallet,Delivered
O005937,CUST005938,R005937,1/13/2019,1284,Wallet,Delivered
O005938,CUST005939,R005938,8/15/2023,1780,Card,Delivered
O005939,CUST005940,R005939,8/11/2019,1609,Card,Delivered
O005940,CUST005941,R005940,3/17/2023,1902,Card,Delivered
O005941,CUST005942,R005941,2/23/2024,305,Card,Delivered
O005942,CUST005943,R005942,1/22/2025,1555,UPI,Cancelled
O005943,CUST005944,R005943,2/22/2023,603,Wallet,Delivered
O005944,CUST005945,R005944,10/6/2023,1878,Card,Delivered
O005945,CUST005946,R005945,3/17/2019,527,COD,Delivered
O005946,CUST005947,R005946,8/5/2023,778,COD,Delivered
O005947,CUST005948,R005947,7/5/2019,695,COD,Delivered
O005948,CUST005949,R005948,2/26/2021,479,Wallet,Delivered
O005949,CUST005950,R005949,1/10/2020,1092,Wallet,Delivered
O005950,CUST005951,R005950,11/24/2020,901,Wallet,Delivered
O005951,CUST005952,R005951,8/16/2022,1397,COD,Delivered
O005952,CUST005953,R005952,4/5/2021,1268,UPI,Delivered
O005953,CUST005954,R005953,7/11/2020,1519,UPI,Delivered
O005954,CUST005955,R005954,10/18/2019,1108,UPI,Delivered
O005955,CUST005956,R005955,11/3/2023,1172,Wallet,Delivered
O005956,CUST005957,R005956,5/17/2025,262,UPI,Cancelled
O005957,CUST005958,R005957,12/20/2019,129,UPI,Delivered
O005958,CUST005959,R005958,10/11/2021,144,Card,Cancelled
O005959,CUST005960,R005959,12/2/2023,1407,Card,Delivered
O005960,CUST005961,R005960,12/14/2019,316,COD,Delivered
O005961,CUST005962,R005961,8/28/2025,139,UPI,Delivered
O005962,CUST005963,R005962,7/19/2021,709,COD,Delivered
O005963,CUST005964,R005963,11/19/2019,692,COD,Delivered
O005964,CUST005965,R005964,4/10/2024,123,Card,Delivered
O005965,CUST005966,R005965,6/15/2024,361,Wallet,Delivered
O005966,CUST005967,R005966,10/6/2022,1179,Card,Delivered
O005967,CUST005968,R005967,7/27/2024,1216,COD,Delivered
O005968,CUST005969,R005968,12/28/2025,787,Card,Delivered
O005969,CUST005970,R005969,9/11/2022,463,Wallet,Delivered
O005970,CUST005971,R005970,5/24/2023,1219,UPI,Delivered
O005971,CUST005972,R005971,8/7/2025,1278,COD,Delivered
O005972,CUST005973,R005972,10/4/2020,769,Wallet,Delivered
O005973,CUST005974,R005973,8/2/2020,1405,UPI,Delivered
O005974,CUST005975,R005974,7/16/2024,514,Wallet,Delivered
O005975,CUST005976,R005975,6/8/2024,1843,Card,Delivered
O005976,CUST005977,R005976,11/7/2025,1819,Wallet,Cancelled
O005977,CUST005978,R005977,2/16/2023,1704,UPI,Delivered
O005978,CUST005979,R005978,5/3/2023,1451,UPI,Delivered
O005979,CUST005980,R005979,7/25/2019,1380,UPI,Delivered
O005980,CUST005981,R005980,2/16/2023,447,Wallet,Delivered
O005981,CUST005982,R005981,8/23/2024,150,Wallet,Delivered
O005982,CUST005983,R005982,7/14/2019,1981,COD,Delivered
O005983,CUST005984,R005983,4/18/2023,312,Card,Delivered
O005984,CUST005985,R005984,11/2/2020,1905,Card,Delivered
O005985,CUST005986,R005985,9/27/2024,429,COD,Delivered
O005986,CUST005987,R005986,9/27/2022,1022,Card,Delivered
O005987,CUST005988,R005987,5/25/2022,558,COD,Delivered
O005988,CUST005989,R005988,12/22/2019,1458,COD,Cancelled
O005989,CUST005990,R005989,10/2/2022,546,COD,Delivered
O005990,CUST005991,R005990,10/10/2025,1365,UPI,Delivered
O005991,CUST005992,R005991,10/3/2023,1068,COD,Delivered
O005992,CUST005993,R005992,12/6/2019,1175,Wallet,Delivered
O005993,CUST005994,R005993,6/10/2019,1965,UPI,Delivered
O005994,CUST005995,R005994,11/18/2019,823,COD,Delivered
O005995,CUST005996,R005995,11/11/2019,1597,Card,Delivered
O005996,CUST005997,R005996,12/13/2025,1829,Wallet,Delivered
O005997,CUST005998,R005997,11/13/2024,112,UPI,Delivered
O005998,CUST005999,R005998,5/22/2025,1947,UPI,Delivered
O005999,CUST006000,R005999,4/22/2022,1694,UPI,Delivered
O006000,CUST006001,R006000,1/19/2024,174,COD,Delivered
O006001,CUST006002,R006001,10/24/2023,551,Card,Delivered
O006002,CUST006003,R006002,4/11/2022,163,Wallet,Delivered
O006003,CUST006004,R006003,5/5/2025,1583,COD,Delivered
O006004,CUST006005,R006004,1/26/2025,266,COD,Delivered
O006005,CUST006006,R006005,1/7/2019,1220,Wallet,Delivered
O006006,CUST006007,R006006,8/3/2024,1120,UPI,Delivered
O006007,CUST006008,R006007,5/6/2020,1358,Wallet,Delivered
O006008,CUST006009,R006008,10/12/2024,1679,Wallet,Cancelled
O006009,CUST006010,R006009,1/13/2025,1028,Wallet,Delivered
O006010,CUST006011,R006010,3/14/2022,331,Card,Delivered
O006011,CUST006012,R006011,7/2/2021,1102,UPI,Delivered
O006012,CUST006013,R006012,5/10/2025,1912,Card,Delivered
O006013,CUST006014,R006013,3/21/2022,261,Card,Cancelled
O006014,CUST006015,R006014,2/25/2021,1608,Card,Delivered
O006015,CUST006016,R006015,4/14/2025,207,COD,Delivered
O006016,CUST006017,R006016,9/6/2023,310,COD,Delivered
O006017,CUST006018,R006017,4/17/2023,373,Card,Delivered
O006018,CUST006019,R006018,4/2/2021,880,Card,Delivered
O006019,CUST006020,R006019,8/25/2024,214,Wallet,Delivered
O006020,CUST006021,R006020,1/28/2022,974,Wallet,Delivered
O006021,CUST006022,R006021,9/14/2021,580,Wallet,Delivered
O006022,CUST006023,R006022,1/23/2025,645,Wallet,Delivered
O006023,CUST006024,R006023,10/9/2022,1892,COD,Delivered
O006024,CUST006025,R006024,1/16/2023,723,Wallet,Delivered
O006025,CUST006026,R006025,10/4/2022,1528,UPI,Delivered
O006026,CUST006027,R006026,4/18/2024,890,UPI,Delivered
O006027,CUST006028,R006027,7/6/2019,1440,Wallet,Delivered
O006028,CUST006029,R006028,12/9/2020,1768,Wallet,Delivered
O006029,CUST006030,R006029,4/15/2020,1827,Card,Delivered
O006030,CUST006031,R006030,12/11/2025,165,Card,Delivered
O006031,CUST006032,R006031,8/3/2020,1508,UPI,Delivered
O006032,CUST006033,R006032,9/7/2024,1774,Wallet,Delivered
O006033,CUST006034,R006033,10/25/2019,590,UPI,Cancelled
O006034,CUST006035,R006034,2/23/2021,197,COD,Delivered
O006035,CUST006036,R006035,6/20/2025,261,COD,Delivered
O006036,CUST006037,R006036,6/3/2023,619,UPI,Cancelled
O006037,CUST006038,R006037,10/26/2025,874,Card,Delivered
O006038,CUST006039,R006038,5/26/2024,340,UPI,Delivered
O006039,CUST006040,R006039,1/27/2022,1776,Card,Delivered
O006040,CUST006041,R006040,9/17/2025,245,COD,Delivered
O006041,CUST006042,R006041,12/27/2021,1765,Card,Cancelled
O006042,CUST006043,R006042,1/26/2025,682,Wallet,Delivered
O006043,CUST006044,R006043,6/21/2022,876,Card,Delivered
O006044,CUST006045,R006044,1/2/2024,318,Card,Delivered
O006045,CUST006046,R006045,2/18/2023,585,Wallet,Delivered
O006046,CUST006047,R006046,7/8/2025,457,COD,Delivered
O006047,CUST006048,R006047,8/6/2025,1444,UPI,Delivered
O006048,CUST006049,R006048,8/3/2024,1146,Card,Delivered
O006049,CUST006050,R006049,2/1/2023,1330,UPI,Delivered
O006050,CUST006051,R006050,12/9/2024,1064,COD,Delivered
O006051,CUST006052,R006051,1/17/2021,1012,Wallet,Delivered
O006052,CUST006053,R006052,4/9/2021,1392,Card,Delivered
O006053,CUST006054,R006053,6/14/2022,1762,Wallet,Delivered
O006054,CUST006055,R006054,6/8/2021,1382,UPI,Delivered
O006055,CUST006056,R006055,11/13/2025,298,UPI,Delivered
O006056,CUST006057,R006056,9/16/2023,1553,Card,Delivered
O006057,CUST006058,R006057,5/25/2021,600,Card,Delivered
O006058,CUST006059,R006058,10/12/2025,202,UPI,Delivered
O006059,CUST006060,R006059,5/17/2023,248,Card,Delivered
O006060,CUST006061,R006060,11/1/2020,1060,Card,Delivered
O006061,CUST006062,R006061,7/5/2023,1818,Card,Delivered
O006062,CUST006063,R006062,2/26/2024,947,Wallet,Delivered
O006063,CUST006064,R006063,12/3/2024,680,Card,Delivered
O006064,CUST006065,R006064,11/28/2021,627,COD,Delivered
O006065,CUST006066,R006065,3/4/2025,1052,COD,Delivered
O006066,CUST006067,R006066,1/8/2024,534,COD,Delivered
O006067,CUST006068,R006067,5/3/2021,1426,Wallet,Delivered
O006068,CUST006069,R006068,7/7/2020,1292,Wallet,Delivered
O006069,CUST006070,R006069,11/26/2019,1169,UPI,Cancelled
O006070,CUST006071,R006070,8/20/2023,261,COD,Delivered
O006071,CUST006072,R006071,12/19/2020,830,Card,Delivered
O006072,CUST006073,R006072,1/12/2025,1759,Card,Delivered
O006073,CUST006074,R006073,2/15/2024,215,COD,Delivered
O006074,CUST006075,R006074,9/20/2019,1863,Card,Cancelled
O006075,CUST006076,R006075,6/27/2020,1035,Card,Delivered
O006076,CUST006077,R006076,4/4/2022,1735,Card,Delivered
O006077,CUST006078,R006077,6/1/2019,1337,COD,Delivered
O006078,CUST006079,R006078,7/5/2023,208,COD,Delivered
O006079,CUST006080,R006079,2/24/2025,752,Wallet,Delivered
O006080,CUST006081,R006080,2/6/2019,1513,COD,Delivered
O006081,CUST006082,R006081,2/15/2020,447,COD,Delivered
O006082,CUST006083,R006082,8/1/2024,1214,UPI,Delivered
O006083,CUST006084,R006083,4/20/2019,1317,Wallet,Delivered
O006084,CUST006085,R006084,9/7/2023,917,UPI,Delivered
O006085,CUST006086,R006085,1/12/2025,1847,Wallet,Delivered
O006086,CUST006087,R006086,6/16/2021,1210,Card,Delivered
O006087,CUST006088,R006087,8/15/2019,1971,UPI,Delivered
O006088,CUST006089,R006088,1/21/2022,1842,UPI,Delivered
O006089,CUST006090,R006089,1/14/2024,1395,Card,Delivered
O006090,CUST006091,R006090,2/24/2021,954,UPI,Delivered
O006091,CUST006092,R006091,11/27/2023,1725,COD,Cancelled
O006092,CUST006093,R006092,10/19/2020,368,COD,Delivered
O006093,CUST006094,R006093,7/1/2025,240,COD,Cancelled
O006094,CUST006095,R006094,3/25/2020,108,Card,Delivered
O006095,CUST006096,R006095,7/23/2023,1005,Card,Delivered
O006096,CUST006097,R006096,10/2/2019,933,Wallet,Delivered
O006097,CUST006098,R006097,1/2/2020,1199,Wallet,Delivered
O006098,CUST006099,R006098,4/7/2020,575,COD,Delivered
O006099,CUST006100,R006099,3/25/2020,870,Card,Delivered
O006100,CUST006101,R006100,9/12/2021,1586,COD,Delivered
O006101,CUST006102,R006101,3/2/2024,1459,UPI,Delivered
O006102,CUST006103,R006102,2/11/2019,1012,UPI,Delivered
O006103,CUST006104,R006103,9/19/2021,1626,UPI,Delivered
O006104,CUST006105,R006104,5/8/2023,1379,Card,Delivered
O006105,CUST006106,R006105,2/13/2024,1885,Wallet,Delivered
O006106,CUST006107,R006106,12/10/2025,1932,UPI,Delivered
O006107,CUST006108,R006107,2/19/2020,1625,UPI,Delivered
O006108,CUST006109,R006108,10/18/2025,1248,UPI,Delivered
O006109,CUST006110,R006109,11/10/2025,121,Card,Delivered
O006110,CUST006111,R006110,1/18/2019,388,UPI,Delivered
O006111,CUST006112,R006111,10/13/2022,1665,UPI,Cancelled
O006112,CUST006113,R006112,10/14/2025,1958,COD,Delivered
O006113,CUST006114,R006113,12/28/2021,1830,Card,Cancelled
O006114,CUST006115,R006114,9/26/2023,648,COD,Delivered
O006115,CUST006116,R006115,5/27/2023,375,UPI,Delivered
O006116,CUST006117,R006116,7/21/2025,814,COD,Delivered
O006117,CUST006118,R006117,8/25/2023,536,Card,Delivered
O006118,CUST006119,R006118,7/4/2023,229,COD,Delivered
O006119,CUST006120,R006119,4/26/2022,1121,UPI,Cancelled
O006120,CUST006121,R006120,6/10/2019,1246,Card,Delivered
O006121,CUST006122,R006121,4/21/2024,865,Wallet,Delivered
O006122,CUST006123,R006122,2/5/2020,1683,COD,Delivered
O006123,CUST006124,R006123,1/12/2019,1017,UPI,Delivered
O006124,CUST006125,R006124,11/13/2023,1455,Wallet,Cancelled
O006125,CUST006126,R006125,7/8/2024,1575,Wallet,Delivered
O006126,CUST006127,R006126,5/10/2022,1622,UPI,Cancelled
O006127,CUST006128,R006127,4/21/2023,799,UPI,Delivered
O006128,CUST006129,R006128,1/21/2025,1003,UPI,Delivered
O006129,CUST006130,R006129,3/18/2022,430,COD,Delivered
O006130,CUST006131,R006130,3/19/2025,153,Wallet,Delivered
O006131,CUST006132,R006131,11/14/2021,1746,Card,Delivered
O006132,CUST006133,R006132,7/21/2024,780,Card,Delivered
O006133,CUST006134,R006133,11/4/2023,147,Card,Delivered
O006134,CUST006135,R006134,6/23/2019,482,COD,Delivered
O006135,CUST006136,R006135,1/27/2020,776,COD,Delivered
O006136,CUST006137,R006136,2/22/2019,670,Wallet,Delivered
O006137,CUST006138,R006137,3/8/2020,1606,Card,Delivered
O006138,CUST006139,R006138,8/5/2019,303,COD,Delivered
O006139,CUST006140,R006139,5/4/2021,1238,UPI,Delivered
O006140,CUST006141,R006140,10/7/2025,1427,UPI,Delivered
O006141,CUST006142,R006141,5/3/2025,663,UPI,Delivered
O006142,CUST006143,R006142,11/13/2024,650,UPI,Delivered
O006143,CUST006144,R006143,3/14/2025,1209,UPI,Delivered
O006144,CUST006145,R006144,10/21/2019,1964,Card,Delivered
O006145,CUST006146,R006145,7/22/2023,1836,Card,Delivered
O006146,CUST006147,R006146,8/20/2019,236,Card,Cancelled
O006147,CUST006148,R006147,7/26/2022,953,Card,Delivered
O006148,CUST006149,R006148,6/28/2025,1832,Card,Delivered
O006149,CUST006150,R006149,6/25/2019,715,Wallet,Delivered
O006150,CUST006151,R006150,2/9/2025,762,Card,Delivered
O006151,CUST006152,R006151,9/21/2020,391,Wallet,Delivered
O006152,CUST006153,R006152,9/5/2019,1287,COD,Delivered
O006153,CUST006154,R006153,10/8/2025,948,UPI,Delivered
O006154,CUST006155,R006154,3/11/2023,708,Wallet,Delivered
O006155,CUST006156,R006155,2/14/2020,1321,Wallet,Delivered
O006156,CUST006157,R006156,10/4/2022,868,UPI,Delivered
O006157,CUST006158,R006157,7/16/2024,171,Wallet,Delivered
O006158,CUST006159,R006158,1/8/2025,1453,Card,Delivered
O006159,CUST006160,R006159,7/15/2019,1753,Card,Delivered
O006160,CUST006161,R006160,10/21/2024,1625,UPI,Delivered
O006161,CUST006162,R006161,7/9/2020,1448,UPI,Delivered
O006162,CUST006163,R006162,2/19/2021,506,Card,Delivered
O006163,CUST006164,R006163,12/18/2023,378,COD,Delivered
O006164,CUST006165,R006164,10/22/2022,181,COD,Cancelled
O006165,CUST006166,R006165,9/28/2023,1959,Card,Delivered
O006166,CUST006167,R006166,4/17/2025,565,COD,Delivered
O006167,CUST006168,R006167,8/8/2023,815,Card,Delivered
O006168,CUST006169,R006168,8/23/2020,932,Wallet,Delivered
O006169,CUST006170,R006169,9/27/2025,484,Wallet,Delivered
O006170,CUST006171,R006170,10/11/2019,843,COD,Delivered
O006171,CUST006172,R006171,11/18/2023,547,UPI,Delivered
O006172,CUST006173,R006172,3/9/2021,1369,COD,Delivered
O006173,CUST006174,R006173,7/2/2025,1415,UPI,Delivered
O006174,CUST006175,R006174,5/12/2022,1109,Wallet,Delivered
O006175,CUST006176,R006175,2/14/2021,1178,Wallet,Delivered
O006176,CUST006177,R006176,6/5/2025,1895,UPI,Cancelled
O006177,CUST006178,R006177,2/16/2025,1949,Wallet,Delivered
O006178,CUST006179,R006178,5/8/2019,1336,UPI,Delivered
O006179,CUST006180,R006179,9/9/2020,1886,Card,Delivered
O006180,CUST006181,R006180,2/27/2020,1378,Wallet,Delivered
O006181,CUST006182,R006181,10/14/2019,308,Card,Delivered
O006182,CUST006183,R006182,3/18/2022,1937,UPI,Delivered
O006183,CUST006184,R006183,6/16/2020,220,COD,Delivered
O006184,CUST006185,R006184,6/16/2020,1872,Card,Delivered
O006185,CUST006186,R006185,10/2/2020,1757,Card,Delivered
O006186,CUST006187,R006186,1/21/2022,793,Wallet,Delivered
O006187,CUST006188,R006187,7/5/2024,1168,UPI,Delivered
O006188,CUST006189,R006188,1/20/2023,554,Wallet,Delivered
O006189,CUST006190,R006189,8/24/2019,1315,COD,Cancelled
O006190,CUST006191,R006190,8/7/2022,677,COD,Delivered
O006191,CUST006192,R006191,5/2/2025,1127,Wallet,Delivered
O006192,CUST006193,R006192,5/3/2022,1502,COD,Delivered
O006193,CUST006194,R006193,11/8/2022,1037,UPI,Delivered
O006194,CUST006195,R006194,11/8/2021,1870,Wallet,Delivered
O006195,CUST006196,R006195,3/12/2022,664,Wallet,Delivered
O006196,CUST006197,R006196,6/13/2022,1737,Card,Delivered
O006197,CUST006198,R006197,10/11/2024,1980,Wallet,Delivered
O006198,CUST006199,R006198,11/12/2020,1418,UPI,Cancelled
O006199,CUST006200,R006199,12/15/2022,409,Card,Delivered
O006200,CUST006201,R006200,3/27/2019,1965,Wallet,Delivered
O006201,CUST006202,R006201,5/14/2020,170,COD,Delivered
O006202,CUST006203,R006202,4/19/2020,409,Card,Delivered
O006203,CUST006204,R006203,1/17/2021,337,Wallet,Delivered
O006204,CUST006205,R006204,6/3/2020,743,Card,Delivered
O006205,CUST006206,R006205,9/28/2024,229,Card,Delivered
O006206,CUST006207,R006206,7/3/2024,655,Wallet,Delivered
O006207,CUST006208,R006207,6/3/2021,597,COD,Delivered
O006208,CUST006209,R006208,9/21/2022,324,Wallet,Delivered
O006209,CUST006210,R006209,10/8/2025,1527,COD,Delivered
O006210,CUST006211,R006210,6/5/2019,708,Wallet,Delivered
O006211,CUST006212,R006211,11/7/2020,1637,UPI,Delivered
O006212,CUST006213,R006212,4/10/2023,1508,Card,Cancelled
O006213,CUST006214,R006213,1/15/2024,151,UPI,Delivered
O006214,CUST006215,R006214,8/25/2025,215,UPI,Delivered
O006215,CUST006216,R006215,12/19/2023,1465,UPI,Delivered
O006216,CUST006217,R006216,9/20/2019,386,Wallet,Delivered
O006217,CUST006218,R006217,1/4/2020,1842,Card,Cancelled
O006218,CUST006219,R006218,11/16/2020,448,Card,Delivered
O006219,CUST006220,R006219,3/3/2020,699,Card,Delivered
O006220,CUST006221,R006220,10/4/2025,609,COD,Delivered
O006221,CUST006222,R006221,9/22/2024,368,Wallet,Delivered
O006222,CUST006223,R006222,10/9/2023,727,COD,Delivered
O006223,CUST006224,R006223,5/23/2020,752,Wallet,Delivered
O006224,CUST006225,R006224,9/15/2025,1252,COD,Delivered
O006225,CUST006226,R006225,2/3/2023,1124,UPI,Delivered
O006226,CUST006227,R006226,4/10/2019,1669,UPI,Delivered
O006227,CUST006228,R006227,8/19/2025,887,UPI,Delivered
O006228,CUST006229,R006228,6/1/2024,1081,Wallet,Delivered
O006229,CUST006230,R006229,2/14/2022,177,UPI,Cancelled
O006230,CUST006231,R006230,7/13/2020,1951,UPI,Delivered
O006231,CUST006232,R006231,6/11/2020,108,Card,Delivered
O006232,CUST006233,R006232,3/28/2022,1364,Card,Delivered
O006233,CUST006234,R006233,12/13/2021,225,Card,Cancelled
O006234,CUST006235,R006234,4/27/2019,1886,UPI,Cancelled
O006235,CUST006236,R006235,7/18/2021,343,COD,Delivered
O006236,CUST006237,R006236,8/18/2022,411,COD,Delivered
O006237,CUST006238,R006237,8/9/2020,1881,Card,Delivered
O006238,CUST006239,R006238,8/13/2023,218,Wallet,Delivered
O006239,CUST006240,R006239,4/4/2019,1286,Card,Delivered
O006240,CUST006241,R006240,9/1/2025,1104,Wallet,Delivered
O006241,CUST006242,R006241,5/24/2020,740,COD,Delivered
O006242,CUST006243,R006242,9/9/2024,806,Wallet,Delivered
O006243,CUST006244,R006243,5/28/2019,1567,Card,Delivered
O006244,CUST006245,R006244,2/8/2019,1625,Card,Delivered
O006245,CUST006246,R006245,12/10/2024,981,Wallet,Delivered
O006246,CUST006247,R006246,7/7/2022,1359,UPI,Delivered
O006247,CUST006248,R006247,4/21/2019,360,COD,Delivered
O006248,CUST006249,R006248,7/6/2020,1438,UPI,Delivered
O006249,CUST006250,R006249,3/6/2023,1675,Wallet,Delivered
O006250,CUST006251,R006250,1/13/2024,1605,UPI,Delivered
O006251,CUST006252,R006251,11/1/2020,1308,UPI,Delivered
O006252,CUST006253,R006252,8/23/2025,1486,Wallet,Delivered
O006253,CUST006254,R006253,10/17/2021,293,Wallet,Delivered
O006254,CUST006255,R006254,4/21/2019,1831,Wallet,Delivered
O006255,CUST006256,R006255,6/12/2019,1939,COD,Delivered
O006256,CUST006257,R006256,5/16/2025,232,Card,Delivered
O006257,CUST006258,R006257,10/24/2020,1826,Card,Delivered
O006258,CUST006259,R006258,12/26/2023,344,COD,Delivered
O006259,CUST006260,R006259,6/24/2019,975,Card,Delivered
O006260,CUST006261,R006260,8/25/2023,510,COD,Delivered
O006261,CUST006262,R006261,9/21/2024,1054,COD,Delivered
O006262,CUST006263,R006262,11/28/2025,403,COD,Delivered
O006263,CUST006264,R006263,5/10/2024,1221,UPI,Delivered
O006264,CUST006265,R006264,8/3/2022,962,COD,Delivered
O006265,CUST006266,R006265,10/4/2020,1146,Wallet,Delivered
O006266,CUST006267,R006266,6/11/2022,1811,UPI,Delivered
O006267,CUST006268,R006267,3/16/2019,732,COD,Delivered
O006268,CUST006269,R006268,2/7/2021,1555,Card,Delivered
O006269,CUST006270,R006269,11/11/2020,1793,UPI,Delivered
O006270,CUST006271,R006270,8/7/2020,1934,UPI,Delivered
O006271,CUST006272,R006271,12/21/2023,1862,UPI,Delivered
O006272,CUST006273,R006272,7/21/2021,1603,UPI,Delivered
O006273,CUST006274,R006273,12/19/2020,127,COD,Delivered
O006274,CUST006275,R006274,6/23/2019,1726,Card,Delivered
O006275,CUST006276,R006275,9/10/2023,1921,Card,Delivered
O006276,CUST006277,R006276,1/4/2019,1011,Card,Delivered
O006277,CUST006278,R006277,12/25/2019,1590,Card,Delivered
O006278,CUST006279,R006278,1/27/2022,937,COD,Delivered
O006279,CUST006280,R006279,1/6/2022,582,UPI,Delivered
O006280,CUST006281,R006280,9/25/2019,781,COD,Delivered
O006281,CUST006282,R006281,10/4/2025,1599,Wallet,Delivered
O006282,CUST006283,R006282,3/12/2025,949,Wallet,Delivered
O006283,CUST006284,R006283,11/9/2023,121,Card,Delivered
O006284,CUST006285,R006284,9/28/2020,1060,UPI,Delivered
O006285,CUST006286,R006285,10/8/2021,1821,UPI,Cancelled
O006286,CUST006287,R006286,4/19/2025,171,UPI,Delivered
O006287,CUST006288,R006287,2/24/2022,1247,Card,Delivered
O006288,CUST006289,R006288,8/11/2021,107,COD,Delivered
O006289,CUST006290,R006289,1/5/2019,166,Card,Delivered
O006290,CUST006291,R006290,7/15/2022,225,Card,Delivered
O006291,CUST006292,R006291,9/28/2024,981,UPI,Delivered
O006292,CUST006293,R006292,3/27/2020,625,Wallet,Cancelled
O006293,CUST006294,R006293,5/26/2019,869,Wallet,Delivered
O006294,CUST006295,R006294,9/11/2023,501,COD,Cancelled
O006295,CUST006296,R006295,12/21/2023,565,COD,Delivered
O006296,CUST006297,R006296,7/3/2025,1806,COD,Delivered
O006297,CUST006298,R006297,6/9/2022,676,Wallet,Delivered
O006298,CUST006299,R006298,1/3/2023,1482,Wallet,Delivered
O006299,CUST006300,R006299,9/16/2025,800,UPI,Delivered
O006300,CUST006301,R006300,8/5/2022,1354,Wallet,Delivered
O006301,CUST006302,R006301,12/8/2023,1624,Wallet,Delivered
O006302,CUST006303,R006302,2/14/2019,1728,Card,Delivered
O006303,CUST006304,R006303,7/10/2022,1786,COD,Delivered
O006304,CUST006305,R006304,12/1/2019,1609,UPI,Delivered
O006305,CUST006306,R006305,5/9/2022,1620,COD,Delivered
O006306,CUST006307,R006306,12/21/2021,486,UPI,Cancelled
O006307,CUST006308,R006307,1/21/2021,161,COD,Delivered
O006308,CUST006309,R006308,1/18/2025,181,COD,Delivered
O006309,CUST006310,R006309,11/25/2021,533,COD,Cancelled
O006310,CUST006311,R006310,12/24/2024,784,COD,Delivered
O006311,CUST006312,R006311,1/26/2023,1098,Card,Delivered
O006312,CUST006313,R006312,10/26/2025,464,Wallet,Delivered
O006313,CUST006314,R006313,12/27/2019,971,Wallet,Delivered
O006314,CUST006315,R006314,2/10/2025,527,UPI,Delivered
O006315,CUST006316,R006315,2/9/2019,539,COD,Delivered
O006316,CUST006317,R006316,10/5/2024,770,Card,Delivered
O006317,CUST006318,R006317,8/27/2020,463,Card,Delivered
O006318,CUST006319,R006318,7/19/2021,431,Wallet,Delivered
O006319,CUST006320,R006319,11/6/2025,308,COD,Delivered
O006320,CUST006321,R006320,4/4/2020,1300,UPI,Cancelled
O006321,CUST006322,R006321,6/1/2019,936,Card,Delivered
O006322,CUST006323,R006322,11/23/2019,1289,Wallet,Delivered
O006323,CUST006324,R006323,6/7/2021,973,COD,Delivered
O006324,CUST006325,R006324,8/14/2021,920,Wallet,Delivered
O006325,CUST006326,R006325,8/9/2019,1351,UPI,Delivered
O006326,CUST006327,R006326,9/11/2025,1727,Wallet,Delivered
O006327,CUST006328,R006327,6/7/2020,1238,UPI,Cancelled
O006328,CUST006329,R006328,2/12/2024,149,UPI,Delivered
O006329,CUST006330,R006329,8/15/2025,1399,Card,Delivered
O006330,CUST006331,R006330,8/24/2022,571,UPI,Delivered
O006331,CUST006332,R006331,2/14/2021,1992,UPI,Delivered
O006332,CUST006333,R006332,5/15/2025,1999,Card,Delivered
O006333,CUST006334,R006333,3/26/2022,916,Card,Cancelled
O006334,CUST006335,R006334,9/3/2021,1739,Card,Cancelled
O006335,CUST006336,R006335,6/18/2025,906,Wallet,Delivered
O006336,CUST006337,R006336,2/1/2023,632,COD,Delivered
O006337,CUST006338,R006337,2/26/2023,537,COD,Delivered
O006338,CUST006339,R006338,4/3/2021,968,COD,Cancelled
O006339,CUST006340,R006339,2/7/2025,454,COD,Delivered
O006340,CUST006341,R006340,9/2/2022,1389,Wallet,Delivered
O006341,CUST006342,R006341,6/6/2021,821,Wallet,Delivered
O006342,CUST006343,R006342,2/24/2025,1016,UPI,Delivered
O006343,CUST006344,R006343,8/19/2022,362,COD,Delivered
O006344,CUST006345,R006344,4/16/2023,724,Wallet,Delivered
O006345,CUST006346,R006345,4/10/2022,1659,UPI,Delivered
O006346,CUST006347,R006346,9/13/2024,1545,Card,Delivered
O006347,CUST006348,R006347,6/12/2019,1356,UPI,Delivered
O006348,CUST006349,R006348,7/15/2020,521,Card,Delivered
O006349,CUST006350,R006349,6/24/2021,1261,Card,Cancelled
O006350,CUST006351,R006350,5/21/2025,1116,COD,Delivered
O006351,CUST006352,R006351,4/26/2021,123,COD,Delivered
O006352,CUST006353,R006352,4/23/2021,672,COD,Delivered
O006353,CUST006354,R006353,9/3/2022,1433,Card,Delivered
O006354,CUST006355,R006354,12/14/2019,342,Wallet,Delivered
O006355,CUST006356,R006355,3/28/2021,1103,UPI,Delivered
O006356,CUST006357,R006356,12/19/2020,1417,Wallet,Delivered
O006357,CUST006358,R006357,7/6/2021,768,UPI,Delivered
O006358,CUST006359,R006358,8/11/2020,1704,Wallet,Cancelled
O006359,CUST006360,R006359,12/14/2020,1633,Card,Delivered
O006360,CUST006361,R006360,10/13/2024,1609,UPI,Delivered
O006361,CUST006362,R006361,7/15/2020,1752,UPI,Delivered
O006362,CUST006363,R006362,8/11/2024,1305,Card,Delivered
O006363,CUST006364,R006363,1/22/2021,907,Wallet,Delivered
O006364,CUST006365,R006364,1/14/2024,1683,Card,Delivered
O006365,CUST006366,R006365,3/17/2023,288,COD,Delivered
O006366,CUST006367,R006366,10/27/2024,161,COD,Cancelled
O006367,CUST006368,R006367,9/24/2024,1860,Card,Delivered
O006368,CUST006369,R006368,6/23/2023,719,COD,Delivered
O006369,CUST006370,R006369,9/1/2022,1077,COD,Delivered
O006370,CUST006371,R006370,3/28/2023,1051,Wallet,Delivered
O006371,CUST006372,R006371,8/5/2020,432,COD,Delivered
O006372,CUST006373,R006372,6/23/2020,725,Card,Delivered
O006373,CUST006374,R006373,9/8/2021,1226,COD,Delivered
O006374,CUST006375,R006374,1/25/2020,1413,Wallet,Delivered
O006375,CUST006376,R006375,1/8/2024,922,UPI,Delivered
O006376,CUST006377,R006376,9/16/2023,1540,UPI,Delivered
O006377,CUST006378,R006377,8/7/2020,1299,Card,Delivered
O006378,CUST006379,R006378,6/12/2025,1850,Wallet,Delivered
O006379,CUST006380,R006379,7/9/2022,1853,Card,Delivered
O006380,CUST006381,R006380,5/18/2019,1967,UPI,Delivered
O006381,CUST006382,R006381,3/17/2021,1522,Card,Delivered
O006382,CUST006383,R006382,5/23/2024,694,COD,Delivered
O006383,CUST006384,R006383,9/23/2023,711,Wallet,Delivered
O006384,CUST006385,R006384,6/17/2020,1948,UPI,Delivered
O006385,CUST006386,R006385,10/18/2024,1815,COD,Delivered
O006386,CUST006387,R006386,2/26/2020,1427,Card,Delivered
O006387,CUST006388,R006387,6/21/2024,601,COD,Delivered
O006388,CUST006389,R006388,7/25/2023,153,UPI,Delivered
O006389,CUST006390,R006389,3/19/2022,729,COD,Delivered
O006390,CUST006391,R006390,8/23/2019,457,Card,Delivered
O006391,CUST006392,R006391,9/1/2022,149,COD,Delivered
O006392,CUST006393,R006392,2/25/2021,1079,Wallet,Delivered
O006393,CUST006394,R006393,6/9/2020,1199,Card,Delivered
O006394,CUST006395,R006394,12/20/2025,711,Wallet,Delivered
O006395,CUST006396,R006395,7/4/2021,1784,COD,Delivered
O006396,CUST006397,R006396,9/11/2022,911,UPI,Delivered
O006397,CUST006398,R006397,10/13/2019,1180,Wallet,Cancelled
O006398,CUST006399,R006398,9/6/2023,1432,Wallet,Delivered
O006399,CUST006400,R006399,11/7/2025,1218,UPI,Delivered
O006400,CUST006401,R006400,2/15/2019,644,Wallet,Delivered
O006401,CUST006402,R006401,11/19/2020,956,Wallet,Delivered
O006402,CUST006403,R006402,6/14/2024,389,COD,Delivered
O006403,CUST006404,R006403,7/17/2019,1974,UPI,Delivered
O006404,CUST006405,R006404,7/12/2022,1666,Card,Delivered
O006405,CUST006406,R006405,6/20/2025,695,Card,Delivered
O006406,CUST006407,R006406,9/4/2022,1828,Card,Delivered
O006407,CUST006408,R006407,1/22/2019,371,Wallet,Delivered
O006408,CUST006409,R006408,3/26/2022,882,Card,Delivered
O006409,CUST006410,R006409,11/20/2024,527,Wallet,Delivered
O006410,CUST006411,R006410,6/7/2021,1463,Card,Cancelled
O006411,CUST006412,R006411,4/1/2023,203,COD,Delivered
O006412,CUST006413,R006412,7/2/2020,877,Wallet,Delivered
O006413,CUST006414,R006413,9/1/2025,1272,Wallet,Cancelled
O006414,CUST006415,R006414,5/1/2020,573,Wallet,Delivered
O006415,CUST006416,R006415,10/11/2024,1907,Wallet,Delivered
O006416,CUST006417,R006416,11/12/2020,744,Wallet,Delivered
O006417,CUST006418,R006417,9/17/2021,1457,UPI,Cancelled
O006418,CUST006419,R006418,2/14/2020,1324,Card,Delivered
O006419,CUST006420,R006419,6/13/2020,145,Card,Cancelled
O006420,CUST006421,R006420,9/17/2020,906,Card,Delivered
O006421,CUST006422,R006421,10/27/2022,1982,Card,Delivered
O006422,CUST006423,R006422,8/24/2022,572,Wallet,Delivered
O006423,CUST006424,R006423,2/8/2024,618,Card,Delivered
O006424,CUST006425,R006424,11/19/2019,241,COD,Delivered
O006425,CUST006426,R006425,3/3/2020,921,COD,Delivered
O006426,CUST006427,R006426,8/3/2023,1361,UPI,Delivered
O006427,CUST006428,R006427,7/9/2023,617,Wallet,Delivered
O006428,CUST006429,R006428,3/12/2022,1236,Wallet,Delivered
O006429,CUST006430,R006429,4/28/2024,788,UPI,Delivered
O006430,CUST006431,R006430,8/18/2019,135,COD,Cancelled
O006431,CUST006432,R006431,8/7/2022,1412,UPI,Delivered
O006432,CUST006433,R006432,10/14/2025,1662,Card,Delivered
O006433,CUST006434,R006433,2/20/2020,1534,UPI,Delivered
O006434,CUST006435,R006434,4/9/2023,1599,Wallet,Delivered
O006435,CUST006436,R006435,3/19/2022,232,UPI,Delivered
O006436,CUST006437,R006436,8/17/2024,234,Card,Delivered
O006437,CUST006438,R006437,9/21/2023,1933,COD,Delivered
O006438,CUST006439,R006438,11/25/2022,1550,Card,Delivered
O006439,CUST006440,R006439,6/12/2021,454,Wallet,Delivered
O006440,CUST006441,R006440,10/4/2025,709,Card,Delivered
O006441,CUST006442,R006441,4/21/2024,852,Wallet,Delivered
O006442,CUST006443,R006442,4/25/2019,405,Wallet,Delivered
O006443,CUST006444,R006443,8/12/2019,764,COD,Delivered
O006444,CUST006445,R006444,9/17/2023,1027,Wallet,Delivered
O006445,CUST006446,R006445,3/8/2024,1322,COD,Delivered
O006446,CUST006447,R006446,8/1/2021,1325,UPI,Delivered
O006447,CUST006448,R006447,10/10/2023,1215,Wallet,Delivered
O006448,CUST006449,R006448,11/13/2024,1034,UPI,Delivered
O006449,CUST006450,R006449,7/12/2021,1795,UPI,Cancelled
O006450,CUST006451,R006450,5/15/2025,184,Wallet,Delivered
O006451,CUST006452,R006451,1/9/2020,1166,UPI,Delivered
O006452,CUST006453,R006452,2/6/2023,1971,Card,Delivered
O006453,CUST006454,R006453,7/28/2022,1338,Wallet,Delivered
O006454,CUST006455,R006454,7/16/2019,273,Card,Delivered
O006455,CUST006456,R006455,4/19/2019,1857,UPI,Delivered
O006456,CUST006457,R006456,12/18/2021,134,Card,Delivered
O006457,CUST006458,R006457,4/14/2021,1782,UPI,Delivered
O006458,CUST006459,R006458,9/27/2021,1711,Card,Delivered
O006459,CUST006460,R006459,1/20/2023,746,Wallet,Delivered
O006460,CUST006461,R006460,9/4/2020,1082,UPI,Delivered
O006461,CUST006462,R006461,5/19/2019,410,Wallet,Delivered
O006462,CUST006463,R006462,11/23/2025,1172,Card,Delivered
O006463,CUST006464,R006463,10/6/2020,572,COD,Delivered
O006464,CUST006465,R006464,7/28/2024,586,Wallet,Delivered
O006465,CUST006466,R006465,4/25/2021,1347,COD,Delivered
O006466,CUST006467,R006466,11/6/2024,889,Wallet,Delivered
O006467,CUST006468,R006467,12/14/2021,1790,Wallet,Delivered
O006468,CUST006469,R006468,5/10/2023,628,Wallet,Delivered
O006469,CUST006470,R006469,9/15/2025,1695,Card,Delivered
O006470,CUST006471,R006470,12/8/2023,1890,COD,Delivered
O006471,CUST006472,R006471,11/11/2019,1328,UPI,Delivered
O006472,CUST006473,R006472,9/15/2024,367,Card,Delivered
O006473,CUST006474,R006473,8/27/2023,1754,Wallet,Delivered
O006474,CUST006475,R006474,1/13/2021,1928,COD,Delivered
O006475,CUST006476,R006475,11/18/2025,265,Card,Delivered
O006476,CUST006477,R006476,4/16/2020,188,COD,Delivered
O006477,CUST006478,R006477,5/2/2023,377,Card,Delivered
O006478,CUST006479,R006478,7/20/2023,119,Card,Delivered
O006479,CUST006480,R006479,11/1/2024,506,Wallet,Delivered
O006480,CUST006481,R006480,6/1/2023,517,COD,Delivered
O006481,CUST006482,R006481,7/20/2025,244,COD,Delivered
O006482,CUST006483,R006482,12/10/2020,1312,COD,Cancelled
O006483,CUST006484,R006483,12/3/2023,661,COD,Delivered
O006484,CUST006485,R006484,7/5/2021,1118,Wallet,Delivered
O006485,CUST006486,R006485,1/9/2021,995,UPI,Delivered
O006486,CUST006487,R006486,1/8/2024,1546,Wallet,Delivered
O006487,CUST006488,R006487,3/15/2021,1588,UPI,Delivered
O006488,CUST006489,R006488,7/12/2020,931,Card,Delivered
O006489,CUST006490,R006489,12/13/2024,232,COD,Delivered
O006490,CUST006491,R006490,10/3/2021,1433,Card,Delivered
O006491,CUST006492,R006491,5/10/2025,163,Card,Delivered
O006492,CUST006493,R006492,10/2/2022,593,Card,Delivered
O006493,CUST006494,R006493,1/1/2021,465,COD,Delivered
O006494,CUST006495,R006494,11/20/2023,289,COD,Delivered
O006495,CUST006496,R006495,8/11/2023,642,COD,Delivered
O006496,CUST006497,R006496,9/19/2019,704,Wallet,Delivered
O006497,CUST006498,R006497,8/13/2020,1205,COD,Delivered
O006498,CUST006499,R006498,3/2/2019,1040,UPI,Delivered
O006499,CUST006500,R006499,10/9/2020,1590,Wallet,Delivered
O006500,CUST006501,R006500,11/19/2019,743,Wallet,Delivered
O006501,CUST006502,R006501,12/28/2025,975,Wallet,Delivered
O006502,CUST006503,R006502,5/13/2022,1793,Wallet,Cancelled
O006503,CUST006504,R006503,7/12/2019,1541,UPI,Delivered
O006504,CUST006505,R006504,1/5/2020,1860,UPI,Delivered
O006505,CUST006506,R006505,2/24/2019,1221,Card,Delivered
O006506,CUST006507,R006506,2/11/2021,126,COD,Delivered
O006507,CUST006508,R006507,10/24/2023,1806,UPI,Cancelled
O006508,CUST006509,R006508,2/20/2023,257,COD,Cancelled
O006509,CUST006510,R006509,11/16/2025,321,COD,Delivered
O006510,CUST006511,R006510,3/7/2022,1834,Card,Delivered
O006511,CUST006512,R006511,8/12/2024,700,Wallet,Delivered
O006512,CUST006513,R006512,5/3/2021,1205,Card,Delivered
O006513,CUST006514,R006513,1/28/2021,1025,Wallet,Delivered
O006514,CUST006515,R006514,8/22/2020,592,COD,Delivered
O006515,CUST006516,R006515,11/8/2022,695,COD,Delivered
O006516,CUST006517,R006516,10/7/2021,1200,UPI,Delivered
O006517,CUST006518,R006517,12/6/2024,1476,COD,Delivered
O006518,CUST006519,R006518,12/8/2019,838,UPI,Delivered
O006519,CUST006520,R006519,1/6/2021,1643,UPI,Delivered
O006520,CUST006521,R006520,1/19/2025,571,Wallet,Delivered
O006521,CUST006522,R006521,6/14/2020,1818,Card,Delivered
O006522,CUST006523,R006522,7/10/2019,112,COD,Delivered
O006523,CUST006524,R006523,1/17/2020,1514,Wallet,Delivered
O006524,CUST006525,R006524,4/6/2019,1266,UPI,Delivered
O006525,CUST006526,R006525,3/20/2020,1449,Wallet,Delivered
O006526,CUST006527,R006526,1/16/2020,214,COD,Delivered
O006527,CUST006528,R006527,11/20/2024,1682,COD,Cancelled
O006528,CUST006529,R006528,9/11/2019,1784,Card,Delivered
O006529,CUST006530,R006529,4/15/2021,389,Card,Delivered
O006530,CUST006531,R006530,6/23/2022,1721,UPI,Cancelled
O006531,CUST006532,R006531,4/24/2023,201,COD,Delivered
O006532,CUST006533,R006532,1/22/2020,831,Card,Delivered
O006533,CUST006534,R006533,6/22/2024,617,Card,Delivered
O006534,CUST006535,R006534,12/3/2025,1008,Card,Delivered
O006535,CUST006536,R006535,5/27/2023,356,COD,Delivered
O006536,CUST006537,R006536,5/7/2019,1135,UPI,Delivered
O006537,CUST006538,R006537,5/1/2019,882,COD,Delivered
O006538,CUST006539,R006538,2/3/2021,1067,COD,Delivered
O006539,CUST006540,R006539,8/11/2020,1775,UPI,Delivered
O006540,CUST006541,R006540,6/15/2019,452,COD,Delivered
O006541,CUST006542,R006541,6/5/2024,1400,UPI,Delivered
O006542,CUST006543,R006542,12/10/2023,1384,UPI,Delivered
O006543,CUST006544,R006543,4/4/2021,1828,UPI,Delivered
O006544,CUST006545,R006544,7/19/2025,1761,Wallet,Delivered
O006545,CUST006546,R006545,10/19/2024,1459,UPI,Cancelled
O006546,CUST006547,R006546,2/17/2019,234,COD,Delivered
O006547,CUST006548,R006547,4/25/2025,1636,Card,Delivered
O006548,CUST006549,R006548,11/8/2023,1873,Card,Delivered
O006549,CUST006550,R006549,4/2/2023,795,Card,Delivered
O006550,CUST006551,R006550,1/23/2021,1511,Card,Delivered
O006551,CUST006552,R006551,1/26/2021,857,COD,Delivered
O006552,CUST006553,R006552,4/5/2022,496,Wallet,Delivered
O006553,CUST006554,R006553,3/25/2021,734,Card,Delivered
O006554,CUST006555,R006554,9/28/2019,1061,COD,Cancelled
O006555,CUST006556,R006555,12/4/2023,111,COD,Delivered
O006556,CUST006557,R006556,4/1/2022,1444,Card,Delivered
O006557,CUST006558,R006557,12/21/2020,488,UPI,Delivered
O006558,CUST006559,R006558,11/1/2024,1548,UPI,Delivered
O006559,CUST006560,R006559,2/11/2019,321,UPI,Delivered
O006560,CUST006561,R006560,9/25/2023,1156,Card,Cancelled
O006561,CUST006562,R006561,11/9/2023,1917,Card,Delivered
O006562,CUST006563,R006562,9/3/2021,125,Card,Delivered
O006563,CUST006564,R006563,2/11/2022,189,Card,Delivered
O006564,CUST006565,R006564,5/26/2019,901,UPI,Delivered
O006565,CUST006566,R006565,2/26/2021,540,Wallet,Delivered
O006566,CUST006567,R006566,8/25/2019,779,COD,Delivered
O006567,CUST006568,R006567,4/11/2022,216,COD,Cancelled
O006568,CUST006569,R006568,9/20/2019,203,COD,Delivered
O006569,CUST006570,R006569,5/2/2022,1663,COD,Delivered
O006570,CUST006571,R006570,2/8/2023,533,Wallet,Cancelled
O006571,CUST006572,R006571,7/1/2020,1339,Wallet,Delivered
O006572,CUST006573,R006572,1/12/2023,949,Wallet,Delivered
O006573,CUST006574,R006573,11/7/2020,1244,UPI,Delivered
O006574,CUST006575,R006574,12/6/2025,1534,Wallet,Delivered
O006575,CUST006576,R006575,6/12/2019,1643,Card,Delivered
O006576,CUST006577,R006576,2/8/2024,1706,Card,Delivered
O006577,CUST006578,R006577,5/24/2019,1573,Wallet,Delivered
O006578,CUST006579,R006578,8/7/2021,201,COD,Delivered
O006579,CUST006580,R006579,7/20/2019,395,UPI,Delivered
O006580,CUST006581,R006580,10/20/2022,1907,Card,Delivered
O006581,CUST006582,R006581,1/15/2023,1721,Card,Delivered
O006582,CUST006583,R006582,8/25/2024,434,Card,Delivered
O006583,CUST006584,R006583,12/23/2023,641,COD,Delivered
O006584,CUST006585,R006584,2/24/2022,949,Card,Delivered
O006585,CUST006586,R006585,8/24/2019,565,Wallet,Cancelled
O006586,CUST006587,R006586,7/2/2022,861,Wallet,Delivered
O006587,CUST006588,R006587,1/8/2025,305,COD,Delivered
O006588,CUST006589,R006588,2/7/2021,1258,UPI,Delivered
O006589,CUST006590,R006589,1/3/2019,1496,Wallet,Delivered
O006590,CUST006591,R006590,11/5/2019,1190,Wallet,Delivered
O006591,CUST006592,R006591,3/2/2021,1195,COD,Delivered
O006592,CUST006593,R006592,8/16/2021,1066,Card,Delivered
O006593,CUST006594,R006593,2/14/2019,1209,Wallet,Delivered
O006594,CUST006595,R006594,8/28/2022,532,Card,Delivered
O006595,CUST006596,R006595,12/22/2019,1146,Wallet,Delivered
O006596,CUST006597,R006596,9/6/2022,1396,COD,Delivered
O006597,CUST006598,R006597,7/13/2023,815,Wallet,Delivered
O006598,CUST006599,R006598,10/7/2025,1452,UPI,Delivered
O006599,CUST006600,R006599,1/12/2019,1572,Wallet,Cancelled
O006600,CUST006601,R006600,1/5/2023,1196,Wallet,Delivered
O006601,CUST006602,R006601,8/18/2022,113,UPI,Delivered
O006602,CUST006603,R006602,3/13/2025,1320,UPI,Cancelled
O006603,CUST006604,R006603,10/18/2023,492,UPI,Delivered
O006604,CUST006605,R006604,5/13/2020,1906,UPI,Delivered
O006605,CUST006606,R006605,4/14/2021,1778,UPI,Delivered
O006606,CUST006607,R006606,11/26/2025,870,UPI,Cancelled
O006607,CUST006608,R006607,2/1/2022,1335,UPI,Cancelled
O006608,CUST006609,R006608,7/16/2021,762,COD,Delivered
O006609,CUST006610,R006609,1/28/2019,489,COD,Delivered
O006610,CUST006611,R006610,8/23/2023,432,COD,Delivered
O006611,CUST006612,R006611,10/1/2024,1112,COD,Delivered
O006612,CUST006613,R006612,1/9/2021,299,COD,Delivered
O006613,CUST006614,R006613,5/28/2019,1240,Wallet,Cancelled
O006614,CUST006615,R006614,2/4/2023,742,Wallet,Delivered
O006615,CUST006616,R006615,8/23/2023,980,UPI,Delivered
O006616,CUST006617,R006616,6/13/2025,145,COD,Delivered
O006617,CUST006618,R006617,2/14/2024,633,Wallet,Delivered
O006618,CUST006619,R006618,12/9/2023,1569,UPI,Delivered
O006619,CUST006620,R006619,11/20/2025,1498,UPI,Delivered
O006620,CUST006621,R006620,2/11/2022,994,UPI,Delivered
O006621,CUST006622,R006621,11/13/2023,378,UPI,Delivered
O006622,CUST006623,R006622,9/23/2020,1118,UPI,Cancelled
O006623,CUST006624,R006623,12/20/2023,540,Card,Delivered
O006624,CUST006625,R006624,1/24/2019,1740,Card,Delivered
O006625,CUST006626,R006625,10/19/2023,1860,Card,Delivered
O006626,CUST006627,R006626,1/22/2021,857,Card,Delivered
O006627,CUST006628,R006627,8/6/2023,263,Wallet,Delivered
O006628,CUST006629,R006628,4/17/2025,1023,UPI,Delivered
O006629,CUST006630,R006629,1/14/2025,1376,Wallet,Delivered
O006630,CUST006631,R006630,9/4/2020,722,Wallet,Delivered
O006631,CUST006632,R006631,8/9/2019,1614,COD,Cancelled
O006632,CUST006633,R006632,1/13/2023,1547,Card,Delivered
O006633,CUST006634,R006633,3/12/2022,1530,UPI,Delivered
O006634,CUST006635,R006634,10/15/2021,1478,UPI,Delivered
O006635,CUST006636,R006635,3/10/2022,1162,UPI,Delivered
O006636,CUST006637,R006636,5/21/2021,757,Wallet,Delivered
O006637,CUST006638,R006637,4/11/2019,1784,Card,Delivered
O006638,CUST006639,R006638,2/20/2021,178,Card,Delivered
O006639,CUST006640,R006639,4/23/2024,1956,COD,Delivered
O006640,CUST006641,R006640,10/21/2020,1779,COD,Delivered
O006641,CUST006642,R006641,9/21/2025,639,Card,Delivered
O006642,CUST006643,R006642,7/23/2025,993,COD,Delivered
O006643,CUST006644,R006643,4/27/2020,829,Wallet,Delivered
O006644,CUST006645,R006644,11/4/2021,384,COD,Delivered
O006645,CUST006646,R006645,3/22/2025,640,UPI,Delivered
O006646,CUST006647,R006646,11/6/2024,1147,Card,Delivered
O006647,CUST006648,R006647,8/24/2020,1269,Wallet,Delivered
O006648,CUST006649,R006648,6/5/2024,816,UPI,Delivered
O006649,CUST006650,R006649,9/15/2024,1429,UPI,Delivered
O006650,CUST006651,R006650,4/5/2021,1401,UPI,Delivered
O006651,CUST006652,R006651,2/14/2021,1695,Wallet,Delivered
O006652,CUST006653,R006652,2/7/2024,1572,Card,Delivered
O006653,CUST006654,R006653,4/16/2022,1867,UPI,Delivered
O006654,CUST006655,R006654,5/15/2020,1443,Card,Delivered
O006655,CUST006656,R006655,7/18/2025,609,Card,Delivered
O006656,CUST006657,R006656,11/21/2022,619,UPI,Delivered
O006657,CUST006658,R006657,1/14/2023,1901,Card,Delivered
O006658,CUST006659,R006658,6/17/2020,301,Card,Delivered
O006659,CUST006660,R006659,3/3/2024,1775,COD,Delivered
O006660,CUST006661,R006660,10/26/2022,885,COD,Delivered
O006661,CUST006662,R006661,3/2/2021,432,UPI,Delivered
O006662,CUST006663,R006662,9/25/2025,619,Wallet,Delivered
O006663,CUST006664,R006663,11/28/2021,1124,Card,Delivered
O006664,CUST006665,R006664,2/2/2019,1901,Card,Delivered
O006665,CUST006666,R006665,10/23/2025,935,Wallet,Delivered
O006666,CUST006667,R006666,3/5/2020,1056,Card,Delivered
O006667,CUST006668,R006667,1/18/2022,675,Wallet,Delivered
O006668,CUST006669,R006668,4/26/2024,1742,COD,Delivered
O006669,CUST006670,R006669,12/9/2024,820,UPI,Delivered
O006670,CUST006671,R006670,10/11/2022,1090,Wallet,Delivered
O006671,CUST006672,R006671,9/5/2023,1390,COD,Delivered
O006672,CUST006673,R006672,8/7/2021,1006,UPI,Delivered
O006673,CUST006674,R006673,6/14/2022,565,Wallet,Delivered
O006674,CUST006675,R006674,2/18/2019,808,Wallet,Delivered
O006675,CUST006676,R006675,1/13/2021,235,COD,Delivered
O006676,CUST006677,R006676,11/16/2020,217,UPI,Delivered
O006677,CUST006678,R006677,11/12/2021,1561,Card,Delivered
O006678,CUST006679,R006678,6/18/2020,552,Card,Delivered
O006679,CUST006680,R006679,8/1/2020,1684,Card,Delivered
O006680,CUST006681,R006680,3/20/2024,285,COD,Delivered
O006681,CUST006682,R006681,3/21/2020,469,Card,Delivered
O006682,CUST006683,R006682,1/19/2024,481,Wallet,Delivered
O006683,CUST006684,R006683,10/5/2022,1372,UPI,Delivered
O006684,CUST006685,R006684,5/28/2025,117,COD,Delivered
O006685,CUST006686,R006685,7/1/2023,797,Wallet,Delivered
O006686,CUST006687,R006686,9/9/2024,1237,COD,Cancelled
O006687,CUST006688,R006687,12/27/2024,468,COD,Delivered
O006688,CUST006689,R006688,1/10/2023,1752,Wallet,Delivered
O006689,CUST006690,R006689,3/11/2023,845,Wallet,Delivered
O006690,CUST006691,R006690,5/16/2024,1178,UPI,Cancelled
O006691,CUST006692,R006691,1/13/2020,1224,UPI,Cancelled
O006692,CUST006693,R006692,1/11/2021,1474,UPI,Cancelled
O006693,CUST006694,R006693,7/14/2021,1975,UPI,Delivered
O006694,CUST006695,R006694,11/15/2022,1464,UPI,Delivered
O006695,CUST006696,R006695,1/13/2024,1998,Wallet,Delivered
O006696,CUST006697,R006696,1/28/2023,148,Card,Delivered
O006697,CUST006698,R006697,12/11/2021,161,COD,Delivered
O006698,CUST006699,R006698,11/2/2021,842,COD,Delivered
O006699,CUST006700,R006699,3/2/2020,1281,Wallet,Delivered
O006700,CUST006701,R006700,5/8/2023,511,Wallet,Delivered
O006701,CUST006702,R006701,2/11/2025,950,Wallet,Delivered
O006702,CUST006703,R006702,5/26/2020,890,Wallet,Delivered
O006703,CUST006704,R006703,2/17/2020,1887,COD,Cancelled
O006704,CUST006705,R006704,3/28/2023,1268,UPI,Delivered
O006705,CUST006706,R006705,9/12/2020,1562,UPI,Delivered
O006706,CUST006707,R006706,4/18/2019,1174,UPI,Delivered
O006707,CUST006708,R006707,5/3/2024,1508,Wallet,Delivered
O006708,CUST006709,R006708,10/17/2022,140,UPI,Delivered
O006709,CUST006710,R006709,11/15/2022,192,Card,Delivered
O006710,CUST006711,R006710,4/19/2025,1723,Card,Delivered
O006711,CUST006712,R006711,10/24/2021,1470,Card,Delivered
O006712,CUST006713,R006712,9/11/2020,368,Wallet,Delivered
O006713,CUST006714,R006713,10/2/2019,619,UPI,Delivered
O006714,CUST006715,R006714,8/20/2025,742,COD,Delivered
O006715,CUST006716,R006715,12/21/2020,550,COD,Delivered
O006716,CUST006717,R006716,9/11/2021,614,COD,Delivered
O006717,CUST006718,R006717,12/15/2025,884,Wallet,Delivered
O006718,CUST006719,R006718,5/6/2022,1179,COD,Delivered
O006719,CUST006720,R006719,9/28/2024,790,UPI,Delivered
O006720,CUST006721,R006720,7/4/2019,1167,Wallet,Delivered
O006721,CUST006722,R006721,2/11/2019,943,Wallet,Delivered
O006722,CUST006723,R006722,7/10/2023,1710,UPI,Delivered
O006723,CUST006724,R006723,4/13/2025,104,COD,Delivered
O006724,CUST006725,R006724,11/6/2021,1130,UPI,Delivered
O006725,CUST006726,R006725,1/5/2024,1929,UPI,Cancelled
O006726,CUST006727,R006726,10/27/2021,1248,Wallet,Delivered
O006727,CUST006728,R006727,7/15/2025,358,COD,Delivered
O006728,CUST006729,R006728,12/18/2022,171,UPI,Delivered
O006729,CUST006730,R006729,6/21/2024,274,COD,Delivered
O006730,CUST006731,R006730,2/16/2020,1879,UPI,Delivered
O006731,CUST006732,R006731,4/1/2022,1568,Card,Cancelled
O006732,CUST006733,R006732,5/22/2019,341,Wallet,Delivered
O006733,CUST006734,R006733,10/24/2019,971,Wallet,Delivered
O006734,CUST006735,R006734,1/17/2021,364,COD,Delivered
O006735,CUST006736,R006735,3/21/2025,1087,Card,Delivered
O006736,CUST006737,R006736,10/4/2022,492,Card,Delivered
O006737,CUST006738,R006737,6/27/2020,506,Wallet,Delivered
O006738,CUST006739,R006738,2/25/2021,1307,COD,Delivered
O006739,CUST006740,R006739,6/5/2022,668,Wallet,Delivered
O006740,CUST006741,R006740,8/13/2022,1635,Wallet,Delivered
O006741,CUST006742,R006741,2/9/2020,734,Wallet,Delivered
O006742,CUST006743,R006742,1/12/2021,1552,UPI,Delivered
O006743,CUST006744,R006743,7/8/2022,1790,Wallet,Delivered
O006744,CUST006745,R006744,1/9/2025,1221,UPI,Cancelled
O006745,CUST006746,R006745,7/13/2025,1858,Card,Delivered
O006746,CUST006747,R006746,10/21/2021,1600,Wallet,Delivered
O006747,CUST006748,R006747,1/12/2021,1881,COD,Delivered
O006748,CUST006749,R006748,6/16/2020,1758,UPI,Delivered
O006749,CUST006750,R006749,7/13/2022,108,COD,Delivered
O006750,CUST006751,R006750,12/4/2024,298,UPI,Delivered
O006751,CUST006752,R006751,2/19/2021,1935,Card,Delivered
O006752,CUST006753,R006752,9/28/2024,458,COD,Delivered
O006753,CUST006754,R006753,7/8/2019,406,COD,Delivered
O006754,CUST006755,R006754,8/18/2021,351,COD,Delivered
O006755,CUST006756,R006755,5/9/2021,1169,COD,Cancelled
O006756,CUST006757,R006756,3/2/2024,517,COD,Delivered
O006757,CUST006758,R006757,12/4/2021,838,Wallet,Delivered
O006758,CUST006759,R006758,3/7/2020,629,UPI,Delivered
O006759,CUST006760,R006759,8/2/2019,1391,Wallet,Delivered
O006760,CUST006761,R006760,3/13/2023,1503,Wallet,Delivered
O006761,CUST006762,R006761,10/10/2024,851,UPI,Delivered
O006762,CUST006763,R006762,10/8/2024,1670,Card,Delivered
O006763,CUST006764,R006763,11/26/2024,926,Wallet,Delivered
O006764,CUST006765,R006764,12/3/2021,1551,Card,Delivered
O006765,CUST006766,R006765,6/22/2022,1975,Card,Delivered
O006766,CUST006767,R006766,1/22/2021,942,COD,Delivered
O006767,CUST006768,R006767,3/13/2020,439,COD,Delivered
O006768,CUST006769,R006768,9/9/2025,497,COD,Delivered
O006769,CUST006770,R006769,1/18/2022,561,COD,Delivered
O006770,CUST006771,R006770,11/12/2020,1057,Card,Delivered
O006771,CUST006772,R006771,4/23/2021,674,UPI,Delivered
O006772,CUST006773,R006772,7/3/2024,1478,Wallet,Delivered
O006773,CUST006774,R006773,8/16/2023,658,Wallet,Delivered
O006774,CUST006775,R006774,12/26/2020,896,Wallet,Delivered
O006775,CUST006776,R006775,11/12/2020,1714,Wallet,Delivered
O006776,CUST006777,R006776,9/14/2020,1499,UPI,Delivered
O006777,CUST006778,R006777,12/3/2021,1638,UPI,Delivered
O006778,CUST006779,R006778,10/23/2020,1131,UPI,Delivered
O006779,CUST006780,R006779,7/10/2022,1936,COD,Delivered
O006780,CUST006781,R006780,2/21/2019,1955,UPI,Delivered
O006781,CUST006782,R006781,1/19/2019,157,Card,Delivered
O006782,CUST006783,R006782,2/15/2024,178,COD,Cancelled
O006783,CUST006784,R006783,10/6/2019,1685,Card,Delivered
O006784,CUST006785,R006784,10/10/2023,289,Wallet,Delivered
O006785,CUST006786,R006785,11/26/2021,1095,Card,Delivered
O006786,CUST006787,R006786,8/26/2023,746,COD,Delivered
O006787,CUST006788,R006787,12/20/2020,513,COD,Cancelled
O006788,CUST006789,R006788,6/6/2022,615,COD,Delivered
O006789,CUST006790,R006789,1/9/2024,1115,UPI,Delivered
O006790,CUST006791,R006790,9/5/2022,1430,Card,Delivered
O006791,CUST006792,R006791,3/5/2025,791,Wallet,Delivered
O006792,CUST006793,R006792,3/4/2024,1557,Card,Delivered
O006793,CUST006794,R006793,10/18/2023,683,Wallet,Delivered
O006794,CUST006795,R006794,9/14/2021,1675,Card,Delivered
O006795,CUST006796,R006795,9/10/2024,1739,Wallet,Delivered
O006796,CUST006797,R006796,4/15/2020,1836,UPI,Delivered
O006797,CUST006798,R006797,7/4/2021,1284,UPI,Cancelled
O006798,CUST006799,R006798,7/20/2023,1723,UPI,Delivered
O006799,CUST006800,R006799,8/21/2023,536,COD,Delivered
O006800,CUST006801,R006800,10/22/2022,172,COD,Delivered
O006801,CUST006802,R006801,8/15/2024,1704,Card,Delivered
O006802,CUST006803,R006802,10/17/2023,304,Card,Delivered
O006803,CUST006804,R006803,12/21/2019,1630,UPI,Cancelled
O006804,CUST006805,R006804,7/23/2024,1880,COD,Delivered
O006805,CUST006806,R006805,6/21/2024,790,Card,Delivered
O006806,CUST006807,R006806,8/21/2020,538,Card,Delivered
O006807,CUST006808,R006807,12/2/2024,864,Card,Delivered
O006808,CUST006809,R006808,8/26/2023,207,Card,Delivered
O006809,CUST006810,R006809,7/4/2020,1024,Wallet,Delivered
O006810,CUST006811,R006810,8/28/2020,516,Wallet,Delivered
O006811,CUST006812,R006811,1/25/2025,912,COD,Delivered
O006812,CUST006813,R006812,8/9/2022,1625,Wallet,Delivered
O006813,CUST006814,R006813,5/13/2021,372,COD,Delivered
O006814,CUST006815,R006814,3/4/2023,1365,UPI,Delivered
O006815,CUST006816,R006815,10/11/2022,976,UPI,Delivered
O006816,CUST006817,R006816,6/2/2019,1737,Wallet,Delivered
O006817,CUST006818,R006817,11/18/2021,1671,Wallet,Delivered
O006818,CUST006819,R006818,1/15/2019,1419,UPI,Cancelled
O006819,CUST006820,R006819,2/16/2019,198,Card,Delivered
O006820,CUST006821,R006820,1/24/2019,1492,UPI,Delivered
O006821,CUST006822,R006821,10/7/2025,1724,Card,Delivered
O006822,CUST006823,R006822,7/1/2022,641,UPI,Delivered
O006823,CUST006824,R006823,8/22/2020,1145,Card,Delivered
O006824,CUST006825,R006824,4/20/2020,577,Card,Delivered
O006825,CUST006826,R006825,12/3/2019,353,Wallet,Delivered
O006826,CUST006827,R006826,10/22/2021,591,Card,Delivered
O006827,CUST006828,R006827,3/26/2023,981,Card,Cancelled
O006828,CUST006829,R006828,1/6/2024,1970,Wallet,Delivered
O006829,CUST006830,R006829,10/25/2025,1397,UPI,Delivered
O006830,CUST006831,R006830,12/18/2022,399,Wallet,Delivered
O006831,CUST006832,R006831,4/27/2025,1035,Wallet,Delivered
O006832,CUST006833,R006832,10/10/2021,1714,Wallet,Delivered
O006833,CUST006834,R006833,12/19/2023,1152,UPI,Cancelled
O006834,CUST006835,R006834,6/1/2020,1385,Card,Delivered
O006835,CUST006836,R006835,7/23/2022,1872,UPI,Cancelled
O006836,CUST006837,R006836,1/4/2020,1679,Card,Delivered
O006837,CUST006838,R006837,4/21/2020,795,UPI,Delivered
O006838,CUST006839,R006838,9/19/2022,441,Wallet,Delivered
O006839,CUST006840,R006839,6/23/2024,635,COD,Delivered
O006840,CUST006841,R006840,6/9/2021,130,COD,Delivered
O006841,CUST006842,R006841,11/22/2022,113,COD,Delivered
O006842,CUST006843,R006842,7/28/2023,1442,COD,Delivered
O006843,CUST006844,R006843,1/7/2024,486,Wallet,Delivered
O006844,CUST006845,R006844,8/28/2022,1253,UPI,Delivered
O006845,CUST006846,R006845,6/11/2019,869,Wallet,Delivered
O006846,CUST006847,R006846,2/6/2019,1165,UPI,Delivered
O006847,CUST006848,R006847,9/3/2023,1429,COD,Delivered
O006848,CUST006849,R006848,9/11/2025,1531,UPI,Delivered
O006849,CUST006850,R006849,6/7/2020,1296,Card,Delivered
O006850,CUST006851,R006850,7/23/2022,1424,Wallet,Delivered
O006851,CUST006852,R006851,7/6/2022,1958,COD,Delivered
O006852,CUST006853,R006852,10/18/2019,295,UPI,Delivered
O006853,CUST006854,R006853,8/18/2023,1691,Card,Delivered
O006854,CUST006855,R006854,7/16/2024,1631,Card,Delivered
O006855,CUST006856,R006855,7/22/2023,344,Card,Delivered
O006856,CUST006857,R006856,9/1/2025,599,COD,Delivered
O006857,CUST006858,R006857,7/23/2019,913,Card,Cancelled
O006858,CUST006859,R006858,4/23/2020,486,COD,Cancelled
O006859,CUST006860,R006859,1/28/2019,781,Wallet,Delivered
O006860,CUST006861,R006860,4/7/2025,156,COD,Delivered
O006861,CUST006862,R006861,1/6/2024,1148,Wallet,Delivered
O006862,CUST006863,R006862,9/2/2022,956,Wallet,Delivered
O006863,CUST006864,R006863,4/4/2020,1041,COD,Delivered
O006864,CUST006865,R006864,3/28/2023,1051,Wallet,Delivered
O006865,CUST006866,R006865,2/12/2023,923,Wallet,Delivered
O006866,CUST006867,R006866,11/13/2025,264,UPI,Delivered
O006867,CUST006868,R006867,12/13/2024,1291,Wallet,Delivered
O006868,CUST006869,R006868,12/4/2023,1860,Wallet,Delivered
O006869,CUST006870,R006869,11/16/2022,215,COD,Delivered
O006870,CUST006871,R006870,8/23/2021,736,Wallet,Delivered
O006871,CUST006872,R006871,11/18/2020,1242,UPI,Delivered
O006872,CUST006873,R006872,4/11/2025,1530,Wallet,Delivered
O006873,CUST006874,R006873,12/4/2024,1042,Wallet,Delivered
O006874,CUST006875,R006874,4/16/2023,1860,Wallet,Delivered
O006875,CUST006876,R006875,3/12/2019,953,UPI,Delivered
O006876,CUST006877,R006876,2/15/2019,386,UPI,Delivered
O006877,CUST006878,R006877,8/11/2023,1763,Card,Delivered
O006878,CUST006879,R006878,6/12/2020,1635,UPI,Delivered
O006879,CUST006880,R006879,5/24/2022,976,UPI,Delivered
O006880,CUST006881,R006880,3/4/2023,1113,UPI,Delivered
O006881,CUST006882,R006881,6/15/2024,715,COD,Delivered
O006882,CUST006883,R006882,1/26/2021,404,COD,Delivered
O006883,CUST006884,R006883,12/21/2023,352,COD,Delivered
O006884,CUST006885,R006884,1/28/2019,1032,Card,Delivered
O006885,CUST006886,R006885,3/6/2022,257,COD,Delivered
O006886,CUST006887,R006886,8/26/2019,1193,COD,Cancelled
O006887,CUST006888,R006887,2/3/2022,587,COD,Delivered
O006888,CUST006889,R006888,9/22/2019,575,UPI,Delivered
O006889,CUST006890,R006889,10/12/2023,1903,Card,Delivered
O006890,CUST006891,R006890,5/13/2025,534,Wallet,Delivered
O006891,CUST006892,R006891,6/7/2020,1426,UPI,Delivered
O006892,CUST006893,R006892,1/18/2024,1604,UPI,Delivered
O006893,CUST006894,R006893,10/13/2020,904,Wallet,Delivered
O006894,CUST006895,R006894,2/9/2019,332,UPI,Delivered
O006895,CUST006896,R006895,8/21/2021,1076,Card,Delivered
O006896,CUST006897,R006896,12/18/2025,459,Card,Delivered
O006897,CUST006898,R006897,5/23/2022,1660,Card,Delivered
O006898,CUST006899,R006898,1/18/2022,1775,Card,Delivered
O006899,CUST006900,R006899,3/21/2019,810,UPI,Delivered
O006900,CUST006901,R006900,11/5/2024,246,Card,Delivered
O006901,CUST006902,R006901,1/16/2023,191,Wallet,Delivered
O006902,CUST006903,R006902,6/6/2025,805,Card,Delivered
O006903,CUST006904,R006903,3/22/2023,150,Wallet,Delivered
O006904,CUST006905,R006904,9/2/2022,1080,COD,Delivered
O006905,CUST006906,R006905,3/4/2020,1691,UPI,Cancelled
O006906,CUST006907,R006906,2/13/2025,1376,UPI,Delivered
O006907,CUST006908,R006907,2/12/2022,1388,UPI,Delivered
O006908,CUST006909,R006908,10/9/2024,1120,UPI,Delivered
O006909,CUST006910,R006909,3/19/2023,547,UPI,Delivered
O006910,CUST006911,R006910,7/10/2019,1705,Card,Cancelled
O006911,CUST006912,R006911,9/18/2025,1994,Card,Delivered
O006912,CUST006913,R006912,7/22/2023,1865,Card,Delivered
O006913,CUST006914,R006913,9/21/2023,1668,Card,Delivered
O006914,CUST006915,R006914,1/17/2021,279,Card,Delivered
O006915,CUST006916,R006915,12/22/2019,849,COD,Delivered
O006916,CUST006917,R006916,12/25/2021,685,COD,Delivered
O006917,CUST006918,R006917,9/2/2022,235,Card,Delivered
O006918,CUST006919,R006918,12/21/2023,1309,UPI,Delivered
O006919,CUST006920,R006919,9/8/2025,1036,Card,Delivered
O006920,CUST006921,R006920,8/22/2022,1183,Wallet,Delivered
O006921,CUST006922,R006921,2/3/2021,736,Wallet,Delivered
O006922,CUST006923,R006922,11/13/2025,1350,UPI,Delivered
O006923,CUST006924,R006923,3/8/2022,1365,UPI,Delivered
O006924,CUST006925,R006924,5/13/2020,1653,COD,Delivered
O006925,CUST006926,R006925,7/6/2020,1482,UPI,Delivered
O006926,CUST006927,R006926,5/15/2024,1777,Wallet,Delivered
O006927,CUST006928,R006927,5/14/2021,908,UPI,Delivered
O006928,CUST006929,R006928,3/17/2021,509,Card,Cancelled
O006929,CUST006930,R006929,4/20/2025,476,UPI,Delivered
O006930,CUST006931,R006930,3/12/2022,1753,Card,Delivered
O006931,CUST006932,R006931,12/15/2023,402,Card,Delivered
O006932,CUST006933,R006932,5/3/2020,1663,Card,Delivered
O006933,CUST006934,R006933,2/24/2019,843,COD,Delivered
O006934,CUST006935,R006934,3/28/2023,353,Card,Delivered
O006935,CUST006936,R006935,8/23/2023,967,Wallet,Delivered
O006936,CUST006937,R006936,9/23/2024,1466,COD,Delivered
O006937,CUST006938,R006937,4/8/2024,380,COD,Delivered
O006938,CUST006939,R006938,10/1/2022,1142,Wallet,Delivered
O006939,CUST006940,R006939,5/10/2024,965,UPI,Delivered
O006940,CUST006941,R006940,11/23/2021,270,Wallet,Delivered
O006941,CUST006942,R006941,6/5/2020,1598,COD,Delivered
O006942,CUST006943,R006942,10/9/2023,721,Wallet,Delivered
O006943,CUST006944,R006943,5/9/2019,985,Wallet,Delivered
O006944,CUST006945,R006944,11/3/2022,1491,COD,Delivered
O006945,CUST006946,R006945,3/8/2019,852,UPI,Delivered
O006946,CUST006947,R006946,1/12/2025,460,Wallet,Delivered
O006947,CUST006948,R006947,1/17/2020,597,Wallet,Delivered
O006948,CUST006949,R006948,8/11/2022,155,COD,Delivered
O006949,CUST006950,R006949,4/11/2025,132,UPI,Delivered
O006950,CUST006951,R006950,2/11/2021,1471,UPI,Delivered
O006951,CUST006952,R006951,1/17/2019,505,UPI,Delivered
O006952,CUST006953,R006952,11/26/2023,1642,UPI,Delivered
O006953,CUST006954,R006953,1/19/2022,1787,COD,Delivered
O006954,CUST006955,R006954,12/20/2022,326,Card,Delivered
O006955,CUST006956,R006955,8/18/2022,337,COD,Delivered
O006956,CUST006957,R006956,8/4/2021,1092,UPI,Delivered
O006957,CUST006958,R006957,4/26/2021,262,Card,Delivered
O006958,CUST006959,R006958,11/3/2021,643,Wallet,Delivered
O006959,CUST006960,R006959,1/6/2024,1088,COD,Delivered
O006960,CUST006961,R006960,7/26/2020,387,COD,Delivered
O006961,CUST006962,R006961,7/6/2019,1716,Wallet,Delivered
O006962,CUST006963,R006962,12/5/2019,804,UPI,Delivered
O006963,CUST006964,R006963,11/14/2020,1087,UPI,Delivered
O006964,CUST006965,R006964,9/11/2021,1133,UPI,Cancelled
O006965,CUST006966,R006965,6/10/2025,1258,Wallet,Cancelled
O006966,CUST006967,R006966,4/14/2024,1939,UPI,Delivered
O006967,CUST006968,R006967,11/14/2021,1320,UPI,Delivered
O006968,CUST006969,R006968,4/12/2023,1848,COD,Delivered
O006969,CUST006970,R006969,12/27/2025,1895,Wallet,Delivered
O006970,CUST006971,R006970,9/7/2021,1780,Card,Delivered
O006971,CUST006972,R006971,6/26/2021,303,UPI,Delivered
O006972,CUST006973,R006972,7/21/2019,704,Wallet,Delivered
O006973,CUST006974,R006973,12/28/2022,1905,Wallet,Delivered
O006974,CUST006975,R006974,8/3/2021,871,Wallet,Delivered
O006975,CUST006976,R006975,5/15/2025,848,Wallet,Delivered
O006976,CUST006977,R006976,3/15/2025,1665,COD,Cancelled
O006977,CUST006978,R006977,7/27/2019,1177,UPI,Delivered
O006978,CUST006979,R006978,10/11/2023,1478,Wallet,Delivered
O006979,CUST006980,R006979,12/14/2020,1094,UPI,Delivered
O006980,CUST006981,R006980,8/2/2025,1408,UPI,Cancelled
O006981,CUST006982,R006981,9/15/2023,1936,UPI,Delivered
O006982,CUST006983,R006982,2/14/2021,1939,Card,Cancelled
O006983,CUST006984,R006983,4/18/2024,1824,Card,Cancelled
O006984,CUST006985,R006984,10/26/2019,1364,Card,Delivered
O006985,CUST006986,R006985,12/9/2024,792,Wallet,Delivered
O006986,CUST006987,R006986,5/28/2020,476,UPI,Delivered
O006987,CUST006988,R006987,1/18/2022,662,COD,Delivered
O006988,CUST006989,R006988,9/15/2023,464,COD,Delivered
O006989,CUST006990,R006989,8/9/2024,567,Card,Delivered
O006990,CUST006991,R006990,10/22/2021,838,Wallet,Delivered
O006991,CUST006992,R006991,10/5/2023,1094,Card,Delivered
O006992,CUST006993,R006992,10/26/2020,710,UPI,Delivered
O006993,CUST006994,R006993,7/4/2022,1024,COD,Delivered
O006994,CUST006995,R006994,12/10/2025,664,Wallet,Delivered
O006995,CUST006996,R006995,2/9/2021,1599,Card,Delivered
O006996,CUST006997,R006996,12/12/2019,204,COD,Cancelled
O006997,CUST006998,R006997,12/8/2021,981,UPI,Delivered
O006998,CUST006999,R006998,8/4/2019,1786,UPI,Delivered
O006999,CUST007000,R006999,11/23/2020,1148,Wallet,Delivered
O007000,CUST007001,R007000,9/13/2024,316,COD,Cancelled
O007001,CUST007002,R007001,6/12/2019,1981,UPI,Cancelled
O007002,CUST007003,R007002,1/19/2024,184,COD,Delivered
O007003,CUST007004,R007003,1/15/2020,454,UPI,Delivered
O007004,CUST007005,R007004,1/28/2025,1765,UPI,Delivered
O007005,CUST007006,R007005,9/21/2022,501,Wallet,Delivered
O007006,CUST007007,R007006,3/26/2023,1132,UPI,Delivered
O007007,CUST007008,R007007,9/20/2023,455,COD,Delivered
O007008,CUST007009,R007008,5/4/2023,1215,Card,Delivered
O007009,CUST007010,R007009,11/7/2023,636,Card,Delivered
O007010,CUST007011,R007010,11/1/2025,358,Wallet,Delivered
O007011,CUST007012,R007011,6/22/2021,1163,Card,Delivered
O007012,CUST007013,R007012,8/3/2022,524,Wallet,Delivered
O007013,CUST007014,R007013,1/11/2023,1594,Wallet,Delivered
O007014,CUST007015,R007014,12/3/2023,513,COD,Delivered
O007015,CUST007016,R007015,11/10/2019,1462,UPI,Delivered
O007016,CUST007017,R007016,7/6/2024,1704,Wallet,Delivered
O007017,CUST007018,R007017,1/6/2022,1142,Wallet,Delivered
O007018,CUST007019,R007018,10/12/2019,1823,UPI,Delivered
O007019,CUST007020,R007019,5/20/2019,1521,COD,Cancelled
O007020,CUST007021,R007020,4/10/2020,1732,Card,Delivered
O007021,CUST007022,R007021,11/15/2023,1604,Card,Delivered
O007022,CUST007023,R007022,3/13/2025,253,Card,Delivered
O007023,CUST007024,R007023,12/3/2025,1919,UPI,Delivered
O007024,CUST007025,R007024,2/17/2023,1791,Card,Delivered
O007025,CUST007026,R007025,12/26/2019,314,COD,Delivered
O007026,CUST007027,R007026,9/6/2025,321,COD,Delivered
O007027,CUST007028,R007027,5/13/2022,304,COD,Delivered
O007028,CUST007029,R007028,2/5/2021,1121,COD,Delivered
O007029,CUST007030,R007029,11/28/2021,432,Card,Delivered
O007030,CUST007031,R007030,1/3/2024,759,COD,Delivered
O007031,CUST007032,R007031,10/6/2019,550,UPI,Delivered
O007032,CUST007033,R007032,6/1/2019,1174,Wallet,Delivered
O007033,CUST007034,R007033,2/12/2024,1392,Wallet,Delivered
O007034,CUST007035,R007034,7/9/2025,698,UPI,Delivered
O007035,CUST007036,R007035,3/7/2025,1771,UPI,Delivered
O007036,CUST007037,R007036,8/25/2020,820,Wallet,Delivered
O007037,CUST007038,R007037,6/27/2023,1451,UPI,Delivered
O007038,CUST007039,R007038,8/20/2021,1832,UPI,Delivered
O007039,CUST007040,R007039,7/20/2024,110,Card,Delivered
O007040,CUST007041,R007040,1/7/2023,1821,Card,Delivered
O007041,CUST007042,R007041,11/1/2025,1749,Card,Delivered
O007042,CUST007043,R007042,12/10/2021,1993,COD,Delivered
O007043,CUST007044,R007043,6/3/2024,977,Card,Delivered
O007044,CUST007045,R007044,4/16/2019,593,UPI,Delivered
O007045,CUST007046,R007045,6/2/2019,1393,Wallet,Delivered
O007046,CUST007047,R007046,1/13/2022,547,Wallet,Delivered
O007047,CUST007048,R007047,8/25/2019,785,UPI,Delivered
O007048,CUST007049,R007048,12/10/2023,1819,Wallet,Delivered
O007049,CUST007050,R007049,6/13/2025,1355,UPI,Delivered
O007050,CUST007051,R007050,3/2/2021,1495,UPI,Delivered
O007051,CUST007052,R007051,11/21/2024,1031,UPI,Delivered
O007052,CUST007053,R007052,9/8/2020,197,COD,Cancelled
O007053,CUST007054,R007053,12/15/2025,1865,Wallet,Delivered
O007054,CUST007055,R007054,1/17/2021,1968,Card,Delivered
O007055,CUST007056,R007055,8/10/2024,136,COD,Cancelled
O007056,CUST007057,R007056,6/5/2022,1649,UPI,Delivered
O007057,CUST007058,R007057,2/9/2019,210,Wallet,Delivered
O007058,CUST007059,R007058,2/24/2020,1010,UPI,Delivered
O007059,CUST007060,R007059,3/25/2021,655,COD,Delivered
O007060,CUST007061,R007060,3/20/2021,401,COD,Cancelled
O007061,CUST007062,R007061,11/5/2020,590,COD,Delivered
O007062,CUST007063,R007062,2/7/2020,972,UPI,Delivered
O007063,CUST007064,R007063,9/3/2021,1286,Card,Delivered
O007064,CUST007065,R007064,5/3/2024,641,Wallet,Delivered
O007065,CUST007066,R007065,8/3/2024,1191,UPI,Delivered
O007066,CUST007067,R007066,3/10/2020,636,Wallet,Delivered
O007067,CUST007068,R007067,1/11/2021,1585,Card,Delivered
O007068,CUST007069,R007068,9/7/2019,1653,Wallet,Delivered
O007069,CUST007070,R007069,2/14/2022,1756,Wallet,Delivered
O007070,CUST007071,R007070,5/4/2021,1771,UPI,Cancelled
O007071,CUST007072,R007071,2/19/2020,1682,UPI,Delivered
O007072,CUST007073,R007072,11/19/2023,445,COD,Delivered
O007073,CUST007074,R007073,2/21/2025,1918,Wallet,Delivered
O007074,CUST007075,R007074,5/15/2020,382,Card,Cancelled
O007075,CUST007076,R007075,9/2/2020,632,Card,Delivered
O007076,CUST007077,R007076,4/26/2023,1914,UPI,Delivered
O007077,CUST007078,R007077,1/28/2021,258,COD,Delivered
O007078,CUST007079,R007078,4/25/2019,380,Card,Delivered
O007079,CUST007080,R007079,5/22/2025,252,Card,Delivered
O007080,CUST007081,R007080,8/28/2020,822,Card,Delivered
O007081,CUST007082,R007081,5/23/2020,127,Card,Delivered
O007082,CUST007083,R007082,2/2/2021,945,Wallet,Delivered
O007083,CUST007084,R007083,6/2/2020,437,Wallet,Delivered
O007084,CUST007085,R007084,7/22/2024,870,COD,Delivered
O007085,CUST007086,R007085,7/8/2025,1578,Wallet,Cancelled
O007086,CUST007087,R007086,6/12/2024,219,COD,Delivered
O007087,CUST007088,R007087,8/3/2024,1471,UPI,Delivered
O007088,CUST007089,R007088,6/11/2025,832,UPI,Delivered
O007089,CUST007090,R007089,5/1/2022,1637,Wallet,Delivered
O007090,CUST007091,R007090,1/16/2020,1392,Wallet,Delivered
O007091,CUST007092,R007091,7/13/2023,1009,UPI,Delivered
O007092,CUST007093,R007092,5/10/2024,1943,Card,Delivered
O007093,CUST007094,R007093,6/2/2024,1450,UPI,Delivered
O007094,CUST007095,R007094,5/5/2020,1689,Card,Delivered
O007095,CUST007096,R007095,6/27/2021,562,UPI,Delivered
O007096,CUST007097,R007096,2/24/2021,1059,Card,Delivered
O007097,CUST007098,R007097,3/19/2021,486,Card,Delivered
O007098,CUST007099,R007098,3/2/2020,306,COD,Delivered
O007099,CUST007100,R007099,11/22/2022,370,Card,Delivered
O007100,CUST007101,R007100,4/25/2019,1087,Card,Delivered
O007101,CUST007102,R007101,5/5/2020,1826,Wallet,Delivered
O007102,CUST007103,R007102,1/24/2024,1254,Wallet,Cancelled
O007103,CUST007104,R007103,2/18/2020,293,COD,Delivered
O007104,CUST007105,R007104,6/25/2023,668,Wallet,Delivered
O007105,CUST007106,R007105,9/4/2021,1560,Wallet,Delivered
O007106,CUST007107,R007106,12/16/2025,1067,Wallet,Delivered
O007107,CUST007108,R007107,5/28/2020,1305,UPI,Cancelled
O007108,CUST007109,R007108,9/22/2023,1233,Wallet,Cancelled
O007109,CUST007110,R007109,4/5/2024,1210,UPI,Delivered
O007110,CUST007111,R007110,11/14/2023,278,COD,Delivered
O007111,CUST007112,R007111,1/12/2025,1824,Wallet,Delivered
O007112,CUST007113,R007112,7/16/2024,165,COD,Delivered
O007113,CUST007114,R007113,9/27/2023,286,Card,Delivered
O007114,CUST007115,R007114,7/21/2024,1871,Wallet,Delivered
O007115,CUST007116,R007115,2/27/2020,1298,COD,Delivered
O007116,CUST007117,R007116,4/5/2023,337,Wallet,Delivered
O007117,CUST007118,R007117,6/26/2025,712,Wallet,Delivered
O007118,CUST007119,R007118,8/6/2019,759,Wallet,Delivered
O007119,CUST007120,R007119,6/4/2019,1016,UPI,Cancelled
O007120,CUST007121,R007120,9/28/2025,1349,COD,Delivered
O007121,CUST007122,R007121,7/9/2021,1451,Wallet,Delivered
O007122,CUST007123,R007122,3/7/2021,1255,Card,Delivered
O007123,CUST007124,R007123,12/21/2019,1377,Wallet,Delivered
O007124,CUST007125,R007124,3/5/2023,1867,COD,Delivered
O007125,CUST007126,R007125,7/17/2024,209,UPI,Delivered
O007126,CUST007127,R007126,4/17/2019,1804,Card,Delivered
O007127,CUST007128,R007127,2/16/2023,1531,Card,Delivered
O007128,CUST007129,R007128,10/21/2022,1964,Card,Delivered
O007129,CUST007130,R007129,8/28/2020,444,COD,Delivered
O007130,CUST007131,R007130,2/21/2020,504,Card,Delivered
O007131,CUST007132,R007131,6/15/2024,376,COD,Delivered
O007132,CUST007133,R007132,9/27/2021,675,Card,Delivered
O007133,CUST007134,R007133,7/5/2020,1977,COD,Delivered
O007134,CUST007135,R007134,3/4/2023,1069,Wallet,Delivered
O007135,CUST007136,R007135,8/4/2021,871,COD,Delivered
O007136,CUST007137,R007136,1/2/2019,993,COD,Delivered
O007137,CUST007138,R007137,2/28/2020,1527,Wallet,Delivered
O007138,CUST007139,R007138,3/11/2019,838,Wallet,Cancelled
O007139,CUST007140,R007139,4/12/2019,185,UPI,Delivered
O007140,CUST007141,R007140,10/10/2025,1147,COD,Delivered
O007141,CUST007142,R007141,7/3/2024,1755,UPI,Delivered
O007142,CUST007143,R007142,2/14/2021,105,Wallet,Delivered
O007143,CUST007144,R007143,8/22/2020,1132,UPI,Delivered
O007144,CUST007145,R007144,6/12/2019,1898,Card,Delivered
O007145,CUST007146,R007145,1/21/2025,291,UPI,Delivered
O007146,CUST007147,R007146,8/14/2020,1637,Wallet,Delivered
O007147,CUST007148,R007147,3/26/2023,1780,Wallet,Cancelled
O007148,CUST007149,R007148,3/26/2023,868,UPI,Delivered
O007149,CUST007150,R007149,5/13/2021,295,UPI,Delivered
O007150,CUST007151,R007150,4/10/2025,1716,Card,Delivered
O007151,CUST007152,R007151,2/9/2021,1594,Card,Delivered
O007152,CUST007153,R007152,6/22/2025,896,Wallet,Delivered
O007153,CUST007154,R007153,7/2/2019,969,UPI,Delivered
O007154,CUST007155,R007154,9/14/2023,566,COD,Delivered
O007155,CUST007156,R007155,3/26/2025,1829,Card,Delivered
O007156,CUST007157,R007156,3/20/2024,1886,COD,Delivered
O007157,CUST007158,R007157,5/22/2020,883,Card,Delivered
O007158,CUST007159,R007158,3/4/2024,114,COD,Delivered
O007159,CUST007160,R007159,2/25/2024,1050,COD,Delivered
O007160,CUST007161,R007160,12/9/2021,545,COD,Delivered
O007161,CUST007162,R007161,12/23/2022,528,Wallet,Delivered
O007162,CUST007163,R007162,5/10/2023,1813,Card,Delivered
O007163,CUST007164,R007163,9/11/2025,444,Wallet,Delivered
O007164,CUST007165,R007164,2/6/2023,1209,UPI,Delivered
O007165,CUST007166,R007165,12/17/2020,1568,UPI,Delivered
O007166,CUST007167,R007166,1/12/2020,761,Wallet,Delivered
O007167,CUST007168,R007167,9/8/2023,183,Wallet,Delivered
O007168,CUST007169,R007168,11/20/2020,921,UPI,Delivered
O007169,CUST007170,R007169,7/15/2021,1994,Card,Delivered
O007170,CUST007171,R007170,8/17/2022,1555,UPI,Delivered
O007171,CUST007172,R007171,5/16/2022,1632,Card,Delivered
O007172,CUST007173,R007172,10/19/2019,666,UPI,Delivered
O007173,CUST007174,R007173,9/3/2025,161,Card,Delivered
O007174,CUST007175,R007174,3/18/2024,145,Wallet,Delivered
O007175,CUST007176,R007175,12/5/2023,584,Card,Delivered
O007176,CUST007177,R007176,3/20/2025,1966,COD,Delivered
O007177,CUST007178,R007177,6/28/2020,1000,Card,Delivered
O007178,CUST007179,R007178,6/26/2020,1185,Wallet,Cancelled
O007179,CUST007180,R007179,8/7/2019,912,COD,Delivered
O007180,CUST007181,R007180,9/5/2025,854,Wallet,Delivered
O007181,CUST007182,R007181,6/1/2024,537,Wallet,Delivered
O007182,CUST007183,R007182,8/12/2023,138,Wallet,Delivered
O007183,CUST007184,R007183,5/27/2020,1599,Card,Cancelled
O007184,CUST007185,R007184,5/17/2020,1719,Card,Cancelled
O007185,CUST007186,R007185,10/20/2019,1722,Card,Delivered
O007186,CUST007187,R007186,11/19/2021,1584,Card,Delivered
O007187,CUST007188,R007187,11/19/2020,189,Card,Delivered
O007188,CUST007189,R007188,2/20/2020,802,Card,Delivered
O007189,CUST007190,R007189,10/21/2025,644,COD,Delivered
O007190,CUST007191,R007190,11/1/2025,156,COD,Delivered
O007191,CUST007192,R007191,12/19/2023,1229,Wallet,Delivered
O007192,CUST007193,R007192,12/7/2024,950,Card,Delivered
O007193,CUST007194,R007193,2/21/2023,898,Wallet,Delivered
O007194,CUST007195,R007194,6/2/2022,626,Wallet,Delivered
O007195,CUST007196,R007195,4/12/2019,941,Wallet,Delivered
O007196,CUST007197,R007196,4/7/2025,1215,UPI,Delivered
O007197,CUST007198,R007197,3/11/2022,1510,COD,Delivered
O007198,CUST007199,R007198,11/2/2019,1382,UPI,Delivered
O007199,CUST007200,R007199,11/13/2021,1927,Wallet,Delivered
O007200,CUST007201,R007200,11/16/2022,816,UPI,Delivered
O007201,CUST007202,R007201,6/15/2023,418,Card,Cancelled
O007202,CUST007203,R007202,11/18/2020,261,Wallet,Delivered
O007203,CUST007204,R007203,3/11/2023,1717,Card,Delivered
O007204,CUST007205,R007204,8/14/2024,321,Card,Delivered
O007205,CUST007206,R007205,4/2/2021,1578,Card,Delivered
O007206,CUST007207,R007206,5/23/2025,689,COD,Delivered
O007207,CUST007208,R007207,5/25/2022,242,UPI,Delivered
O007208,CUST007209,R007208,5/22/2019,605,Wallet,Delivered
O007209,CUST007210,R007209,6/21/2022,1323,Card,Delivered
O007210,CUST007211,R007210,11/6/2024,238,COD,Cancelled
O007211,CUST007212,R007211,3/27/2019,999,UPI,Delivered
O007212,CUST007213,R007212,2/8/2023,1542,Card,Delivered
O007213,CUST007214,R007213,1/26/2019,476,Wallet,Delivered
O007214,CUST007215,R007214,2/9/2025,1936,COD,Delivered
O007215,CUST007216,R007215,11/13/2020,1063,Wallet,Delivered
O007216,CUST007217,R007216,4/11/2024,1332,Wallet,Delivered
O007217,CUST007218,R007217,7/9/2021,1455,Wallet,Delivered
O007218,CUST007219,R007218,6/7/2025,811,UPI,Delivered
O007219,CUST007220,R007219,8/11/2022,369,Wallet,Delivered
O007220,CUST007221,R007220,10/15/2021,442,COD,Delivered
O007221,CUST007222,R007221,12/10/2020,1695,Card,Cancelled
O007222,CUST007223,R007222,1/10/2020,1568,UPI,Cancelled
O007223,CUST007224,R007223,1/9/2019,1327,UPI,Delivered
O007224,CUST007225,R007224,3/15/2025,356,UPI,Delivered
O007225,CUST007226,R007225,9/24/2024,1743,UPI,Delivered
O007226,CUST007227,R007226,7/21/2025,1741,COD,Delivered
O007227,CUST007228,R007227,1/26/2022,279,Card,Delivered
O007228,CUST007229,R007228,8/15/2024,251,COD,Delivered
O007229,CUST007230,R007229,12/2/2023,1012,UPI,Delivered
O007230,CUST007231,R007230,7/25/2020,183,Card,Delivered
O007231,CUST007232,R007231,1/2/2025,427,Wallet,Delivered
O007232,CUST007233,R007232,4/5/2024,1040,COD,Delivered
O007233,CUST007234,R007233,11/25/2023,233,Card,Delivered
O007234,CUST007235,R007234,8/4/2021,1312,Wallet,Delivered
O007235,CUST007236,R007235,12/4/2020,661,UPI,Cancelled
O007236,CUST007237,R007236,10/11/2021,987,Wallet,Delivered
O007237,CUST007238,R007237,7/9/2022,1027,Wallet,Delivered
O007238,CUST007239,R007238,8/8/2024,1360,Wallet,Delivered
O007239,CUST007240,R007239,7/15/2025,1785,Wallet,Delivered
O007240,CUST007241,R007240,7/12/2024,1801,UPI,Delivered
O007241,CUST007242,R007241,7/10/2021,1812,COD,Delivered
O007242,CUST007243,R007242,7/25/2025,1816,UPI,Delivered
O007243,CUST007244,R007243,4/6/2025,1700,UPI,Delivered
O007244,CUST007245,R007244,9/24/2020,218,UPI,Delivered
O007245,CUST007246,R007245,6/15/2021,657,COD,Delivered
O007246,CUST007247,R007246,9/27/2025,1794,Card,Delivered
O007247,CUST007248,R007247,1/1/2021,1940,COD,Delivered
O007248,CUST007249,R007248,6/13/2020,276,COD,Delivered
O007249,CUST007250,R007249,7/8/2025,1094,Card,Delivered
O007250,CUST007251,R007250,8/19/2022,644,UPI,Delivered
O007251,CUST007252,R007251,7/2/2024,1448,Wallet,Delivered
O007252,CUST007253,R007252,3/10/2020,939,Wallet,Delivered
O007253,CUST007254,R007253,5/28/2022,1322,UPI,Delivered
O007254,CUST007255,R007254,11/11/2019,1857,UPI,Delivered
O007255,CUST007256,R007255,8/13/2019,1903,Card,Delivered
O007256,CUST007257,R007256,2/12/2020,1782,UPI,Delivered
O007257,CUST007258,R007257,9/25/2020,1274,UPI,Delivered
O007258,CUST007259,R007258,8/8/2025,702,COD,Delivered
O007259,CUST007260,R007259,5/27/2021,429,Wallet,Delivered
O007260,CUST007261,R007260,10/18/2025,126,COD,Delivered
O007261,CUST007262,R007261,1/14/2019,321,COD,Delivered
O007262,CUST007263,R007262,11/8/2023,424,Card,Delivered
O007263,CUST007264,R007263,4/20/2025,689,Wallet,Delivered
O007264,CUST007265,R007264,7/4/2022,1238,Card,Delivered
O007265,CUST007266,R007265,8/26/2025,599,UPI,Delivered
O007266,CUST007267,R007266,7/2/2024,939,COD,Delivered
O007267,CUST007268,R007267,4/8/2019,584,Wallet,Delivered
O007268,CUST007269,R007268,4/7/2021,1519,UPI,Delivered
O007269,CUST007270,R007269,1/7/2024,1889,COD,Cancelled
O007270,CUST007271,R007270,3/6/2020,934,UPI,Delivered
O007271,CUST007272,R007271,8/2/2025,1696,UPI,Delivered
O007272,CUST007273,R007272,1/22/2023,1062,COD,Delivered
O007273,CUST007274,R007273,2/12/2022,1818,Card,Delivered
O007274,CUST007275,R007274,4/9/2020,1882,Wallet,Cancelled
O007275,CUST007276,R007275,8/18/2021,1942,Card,Cancelled
O007276,CUST007277,R007276,4/14/2019,304,UPI,Delivered
O007277,CUST007278,R007277,4/26/2020,1866,UPI,Delivered
O007278,CUST007279,R007278,9/23/2020,216,Wallet,Delivered
O007279,CUST007280,R007279,2/25/2024,1027,UPI,Delivered
O007280,CUST007281,R007280,10/17/2019,374,COD,Delivered
O007281,CUST007282,R007281,8/1/2025,1135,COD,Delivered
O007282,CUST007283,R007282,9/1/2019,791,Card,Delivered
O007283,CUST007284,R007283,10/1/2020,551,Wallet,Delivered
O007284,CUST007285,R007284,11/25/2020,1355,COD,Delivered
O007285,CUST007286,R007285,7/6/2025,678,COD,Delivered
O007286,CUST007287,R007286,4/14/2024,1195,COD,Delivered
O007287,CUST007288,R007287,9/6/2020,370,COD,Delivered
O007288,CUST007289,R007288,10/9/2025,1356,UPI,Delivered
O007289,CUST007290,R007289,7/4/2025,736,Wallet,Delivered
O007290,CUST007291,R007290,8/4/2023,1243,Wallet,Delivered
O007291,CUST007292,R007291,7/14/2022,1668,UPI,Delivered
O007292,CUST007293,R007292,8/15/2021,1415,COD,Delivered
O007293,CUST007294,R007293,2/9/2023,1696,Card,Cancelled
O007294,CUST007295,R007294,1/13/2022,1525,Card,Delivered
O007295,CUST007296,R007295,5/7/2019,168,Card,Delivered
O007296,CUST007297,R007296,2/1/2024,1828,UPI,Delivered
O007297,CUST007298,R007297,1/16/2019,1744,UPI,Delivered
O007298,CUST007299,R007298,8/25/2022,2000,Card,Delivered
O007299,CUST007300,R007299,2/4/2019,1824,COD,Delivered
O007300,CUST007301,R007300,1/12/2023,160,Card,Delivered
O007301,CUST007302,R007301,2/3/2022,972,Card,Delivered
O007302,CUST007303,R007302,10/27/2020,322,COD,Delivered
O007303,CUST007304,R007303,3/27/2023,903,COD,Delivered
O007304,CUST007305,R007304,3/8/2024,400,Wallet,Delivered
O007305,CUST007306,R007305,2/27/2023,1031,COD,Delivered
O007306,CUST007307,R007306,4/10/2025,1313,Wallet,Delivered
O007307,CUST007308,R007307,8/8/2022,1185,UPI,Delivered
O007308,CUST007309,R007308,12/1/2021,1728,UPI,Delivered
O007309,CUST007310,R007309,11/23/2022,729,Wallet,Delivered
O007310,CUST007311,R007310,7/25/2019,1361,UPI,Delivered
O007311,CUST007312,R007311,8/19/2022,1791,Wallet,Delivered
O007312,CUST007313,R007312,3/14/2019,1974,Card,Delivered
O007313,CUST007314,R007313,5/6/2020,1677,Card,Delivered
O007314,CUST007315,R007314,2/28/2024,1601,Card,Delivered
O007315,CUST007316,R007315,7/9/2025,1839,COD,Delivered
O007316,CUST007317,R007316,10/3/2025,519,Wallet,Delivered
O007317,CUST007318,R007317,12/18/2019,1961,Wallet,Delivered
O007318,CUST007319,R007318,10/21/2025,822,COD,Delivered
O007319,CUST007320,R007319,4/5/2025,1941,Wallet,Delivered
O007320,CUST007321,R007320,1/17/2022,272,UPI,Delivered
O007321,CUST007322,R007321,12/24/2025,1772,Wallet,Cancelled
O007322,CUST007323,R007322,8/11/2025,1309,Wallet,Delivered
O007323,CUST007324,R007323,8/1/2022,1405,UPI,Delivered
O007324,CUST007325,R007324,12/20/2020,945,Wallet,Delivered
O007325,CUST007326,R007325,8/7/2024,117,COD,Delivered
O007326,CUST007327,R007326,10/15/2025,1766,Wallet,Delivered
O007327,CUST007328,R007327,8/16/2025,1689,Card,Cancelled
O007328,CUST007329,R007328,11/9/2023,1882,COD,Delivered
O007329,CUST007330,R007329,10/3/2025,1749,UPI,Delivered
O007330,CUST007331,R007330,4/18/2024,105,Wallet,Delivered
O007331,CUST007332,R007331,1/23/2021,910,UPI,Delivered
O007332,CUST007333,R007332,10/23/2021,511,COD,Delivered
O007333,CUST007334,R007333,2/17/2022,316,COD,Delivered
O007334,CUST007335,R007334,8/27/2023,500,COD,Delivered
O007335,CUST007336,R007335,8/6/2025,925,UPI,Delivered
O007336,CUST007337,R007336,4/2/2023,1070,Card,Delivered
O007337,CUST007338,R007337,2/1/2022,562,COD,Delivered
O007338,CUST007339,R007338,4/2/2025,1112,Wallet,Delivered
O007339,CUST007340,R007339,10/9/2025,493,COD,Delivered
O007340,CUST007341,R007340,11/11/2020,1479,UPI,Delivered
O007341,CUST007342,R007341,4/4/2022,1542,Wallet,Delivered
O007342,CUST007343,R007342,4/13/2025,1858,Wallet,Delivered
O007343,CUST007344,R007343,2/5/2023,1622,UPI,Delivered
O007344,CUST007345,R007344,9/17/2023,1538,Wallet,Delivered
O007345,CUST007346,R007345,10/18/2025,171,COD,Delivered
O007346,CUST007347,R007346,4/19/2024,1877,Wallet,Delivered
O007347,CUST007348,R007347,6/9/2021,291,Card,Delivered
O007348,CUST007349,R007348,4/28/2020,541,Card,Delivered
O007349,CUST007350,R007349,8/24/2020,1872,UPI,Delivered
O007350,CUST007351,R007350,5/24/2024,222,COD,Delivered
O007351,CUST007352,R007351,4/24/2025,729,Wallet,Delivered
O007352,CUST007353,R007352,8/21/2025,594,COD,Delivered
O007353,CUST007354,R007353,3/5/2024,1095,COD,Delivered
O007354,CUST007355,R007354,4/1/2024,270,COD,Delivered
O007355,CUST007356,R007355,10/8/2025,1090,COD,Delivered
O007356,CUST007357,R007356,4/7/2025,287,COD,Delivered
O007357,CUST007358,R007357,10/20/2020,726,COD,Delivered
O007358,CUST007359,R007358,9/6/2024,1435,Wallet,Delivered
O007359,CUST007360,R007359,2/8/2020,177,COD,Delivered
O007360,CUST007361,R007360,6/25/2020,1424,Wallet,Delivered
O007361,CUST007362,R007361,10/9/2021,741,Wallet,Delivered
O007362,CUST007363,R007362,5/27/2024,1553,Wallet,Delivered
O007363,CUST007364,R007363,1/15/2020,1312,COD,Cancelled
O007364,CUST007365,R007364,11/13/2024,972,UPI,Delivered
O007365,CUST007366,R007365,4/9/2019,1728,Card,Delivered
O007366,CUST007367,R007366,9/28/2023,1296,UPI,Delivered
O007367,CUST007368,R007367,5/4/2019,1534,Card,Delivered
O007368,CUST007369,R007368,10/24/2023,711,UPI,Delivered
O007369,CUST007370,R007369,7/23/2019,959,COD,Delivered
O007370,CUST007371,R007370,10/17/2022,343,Card,Delivered
O007371,CUST007372,R007371,9/28/2024,163,COD,Delivered
O007372,CUST007373,R007372,1/20/2021,1866,Card,Delivered
O007373,CUST007374,R007373,10/20/2025,1040,Card,Delivered
O007374,CUST007375,R007374,1/4/2022,402,Wallet,Delivered
O007375,CUST007376,R007375,5/21/2024,1169,Wallet,Delivered
O007376,CUST007377,R007376,2/16/2022,213,Card,Delivered
O007377,CUST007378,R007377,12/22/2019,588,Wallet,Delivered
O007378,CUST007379,R007378,7/4/2020,1519,COD,Delivered
O007379,CUST007380,R007379,7/15/2023,956,Wallet,Delivered
O007380,CUST007381,R007380,1/26/2021,1150,UPI,Cancelled
O007381,CUST007382,R007381,7/21/2020,1339,Wallet,Delivered
O007382,CUST007383,R007382,12/5/2019,1067,UPI,Delivered
O007383,CUST007384,R007383,5/12/2022,1904,COD,Delivered
O007384,CUST007385,R007384,3/10/2024,1718,COD,Delivered
O007385,CUST007386,R007385,5/14/2025,1656,Card,Delivered
O007386,CUST007387,R007386,12/21/2020,1669,UPI,Delivered
O007387,CUST007388,R007387,10/13/2021,1396,COD,Delivered
O007388,CUST007389,R007388,8/16/2019,828,Card,Delivered
O007389,CUST007390,R007389,11/25/2022,1730,COD,Delivered
O007390,CUST007391,R007390,1/19/2021,633,Wallet,Delivered
O007391,CUST007392,R007391,7/26/2020,674,Wallet,Delivered
O007392,CUST007393,R007392,4/3/2019,1491,Wallet,Delivered
O007393,CUST007394,R007393,9/28/2021,1238,Wallet,Delivered
O007394,CUST007395,R007394,9/8/2024,1559,Wallet,Delivered
O007395,CUST007396,R007395,8/5/2022,1111,Card,Delivered
O007396,CUST007397,R007396,4/20/2020,1233,COD,Delivered
O007397,CUST007398,R007397,10/11/2024,1762,COD,Delivered
O007398,CUST007399,R007398,9/15/2022,1745,Wallet,Cancelled
O007399,CUST007400,R007399,11/11/2022,1713,UPI,Delivered
O007400,CUST007401,R007400,2/13/2019,1445,Card,Delivered
O007401,CUST007402,R007401,1/20/2019,1884,Card,Delivered
O007402,CUST007403,R007402,10/26/2020,409,Card,Cancelled
O007403,CUST007404,R007403,9/19/2024,424,Card,Delivered
O007404,CUST007405,R007404,9/14/2023,290,COD,Delivered
O007405,CUST007406,R007405,1/26/2024,584,Card,Delivered
O007406,CUST007407,R007406,11/1/2023,1867,COD,Delivered
O007407,CUST007408,R007407,4/3/2023,1219,COD,Delivered
O007408,CUST007409,R007408,9/2/2024,727,COD,Delivered
O007409,CUST007410,R007409,5/1/2022,849,COD,Cancelled
O007410,CUST007411,R007410,4/25/2025,1379,Wallet,Delivered
O007411,CUST007412,R007411,4/10/2022,472,Wallet,Cancelled
O007412,CUST007413,R007412,2/6/2024,1800,UPI,Delivered
O007413,CUST007414,R007413,6/8/2022,1062,COD,Delivered
O007414,CUST007415,R007414,7/1/2019,1676,UPI,Delivered
O007415,CUST007416,R007415,10/21/2020,1926,COD,Delivered
O007416,CUST007417,R007416,10/25/2021,1090,UPI,Delivered
O007417,CUST007418,R007417,6/11/2020,1851,Card,Delivered
O007418,CUST007419,R007418,9/20/2019,201,UPI,Delivered
O007419,CUST007420,R007419,1/13/2021,1483,Card,Delivered
O007420,CUST007421,R007420,11/25/2025,834,UPI,Cancelled
O007421,CUST007422,R007421,3/25/2019,1399,Card,Delivered
O007422,CUST007423,R007422,1/24/2024,958,Card,Delivered
O007423,CUST007424,R007423,4/20/2025,472,UPI,Delivered
O007424,CUST007425,R007424,9/19/2022,1989,UPI,Delivered
O007425,CUST007426,R007425,6/1/2020,785,Wallet,Delivered
O007426,CUST007427,R007426,10/26/2021,928,UPI,Delivered
O007427,CUST007428,R007427,1/11/2023,487,Card,Delivered
O007428,CUST007429,R007428,10/23/2019,1748,Card,Delivered
O007429,CUST007430,R007429,6/22/2020,1801,COD,Delivered
O007430,CUST007431,R007430,3/22/2019,662,Card,Delivered
O007431,CUST007432,R007431,10/3/2023,1968,Card,Delivered
O007432,CUST007433,R007432,3/24/2020,964,COD,Delivered
O007433,CUST007434,R007433,10/8/2019,657,COD,Delivered
O007434,CUST007435,R007434,3/23/2024,385,Wallet,Delivered
O007435,CUST007436,R007435,3/7/2021,1713,Card,Delivered
O007436,CUST007437,R007436,12/10/2024,337,UPI,Delivered
O007437,CUST007438,R007437,6/4/2025,800,UPI,Delivered
O007438,CUST007439,R007438,8/11/2019,1414,UPI,Delivered
O007439,CUST007440,R007439,12/10/2020,545,Wallet,Delivered
O007440,CUST007441,R007440,4/6/2025,146,Wallet,Delivered
O007441,CUST007442,R007441,3/18/2022,841,UPI,Delivered
O007442,CUST007443,R007442,2/16/2022,1910,Card,Delivered
O007443,CUST007444,R007443,3/16/2019,1465,UPI,Delivered
O007444,CUST007445,R007444,4/12/2023,1584,Card,Delivered
O007445,CUST007446,R007445,2/19/2024,624,UPI,Delivered
O007446,CUST007447,R007446,10/2/2021,274,Card,Delivered
O007447,CUST007448,R007447,3/17/2023,1902,COD,Delivered
O007448,CUST007449,R007448,3/4/2023,434,Card,Delivered
O007449,CUST007450,R007449,9/19/2019,1855,COD,Delivered
O007450,CUST007451,R007450,9/27/2020,460,Card,Delivered
O007451,CUST007452,R007451,5/20/2024,1030,Wallet,Delivered
O007452,CUST007453,R007452,8/4/2022,762,COD,Delivered
O007453,CUST007454,R007453,3/1/2020,774,COD,Delivered
O007454,CUST007455,R007454,3/28/2023,502,Wallet,Cancelled
O007455,CUST007456,R007455,6/13/2022,1570,COD,Delivered
O007456,CUST007457,R007456,8/25/2019,1080,UPI,Delivered
O007457,CUST007458,R007457,12/9/2020,1201,UPI,Cancelled
O007458,CUST007459,R007458,10/13/2019,1253,Card,Cancelled
O007459,CUST007460,R007459,3/12/2019,362,Card,Delivered
O007460,CUST007461,R007460,11/11/2025,1946,Card,Delivered
O007461,CUST007462,R007461,1/19/2021,653,Card,Delivered
O007462,CUST007463,R007462,1/20/2024,490,COD,Delivered
O007463,CUST007464,R007463,5/27/2023,1691,Card,Delivered
O007464,CUST007465,R007464,5/22/2022,1123,Wallet,Delivered
O007465,CUST007466,R007465,8/5/2021,806,Card,Delivered
O007466,CUST007467,R007466,9/19/2023,819,COD,Delivered
O007467,CUST007468,R007467,11/28/2025,546,COD,Delivered
O007468,CUST007469,R007468,5/14/2020,724,Wallet,Delivered
O007469,CUST007470,R007469,2/5/2020,1168,UPI,Delivered
O007470,CUST007471,R007470,5/10/2025,1420,COD,Delivered
O007471,CUST007472,R007471,4/28/2020,1297,Card,Delivered
O007472,CUST007473,R007472,7/12/2024,1846,COD,Cancelled
O007473,CUST007474,R007473,6/13/2025,716,UPI,Delivered
O007474,CUST007475,R007474,9/14/2023,313,UPI,Delivered
O007475,CUST007476,R007475,6/17/2024,106,Wallet,Delivered
O007476,CUST007477,R007476,10/9/2023,1306,Card,Delivered
O007477,CUST007478,R007477,7/8/2019,739,Card,Delivered
O007478,CUST007479,R007478,12/28/2023,1479,Card,Delivered
O007479,CUST007480,R007479,3/21/2023,610,COD,Cancelled
O007480,CUST007481,R007480,7/23/2020,156,UPI,Delivered
O007481,CUST007482,R007481,7/24/2022,515,Wallet,Delivered
O007482,CUST007483,R007482,10/27/2022,1276,Card,Delivered
O007483,CUST007484,R007483,12/5/2025,191,Card,Delivered
O007484,CUST007485,R007484,5/25/2022,913,UPI,Delivered
O007485,CUST007486,R007485,6/7/2019,1463,UPI,Delivered
O007486,CUST007487,R007486,4/24/2025,333,Wallet,Delivered
O007487,CUST007488,R007487,4/9/2023,1831,COD,Delivered
O007488,CUST007489,R007488,2/11/2019,777,Wallet,Delivered
O007489,CUST007490,R007489,9/10/2020,923,UPI,Delivered
O007490,CUST007491,R007490,3/3/2021,1734,UPI,Delivered
O007491,CUST007492,R007491,9/9/2022,1095,UPI,Delivered
O007492,CUST007493,R007492,6/16/2025,696,COD,Delivered
O007493,CUST007494,R007493,4/20/2024,828,COD,Delivered
O007494,CUST007495,R007494,3/18/2024,1605,Card,Cancelled
O007495,CUST007496,R007495,8/14/2022,1477,Wallet,Delivered
O007496,CUST007497,R007496,9/8/2022,1285,UPI,Delivered
O007497,CUST007498,R007497,8/14/2023,145,UPI,Delivered
O007498,CUST007499,R007498,5/23/2025,1664,UPI,Delivered
O007499,CUST007500,R007499,2/20/2022,1597,Card,Cancelled
O007500,CUST007501,R007500,4/25/2021,130,UPI,Delivered
O007501,CUST007502,R007501,7/15/2020,140,Card,Delivered
O007502,CUST007503,R007502,3/27/2019,647,UPI,Delivered
O007503,CUST007504,R007503,6/19/2025,1935,Card,Delivered
O007504,CUST007505,R007504,1/28/2020,283,Wallet,Delivered
O007505,CUST007506,R007505,2/4/2019,897,COD,Delivered
O007506,CUST007507,R007506,8/23/2021,1919,Card,Delivered
O007507,CUST007508,R007507,6/6/2021,1265,Wallet,Cancelled
O007508,CUST007509,R007508,8/2/2021,569,UPI,Delivered
O007509,CUST007510,R007509,6/8/2025,901,Wallet,Delivered
O007510,CUST007511,R007510,3/8/2024,948,Wallet,Delivered
O007511,CUST007512,R007511,10/5/2023,1324,Wallet,Delivered
O007512,CUST007513,R007512,10/14/2024,1742,Wallet,Delivered
O007513,CUST007514,R007513,6/11/2025,1647,UPI,Delivered
O007514,CUST007515,R007514,3/9/2022,1658,Card,Delivered
O007515,CUST007516,R007515,8/24/2019,1275,UPI,Cancelled
O007516,CUST007517,R007516,7/1/2025,1594,UPI,Delivered
O007517,CUST007518,R007517,12/22/2023,1975,UPI,Delivered
O007518,CUST007519,R007518,8/13/2019,514,COD,Delivered
O007519,CUST007520,R007519,3/25/2021,1709,UPI,Delivered
O007520,CUST007521,R007520,10/1/2023,1893,COD,Delivered
O007521,CUST007522,R007521,4/12/2023,229,Wallet,Delivered
O007522,CUST007523,R007522,7/5/2020,1010,UPI,Cancelled
O007523,CUST007524,R007523,1/18/2023,565,Wallet,Delivered
O007524,CUST007525,R007524,11/2/2025,940,COD,Delivered
O007525,CUST007526,R007525,9/9/2021,470,COD,Delivered
O007526,CUST007527,R007526,11/20/2025,1308,Wallet,Delivered
O007527,CUST007528,R007527,3/4/2022,1275,Wallet,Delivered
O007528,CUST007529,R007528,1/5/2019,1071,Card,Delivered
O007529,CUST007530,R007529,5/2/2022,1638,UPI,Cancelled
O007530,CUST007531,R007530,12/24/2020,1174,UPI,Delivered
O007531,CUST007532,R007531,2/6/2022,558,COD,Delivered
O007532,CUST007533,R007532,7/25/2019,535,Wallet,Delivered
O007533,CUST007534,R007533,5/19/2023,1937,COD,Delivered
O007534,CUST007535,R007534,9/13/2021,274,COD,Delivered
O007535,CUST007536,R007535,10/7/2023,208,Card,Delivered
O007536,CUST007537,R007536,5/18/2021,608,Wallet,Delivered
O007537,CUST007538,R007537,11/2/2025,1158,UPI,Delivered
O007538,CUST007539,R007538,11/25/2024,515,Wallet,Delivered
O007539,CUST007540,R007539,9/1/2021,829,Card,Delivered
O007540,CUST007541,R007540,2/5/2019,473,COD,Delivered
O007541,CUST007542,R007541,2/6/2019,1115,UPI,Delivered
O007542,CUST007543,R007542,2/5/2020,1746,COD,Delivered
O007543,CUST007544,R007543,9/5/2019,791,UPI,Delivered
O007544,CUST007545,R007544,5/1/2024,212,Wallet,Cancelled
O007545,CUST007546,R007545,11/20/2023,1206,COD,Delivered
O007546,CUST007547,R007546,1/13/2025,1728,Card,Delivered
O007547,CUST007548,R007547,8/7/2021,1792,Wallet,Delivered
O007548,CUST007549,R007548,4/16/2023,1899,Card,Cancelled
O007549,CUST007550,R007549,4/20/2022,268,Card,Delivered
O007550,CUST007551,R007550,7/25/2020,1787,UPI,Delivered
O007551,CUST007552,R007551,4/22/2024,131,Wallet,Delivered
O007552,CUST007553,R007552,5/23/2023,935,Wallet,Delivered
O007553,CUST007554,R007553,9/17/2022,1990,Card,Delivered
O007554,CUST007555,R007554,5/1/2021,775,COD,Delivered
O007555,CUST007556,R007555,2/28/2020,648,Card,Delivered
O007556,CUST007557,R007556,5/27/2020,406,Wallet,Delivered
O007557,CUST007558,R007557,9/23/2021,1206,Wallet,Delivered
O007558,CUST007559,R007558,12/2/2023,823,Wallet,Delivered
O007559,CUST007560,R007559,2/16/2025,1388,COD,Delivered
O007560,CUST007561,R007560,9/4/2023,524,COD,Delivered
O007561,CUST007562,R007561,8/10/2020,1516,UPI,Delivered
O007562,CUST007563,R007562,10/6/2024,897,Wallet,Delivered
O007563,CUST007564,R007563,12/7/2025,1207,Wallet,Delivered
O007564,CUST007565,R007564,11/16/2019,1451,UPI,Cancelled
O007565,CUST007566,R007565,12/14/2024,1324,COD,Delivered
O007566,CUST007567,R007566,3/8/2019,1542,UPI,Cancelled
O007567,CUST007568,R007567,3/20/2023,1164,UPI,Delivered
O007568,CUST007569,R007568,1/6/2022,1968,UPI,Delivered
O007569,CUST007570,R007569,6/28/2020,1684,UPI,Cancelled
O007570,CUST007571,R007570,3/14/2025,1595,UPI,Delivered
O007571,CUST007572,R007571,2/23/2025,200,Card,Delivered
O007572,CUST007573,R007572,9/7/2022,1776,COD,Delivered
O007573,CUST007574,R007573,4/10/2020,1845,Card,Delivered
O007574,CUST007575,R007574,2/1/2024,893,Card,Delivered
O007575,CUST007576,R007575,8/25/2019,242,COD,Delivered
O007576,CUST007577,R007576,6/25/2022,817,COD,Delivered
O007577,CUST007578,R007577,9/7/2025,353,Wallet,Delivered
O007578,CUST007579,R007578,1/24/2024,985,COD,Delivered
O007579,CUST007580,R007579,9/9/2019,1158,COD,Delivered
O007580,CUST007581,R007580,9/6/2024,780,Wallet,Delivered
O007581,CUST007582,R007581,12/1/2024,1585,UPI,Delivered
O007582,CUST007583,R007582,9/23/2022,456,Wallet,Delivered
O007583,CUST007584,R007583,1/23/2023,1255,UPI,Delivered
O007584,CUST007585,R007584,10/17/2020,1891,Wallet,Delivered
O007585,CUST007586,R007585,10/16/2024,1820,Card,Delivered
O007586,CUST007587,R007586,12/5/2022,1636,UPI,Delivered
O007587,CUST007588,R007587,9/24/2024,1565,UPI,Delivered
O007588,CUST007589,R007588,2/6/2019,1759,Wallet,Delivered
O007589,CUST007590,R007589,3/25/2023,434,Wallet,Delivered
O007590,CUST007591,R007590,3/17/2025,1871,COD,Delivered
O007591,CUST007592,R007591,5/21/2024,601,Card,Delivered
O007592,CUST007593,R007592,12/4/2021,1835,Card,Delivered
O007593,CUST007594,R007593,11/15/2019,1774,Wallet,Delivered
O007594,CUST007595,R007594,8/23/2019,1202,Card,Cancelled
O007595,CUST007596,R007595,7/4/2020,737,COD,Delivered
O007596,CUST007597,R007596,4/18/2025,871,UPI,Delivered
O007597,CUST007598,R007597,2/12/2019,662,Wallet,Delivered
O007598,CUST007599,R007598,4/2/2025,1864,COD,Delivered
O007599,CUST007600,R007599,6/6/2022,1680,Wallet,Cancelled
O007600,CUST007601,R007600,3/14/2020,1608,Card,Delivered
O007601,CUST007602,R007601,10/8/2019,1846,COD,Delivered
O007602,CUST007603,R007602,7/25/2021,1534,Wallet,Delivered
O007603,CUST007604,R007603,11/17/2021,1915,COD,Delivered
O007604,CUST007605,R007604,10/22/2022,819,UPI,Delivered
O007605,CUST007606,R007605,10/20/2019,469,Card,Delivered
O007606,CUST007607,R007606,10/17/2024,1862,Card,Delivered
O007607,CUST007608,R007607,8/26/2022,357,COD,Delivered
O007608,CUST007609,R007608,11/5/2025,776,Wallet,Delivered
O007609,CUST007610,R007609,3/1/2025,915,Card,Delivered
O007610,CUST007611,R007610,4/28/2022,707,COD,Delivered
O007611,CUST007612,R007611,8/4/2021,1524,Wallet,Delivered
O007612,CUST007613,R007612,10/7/2020,407,COD,Delivered
O007613,CUST007614,R007613,2/9/2023,1399,UPI,Delivered
O007614,CUST007615,R007614,5/2/2021,1463,Wallet,Delivered
O007615,CUST007616,R007615,12/7/2019,1816,Wallet,Delivered
O007616,CUST007617,R007616,5/4/2023,1575,UPI,Delivered
O007617,CUST007618,R007617,2/16/2019,1447,Wallet,Delivered
O007618,CUST007619,R007618,11/17/2021,1987,Card,Delivered
O007619,CUST007620,R007619,4/18/2024,1479,Wallet,Delivered
O007620,CUST007621,R007620,9/8/2022,1917,Card,Delivered
O007621,CUST007622,R007621,3/27/2021,435,Card,Delivered
O007622,CUST007623,R007622,11/23/2020,1718,UPI,Delivered
O007623,CUST007624,R007623,4/22/2022,323,COD,Delivered
O007624,CUST007625,R007624,3/26/2023,622,COD,Delivered
O007625,CUST007626,R007625,7/17/2022,494,Card,Delivered
O007626,CUST007627,R007626,10/3/2024,1016,Card,Delivered
O007627,CUST007628,R007627,10/27/2021,191,COD,Cancelled
O007628,CUST007629,R007628,8/2/2021,1432,Wallet,Delivered
O007629,CUST007630,R007629,2/5/2021,302,Wallet,Delivered
O007630,CUST007631,R007630,2/26/2019,1108,COD,Delivered
O007631,CUST007632,R007631,11/11/2021,1778,COD,Delivered
O007632,CUST007633,R007632,12/13/2019,205,Card,Cancelled
O007633,CUST007634,R007633,1/2/2019,1280,Wallet,Delivered
O007634,CUST007635,R007634,10/16/2020,637,Wallet,Delivered
O007635,CUST007636,R007635,12/26/2022,1442,Wallet,Delivered
O007636,CUST007637,R007636,8/13/2021,1412,COD,Delivered
O007637,CUST007638,R007637,11/14/2024,823,UPI,Delivered
O007638,CUST007639,R007638,11/7/2021,1585,Card,Cancelled
O007639,CUST007640,R007639,3/27/2021,1260,UPI,Delivered
O007640,CUST007641,R007640,7/2/2025,1318,Card,Delivered
O007641,CUST007642,R007641,4/18/2021,620,UPI,Delivered
O007642,CUST007643,R007642,2/21/2020,869,Card,Delivered
O007643,CUST007644,R007643,6/14/2023,296,Card,Delivered
O007644,CUST007645,R007644,5/28/2019,120,Card,Delivered
O007645,CUST007646,R007645,5/18/2024,1786,Card,Delivered
O007646,CUST007647,R007646,1/18/2025,897,Card,Delivered
O007647,CUST007648,R007647,8/2/2020,253,COD,Delivered
O007648,CUST007649,R007648,3/21/2024,1058,UPI,Delivered
O007649,CUST007650,R007649,2/15/2025,183,Card,Delivered
O007650,CUST007651,R007650,5/23/2024,440,Wallet,Delivered
O007651,CUST007652,R007651,11/2/2021,1375,COD,Cancelled
O007652,CUST007653,R007652,9/8/2022,876,Wallet,Delivered
O007653,CUST007654,R007653,6/25/2022,1108,UPI,Delivered
O007654,CUST007655,R007654,4/15/2023,1293,Wallet,Delivered
O007655,CUST007656,R007655,11/2/2025,977,Wallet,Cancelled
O007656,CUST007657,R007656,6/11/2025,1819,COD,Delivered
O007657,CUST007658,R007657,7/9/2022,1638,Card,Delivered
O007658,CUST007659,R007658,8/13/2019,1447,Card,Delivered
O007659,CUST007660,R007659,7/20/2025,1526,UPI,Delivered
O007660,CUST007661,R007660,1/12/2020,1247,COD,Delivered
O007661,CUST007662,R007661,12/15/2022,674,Card,Delivered
O007662,CUST007663,R007662,7/24/2025,1875,UPI,Delivered
O007663,CUST007664,R007663,12/18/2024,100,COD,Delivered
O007664,CUST007665,R007664,7/24/2022,102,Card,Delivered
O007665,CUST007666,R007665,11/23/2025,920,COD,Cancelled
O007666,CUST007667,R007666,2/19/2023,725,COD,Delivered
O007667,CUST007668,R007667,9/25/2022,1337,Wallet,Delivered
O007668,CUST007669,R007668,2/25/2020,1064,Card,Delivered
O007669,CUST007670,R007669,12/18/2024,1148,COD,Delivered
O007670,CUST007671,R007670,11/9/2019,1683,Card,Delivered
O007671,CUST007672,R007671,4/14/2022,1665,Wallet,Delivered
O007672,CUST007673,R007672,4/8/2021,1607,UPI,Cancelled
O007673,CUST007674,R007673,2/12/2020,1334,UPI,Delivered
O007674,CUST007675,R007674,9/18/2020,1731,Card,Delivered
O007675,CUST007676,R007675,4/25/2021,510,Card,Delivered
O007676,CUST007677,R007676,9/22/2022,143,UPI,Delivered
O007677,CUST007678,R007677,7/12/2019,190,COD,Delivered
O007678,CUST007679,R007678,3/23/2023,441,Card,Delivered
O007679,CUST007680,R007679,5/27/2019,1782,COD,Delivered
O007680,CUST007681,R007680,1/25/2019,1127,COD,Cancelled
O007681,CUST007682,R007681,3/26/2020,680,COD,Delivered
O007682,CUST007683,R007682,1/28/2024,809,Card,Delivered
O007683,CUST007684,R007683,9/24/2019,1299,COD,Delivered
O007684,CUST007685,R007684,12/8/2023,392,Wallet,Delivered
O007685,CUST007686,R007685,1/5/2025,1715,Wallet,Delivered
O007686,CUST007687,R007686,5/7/2022,951,COD,Delivered
O007687,CUST007688,R007687,2/28/2025,1391,UPI,Delivered
O007688,CUST007689,R007688,11/19/2023,131,COD,Delivered
O007689,CUST007690,R007689,7/23/2019,946,UPI,Delivered
O007690,CUST007691,R007690,3/7/2021,1708,Card,Delivered
O007691,CUST007692,R007691,10/18/2023,101,Card,Delivered
O007692,CUST007693,R007692,3/11/2020,1441,Card,Delivered
O007693,CUST007694,R007693,10/19/2025,744,UPI,Delivered
O007694,CUST007695,R007694,3/23/2022,1309,Card,Delivered
O007695,CUST007696,R007695,1/22/2024,916,Card,Delivered
O007696,CUST007697,R007696,12/19/2021,1970,Card,Delivered
O007697,CUST007698,R007697,2/18/2019,1909,COD,Delivered
O007698,CUST007699,R007698,9/28/2020,1506,Card,Delivered
O007699,CUST007700,R007699,11/9/2022,1580,Card,Delivered
O007700,CUST007701,R007700,10/23/2020,1181,COD,Delivered
O007701,CUST007702,R007701,11/14/2020,803,Card,Delivered
O007702,CUST007703,R007702,1/4/2019,1658,Card,Cancelled
O007703,CUST007704,R007703,8/4/2021,519,Card,Delivered
O007704,CUST007705,R007704,12/1/2022,1819,Card,Delivered
O007705,CUST007706,R007705,8/22/2021,424,COD,Delivered
O007706,CUST007707,R007706,8/3/2024,610,Card,Delivered
O007707,CUST007708,R007707,7/20/2024,294,Wallet,Delivered
O007708,CUST007709,R007708,3/4/2023,1627,Card,Delivered
O007709,CUST007710,R007709,11/8/2019,258,Wallet,Delivered
O007710,CUST007711,R007710,11/1/2024,764,Wallet,Delivered
O007711,CUST007712,R007711,3/10/2024,1372,Wallet,Delivered
O007712,CUST007713,R007712,3/9/2019,390,Wallet,Delivered
O007713,CUST007714,R007713,8/5/2021,1892,Wallet,Delivered
O007714,CUST007715,R007714,11/17/2025,1515,UPI,Delivered
O007715,CUST007716,R007715,2/16/2023,1810,Card,Delivered
O007716,CUST007717,R007716,10/14/2020,1321,UPI,Cancelled
O007717,CUST007718,R007717,2/10/2024,1435,UPI,Delivered
O007718,CUST007719,R007718,4/16/2022,215,UPI,Delivered
O007719,CUST007720,R007719,5/12/2022,227,Card,Delivered
O007720,CUST007721,R007720,10/15/2019,1860,COD,Delivered
O007721,CUST007722,R007721,11/1/2020,354,Card,Delivered
O007722,CUST007723,R007722,4/17/2020,1776,Card,Delivered
O007723,CUST007724,R007723,3/26/2024,381,Card,Delivered
O007724,CUST007725,R007724,4/20/2024,988,Wallet,Delivered
O007725,CUST007726,R007725,8/4/2025,541,COD,Delivered
O007726,CUST007727,R007726,4/28/2023,620,Wallet,Delivered
O007727,CUST007728,R007727,8/26/2023,608,Wallet,Cancelled
O007728,CUST007729,R007728,10/10/2025,1425,COD,Delivered
O007729,CUST007730,R007729,7/24/2022,980,Wallet,Delivered
O007730,CUST007731,R007730,2/7/2019,1096,UPI,Delivered
O007731,CUST007732,R007731,4/11/2022,843,UPI,Cancelled
O007732,CUST007733,R007732,5/6/2024,1744,UPI,Delivered
O007733,CUST007734,R007733,2/10/2022,1476,UPI,Delivered
O007734,CUST007735,R007734,12/11/2020,1916,UPI,Delivered
O007735,CUST007736,R007735,4/12/2020,1883,Card,Delivered
O007736,CUST007737,R007736,11/20/2019,1177,Card,Delivered
O007737,CUST007738,R007737,8/14/2021,1032,Wallet,Delivered
O007738,CUST007739,R007738,12/4/2023,760,UPI,Delivered
O007739,CUST007740,R007739,5/16/2024,708,Wallet,Delivered
O007740,CUST007741,R007740,1/27/2021,652,COD,Delivered
O007741,CUST007742,R007741,10/13/2023,580,Wallet,Delivered
O007742,CUST007743,R007742,5/4/2020,1025,UPI,Delivered
O007743,CUST007744,R007743,6/8/2022,1140,COD,Delivered
O007744,CUST007745,R007744,6/26/2019,930,Card,Delivered
O007745,CUST007746,R007745,6/6/2024,1692,COD,Delivered
O007746,CUST007747,R007746,6/10/2020,632,UPI,Delivered
O007747,CUST007748,R007747,8/12/2023,234,UPI,Delivered
O007748,CUST007749,R007748,3/13/2024,1970,COD,Delivered
O007749,CUST007750,R007749,9/7/2024,1265,UPI,Delivered
O007750,CUST007751,R007750,10/7/2025,649,UPI,Delivered
O007751,CUST007752,R007751,12/27/2022,1388,Card,Delivered
O007752,CUST007753,R007752,12/20/2019,329,COD,Cancelled
O007753,CUST007754,R007753,12/22/2025,312,UPI,Delivered
O007754,CUST007755,R007754,3/22/2023,372,COD,Cancelled
O007755,CUST007756,R007755,5/26/2020,1133,Card,Delivered
O007756,CUST007757,R007756,2/3/2024,1942,Card,Cancelled
O007757,CUST007758,R007757,10/21/2024,547,UPI,Delivered
O007758,CUST007759,R007758,9/1/2019,1353,Card,Delivered
O007759,CUST007760,R007759,8/22/2019,248,Wallet,Delivered
O007760,CUST007761,R007760,4/6/2025,1750,COD,Delivered
O007761,CUST007762,R007761,12/10/2021,698,Wallet,Delivered
O007762,CUST007763,R007762,10/13/2021,882,UPI,Delivered
O007763,CUST007764,R007763,10/2/2025,1321,UPI,Delivered
O007764,CUST007765,R007764,5/8/2023,1004,UPI,Delivered
O007765,CUST007766,R007765,4/14/2023,611,Wallet,Cancelled
O007766,CUST007767,R007766,8/16/2020,941,Wallet,Delivered
O007767,CUST007768,R007767,10/17/2023,1933,Card,Delivered
O007768,CUST007769,R007768,11/13/2021,1799,UPI,Delivered
O007769,CUST007770,R007769,3/12/2019,1558,Card,Delivered
O007770,CUST007771,R007770,11/18/2019,164,UPI,Delivered
O007771,CUST007772,R007771,9/24/2025,1553,UPI,Delivered
O007772,CUST007773,R007772,6/24/2021,1381,Card,Cancelled
O007773,CUST007774,R007773,7/22/2024,1951,UPI,Delivered
O007774,CUST007775,R007774,9/13/2025,1962,Card,Delivered
O007775,CUST007776,R007775,2/1/2025,562,UPI,Delivered
O007776,CUST007777,R007776,4/18/2024,1887,COD,Delivered
O007777,CUST007778,R007777,8/25/2023,236,COD,Delivered
O007778,CUST007779,R007778,3/2/2022,812,COD,Delivered
O007779,CUST007780,R007779,2/22/2022,129,Card,Delivered
O007780,CUST007781,R007780,10/5/2022,1121,COD,Cancelled
O007781,CUST007782,R007781,2/1/2022,987,Wallet,Delivered
O007782,CUST007783,R007782,9/7/2025,791,Wallet,Delivered
O007783,CUST007784,R007783,2/6/2023,539,Wallet,Delivered
O007784,CUST007785,R007784,6/27/2023,1174,Wallet,Delivered
O007785,CUST007786,R007785,1/12/2021,1599,Wallet,Delivered
O007786,CUST007787,R007786,8/4/2024,1612,UPI,Delivered
O007787,CUST007788,R007787,9/7/2025,1579,UPI,Delivered
O007788,CUST007789,R007788,2/25/2020,1189,Wallet,Cancelled
O007789,CUST007790,R007789,11/27/2021,1503,UPI,Delivered
O007790,CUST007791,R007790,9/22/2025,1754,UPI,Delivered
O007791,CUST007792,R007791,8/12/2020,472,COD,Delivered
O007792,CUST007793,R007792,4/23/2024,1820,UPI,Delivered
O007793,CUST007794,R007793,2/28/2019,1749,Card,Delivered
O007794,CUST007795,R007794,8/11/2022,1982,Wallet,Delivered
O007795,CUST007796,R007795,4/2/2025,899,UPI,Cancelled
O007796,CUST007797,R007796,3/16/2023,198,Wallet,Delivered
O007797,CUST007798,R007797,3/24/2019,791,COD,Delivered
O007798,CUST007799,R007798,9/7/2023,327,COD,Delivered
O007799,CUST007800,R007799,5/19/2023,1228,Wallet,Delivered
O007800,CUST007801,R007800,12/2/2020,1233,COD,Delivered
O007801,CUST007802,R007801,4/7/2022,849,UPI,Delivered
O007802,CUST007803,R007802,12/28/2022,1120,Wallet,Cancelled
O007803,CUST007804,R007803,8/16/2025,656,Wallet,Delivered
O007804,CUST007805,R007804,4/7/2022,1989,COD,Delivered
O007805,CUST007806,R007805,10/18/2019,1972,COD,Delivered
O007806,CUST007807,R007806,12/12/2019,1794,COD,Delivered
O007807,CUST007808,R007807,7/5/2022,125,COD,Delivered
O007808,CUST007809,R007808,1/6/2023,1954,UPI,Delivered
O007809,CUST007810,R007809,4/17/2023,242,Wallet,Delivered
O007810,CUST007811,R007810,2/25/2024,879,UPI,Delivered
O007811,CUST007812,R007811,3/22/2024,371,Wallet,Delivered
O007812,CUST007813,R007812,4/27/2022,748,Card,Delivered
O007813,CUST007814,R007813,1/3/2020,388,COD,Delivered
O007814,CUST007815,R007814,3/8/2020,1068,UPI,Delivered
O007815,CUST007816,R007815,4/1/2025,1699,Card,Delivered
O007816,CUST007817,R007816,10/3/2021,705,Wallet,Delivered
O007817,CUST007818,R007817,2/27/2022,132,UPI,Cancelled
O007818,CUST007819,R007818,2/19/2024,1127,COD,Delivered
O007819,CUST007820,R007819,3/13/2022,1454,Card,Delivered
O007820,CUST007821,R007820,11/6/2020,1686,Wallet,Delivered
O007821,CUST007822,R007821,8/15/2019,1745,UPI,Cancelled
O007822,CUST007823,R007822,6/18/2025,1760,UPI,Delivered
O007823,CUST007824,R007823,2/19/2024,1682,Wallet,Delivered
O007824,CUST007825,R007824,6/17/2019,1931,Wallet,Delivered
O007825,CUST007826,R007825,8/21/2025,792,UPI,Delivered
O007826,CUST007827,R007826,11/15/2020,1906,Card,Delivered
O007827,CUST007828,R007827,3/2/2020,685,Card,Delivered
O007828,CUST007829,R007828,4/26/2020,426,Card,Delivered
O007829,CUST007830,R007829,9/26/2025,365,Wallet,Delivered
O007830,CUST007831,R007830,10/22/2023,1127,Wallet,Delivered
O007831,CUST007832,R007831,12/28/2022,744,COD,Delivered
O007832,CUST007833,R007832,5/15/2024,1238,COD,Delivered
O007833,CUST007834,R007833,11/1/2024,413,COD,Delivered
O007834,CUST007835,R007834,11/10/2021,1406,Wallet,Delivered
O007835,CUST007836,R007835,4/5/2025,487,UPI,Delivered
O007836,CUST007837,R007836,7/28/2024,1297,Wallet,Delivered
O007837,CUST007838,R007837,10/14/2022,1548,UPI,Cancelled
O007838,CUST007839,R007838,11/16/2020,1465,COD,Delivered
O007839,CUST007840,R007839,11/9/2020,1566,UPI,Delivered
O007840,CUST007841,R007840,11/25/2022,1312,UPI,Delivered
O007841,CUST007842,R007841,6/8/2022,1878,UPI,Cancelled
O007842,CUST007843,R007842,9/24/2022,1643,Wallet,Cancelled
O007843,CUST007844,R007843,3/13/2025,1559,COD,Delivered
O007844,CUST007845,R007844,10/22/2019,120,Card,Delivered
O007845,CUST007846,R007845,8/5/2023,1627,Card,Cancelled
O007846,CUST007847,R007846,7/9/2019,1691,Card,Cancelled
O007847,CUST007848,R007847,9/1/2023,782,UPI,Delivered
O007848,CUST007849,R007848,5/24/2022,404,COD,Delivered
O007849,CUST007850,R007849,10/19/2023,674,COD,Delivered
O007850,CUST007851,R007850,4/5/2019,210,Wallet,Delivered
O007851,CUST007852,R007851,7/22/2021,841,COD,Delivered
O007852,CUST007853,R007852,6/8/2024,1116,Card,Cancelled
O007853,CUST007854,R007853,11/3/2021,733,Wallet,Delivered
O007854,CUST007855,R007854,12/26/2019,1495,UPI,Delivered
O007855,CUST007856,R007855,1/20/2022,370,Wallet,Delivered
O007856,CUST007857,R007856,9/23/2019,1175,UPI,Delivered
O007857,CUST007858,R007857,10/17/2023,1681,COD,Delivered
O007858,CUST007859,R007858,1/15/2023,1779,Card,Delivered
O007859,CUST007860,R007859,7/3/2019,1482,UPI,Delivered
O007860,CUST007861,R007860,5/23/2025,1410,UPI,Delivered
O007861,CUST007862,R007861,7/6/2024,1398,COD,Delivered
O007862,CUST007863,R007862,7/22/2025,335,Wallet,Delivered
O007863,CUST007864,R007863,1/14/2024,1728,COD,Delivered
O007864,CUST007865,R007864,7/19/2022,451,Card,Delivered
O007865,CUST007866,R007865,10/2/2021,1744,Card,Delivered
O007866,CUST007867,R007866,5/18/2023,350,Wallet,Delivered
O007867,CUST007868,R007867,7/21/2019,1155,Card,Delivered
O007868,CUST007869,R007868,7/2/2022,652,COD,Delivered
O007869,CUST007870,R007869,8/17/2021,791,Wallet,Delivered
O007870,CUST007871,R007870,5/11/2025,583,COD,Delivered
O007871,CUST007872,R007871,8/10/2023,1395,Card,Delivered
O007872,CUST007873,R007872,9/5/2021,1141,Card,Delivered
O007873,CUST007874,R007873,11/7/2020,1026,Wallet,Cancelled
O007874,CUST007875,R007874,3/28/2025,1015,Card,Cancelled
O007875,CUST007876,R007875,11/18/2025,1391,Wallet,Delivered
O007876,CUST007877,R007876,4/9/2019,1815,COD,Delivered
O007877,CUST007878,R007877,8/19/2022,539,UPI,Delivered
O007878,CUST007879,R007878,12/18/2024,571,Card,Delivered
O007879,CUST007880,R007879,1/18/2019,1772,Card,Delivered
O007880,CUST007881,R007880,11/22/2024,315,Card,Delivered
O007881,CUST007882,R007881,2/3/2022,739,Wallet,Delivered
O007882,CUST007883,R007882,10/26/2025,836,Card,Delivered
O007883,CUST007884,R007883,11/27/2019,627,COD,Delivered
O007884,CUST007885,R007884,11/3/2021,1439,Wallet,Delivered
O007885,CUST007886,R007885,10/6/2023,296,COD,Delivered
O007886,CUST007887,R007886,11/8/2025,1115,Wallet,Delivered
O007887,CUST007888,R007887,11/1/2021,1059,Wallet,Delivered
O007888,CUST007889,R007888,1/6/2022,1672,COD,Delivered
O007889,CUST007890,R007889,5/10/2025,1431,UPI,Delivered
O007890,CUST007891,R007890,11/14/2024,1342,Wallet,Delivered
O007891,CUST007892,R007891,5/14/2024,231,Card,Cancelled
O007892,CUST007893,R007892,3/20/2021,1387,Wallet,Delivered
O007893,CUST007894,R007893,6/6/2019,1832,Card,Delivered
O007894,CUST007895,R007894,10/25/2024,356,Card,Delivered
O007895,CUST007896,R007895,5/21/2025,1508,UPI,Delivered
O007896,CUST007897,R007896,7/21/2021,281,Card,Cancelled
O007897,CUST007898,R007897,3/25/2024,532,COD,Cancelled
O007898,CUST007899,R007898,3/15/2023,404,Card,Delivered
O007899,CUST007900,R007899,10/2/2025,905,UPI,Delivered
O007900,CUST007901,R007900,2/24/2023,1730,COD,Cancelled
O007901,CUST007902,R007901,12/28/2024,1288,Wallet,Delivered
O007902,CUST007903,R007902,5/4/2020,159,Wallet,Delivered
O007903,CUST007904,R007903,8/24/2022,959,COD,Delivered
O007904,CUST007905,R007904,8/9/2019,1747,Wallet,Delivered
O007905,CUST007906,R007905,3/15/2024,158,COD,Cancelled
O007906,CUST007907,R007906,1/28/2021,1623,UPI,Delivered
O007907,CUST007908,R007907,10/20/2024,985,UPI,Delivered
O007908,CUST007909,R007908,11/3/2025,1789,Wallet,Delivered
O007909,CUST007910,R007909,6/16/2025,1798,COD,Delivered
O007910,CUST007911,R007910,11/19/2019,777,Card,Delivered
O007911,CUST007912,R007911,8/12/2023,1494,UPI,Delivered
O007912,CUST007913,R007912,4/26/2024,1111,Wallet,Delivered
O007913,CUST007914,R007913,12/1/2022,919,UPI,Delivered
O007914,CUST007915,R007914,7/17/2023,521,Wallet,Delivered
O007915,CUST007916,R007915,8/20/2024,725,Card,Cancelled
O007916,CUST007917,R007916,8/12/2021,147,Card,Delivered
O007917,CUST007918,R007917,8/25/2022,221,Card,Delivered
O007918,CUST007919,R007918,12/18/2021,1676,UPI,Cancelled
O007919,CUST007920,R007919,12/17/2025,856,UPI,Delivered
O007920,CUST007921,R007920,8/28/2022,173,COD,Delivered
O007921,CUST007922,R007921,6/19/2019,978,Wallet,Delivered
O007922,CUST007923,R007922,12/5/2021,2000,Card,Delivered
O007923,CUST007924,R007923,7/23/2021,393,Wallet,Delivered
O007924,CUST007925,R007924,3/1/2022,1153,COD,Cancelled
O007925,CUST007926,R007925,6/7/2019,727,COD,Delivered
O007926,CUST007927,R007926,8/24/2024,710,UPI,Delivered
O007927,CUST007928,R007927,7/11/2022,1149,Wallet,Delivered
O007928,CUST007929,R007928,9/2/2024,871,UPI,Delivered
O007929,CUST007930,R007929,4/9/2025,1708,COD,Cancelled
O007930,CUST007931,R007930,2/7/2022,1739,Card,Delivered
O007931,CUST007932,R007931,4/15/2021,1292,Card,Cancelled
O007932,CUST007933,R007932,2/18/2020,1483,UPI,Delivered
O007933,CUST007934,R007933,12/10/2022,1734,Card,Delivered
O007934,CUST007935,R007934,2/13/2021,595,Card,Delivered
O007935,CUST007936,R007935,10/14/2019,1790,UPI,Delivered
O007936,CUST007937,R007936,3/17/2023,1910,COD,Delivered
O007937,CUST007938,R007937,7/23/2025,1956,Card,Delivered
O007938,CUST007939,R007938,9/2/2021,879,Card,Cancelled
O007939,CUST007940,R007939,7/18/2024,327,Card,Delivered
O007940,CUST007941,R007940,5/23/2023,765,COD,Delivered
O007941,CUST007942,R007941,1/24/2021,487,Wallet,Delivered
O007942,CUST007943,R007942,2/11/2020,436,Card,Delivered
O007943,CUST007944,R007943,9/2/2022,1399,Card,Delivered
O007944,CUST007945,R007944,12/9/2023,1088,Wallet,Delivered
O007945,CUST007946,R007945,4/28/2022,1527,UPI,Delivered
O007946,CUST007947,R007946,4/11/2020,1255,UPI,Delivered
O007947,CUST007948,R007947,5/14/2024,1695,Card,Delivered
O007948,CUST007949,R007948,2/15/2024,468,UPI,Delivered
O007949,CUST007950,R007949,1/20/2025,1954,UPI,Delivered
O007950,CUST007951,R007950,9/11/2022,100,COD,Delivered
O007951,CUST007952,R007951,3/23/2024,923,UPI,Delivered
O007952,CUST007953,R007952,1/26/2022,1426,Card,Cancelled
O007953,CUST007954,R007953,5/24/2023,984,COD,Delivered
O007954,CUST007955,R007954,6/25/2019,532,COD,Delivered
O007955,CUST007956,R007955,8/26/2021,654,Card,Delivered
O007956,CUST007957,R007956,1/2/2020,1443,COD,Delivered
O007957,CUST007958,R007957,8/10/2023,286,COD,Delivered
O007958,CUST007959,R007958,1/3/2020,1572,Wallet,Delivered
O007959,CUST007960,R007959,3/5/2020,872,COD,Delivered
O007960,CUST007961,R007960,4/26/2024,1305,UPI,Delivered
O007961,CUST007962,R007961,1/10/2020,1985,COD,Delivered
O007962,CUST007963,R007962,9/22/2019,725,Wallet,Delivered
O007963,CUST007964,R007963,8/5/2022,1617,Card,Delivered
O007964,CUST007965,R007964,11/17/2019,1917,UPI,Delivered
O007965,CUST007966,R007965,10/8/2023,1042,Card,Delivered
O007966,CUST007967,R007966,8/19/2024,644,Wallet,Delivered
O007967,CUST007968,R007967,10/22/2019,1204,Card,Delivered
O007968,CUST007969,R007968,4/21/2023,761,Card,Delivered
O007969,CUST007970,R007969,3/17/2023,170,Card,Delivered
O007970,CUST007971,R007970,1/20/2023,1804,COD,Delivered
O007971,CUST007972,R007971,8/26/2020,1232,Card,Delivered
O007972,CUST007973,R007972,6/7/2022,1499,Card,Delivered
O007973,CUST007974,R007973,8/21/2021,1096,Wallet,Cancelled
O007974,CUST007975,R007974,9/4/2022,713,COD,Delivered
O007975,CUST007976,R007975,7/3/2024,516,Wallet,Delivered
O007976,CUST007977,R007976,11/28/2023,1282,COD,Delivered
O007977,CUST007978,R007977,3/11/2023,644,COD,Delivered
O007978,CUST007979,R007978,10/5/2025,1150,COD,Delivered
O007979,CUST007980,R007979,8/13/2024,467,Card,Delivered
O007980,CUST007981,R007980,11/4/2019,1915,COD,Delivered
O007981,CUST007982,R007981,2/4/2019,1516,Card,Delivered
O007982,CUST007983,R007982,12/7/2022,359,Wallet,Delivered
O007983,CUST007984,R007983,7/2/2020,615,Wallet,Delivered
O007984,CUST007985,R007984,10/8/2019,1228,Wallet,Delivered
O007985,CUST007986,R007985,9/5/2021,354,Wallet,Delivered
O007986,CUST007987,R007986,10/3/2020,1852,Wallet,Delivered
O007987,CUST007988,R007987,1/7/2019,1425,UPI,Delivered
O007988,CUST007989,R007988,9/13/2023,1718,UPI,Delivered
O007989,CUST007990,R007989,2/13/2024,1105,UPI,Delivered
O007990,CUST007991,R007990,10/10/2020,1400,UPI,Delivered
O007991,CUST007992,R007991,4/15/2022,135,Wallet,Delivered
O007992,CUST007993,R007992,8/11/2021,1978,UPI,Delivered
O007993,CUST007994,R007993,9/14/2020,1705,COD,Delivered
O007994,CUST007995,R007994,10/26/2021,244,Card,Delivered
O007995,CUST007996,R007995,5/17/2020,1920,COD,Delivered
O007996,CUST007997,R007996,8/27/2022,231,Card,Delivered
O007997,CUST007998,R007997,7/18/2019,845,Wallet,Delivered
O007998,CUST007999,R007998,9/2/2023,398,COD,Delivered
O007999,CUST008000,R007999,5/26/2020,579,COD,Delivered
O008000,CUST008001,R008000,7/16/2019,1084,Wallet,Delivered
O008001,CUST008002,R008001,1/8/2020,1335,COD,Cancelled
O008002,CUST008003,R008002,8/23/2025,896,Wallet,Delivered
O008003,CUST008004,R008003,10/4/2020,1016,Wallet,Cancelled
O008004,CUST008005,R008004,7/10/2023,806,UPI,Delivered
O008005,CUST008006,R008005,5/5/2025,1638,UPI,Delivered
O008006,CUST008007,R008006,5/9/2022,1322,Wallet,Delivered
O008007,CUST008008,R008007,12/10/2019,1762,UPI,Cancelled
O008008,CUST008009,R008008,12/11/2022,132,UPI,Delivered
O008009,CUST008010,R008009,7/22/2019,903,UPI,Delivered
O008010,CUST008011,R008010,3/12/2021,462,COD,Delivered
O008011,CUST008012,R008011,9/24/2023,189,Wallet,Delivered
O008012,CUST008013,R008012,11/7/2020,195,Wallet,Delivered
O008013,CUST008014,R008013,11/11/2025,177,Card,Delivered
O008014,CUST008015,R008014,4/3/2022,534,Wallet,Delivered
O008015,CUST008016,R008015,1/23/2024,940,Wallet,Delivered
O008016,CUST008017,R008016,7/7/2025,1060,Card,Delivered
O008017,CUST008018,R008017,6/26/2022,851,UPI,Delivered
O008018,CUST008019,R008018,4/6/2023,273,COD,Delivered
O008019,CUST008020,R008019,1/9/2025,521,UPI,Delivered
O008020,CUST008021,R008020,4/11/2024,1980,UPI,Delivered
O008021,CUST008022,R008021,1/12/2022,176,COD,Delivered
O008022,CUST008023,R008022,9/10/2022,1122,UPI,Delivered
O008023,CUST008024,R008023,6/13/2024,549,UPI,Delivered
O008024,CUST008025,R008024,1/25/2021,1282,UPI,Delivered
O008025,CUST008026,R008025,10/18/2020,239,COD,Delivered
O008026,CUST008027,R008026,3/12/2023,222,Wallet,Cancelled
O008027,CUST008028,R008027,2/21/2023,150,COD,Cancelled
O008028,CUST008029,R008028,12/25/2022,1091,Card,Delivered
O008029,CUST008030,R008029,6/2/2020,1862,UPI,Delivered
O008030,CUST008031,R008030,1/20/2023,468,Wallet,Delivered
O008031,CUST008032,R008031,4/28/2023,1267,Card,Delivered
O008032,CUST008033,R008032,2/19/2025,137,Wallet,Delivered
O008033,CUST008034,R008033,4/6/2021,1640,COD,Delivered
O008034,CUST008035,R008034,1/8/2024,805,COD,Delivered
O008035,CUST008036,R008035,3/11/2022,738,Wallet,Delivered
O008036,CUST008037,R008036,12/28/2019,1177,Wallet,Delivered
O008037,CUST008038,R008037,10/6/2023,899,UPI,Delivered
O008038,CUST008039,R008038,6/12/2022,1972,Wallet,Delivered
O008039,CUST008040,R008039,3/6/2022,850,Wallet,Delivered
O008040,CUST008041,R008040,10/15/2025,1847,Card,Delivered
O008041,CUST008042,R008041,4/19/2019,1719,UPI,Delivered
O008042,CUST008043,R008042,7/11/2020,1523,Wallet,Delivered
O008043,CUST008044,R008043,6/17/2023,1985,Card,Delivered
O008044,CUST008045,R008044,12/23/2025,1895,UPI,Delivered
O008045,CUST008046,R008045,10/23/2024,1654,COD,Delivered
O008046,CUST008047,R008046,11/28/2023,367,Card,Delivered
O008047,CUST008048,R008047,6/18/2022,465,Card,Delivered
O008048,CUST008049,R008048,11/6/2024,845,UPI,Delivered
O008049,CUST008050,R008049,4/22/2022,1743,COD,Delivered
O008050,CUST008051,R008050,10/23/2022,1989,COD,Delivered
O008051,CUST008052,R008051,4/1/2019,446,Card,Delivered
O008052,CUST008053,R008052,8/10/2020,1983,Card,Delivered
O008053,CUST008054,R008053,6/3/2019,1036,COD,Delivered
O008054,CUST008055,R008054,2/27/2024,908,Wallet,Delivered
O008055,CUST008056,R008055,3/6/2023,712,COD,Delivered
O008056,CUST008057,R008056,1/6/2022,322,Wallet,Delivered
O008057,CUST008058,R008057,5/26/2024,1127,Wallet,Delivered
O008058,CUST008059,R008058,10/11/2022,1509,COD,Delivered
O008059,CUST008060,R008059,1/3/2025,1457,UPI,Delivered
O008060,CUST008061,R008060,6/6/2021,1728,UPI,Delivered
O008061,CUST008062,R008061,9/22/2023,1089,Wallet,Delivered
O008062,CUST008063,R008062,1/25/2019,1360,Card,Delivered
O008063,CUST008064,R008063,2/19/2022,1605,Wallet,Delivered
O008064,CUST008065,R008064,10/10/2019,1963,COD,Delivered
O008065,CUST008066,R008065,11/14/2024,1599,UPI,Delivered
O008066,CUST008067,R008066,9/26/2021,1708,Card,Delivered
O008067,CUST008068,R008067,11/8/2022,1902,Wallet,Delivered
O008068,CUST008069,R008068,11/28/2025,818,Wallet,Delivered
O008069,CUST008070,R008069,2/15/2024,113,COD,Delivered
O008070,CUST008071,R008070,8/20/2019,744,COD,Delivered
O008071,CUST008072,R008071,4/6/2022,280,COD,Delivered
O008072,CUST008073,R008072,7/18/2019,1078,Wallet,Delivered
O008073,CUST008074,R008073,10/1/2025,1344,COD,Delivered
O008074,CUST008075,R008074,7/6/2023,706,Wallet,Delivered
O008075,CUST008076,R008075,2/28/2020,1020,Wallet,Delivered
O008076,CUST008077,R008076,10/14/2024,375,Wallet,Delivered
O008077,CUST008078,R008077,7/4/2024,1579,Card,Delivered
O008078,CUST008079,R008078,7/8/2025,1818,Card,Delivered
O008079,CUST008080,R008079,7/7/2019,1325,Card,Cancelled
O008080,CUST008081,R008080,3/3/2024,1562,UPI,Delivered
O008081,CUST008082,R008081,8/25/2022,1447,Wallet,Delivered
O008082,CUST008083,R008082,10/9/2019,1631,Wallet,Delivered
O008083,CUST008084,R008083,12/17/2019,788,UPI,Delivered
O008084,CUST008085,R008084,10/15/2022,323,Wallet,Delivered
O008085,CUST008086,R008085,8/26/2019,1166,Card,Delivered
O008086,CUST008087,R008086,2/1/2023,500,COD,Delivered
O008087,CUST008088,R008087,3/7/2019,925,Wallet,Delivered
O008088,CUST008089,R008088,7/28/2024,1550,Card,Cancelled
O008089,CUST008090,R008089,4/2/2022,594,Wallet,Delivered
O008090,CUST008091,R008090,6/6/2022,1668,UPI,Cancelled
O008091,CUST008092,R008091,3/9/2021,973,COD,Delivered
O008092,CUST008093,R008092,3/11/2024,1368,Card,Delivered
O008093,CUST008094,R008093,10/4/2022,1606,Wallet,Delivered
O008094,CUST008095,R008094,5/13/2025,1535,UPI,Delivered
O008095,CUST008096,R008095,4/20/2024,1719,UPI,Delivered
O008096,CUST008097,R008096,5/18/2024,1590,Wallet,Delivered
O008097,CUST008098,R008097,10/16/2022,1841,COD,Delivered
O008098,CUST008099,R008098,4/20/2021,751,UPI,Delivered
O008099,CUST008100,R008099,6/11/2021,160,Card,Delivered
O008100,CUST008101,R008100,11/1/2021,541,Card,Delivered
O008101,CUST008102,R008101,3/25/2021,277,UPI,Delivered
O008102,CUST008103,R008102,11/24/2024,211,COD,Delivered
O008103,CUST008104,R008103,4/20/2022,395,Wallet,Delivered
O008104,CUST008105,R008104,3/19/2022,638,COD,Delivered
O008105,CUST008106,R008105,2/12/2021,1159,COD,Delivered
O008106,CUST008107,R008106,6/27/2024,334,COD,Cancelled
O008107,CUST008108,R008107,5/8/2025,1326,Wallet,Delivered
O008108,CUST008109,R008108,7/15/2019,445,Wallet,Delivered
O008109,CUST008110,R008109,7/28/2020,1250,COD,Delivered
O008110,CUST008111,R008110,11/13/2024,1458,UPI,Delivered
O008111,CUST008112,R008111,4/15/2021,1379,Wallet,Delivered
O008112,CUST008113,R008112,7/8/2023,1677,UPI,Delivered
O008113,CUST008114,R008113,10/24/2025,1212,UPI,Delivered
O008114,CUST008115,R008114,9/6/2021,1839,Card,Cancelled
O008115,CUST008116,R008115,5/26/2024,1728,UPI,Delivered
O008116,CUST008117,R008116,12/15/2024,1389,Card,Cancelled
O008117,CUST008118,R008117,7/13/2025,254,Card,Delivered
O008118,CUST008119,R008118,5/7/2023,1592,Card,Delivered
O008119,CUST008120,R008119,8/10/2022,1611,Card,Delivered
O008120,CUST008121,R008120,11/26/2022,696,UPI,Delivered
O008121,CUST008122,R008121,7/26/2025,313,COD,Delivered
O008122,CUST008123,R008122,1/19/2024,628,Card,Delivered
O008123,CUST008124,R008123,4/4/2019,1890,COD,Delivered
O008124,CUST008125,R008124,8/21/2023,755,COD,Delivered
O008125,CUST008126,R008125,10/6/2020,1228,Card,Delivered
O008126,CUST008127,R008126,2/2/2020,590,Wallet,Delivered
O008127,CUST008128,R008127,2/26/2024,1390,Wallet,Cancelled
O008128,CUST008129,R008128,4/19/2021,259,COD,Delivered
O008129,CUST008130,R008129,12/20/2021,765,UPI,Delivered
O008130,CUST008131,R008130,6/7/2022,1532,COD,Delivered
O008131,CUST008132,R008131,1/13/2023,1635,UPI,Delivered
O008132,CUST008133,R008132,9/2/2019,1271,UPI,Delivered
O008133,CUST008134,R008133,3/21/2019,1368,UPI,Delivered
O008134,CUST008135,R008134,1/7/2025,1308,COD,Delivered
O008135,CUST008136,R008135,6/19/2024,244,Wallet,Delivered
O008136,CUST008137,R008136,10/14/2020,1685,COD,Delivered
O008137,CUST008138,R008137,7/15/2020,415,COD,Delivered
O008138,CUST008139,R008138,6/1/2022,1857,UPI,Delivered
O008139,CUST008140,R008139,12/16/2020,206,COD,Delivered
O008140,CUST008141,R008140,10/20/2025,1005,Card,Delivered
O008141,CUST008142,R008141,6/1/2025,366,COD,Delivered
O008142,CUST008143,R008142,3/15/2023,426,Wallet,Delivered
O008143,CUST008144,R008143,6/1/2022,434,Card,Delivered
O008144,CUST008145,R008144,8/7/2025,1251,Card,Cancelled
O008145,CUST008146,R008145,7/3/2023,1061,Card,Delivered
O008146,CUST008147,R008146,4/3/2019,985,Wallet,Cancelled
O008147,CUST008148,R008147,1/2/2025,968,UPI,Cancelled
O008148,CUST008149,R008148,6/16/2019,872,COD,Delivered
O008149,CUST008150,R008149,2/8/2023,1302,Card,Delivered
O008150,CUST008151,R008150,8/12/2022,1933,Wallet,Delivered
O008151,CUST008152,R008151,11/11/2020,107,Card,Delivered
O008152,CUST008153,R008152,8/11/2022,1761,Card,Delivered
O008153,CUST008154,R008153,2/15/2022,160,Card,Delivered
O008154,CUST008155,R008154,10/2/2023,586,COD,Delivered
O008155,CUST008156,R008155,6/23/2019,470,Card,Delivered
O008156,CUST008157,R008156,3/17/2019,521,COD,Delivered
O008157,CUST008158,R008157,2/28/2023,1295,Wallet,Delivered
O008158,CUST008159,R008158,12/4/2021,217,COD,Delivered
O008159,CUST008160,R008159,4/6/2022,1029,Wallet,Delivered
O008160,CUST008161,R008160,12/3/2023,1011,Wallet,Delivered
O008161,CUST008162,R008161,12/4/2024,1451,COD,Delivered
O008162,CUST008163,R008162,6/9/2021,1347,Wallet,Delivered
O008163,CUST008164,R008163,4/13/2025,1263,Wallet,Delivered
O008164,CUST008165,R008164,3/11/2025,150,Card,Cancelled
O008165,CUST008166,R008165,10/19/2022,1282,UPI,Delivered
O008166,CUST008167,R008166,9/5/2019,1722,UPI,Delivered
O008167,CUST008168,R008167,10/24/2023,202,UPI,Delivered
O008168,CUST008169,R008168,6/20/2021,1103,UPI,Delivered
O008169,CUST008170,R008169,7/11/2022,137,Card,Cancelled
O008170,CUST008171,R008170,5/23/2025,1968,COD,Cancelled
O008171,CUST008172,R008171,9/13/2020,261,Card,Delivered
O008172,CUST008173,R008172,12/28/2024,820,UPI,Delivered
O008173,CUST008174,R008173,9/25/2021,1640,COD,Delivered
O008174,CUST008175,R008174,7/27/2019,1242,COD,Delivered
O008175,CUST008176,R008175,6/10/2021,117,Wallet,Delivered
O008176,CUST008177,R008176,9/22/2025,878,COD,Delivered
O008177,CUST008178,R008177,12/8/2022,1668,COD,Delivered
O008178,CUST008179,R008178,6/14/2024,1911,COD,Delivered
O008179,CUST008180,R008179,3/28/2025,1338,UPI,Delivered
O008180,CUST008181,R008180,1/19/2025,873,Wallet,Delivered
O008181,CUST008182,R008181,8/1/2023,1385,Wallet,Delivered
O008182,CUST008183,R008182,3/6/2024,1655,COD,Delivered
O008183,CUST008184,R008183,5/18/2025,1061,Card,Delivered
O008184,CUST008185,R008184,12/8/2021,1816,Card,Delivered
O008185,CUST008186,R008185,11/2/2021,1491,Wallet,Delivered
O008186,CUST008187,R008186,8/9/2022,1257,UPI,Delivered
O008187,CUST008188,R008187,7/21/2019,431,Wallet,Delivered
O008188,CUST008189,R008188,12/25/2022,1206,Card,Delivered
O008189,CUST008190,R008189,7/11/2024,111,Card,Delivered
O008190,CUST008191,R008190,11/24/2021,142,Card,Delivered
O008191,CUST008192,R008191,7/17/2019,1591,UPI,Cancelled
O008192,CUST008193,R008192,3/16/2024,701,UPI,Delivered
O008193,CUST008194,R008193,7/22/2024,1963,Card,Delivered
O008194,CUST008195,R008194,3/18/2022,618,Wallet,Delivered
O008195,CUST008196,R008195,5/4/2021,1856,Card,Delivered
O008196,CUST008197,R008196,2/21/2022,249,COD,Delivered
O008197,CUST008198,R008197,1/27/2022,1004,COD,Delivered
O008198,CUST008199,R008198,3/5/2025,681,COD,Delivered
O008199,CUST008200,R008199,6/26/2025,489,Wallet,Delivered
O008200,CUST008201,R008200,7/9/2025,1064,COD,Delivered
O008201,CUST008202,R008201,6/28/2021,791,UPI,Delivered
O008202,CUST008203,R008202,3/5/2019,1629,COD,Delivered
O008203,CUST008204,R008203,4/6/2019,1703,UPI,Delivered
O008204,CUST008205,R008204,7/14/2021,1250,UPI,Cancelled
O008205,CUST008206,R008205,6/17/2023,1329,UPI,Delivered
O008206,CUST008207,R008206,1/9/2025,1580,Card,Delivered
O008207,CUST008208,R008207,2/12/2022,234,UPI,Delivered
O008208,CUST008209,R008208,6/14/2022,1515,UPI,Delivered
O008209,CUST008210,R008209,6/15/2019,1766,COD,Delivered
O008210,CUST008211,R008210,8/21/2024,1808,Card,Delivered
O008211,CUST008212,R008211,3/28/2025,980,Card,Delivered
O008212,CUST008213,R008212,2/20/2020,279,Card,Delivered
O008213,CUST008214,R008213,4/19/2020,724,COD,Delivered
O008214,CUST008215,R008214,1/22/2023,408,Wallet,Delivered
O008215,CUST008216,R008215,1/9/2019,356,Card,Delivered
O008216,CUST008217,R008216,12/28/2021,1314,Wallet,Delivered
O008217,CUST008218,R008217,7/9/2025,866,COD,Delivered
O008218,CUST008219,R008218,7/27/2023,990,Wallet,Delivered
O008219,CUST008220,R008219,1/3/2025,673,COD,Delivered
O008220,CUST008221,R008220,10/7/2024,862,Card,Delivered
O008221,CUST008222,R008221,5/8/2024,1797,UPI,Delivered
O008222,CUST008223,R008222,9/10/2020,1855,UPI,Delivered
O008223,CUST008224,R008223,6/3/2022,1895,Card,Cancelled
O008224,CUST008225,R008224,5/21/2022,1023,UPI,Delivered
O008225,CUST008226,R008225,9/28/2020,1335,Card,Cancelled
O008226,CUST008227,R008226,1/22/2025,768,COD,Delivered
O008227,CUST008228,R008227,5/23/2019,496,COD,Delivered
O008228,CUST008229,R008228,3/24/2022,574,COD,Delivered
O008229,CUST008230,R008229,12/1/2021,1358,COD,Delivered
O008230,CUST008231,R008230,11/9/2023,196,COD,Delivered
O008231,CUST008232,R008231,3/28/2019,1525,Wallet,Delivered
O008232,CUST008233,R008232,12/4/2023,766,COD,Delivered
O008233,CUST008234,R008233,1/25/2022,906,UPI,Delivered
O008234,CUST008235,R008234,9/9/2022,1842,COD,Delivered
O008235,CUST008236,R008235,4/20/2024,582,Wallet,Cancelled
O008236,CUST008237,R008236,5/4/2020,1511,Card,Delivered
O008237,CUST008238,R008237,9/16/2021,1695,UPI,Delivered
O008238,CUST008239,R008238,2/9/2020,952,UPI,Delivered
O008239,CUST008240,R008239,12/17/2025,559,Wallet,Delivered
O008240,CUST008241,R008240,1/18/2021,1123,Card,Delivered
O008241,CUST008242,R008241,2/19/2019,725,Card,Delivered
O008242,CUST008243,R008242,6/16/2023,129,Card,Delivered
O008243,CUST008244,R008243,8/18/2021,1714,Card,Delivered
O008244,CUST008245,R008244,4/25/2021,1141,UPI,Delivered
O008245,CUST008246,R008245,10/6/2020,1394,UPI,Delivered
O008246,CUST008247,R008246,4/20/2024,567,Wallet,Cancelled
O008247,CUST008248,R008247,9/3/2021,569,COD,Cancelled
O008248,CUST008249,R008248,10/2/2024,367,COD,Delivered
O008249,CUST008250,R008249,9/26/2024,1128,COD,Delivered
O008250,CUST008251,R008250,5/10/2023,789,Wallet,Delivered
O008251,CUST008252,R008251,9/4/2020,1039,UPI,Delivered
O008252,CUST008253,R008252,8/11/2019,1187,Wallet,Delivered
O008253,CUST008254,R008253,2/2/2021,740,UPI,Delivered
O008254,CUST008255,R008254,10/14/2021,342,COD,Delivered
O008255,CUST008256,R008255,2/13/2019,1647,COD,Delivered
O008256,CUST008257,R008256,4/13/2023,1373,Wallet,Delivered
O008257,CUST008258,R008257,8/19/2025,1138,Wallet,Delivered
O008258,CUST008259,R008258,10/3/2024,205,COD,Delivered
O008259,CUST008260,R008259,10/2/2021,1453,Wallet,Delivered
O008260,CUST008261,R008260,4/1/2019,1324,UPI,Delivered
O008261,CUST008262,R008261,8/12/2025,1613,UPI,Cancelled
O008262,CUST008263,R008262,4/11/2023,951,Wallet,Delivered
O008263,CUST008264,R008263,9/7/2025,1501,Wallet,Delivered
O008264,CUST008265,R008264,4/17/2019,1756,Wallet,Delivered
O008265,CUST008266,R008265,12/9/2019,1942,UPI,Cancelled
O008266,CUST008267,R008266,4/12/2020,1626,COD,Delivered
O008267,CUST008268,R008267,4/24/2024,165,Card,Delivered
O008268,CUST008269,R008268,2/11/2024,1835,COD,Delivered
O008269,CUST008270,R008269,3/24/2025,184,UPI,Delivered
O008270,CUST008271,R008270,3/17/2022,798,COD,Delivered
O008271,CUST008272,R008271,3/28/2024,313,Card,Delivered
O008272,CUST008273,R008272,6/25/2022,179,COD,Delivered
O008273,CUST008274,R008273,6/16/2022,940,Wallet,Delivered
O008274,CUST008275,R008274,11/7/2020,1230,COD,Cancelled
O008275,CUST008276,R008275,2/20/2021,611,Wallet,Delivered
O008276,CUST008277,R008276,5/2/2020,1116,Wallet,Cancelled
O008277,CUST008278,R008277,8/12/2023,657,UPI,Delivered
O008278,CUST008279,R008278,2/11/2021,1559,Wallet,Cancelled
O008279,CUST008280,R008279,11/7/2020,1286,Wallet,Delivered
O008280,CUST008281,R008280,2/8/2025,1719,UPI,Delivered
O008281,CUST008282,R008281,6/5/2020,1942,UPI,Delivered
O008282,CUST008283,R008282,3/21/2020,813,UPI,Delivered
O008283,CUST008284,R008283,3/11/2022,415,COD,Delivered
O008284,CUST008285,R008284,6/23/2019,1873,COD,Delivered
O008285,CUST008286,R008285,3/6/2023,1697,Card,Delivered
O008286,CUST008287,R008286,2/10/2024,1935,UPI,Delivered
O008287,CUST008288,R008287,11/2/2019,1858,COD,Delivered
O008288,CUST008289,R008288,11/23/2023,401,COD,Delivered
O008289,CUST008290,R008289,4/25/2024,776,UPI,Delivered
O008290,CUST008291,R008290,2/21/2023,275,UPI,Delivered
O008291,CUST008292,R008291,12/25/2020,130,COD,Delivered
O008292,CUST008293,R008292,7/1/2022,441,Wallet,Delivered
O008293,CUST008294,R008293,10/9/2025,1764,UPI,Delivered
O008294,CUST008295,R008294,10/6/2025,130,COD,Delivered
O008295,CUST008296,R008295,9/8/2021,1031,UPI,Delivered
O008296,CUST008297,R008296,7/12/2020,463,UPI,Delivered
O008297,CUST008298,R008297,6/24/2019,1203,Wallet,Delivered
O008298,CUST008299,R008298,8/15/2021,1785,COD,Delivered
O008299,CUST008300,R008299,10/11/2020,1979,UPI,Delivered
O008300,CUST008301,R008300,5/20/2023,1902,COD,Delivered
O008301,CUST008302,R008301,5/23/2025,936,Card,Delivered
O008302,CUST008303,R008302,1/28/2022,1833,UPI,Delivered
O008303,CUST008304,R008303,5/22/2019,362,Wallet,Delivered
O008304,CUST008305,R008304,4/26/2025,1123,Card,Delivered
O008305,CUST008306,R008305,5/17/2020,1958,Wallet,Delivered
O008306,CUST008307,R008306,6/3/2019,1555,COD,Delivered
O008307,CUST008308,R008307,5/1/2025,758,COD,Delivered
O008308,CUST008309,R008308,5/10/2023,691,Wallet,Delivered
O008309,CUST008310,R008309,9/27/2023,1092,Wallet,Delivered
O008310,CUST008311,R008310,12/5/2019,820,Wallet,Delivered
O008311,CUST008312,R008311,1/11/2021,1893,Wallet,Delivered
O008312,CUST008313,R008312,1/6/2022,744,COD,Delivered
O008313,CUST008314,R008313,9/14/2020,1562,Card,Delivered
O008314,CUST008315,R008314,12/18/2020,1565,UPI,Delivered
O008315,CUST008316,R008315,11/9/2020,1624,Wallet,Delivered
O008316,CUST008317,R008316,1/17/2021,1879,Card,Delivered
O008317,CUST008318,R008317,10/21/2020,1795,Card,Cancelled
O008318,CUST008319,R008318,12/21/2022,1575,COD,Cancelled
O008319,CUST008320,R008319,5/26/2019,282,Card,Delivered
O008320,CUST008321,R008320,3/13/2025,373,COD,Delivered
O008321,CUST008322,R008321,9/4/2020,798,Card,Delivered
O008322,CUST008323,R008322,12/22/2025,752,COD,Delivered
O008323,CUST008324,R008323,11/28/2019,436,COD,Delivered
O008324,CUST008325,R008324,9/6/2023,794,Card,Delivered
O008325,CUST008326,R008325,3/15/2024,360,Card,Delivered
O008326,CUST008327,R008326,1/9/2021,925,COD,Delivered
O008327,CUST008328,R008327,5/28/2025,797,UPI,Delivered
O008328,CUST008329,R008328,4/4/2019,817,COD,Delivered
O008329,CUST008330,R008329,1/7/2022,178,Wallet,Delivered
O008330,CUST008331,R008330,7/24/2024,984,COD,Delivered
O008331,CUST008332,R008331,10/10/2019,1235,COD,Delivered
O008332,CUST008333,R008332,3/1/2023,1415,UPI,Delivered
O008333,CUST008334,R008333,4/28/2021,1637,UPI,Delivered
O008334,CUST008335,R008334,9/20/2025,999,Wallet,Delivered
O008335,CUST008336,R008335,1/25/2020,1319,Card,Delivered
O008336,CUST008337,R008336,6/16/2025,1569,Wallet,Delivered
O008337,CUST008338,R008337,2/9/2022,1883,Card,Delivered
O008338,CUST008339,R008338,2/13/2023,1451,UPI,Delivered
O008339,CUST008340,R008339,4/25/2025,1554,Card,Delivered
O008340,CUST008341,R008340,3/8/2023,413,Wallet,Delivered
O008341,CUST008342,R008341,4/27/2023,968,Wallet,Delivered
O008342,CUST008343,R008342,7/16/2022,1871,COD,Delivered
O008343,CUST008344,R008343,7/18/2024,601,COD,Delivered
O008344,CUST008345,R008344,6/4/2021,130,Card,Delivered
O008345,CUST008346,R008345,2/24/2020,1031,Wallet,Delivered
O008346,CUST008347,R008346,7/23/2023,1298,Card,Cancelled
O008347,CUST008348,R008347,11/4/2024,616,Wallet,Delivered
O008348,CUST008349,R008348,2/25/2022,935,Wallet,Delivered
O008349,CUST008350,R008349,10/13/2020,296,COD,Delivered
O008350,CUST008351,R008350,5/4/2024,1544,Card,Delivered
O008351,CUST008352,R008351,1/7/2023,1602,Card,Delivered
O008352,CUST008353,R008352,10/6/2025,1169,UPI,Cancelled
O008353,CUST008354,R008353,7/2/2020,1407,UPI,Delivered
O008354,CUST008355,R008354,12/22/2025,1597,Wallet,Delivered
O008355,CUST008356,R008355,2/11/2022,1531,Card,Delivered
O008356,CUST008357,R008356,7/15/2019,216,Wallet,Delivered
O008357,CUST008358,R008357,8/13/2023,1648,COD,Delivered
O008358,CUST008359,R008358,2/18/2022,648,UPI,Delivered
O008359,CUST008360,R008359,7/18/2023,1926,COD,Delivered
O008360,CUST008361,R008360,2/27/2019,281,Wallet,Delivered
O008361,CUST008362,R008361,6/20/2025,1470,Card,Delivered
O008362,CUST008363,R008362,12/1/2023,515,COD,Delivered
O008363,CUST008364,R008363,1/4/2020,1588,Wallet,Cancelled
O008364,CUST008365,R008364,1/8/2021,931,Card,Delivered
O008365,CUST008366,R008365,10/7/2020,1257,UPI,Delivered
O008366,CUST008367,R008366,11/3/2025,1452,Wallet,Delivered
O008367,CUST008368,R008367,10/12/2019,1642,UPI,Cancelled
O008368,CUST008369,R008368,12/19/2020,1574,UPI,Delivered
O008369,CUST008370,R008369,3/17/2019,1316,Wallet,Delivered
O008370,CUST008371,R008370,12/14/2021,1736,COD,Delivered
O008371,CUST008372,R008371,10/18/2025,1959,UPI,Delivered
O008372,CUST008373,R008372,9/5/2019,1970,Card,Cancelled
O008373,CUST008374,R008373,3/27/2025,499,Card,Delivered
O008374,CUST008375,R008374,6/21/2023,241,UPI,Cancelled
O008375,CUST008376,R008375,11/23/2023,131,Card,Delivered
O008376,CUST008377,R008376,7/19/2021,309,COD,Delivered
O008377,CUST008378,R008377,3/18/2023,547,COD,Delivered
O008378,CUST008379,R008378,5/12/2022,874,COD,Delivered
O008379,CUST008380,R008379,6/26/2025,223,COD,Cancelled
O008380,CUST008381,R008380,6/6/2021,1432,Wallet,Delivered
O008381,CUST008382,R008381,11/14/2022,302,Wallet,Delivered
O008382,CUST008383,R008382,9/26/2019,1108,COD,Delivered
O008383,CUST008384,R008383,7/9/2021,1352,UPI,Cancelled
O008384,CUST008385,R008384,6/13/2020,729,UPI,Delivered
O008385,CUST008386,R008385,6/2/2023,1586,UPI,Delivered
O008386,CUST008387,R008386,10/22/2020,1128,UPI,Delivered
O008387,CUST008388,R008387,8/5/2022,1759,UPI,Delivered
O008388,CUST008389,R008388,8/24/2024,1692,Wallet,Cancelled
O008389,CUST008390,R008389,11/13/2025,1870,COD,Cancelled
O008390,CUST008391,R008390,10/12/2025,164,Card,Delivered
O008391,CUST008392,R008391,5/6/2022,1677,Card,Delivered
O008392,CUST008393,R008392,12/7/2025,1745,COD,Delivered
O008393,CUST008394,R008393,5/1/2025,1092,UPI,Delivered
O008394,CUST008395,R008394,5/28/2024,410,COD,Delivered
O008395,CUST008396,R008395,8/20/2019,484,Card,Delivered
O008396,CUST008397,R008396,8/6/2023,1740,COD,Delivered
O008397,CUST008398,R008397,6/19/2019,105,COD,Delivered
O008398,CUST008399,R008398,1/1/2020,1007,Card,Delivered
O008399,CUST008400,R008399,6/28/2021,505,Wallet,Delivered
O008400,CUST008401,R008400,2/24/2019,1309,Wallet,Delivered
O008401,CUST008402,R008401,10/15/2023,179,COD,Delivered
O008402,CUST008403,R008402,10/20/2020,724,UPI,Delivered
O008403,CUST008404,R008403,1/5/2020,1485,COD,Delivered
O008404,CUST008405,R008404,9/12/2024,1544,UPI,Delivered
O008405,CUST008406,R008405,7/28/2024,1122,UPI,Delivered
O008406,CUST008407,R008406,11/20/2022,1481,Wallet,Delivered
O008407,CUST008408,R008407,8/7/2024,1731,COD,Delivered
O008408,CUST008409,R008408,9/18/2023,138,Wallet,Delivered
O008409,CUST008410,R008409,8/12/2020,1531,Card,Delivered
O008410,CUST008411,R008410,2/13/2021,1623,Card,Delivered
O008411,CUST008412,R008411,1/23/2020,1810,UPI,Delivered
O008412,CUST008413,R008412,9/23/2022,164,COD,Delivered
O008413,CUST008414,R008413,1/18/2021,926,Card,Delivered
O008414,CUST008415,R008414,8/27/2024,287,Card,Delivered
O008415,CUST008416,R008415,10/14/2020,341,Wallet,Delivered
O008416,CUST008417,R008416,4/28/2022,212,Card,Delivered
O008417,CUST008418,R008417,8/7/2021,1204,UPI,Cancelled
O008418,CUST008419,R008418,9/2/2019,913,COD,Delivered
O008419,CUST008420,R008419,9/1/2020,1097,COD,Delivered
O008420,CUST008421,R008420,4/1/2019,824,Wallet,Delivered
O008421,CUST008422,R008421,8/13/2020,766,COD,Delivered
O008422,CUST008423,R008422,4/6/2022,1192,Card,Delivered
O008423,CUST008424,R008423,7/10/2021,1240,Wallet,Cancelled
O008424,CUST008425,R008424,7/5/2020,1858,UPI,Delivered
O008425,CUST008426,R008425,11/9/2019,1681,Wallet,Delivered
O008426,CUST008427,R008426,4/13/2023,1598,UPI,Cancelled
O008427,CUST008428,R008427,8/21/2023,1979,Card,Delivered
O008428,CUST008429,R008428,4/19/2024,1857,Card,Delivered
O008429,CUST008430,R008429,11/9/2019,1904,Card,Delivered
O008430,CUST008431,R008430,4/1/2023,1249,Wallet,Delivered
O008431,CUST008432,R008431,4/25/2019,112,COD,Cancelled
O008432,CUST008433,R008432,6/5/2025,1141,Wallet,Delivered
O008433,CUST008434,R008433,4/2/2019,868,COD,Delivered
O008434,CUST008435,R008434,3/3/2023,1302,COD,Delivered
O008435,CUST008436,R008435,7/7/2025,1236,Wallet,Delivered
O008436,CUST008437,R008436,6/12/2019,438,Wallet,Delivered
O008437,CUST008438,R008437,7/5/2020,1902,Card,Delivered
O008438,CUST008439,R008438,10/17/2024,1203,UPI,Delivered
O008439,CUST008440,R008439,10/1/2024,1642,UPI,Delivered
O008440,CUST008441,R008440,7/23/2021,160,Wallet,Cancelled
O008441,CUST008442,R008441,9/22/2024,1056,UPI,Delivered
O008442,CUST008443,R008442,3/10/2023,1948,Card,Delivered
O008443,CUST008444,R008443,10/22/2019,1877,COD,Delivered
O008444,CUST008445,R008444,6/13/2022,219,Card,Delivered
O008445,CUST008446,R008445,12/28/2020,801,UPI,Delivered
O008446,CUST008447,R008446,12/24/2021,1497,COD,Delivered
O008447,CUST008448,R008447,2/26/2023,1093,COD,Delivered
O008448,CUST008449,R008448,9/9/2020,1863,COD,Delivered
O008449,CUST008450,R008449,8/21/2021,229,COD,Delivered
O008450,CUST008451,R008450,10/28/2022,1563,COD,Delivered
O008451,CUST008452,R008451,10/11/2024,1831,Wallet,Delivered
O008452,CUST008453,R008452,10/25/2019,1258,Wallet,Delivered
O008453,CUST008454,R008453,11/17/2025,788,Wallet,Delivered
O008454,CUST008455,R008454,10/4/2024,1164,Wallet,Delivered
O008455,CUST008456,R008455,10/5/2023,1608,COD,Delivered
O008456,CUST008457,R008456,6/16/2020,975,Card,Delivered
O008457,CUST008458,R008457,10/7/2019,1736,COD,Delivered
O008458,CUST008459,R008458,2/1/2022,1604,Wallet,Delivered
O008459,CUST008460,R008459,5/6/2019,1157,Card,Delivered
O008460,CUST008461,R008460,10/20/2025,752,Wallet,Delivered
O008461,CUST008462,R008461,4/23/2025,1480,COD,Cancelled
O008462,CUST008463,R008462,4/15/2022,1747,COD,Delivered
O008463,CUST008464,R008463,2/25/2022,290,Card,Delivered
O008464,CUST008465,R008464,10/21/2024,1918,UPI,Delivered
O008465,CUST008466,R008465,3/20/2023,621,UPI,Delivered
O008466,CUST008467,R008466,9/20/2022,1878,Card,Delivered
O008467,CUST008468,R008467,1/20/2021,527,Wallet,Delivered
O008468,CUST008469,R008468,3/27/2022,1808,Card,Delivered
O008469,CUST008470,R008469,6/20/2020,207,Wallet,Delivered
O008470,CUST008471,R008470,2/26/2025,925,COD,Delivered
O008471,CUST008472,R008471,3/4/2024,792,COD,Delivered
O008472,CUST008473,R008472,9/25/2025,339,Wallet,Delivered
O008473,CUST008474,R008473,1/9/2019,953,COD,Delivered
O008474,CUST008475,R008474,9/27/2022,1204,UPI,Delivered
O008475,CUST008476,R008475,7/3/2019,935,COD,Delivered
O008476,CUST008477,R008476,12/28/2019,1554,UPI,Delivered
O008477,CUST008478,R008477,1/9/2023,1106,UPI,Delivered
O008478,CUST008479,R008478,4/16/2022,1293,Wallet,Delivered
O008479,CUST008480,R008479,7/7/2022,1538,UPI,Delivered
O008480,CUST008481,R008480,9/14/2023,143,UPI,Delivered
O008481,CUST008482,R008481,9/11/2024,1425,UPI,Delivered
O008482,CUST008483,R008482,2/14/2021,1725,Card,Delivered
O008483,CUST008484,R008483,9/21/2025,1597,Card,Delivered
O008484,CUST008485,R008484,11/26/2019,899,Card,Delivered
O008485,CUST008486,R008485,1/19/2022,130,UPI,Delivered
O008486,CUST008487,R008486,7/18/2019,570,Card,Delivered
O008487,CUST008488,R008487,9/21/2022,297,Card,Delivered
O008488,CUST008489,R008488,4/5/2021,1612,Card,Delivered
O008489,CUST008490,R008489,4/22/2023,1170,Wallet,Cancelled
O008490,CUST008491,R008490,2/6/2025,724,COD,Delivered
O008491,CUST008492,R008491,1/25/2020,910,Wallet,Delivered
O008492,CUST008493,R008492,10/2/2024,1154,COD,Delivered
O008493,CUST008494,R008493,1/9/2022,815,UPI,Delivered
O008494,CUST008495,R008494,5/6/2019,1707,Wallet,Delivered
O008495,CUST008496,R008495,2/9/2021,1342,Wallet,Delivered
O008496,CUST008497,R008496,2/2/2025,1387,UPI,Delivered
O008497,CUST008498,R008497,10/21/2023,559,COD,Delivered
O008498,CUST008499,R008498,3/21/2024,802,Card,Delivered
O008499,CUST008500,R008499,11/15/2019,614,Card,Delivered
O008500,CUST008501,R008500,4/16/2024,341,Card,Delivered
O008501,CUST008502,R008501,7/24/2020,1656,Card,Cancelled
O008502,CUST008503,R008502,3/24/2021,1258,COD,Delivered
O008503,CUST008504,R008503,10/7/2021,1954,COD,Delivered
O008504,CUST008505,R008504,5/26/2025,1375,Wallet,Delivered
O008505,CUST008506,R008505,10/2/2024,675,COD,Delivered
O008506,CUST008507,R008506,3/25/2025,860,UPI,Delivered
O008507,CUST008508,R008507,8/7/2022,1795,Card,Cancelled
O008508,CUST008509,R008508,4/18/2019,496,Wallet,Cancelled
O008509,CUST008510,R008509,10/3/2023,1431,Card,Delivered
O008510,CUST008511,R008510,12/14/2020,1616,UPI,Delivered
O008511,CUST008512,R008511,4/9/2025,847,UPI,Delivered
O008512,CUST008513,R008512,3/16/2024,273,Wallet,Delivered
O008513,CUST008514,R008513,5/16/2024,969,UPI,Delivered
O008514,CUST008515,R008514,3/18/2021,1939,Card,Delivered
O008515,CUST008516,R008515,3/18/2020,1887,Card,Delivered
O008516,CUST008517,R008516,10/17/2021,1613,Card,Delivered
O008517,CUST008518,R008517,2/23/2022,1035,UPI,Delivered
O008518,CUST008519,R008518,12/4/2019,1304,UPI,Delivered
O008519,CUST008520,R008519,7/21/2025,476,Wallet,Delivered
O008520,CUST008521,R008520,4/1/2024,527,COD,Cancelled
O008521,CUST008522,R008521,1/28/2021,156,COD,Delivered
O008522,CUST008523,R008522,5/25/2025,1049,COD,Delivered
O008523,CUST008524,R008523,12/9/2020,709,Wallet,Delivered
O008524,CUST008525,R008524,12/3/2020,954,Wallet,Delivered
O008525,CUST008526,R008525,8/10/2023,1076,COD,Cancelled
O008526,CUST008527,R008526,6/26/2024,629,Wallet,Delivered
O008527,CUST008528,R008527,3/12/2021,1555,COD,Delivered
O008528,CUST008529,R008528,3/12/2022,1502,UPI,Delivered
O008529,CUST008530,R008529,2/11/2025,1230,Card,Delivered
O008530,CUST008531,R008530,5/18/2024,1664,UPI,Delivered
O008531,CUST008532,R008531,10/13/2024,964,Wallet,Delivered
O008532,CUST008533,R008532,3/16/2020,266,COD,Delivered
O008533,CUST008534,R008533,6/11/2019,143,Wallet,Delivered
O008534,CUST008535,R008534,9/22/2023,1534,UPI,Cancelled
O008535,CUST008536,R008535,12/20/2025,915,UPI,Delivered
O008536,CUST008537,R008536,12/6/2024,1458,UPI,Delivered
O008537,CUST008538,R008537,3/16/2021,1665,Wallet,Delivered
O008538,CUST008539,R008538,8/8/2020,1788,UPI,Delivered
O008539,CUST008540,R008539,4/11/2021,1341,Card,Delivered
O008540,CUST008541,R008540,12/23/2020,1421,Card,Delivered
O008541,CUST008542,R008541,6/9/2020,1691,COD,Delivered
O008542,CUST008543,R008542,5/22/2024,1942,UPI,Delivered
O008543,CUST008544,R008543,9/15/2019,649,COD,Delivered
O008544,CUST008545,R008544,7/24/2023,457,Card,Delivered
O008545,CUST008546,R008545,9/27/2020,132,COD,Delivered
O008546,CUST008547,R008546,6/13/2024,856,Wallet,Delivered
O008547,CUST008548,R008547,3/5/2020,1150,Card,Delivered
O008548,CUST008549,R008548,5/20/2022,530,Wallet,Delivered
O008549,CUST008550,R008549,11/1/2021,1075,COD,Delivered
O008550,CUST008551,R008550,11/11/2022,437,Wallet,Delivered
O008551,CUST008552,R008551,2/9/2020,1405,Wallet,Cancelled
O008552,CUST008553,R008552,12/6/2023,1137,COD,Delivered
O008553,CUST008554,R008553,2/5/2022,1037,UPI,Delivered
O008554,CUST008555,R008554,9/4/2021,1843,Wallet,Delivered
O008555,CUST008556,R008555,9/19/2024,669,Wallet,Delivered
O008556,CUST008557,R008556,5/9/2021,265,Card,Delivered
O008557,CUST008558,R008557,9/21/2021,1974,COD,Delivered
O008558,CUST008559,R008558,3/8/2021,1650,Card,Delivered
O008559,CUST008560,R008559,1/8/2024,516,UPI,Delivered
O008560,CUST008561,R008560,11/27/2022,1778,COD,Delivered
O008561,CUST008562,R008561,2/20/2019,321,COD,Delivered
O008562,CUST008563,R008562,7/23/2023,692,UPI,Delivered
O008563,CUST008564,R008563,4/20/2021,228,Wallet,Delivered
O008564,CUST008565,R008564,5/4/2022,1555,Card,Cancelled
O008565,CUST008566,R008565,4/28/2020,1765,COD,Delivered
O008566,CUST008567,R008566,3/2/2024,654,Wallet,Delivered
O008567,CUST008568,R008567,9/27/2021,1459,COD,Delivered
O008568,CUST008569,R008568,10/1/2024,323,UPI,Delivered
O008569,CUST008570,R008569,9/4/2024,353,UPI,Delivered
O008570,CUST008571,R008570,1/22/2019,1304,Wallet,Delivered
O008571,CUST008572,R008571,5/16/2024,1694,Card,Cancelled
O008572,CUST008573,R008572,6/9/2022,1937,UPI,Delivered
O008573,CUST008574,R008573,11/16/2025,1866,COD,Delivered
O008574,CUST008575,R008574,6/21/2024,857,UPI,Delivered
O008575,CUST008576,R008575,8/27/2019,1748,UPI,Delivered
O008576,CUST008577,R008576,8/21/2019,271,Wallet,Delivered
O008577,CUST008578,R008577,3/25/2021,710,Card,Delivered
O008578,CUST008579,R008578,1/16/2023,1853,COD,Delivered
O008579,CUST008580,R008579,11/2/2020,873,Card,Delivered
O008580,CUST008581,R008580,1/27/2019,614,COD,Delivered
O008581,CUST008582,R008581,5/8/2024,542,Wallet,Delivered
O008582,CUST008583,R008582,8/5/2022,982,Wallet,Delivered
O008583,CUST008584,R008583,6/4/2025,964,Wallet,Delivered
O008584,CUST008585,R008584,5/13/2019,1743,Wallet,Delivered
O008585,CUST008586,R008585,10/3/2019,664,COD,Delivered
O008586,CUST008587,R008586,12/12/2020,1483,Card,Delivered
O008587,CUST008588,R008587,1/16/2023,1529,UPI,Delivered
O008588,CUST008589,R008588,2/8/2019,1407,Wallet,Delivered
O008589,CUST008590,R008589,5/15/2024,1788,UPI,Cancelled
O008590,CUST008591,R008590,11/20/2023,1705,Card,Delivered
O008591,CUST008592,R008591,7/18/2023,1470,Card,Cancelled
O008592,CUST008593,R008592,2/25/2022,1544,Card,Delivered
O008593,CUST008594,R008593,8/11/2021,230,Card,Cancelled
O008594,CUST008595,R008594,12/3/2019,650,UPI,Delivered
O008595,CUST008596,R008595,6/20/2022,598,COD,Delivered
O008596,CUST008597,R008596,2/26/2019,580,COD,Delivered
O008597,CUST008598,R008597,5/8/2023,514,COD,Delivered
O008598,CUST008599,R008598,3/13/2019,281,Card,Cancelled
O008599,CUST008600,R008599,11/7/2020,1274,COD,Delivered
O008600,CUST008601,R008600,7/25/2024,1139,UPI,Delivered
O008601,CUST008602,R008601,2/5/2020,1198,COD,Delivered
O008602,CUST008603,R008602,8/10/2019,560,Wallet,Delivered
O008603,CUST008604,R008603,9/1/2021,894,COD,Delivered
O008604,CUST008605,R008604,8/15/2025,1149,Card,Cancelled
O008605,CUST008606,R008605,2/28/2019,732,Wallet,Delivered
O008606,CUST008607,R008606,2/28/2020,1364,UPI,Delivered
O008607,CUST008608,R008607,4/19/2023,894,Wallet,Delivered
O008608,CUST008609,R008608,3/23/2019,1164,UPI,Delivered
O008609,CUST008610,R008609,9/14/2020,1669,Wallet,Cancelled
O008610,CUST008611,R008610,2/11/2020,1779,Card,Cancelled
O008611,CUST008612,R008611,8/9/2023,1415,UPI,Delivered
O008612,CUST008613,R008612,11/23/2019,1473,Card,Delivered
O008613,CUST008614,R008613,1/6/2024,328,Wallet,Delivered
O008614,CUST008615,R008614,1/22/2019,878,Wallet,Delivered
O008615,CUST008616,R008615,2/16/2021,1650,COD,Delivered
O008616,CUST008617,R008616,3/18/2020,559,Card,Delivered
O008617,CUST008618,R008617,4/3/2019,1952,Card,Delivered
O008618,CUST008619,R008618,10/23/2021,349,Wallet,Delivered
O008619,CUST008620,R008619,2/22/2020,1155,Card,Delivered
O008620,CUST008621,R008620,5/1/2023,510,Wallet,Delivered
O008621,CUST008622,R008621,2/25/2025,824,COD,Delivered
O008622,CUST008623,R008622,10/11/2022,397,COD,Delivered
O008623,CUST008624,R008623,2/5/2020,1395,Card,Delivered
O008624,CUST008625,R008624,9/5/2025,1458,Card,Delivered
O008625,CUST008626,R008625,8/5/2021,1133,UPI,Delivered
O008626,CUST008627,R008626,9/28/2019,1890,UPI,Delivered
O008627,CUST008628,R008627,1/16/2019,1507,COD,Delivered
O008628,CUST008629,R008628,10/10/2023,1440,Card,Delivered
O008629,CUST008630,R008629,7/12/2024,175,Wallet,Delivered
O008630,CUST008631,R008630,5/13/2019,1612,Card,Delivered
O008631,CUST008632,R008631,2/16/2021,1867,UPI,Delivered
O008632,CUST008633,R008632,10/17/2022,1777,UPI,Delivered
O008633,CUST008634,R008633,1/26/2020,126,COD,Delivered
O008634,CUST008635,R008634,10/19/2020,932,UPI,Delivered
O008635,CUST008636,R008635,2/21/2020,1958,Card,Delivered
O008636,CUST008637,R008636,10/28/2021,1011,Wallet,Delivered
O008637,CUST008638,R008637,8/28/2020,359,Card,Delivered
O008638,CUST008639,R008638,4/27/2023,1178,UPI,Delivered
O008639,CUST008640,R008639,4/23/2019,1411,UPI,Delivered
O008640,CUST008641,R008640,7/6/2022,1594,Wallet,Delivered
O008641,CUST008642,R008641,3/17/2023,1484,UPI,Delivered
O008642,CUST008643,R008642,4/15/2022,1232,Wallet,Delivered
O008643,CUST008644,R008643,1/13/2022,1656,Card,Delivered
O008644,CUST008645,R008644,1/18/2019,1065,UPI,Delivered
O008645,CUST008646,R008645,8/4/2020,1864,Card,Delivered
O008646,CUST008647,R008646,6/26/2025,345,UPI,Delivered
O008647,CUST008648,R008647,6/20/2023,1988,UPI,Delivered
O008648,CUST008649,R008648,7/21/2025,281,Card,Delivered
O008649,CUST008650,R008649,5/1/2021,209,COD,Delivered
O008650,CUST008651,R008650,10/15/2023,404,Card,Delivered
O008651,CUST008652,R008651,11/10/2019,795,COD,Delivered
O008652,CUST008653,R008652,8/24/2024,137,COD,Delivered
O008653,CUST008654,R008653,12/1/2021,1210,Wallet,Delivered
O008654,CUST008655,R008654,6/12/2024,255,Wallet,Delivered
O008655,CUST008656,R008655,2/24/2020,1022,COD,Delivered
O008656,CUST008657,R008656,8/8/2024,1272,Wallet,Cancelled
O008657,CUST008658,R008657,5/12/2023,649,Wallet,Delivered
O008658,CUST008659,R008658,11/27/2022,1482,UPI,Delivered
O008659,CUST008660,R008659,5/21/2025,1017,UPI,Delivered
O008660,CUST008661,R008660,4/3/2023,1604,Card,Delivered
O008661,CUST008662,R008661,5/23/2022,1798,Wallet,Cancelled
O008662,CUST008663,R008662,11/16/2023,1727,COD,Delivered
O008663,CUST008664,R008663,4/10/2023,1965,Card,Delivered
O008664,CUST008665,R008664,7/4/2021,1460,Card,Delivered
O008665,CUST008666,R008665,10/5/2019,1655,Card,Delivered
O008666,CUST008667,R008666,8/23/2022,1002,UPI,Delivered
O008667,CUST008668,R008667,4/21/2023,363,COD,Delivered
O008668,CUST008669,R008668,5/19/2022,682,Card,Delivered
O008669,CUST008670,R008669,12/5/2019,1900,COD,Delivered
O008670,CUST008671,R008670,11/21/2023,266,COD,Delivered
O008671,CUST008672,R008671,10/3/2022,1098,Card,Delivered
O008672,CUST008673,R008672,6/3/2025,633,Wallet,Delivered
O008673,CUST008674,R008673,3/26/2020,1024,Wallet,Delivered
O008674,CUST008675,R008674,11/14/2019,286,Card,Delivered
O008675,CUST008676,R008675,7/21/2023,581,UPI,Delivered
O008676,CUST008677,R008676,11/1/2020,1341,COD,Delivered
O008677,CUST008678,R008677,2/10/2025,1439,UPI,Delivered
O008678,CUST008679,R008678,8/26/2023,1075,UPI,Delivered
O008679,CUST008680,R008679,6/14/2024,1390,Wallet,Delivered
O008680,CUST008681,R008680,8/4/2019,1645,COD,Delivered
O008681,CUST008682,R008681,12/17/2020,1959,COD,Cancelled
O008682,CUST008683,R008682,11/11/2021,1321,Card,Delivered
O008683,CUST008684,R008683,9/12/2025,1544,Card,Delivered
O008684,CUST008685,R008684,4/22/2019,1660,UPI,Delivered
O008685,CUST008686,R008685,2/21/2025,1910,COD,Delivered
O008686,CUST008687,R008686,9/17/2024,815,Card,Delivered
O008687,CUST008688,R008687,4/24/2024,437,Card,Delivered
O008688,CUST008689,R008688,3/16/2025,196,COD,Delivered
O008689,CUST008690,R008689,7/26/2024,1969,Card,Delivered
O008690,CUST008691,R008690,10/5/2020,1056,UPI,Delivered
O008691,CUST008692,R008691,10/1/2023,692,Card,Delivered
O008692,CUST008693,R008692,6/24/2025,1049,COD,Delivered
O008693,CUST008694,R008693,12/27/2023,738,Wallet,Delivered
O008694,CUST008695,R008694,8/11/2022,687,COD,Delivered
O008695,CUST008696,R008695,11/5/2021,1112,UPI,Delivered
O008696,CUST008697,R008696,12/7/2020,1198,COD,Cancelled
O008697,CUST008698,R008697,6/3/2021,1811,Wallet,Delivered
O008698,CUST008699,R008698,7/8/2020,1528,Wallet,Delivered
O008699,CUST008700,R008699,9/12/2023,1444,UPI,Cancelled
O008700,CUST008701,R008700,4/21/2019,1954,Card,Delivered
O008701,CUST008702,R008701,3/18/2020,1757,UPI,Delivered
O008702,CUST008703,R008702,1/7/2024,1761,UPI,Delivered
O008703,CUST008704,R008703,10/27/2020,672,Card,Delivered
O008704,CUST008705,R008704,5/23/2025,1494,Card,Delivered
O008705,CUST008706,R008705,11/18/2021,666,COD,Delivered
O008706,CUST008707,R008706,3/22/2025,399,Wallet,Delivered
O008707,CUST008708,R008707,10/23/2020,1223,COD,Delivered
O008708,CUST008709,R008708,7/28/2023,1155,COD,Cancelled
O008709,CUST008710,R008709,5/10/2020,353,Wallet,Delivered
O008710,CUST008711,R008710,5/5/2019,1856,Card,Delivered
O008711,CUST008712,R008711,5/16/2023,726,Wallet,Delivered
O008712,CUST008713,R008712,11/27/2020,1493,UPI,Delivered
O008713,CUST008714,R008713,5/21/2019,272,Wallet,Delivered
O008714,CUST008715,R008714,7/19/2025,913,UPI,Delivered
O008715,CUST008716,R008715,4/9/2020,1849,UPI,Cancelled
O008716,CUST008717,R008716,12/20/2024,1771,COD,Cancelled
O008717,CUST008718,R008717,9/10/2025,1710,Card,Delivered
O008718,CUST008719,R008718,7/22/2019,711,UPI,Delivered
O008719,CUST008720,R008719,11/22/2021,1455,Card,Delivered
O008720,CUST008721,R008720,10/24/2025,882,COD,Delivered
O008721,CUST008722,R008721,12/7/2022,1784,COD,Delivered
O008722,CUST008723,R008722,11/20/2020,144,COD,Delivered
O008723,CUST008724,R008723,5/27/2019,1472,COD,Delivered
O008724,CUST008725,R008724,1/11/2025,1720,Wallet,Delivered
O008725,CUST008726,R008725,10/22/2024,1153,UPI,Delivered
O008726,CUST008727,R008726,1/16/2021,901,Wallet,Delivered
O008727,CUST008728,R008727,9/2/2023,1021,Wallet,Delivered
O008728,CUST008729,R008728,12/3/2022,1459,COD,Delivered
O008729,CUST008730,R008729,11/15/2021,1387,Card,Delivered
O008730,CUST008731,R008730,12/5/2020,1371,Card,Delivered
O008731,CUST008732,R008731,1/23/2020,1513,Wallet,Delivered
O008732,CUST008733,R008732,5/4/2021,1071,Card,Delivered
O008733,CUST008734,R008733,9/18/2020,673,Wallet,Delivered
O008734,CUST008735,R008734,1/17/2023,1444,Card,Cancelled
O008735,CUST008736,R008735,11/14/2020,1705,Card,Delivered
O008736,CUST008737,R008736,5/24/2021,199,Card,Cancelled
O008737,CUST008738,R008737,3/20/2020,1827,Card,Delivered
O008738,CUST008739,R008738,11/19/2025,770,Card,Delivered
O008739,CUST008740,R008739,5/26/2019,561,COD,Delivered
O008740,CUST008741,R008740,5/25/2025,811,COD,Delivered
O008741,CUST008742,R008741,10/5/2019,186,UPI,Cancelled
O008742,CUST008743,R008742,5/24/2021,1955,Wallet,Delivered
O008743,CUST008744,R008743,12/28/2020,559,COD,Delivered
O008744,CUST008745,R008744,6/27/2024,750,Card,Delivered
O008745,CUST008746,R008745,5/22/2022,259,Wallet,Delivered
O008746,CUST008747,R008746,8/6/2019,874,COD,Delivered
O008747,CUST008748,R008747,3/25/2019,1124,Wallet,Cancelled
O008748,CUST008749,R008748,5/3/2019,893,COD,Delivered
O008749,CUST008750,R008749,11/27/2022,1332,UPI,Delivered
O008750,CUST008751,R008750,2/8/2019,1017,UPI,Delivered
O008751,CUST008752,R008751,9/14/2022,1144,Wallet,Delivered
O008752,CUST008753,R008752,5/14/2025,1649,UPI,Delivered
O008753,CUST008754,R008753,8/13/2019,1944,UPI,Delivered
O008754,CUST008755,R008754,12/10/2023,1320,UPI,Cancelled
O008755,CUST008756,R008755,8/12/2025,1571,Card,Delivered
O008756,CUST008757,R008756,4/18/2025,1187,Card,Cancelled
O008757,CUST008758,R008757,10/21/2020,794,Card,Delivered
O008758,CUST008759,R008758,8/17/2024,1821,UPI,Delivered
O008759,CUST008760,R008759,6/16/2024,490,Card,Delivered
O008760,CUST008761,R008760,11/19/2021,211,Card,Cancelled
O008761,CUST008762,R008761,7/7/2025,1521,Card,Delivered
O008762,CUST008763,R008762,7/22/2024,1124,Wallet,Delivered
O008763,CUST008764,R008763,9/3/2019,677,Card,Delivered
O008764,CUST008765,R008764,2/24/2023,760,Wallet,Delivered
O008765,CUST008766,R008765,2/28/2020,1266,COD,Cancelled
O008766,CUST008767,R008766,4/8/2021,672,Wallet,Delivered
O008767,CUST008768,R008767,7/5/2023,1428,Wallet,Delivered
O008768,CUST008769,R008768,4/7/2020,1230,Wallet,Delivered
O008769,CUST008770,R008769,6/28/2021,978,UPI,Delivered
O008770,CUST008771,R008770,6/15/2022,411,COD,Delivered
O008771,CUST008772,R008771,2/19/2024,723,UPI,Delivered
O008772,CUST008773,R008772,9/11/2019,149,UPI,Delivered
O008773,CUST008774,R008773,3/14/2025,1772,Card,Delivered
O008774,CUST008775,R008774,5/19/2025,1138,UPI,Cancelled
O008775,CUST008776,R008775,7/16/2024,740,Card,Delivered
O008776,CUST008777,R008776,10/28/2021,1310,Card,Delivered
O008777,CUST008778,R008777,1/19/2019,1339,Wallet,Delivered
O008778,CUST008779,R008778,6/1/2025,788,COD,Delivered
O008779,CUST008780,R008779,10/23/2022,716,Wallet,Delivered
O008780,CUST008781,R008780,11/6/2021,1645,Card,Delivered
O008781,CUST008782,R008781,11/15/2022,385,Wallet,Delivered
O008782,CUST008783,R008782,5/1/2025,1066,UPI,Delivered
O008783,CUST008784,R008783,12/8/2025,1467,Wallet,Delivered
O008784,CUST008785,R008784,4/6/2020,766,UPI,Delivered
O008785,CUST008786,R008785,2/14/2019,194,Wallet,Delivered
O008786,CUST008787,R008786,2/15/2023,928,UPI,Delivered
O008787,CUST008788,R008787,1/20/2021,1717,UPI,Delivered
O008788,CUST008789,R008788,11/17/2022,1795,Card,Delivered
O008789,CUST008790,R008789,8/16/2019,1528,Card,Delivered
O008790,CUST008791,R008790,6/19/2024,956,UPI,Delivered
O008791,CUST008792,R008791,7/3/2025,1459,Card,Delivered
O008792,CUST008793,R008792,11/20/2024,370,Wallet,Delivered
O008793,CUST008794,R008793,4/28/2025,373,COD,Delivered
O008794,CUST008795,R008794,9/27/2022,1903,COD,Delivered
O008795,CUST008796,R008795,5/23/2025,682,COD,Delivered
O008796,CUST008797,R008796,3/3/2020,1126,Wallet,Delivered
O008797,CUST008798,R008797,3/1/2022,810,Wallet,Delivered
O008798,CUST008799,R008798,10/8/2021,997,COD,Delivered
O008799,CUST008800,R008799,11/24/2021,544,Wallet,Delivered
O008800,CUST008801,R008800,4/15/2023,1507,COD,Delivered
O008801,CUST008802,R008801,8/27/2024,1455,UPI,Delivered
O008802,CUST008803,R008802,4/10/2021,1145,UPI,Delivered
O008803,CUST008804,R008803,10/16/2024,1584,Card,Delivered
O008804,CUST008805,R008804,1/12/2025,1075,Wallet,Delivered
O008805,CUST008806,R008805,10/15/2021,1887,UPI,Delivered
O008806,CUST008807,R008806,9/9/2025,1934,Card,Delivered
O008807,CUST008808,R008807,9/21/2022,284,Card,Delivered
O008808,CUST008809,R008808,1/18/2020,1315,Card,Delivered
O008809,CUST008810,R008809,5/13/2022,220,COD,Delivered
O008810,CUST008811,R008810,6/24/2024,471,Wallet,Delivered
O008811,CUST008812,R008811,7/18/2019,1709,Wallet,Delivered
O008812,CUST008813,R008812,12/21/2023,1255,Card,Delivered
O008813,CUST008814,R008813,8/25/2025,1330,Card,Delivered
O008814,CUST008815,R008814,2/8/2022,267,Card,Delivered
O008815,CUST008816,R008815,5/21/2025,1900,UPI,Delivered
O008816,CUST008817,R008816,10/14/2022,569,COD,Delivered
O008817,CUST008818,R008817,11/23/2019,377,UPI,Delivered
O008818,CUST008819,R008818,12/26/2020,1885,Card,Cancelled
O008819,CUST008820,R008819,10/21/2022,745,COD,Delivered
O008820,CUST008821,R008820,6/4/2021,1039,Card,Cancelled
O008821,CUST008822,R008821,1/18/2019,126,Wallet,Delivered
O008822,CUST008823,R008822,7/23/2021,932,COD,Delivered
O008823,CUST008824,R008823,5/9/2021,293,Wallet,Delivered
O008824,CUST008825,R008824,11/8/2025,1362,Wallet,Delivered
O008825,CUST008826,R008825,10/4/2024,915,COD,Delivered
O008826,CUST008827,R008826,1/6/2025,947,UPI,Delivered
O008827,CUST008828,R008827,1/2/2022,1752,Wallet,Delivered
O008828,CUST008829,R008828,1/15/2020,627,Wallet,Delivered
O008829,CUST008830,R008829,4/9/2024,229,Card,Delivered
O008830,CUST008831,R008830,12/20/2021,1895,COD,Delivered
O008831,CUST008832,R008831,9/7/2025,1501,Card,Delivered
O008832,CUST008833,R008832,4/7/2023,361,UPI,Delivered
O008833,CUST008834,R008833,10/27/2025,1667,UPI,Delivered
O008834,CUST008835,R008834,11/20/2021,1688,COD,Delivered
O008835,CUST008836,R008835,7/17/2021,548,UPI,Delivered
O008836,CUST008837,R008836,11/18/2021,1984,COD,Delivered
O008837,CUST008838,R008837,3/2/2022,1406,UPI,Delivered
O008838,CUST008839,R008838,1/27/2025,1719,Card,Delivered
O008839,CUST008840,R008839,8/1/2025,607,Wallet,Delivered
O008840,CUST008841,R008840,9/24/2023,1373,Card,Delivered
O008841,CUST008842,R008841,7/27/2022,243,COD,Delivered
O008842,CUST008843,R008842,12/3/2025,1747,Wallet,Delivered
O008843,CUST008844,R008843,7/15/2021,666,COD,Delivered
O008844,CUST008845,R008844,12/9/2020,1161,Card,Cancelled
O008845,CUST008846,R008845,2/1/2022,1355,UPI,Delivered
O008846,CUST008847,R008846,4/8/2025,1712,UPI,Delivered
O008847,CUST008848,R008847,10/14/2021,496,UPI,Delivered
O008848,CUST008849,R008848,6/19/2019,1647,UPI,Cancelled
O008849,CUST008850,R008849,11/19/2021,127,Wallet,Delivered
O008850,CUST008851,R008850,5/23/2020,562,UPI,Delivered
O008851,CUST008852,R008851,7/14/2020,1763,COD,Delivered
O008852,CUST008853,R008852,5/4/2023,650,Card,Delivered
O008853,CUST008854,R008853,5/26/2023,572,COD,Delivered
O008854,CUST008855,R008854,5/6/2019,463,COD,Delivered
O008855,CUST008856,R008855,8/4/2021,902,Wallet,Delivered
O008856,CUST008857,R008856,9/2/2024,878,COD,Delivered
O008857,CUST008858,R008857,7/10/2020,1696,COD,Delivered
O008858,CUST008859,R008858,1/3/2020,554,Wallet,Delivered
O008859,CUST008860,R008859,5/11/2021,1328,Wallet,Delivered
O008860,CUST008861,R008860,3/15/2019,1124,UPI,Delivered
O008861,CUST008862,R008861,7/3/2019,1264,Wallet,Delivered
O008862,CUST008863,R008862,2/14/2023,1689,UPI,Cancelled
O008863,CUST008864,R008863,5/18/2020,222,Card,Delivered
O008864,CUST008865,R008864,9/16/2022,1378,Card,Delivered
O008865,CUST008866,R008865,9/27/2020,1453,Card,Delivered
O008866,CUST008867,R008866,10/7/2023,189,Card,Cancelled
O008867,CUST008868,R008867,12/1/2019,614,UPI,Delivered
O008868,CUST008869,R008868,2/18/2023,518,COD,Delivered
O008869,CUST008870,R008869,1/25/2021,495,COD,Delivered
O008870,CUST008871,R008870,8/7/2022,424,COD,Delivered
O008871,CUST008872,R008871,10/12/2025,171,Card,Cancelled
O008872,CUST008873,R008872,8/6/2023,993,Card,Delivered
O008873,CUST008874,R008873,4/24/2021,740,UPI,Delivered
O008874,CUST008875,R008874,10/4/2021,1055,COD,Delivered
O008875,CUST008876,R008875,2/8/2023,416,Wallet,Delivered
O008876,CUST008877,R008876,6/27/2020,1215,UPI,Delivered
O008877,CUST008878,R008877,2/11/2020,1721,COD,Cancelled
O008878,CUST008879,R008878,3/8/2020,1070,UPI,Delivered
O008879,CUST008880,R008879,3/4/2023,1706,Wallet,Delivered
O008880,CUST008881,R008880,7/24/2021,1241,COD,Delivered
O008881,CUST008882,R008881,11/28/2025,1651,Card,Delivered
O008882,CUST008883,R008882,12/13/2019,1629,COD,Cancelled
O008883,CUST008884,R008883,9/10/2024,1688,Card,Delivered
O008884,CUST008885,R008884,4/7/2024,1260,Wallet,Delivered
O008885,CUST008886,R008885,3/22/2023,1368,Wallet,Delivered
O008886,CUST008887,R008886,11/13/2020,1874,COD,Delivered
O008887,CUST008888,R008887,1/20/2025,735,Wallet,Delivered
O008888,CUST008889,R008888,4/14/2020,1500,COD,Delivered
O008889,CUST008890,R008889,1/15/2021,404,Card,Delivered
O008890,CUST008891,R008890,6/1/2019,1922,UPI,Delivered
O008891,CUST008892,R008891,2/25/2024,302,COD,Delivered
O008892,CUST008893,R008892,2/20/2022,1069,Card,Delivered
O008893,CUST008894,R008893,8/27/2025,430,Wallet,Delivered
O008894,CUST008895,R008894,4/23/2023,745,COD,Delivered
O008895,CUST008896,R008895,7/8/2019,356,Card,Delivered
O008896,CUST008897,R008896,5/4/2019,1347,UPI,Delivered
O008897,CUST008898,R008897,1/4/2021,1367,Card,Delivered
O008898,CUST008899,R008898,9/3/2024,985,Wallet,Cancelled
O008899,CUST008900,R008899,9/27/2020,1491,UPI,Delivered
O008900,CUST008901,R008900,4/15/2020,1406,COD,Delivered
O008901,CUST008902,R008901,8/8/2024,1160,Card,Delivered
O008902,CUST008903,R008902,9/10/2022,1922,COD,Delivered
O008903,CUST008904,R008903,3/10/2024,1713,Card,Delivered
O008904,CUST008905,R008904,4/26/2019,1825,UPI,Delivered
O008905,CUST008906,R008905,1/15/2019,1741,UPI,Delivered
O008906,CUST008907,R008906,8/23/2020,1948,COD,Delivered
O008907,CUST008908,R008907,4/17/2023,852,UPI,Delivered
O008908,CUST008909,R008908,6/20/2020,1873,Card,Delivered
O008909,CUST008910,R008909,9/27/2024,964,COD,Delivered
O008910,CUST008911,R008910,4/27/2023,139,UPI,Delivered
O008911,CUST008912,R008911,9/26/2023,601,COD,Delivered
O008912,CUST008913,R008912,5/22/2022,583,Wallet,Delivered
O008913,CUST008914,R008913,6/25/2022,1023,COD,Delivered
O008914,CUST008915,R008914,5/10/2019,951,Wallet,Delivered
O008915,CUST008916,R008915,2/7/2022,1121,Wallet,Delivered
O008916,CUST008917,R008916,11/5/2019,1757,Card,Delivered
O008917,CUST008918,R008917,2/19/2019,980,UPI,Delivered
O008918,CUST008919,R008918,3/3/2022,1785,UPI,Cancelled
O008919,CUST008920,R008919,12/25/2023,135,UPI,Delivered
O008920,CUST008921,R008920,8/18/2021,1946,UPI,Cancelled
O008921,CUST008922,R008921,6/20/2019,190,Card,Delivered
O008922,CUST008923,R008922,1/28/2022,119,COD,Delivered
O008923,CUST008924,R008923,10/15/2024,357,Card,Delivered
O008924,CUST008925,R008924,3/6/2022,688,UPI,Delivered
O008925,CUST008926,R008925,12/22/2020,1639,Wallet,Delivered
O008926,CUST008927,R008926,3/28/2020,1067,COD,Delivered
O008927,CUST008928,R008927,1/11/2022,106,Wallet,Delivered
O008928,CUST008929,R008928,11/23/2019,736,COD,Delivered
O008929,CUST008930,R008929,7/6/2019,1417,Wallet,Delivered
O008930,CUST008931,R008930,10/14/2021,501,Wallet,Delivered
O008931,CUST008932,R008931,3/25/2022,1402,UPI,Delivered
O008932,CUST008933,R008932,7/19/2025,937,Wallet,Delivered
O008933,CUST008934,R008933,5/27/2023,1562,Card,Delivered
O008934,CUST008935,R008934,2/17/2025,1752,COD,Delivered
O008935,CUST008936,R008935,11/14/2022,1637,Card,Delivered
O008936,CUST008937,R008936,6/9/2019,1879,Card,Cancelled
O008937,CUST008938,R008937,11/3/2019,1317,Wallet,Delivered
O008938,CUST008939,R008938,1/4/2020,1300,Card,Delivered
O008939,CUST008940,R008939,3/22/2020,858,UPI,Delivered
O008940,CUST008941,R008940,7/20/2022,213,COD,Delivered
O008941,CUST008942,R008941,8/17/2024,527,Card,Delivered
O008942,CUST008943,R008942,3/28/2021,145,COD,Delivered
O008943,CUST008944,R008943,3/23/2019,161,Wallet,Delivered
O008944,CUST008945,R008944,10/1/2024,1018,Card,Delivered
O008945,CUST008946,R008945,9/28/2020,553,Wallet,Delivered
O008946,CUST008947,R008946,5/24/2025,1179,UPI,Delivered
O008947,CUST008948,R008947,9/12/2025,479,COD,Delivered
O008948,CUST008949,R008948,12/24/2022,1296,UPI,Delivered
O008949,CUST008950,R008949,10/3/2023,1496,COD,Delivered
O008950,CUST008951,R008950,5/12/2019,1360,COD,Delivered
O008951,CUST008952,R008951,1/27/2020,677,UPI,Delivered
O008952,CUST008953,R008952,4/14/2024,1284,COD,Delivered
O008953,CUST008954,R008953,7/3/2020,1534,COD,Delivered
O008954,CUST008955,R008954,8/15/2021,1806,COD,Delivered
O008955,CUST008956,R008955,3/9/2021,1422,UPI,Cancelled
O008956,CUST008957,R008956,9/14/2023,1438,Card,Delivered
O008957,CUST008958,R008957,2/21/2022,1450,UPI,Delivered
O008958,CUST008959,R008958,3/19/2024,1831,COD,Delivered
O008959,CUST008960,R008959,3/15/2020,730,Card,Delivered
O008960,CUST008961,R008960,1/18/2020,346,UPI,Delivered
O008961,CUST008962,R008961,2/15/2021,149,Card,Delivered
O008962,CUST008963,R008962,11/23/2020,1929,Card,Delivered
O008963,CUST008964,R008963,3/3/2021,976,COD,Cancelled
O008964,CUST008965,R008964,6/27/2024,292,Card,Delivered
O008965,CUST008966,R008965,6/23/2019,900,COD,Delivered
O008966,CUST008967,R008966,10/26/2022,1151,Wallet,Delivered
O008967,CUST008968,R008967,3/10/2021,576,Card,Delivered
O008968,CUST008969,R008968,11/3/2023,1218,UPI,Delivered
O008969,CUST008970,R008969,1/9/2020,1054,COD,Delivered
O008970,CUST008971,R008970,8/2/2022,1668,Wallet,Delivered
O008971,CUST008972,R008971,10/14/2024,1491,Wallet,Delivered
O008972,CUST008973,R008972,11/10/2022,1401,UPI,Delivered
O008973,CUST008974,R008973,3/15/2019,1864,Card,Delivered
O008974,CUST008975,R008974,3/16/2022,1667,Wallet,Delivered
O008975,CUST008976,R008975,1/7/2025,1545,UPI,Delivered
O008976,CUST008977,R008976,6/26/2023,635,UPI,Delivered
O008977,CUST008978,R008977,10/22/2021,1095,UPI,Delivered
O008978,CUST008979,R008978,2/17/2021,518,Card,Delivered
O008979,CUST008980,R008979,10/21/2022,245,COD,Delivered
O008980,CUST008981,R008980,9/20/2021,683,Card,Delivered
O008981,CUST008982,R008981,10/26/2020,878,Card,Delivered
O008982,CUST008983,R008982,1/6/2022,1683,Card,Delivered
O008983,CUST008984,R008983,8/24/2022,1285,UPI,Cancelled
O008984,CUST008985,R008984,11/8/2019,213,Wallet,Delivered
O008985,CUST008986,R008985,8/19/2024,1446,UPI,Delivered
O008986,CUST008987,R008986,2/16/2024,1952,Wallet,Delivered
O008987,CUST008988,R008987,11/16/2025,823,UPI,Delivered
O008988,CUST008989,R008988,5/7/2023,1763,UPI,Cancelled
O008989,CUST008990,R008989,1/27/2021,1691,UPI,Delivered
O008990,CUST008991,R008990,7/10/2024,1675,Card,Delivered
O008991,CUST008992,R008991,2/20/2024,605,UPI,Delivered
O008992,CUST008993,R008992,2/21/2020,1300,Card,Cancelled
O008993,CUST008994,R008993,2/23/2021,727,COD,Delivered
O008994,CUST008995,R008994,9/6/2025,1934,COD,Delivered
O008995,CUST008996,R008995,2/22/2023,1771,COD,Delivered
O008996,CUST008997,R008996,12/25/2020,1328,COD,Delivered
O008997,CUST008998,R008997,11/9/2019,1635,COD,Delivered
O008998,CUST008999,R008998,12/20/2022,1063,Wallet,Delivered
O008999,CUST009000,R008999,2/10/2024,854,COD,Delivered
O009000,CUST009001,R009000,12/26/2025,978,Wallet,Delivered
O009001,CUST009002,R009001,9/2/2020,1379,COD,Delivered
O009002,CUST009003,R009002,7/14/2022,1308,Wallet,Delivered
O009003,CUST009004,R009003,7/4/2024,1291,Card,Delivered
O009004,CUST009005,R009004,12/23/2019,1233,Wallet,Delivered
O009005,CUST009006,R009005,4/3/2024,960,UPI,Delivered
O009006,CUST009007,R009006,10/17/2023,519,UPI,Delivered
O009007,CUST009008,R009007,6/15/2023,1551,Card,Delivered
O009008,CUST009009,R009008,10/16/2025,1561,Card,Delivered
O009009,CUST009010,R009009,11/20/2023,2000,Card,Cancelled
O009010,CUST009011,R009010,5/18/2019,1723,COD,Delivered
O009011,CUST009012,R009011,5/17/2022,679,Card,Delivered
O009012,CUST009013,R009012,8/20/2024,469,COD,Delivered
O009013,CUST009014,R009013,9/23/2022,595,Wallet,Delivered
O009014,CUST009015,R009014,6/3/2021,151,Card,Cancelled
O009015,CUST009016,R009015,5/23/2020,402,Wallet,Delivered
O009016,CUST009017,R009016,3/27/2019,901,COD,Delivered
O009017,CUST009018,R009017,1/4/2021,1024,COD,Delivered
O009018,CUST009019,R009018,12/25/2019,577,Wallet,Delivered
O009019,CUST009020,R009019,5/12/2023,763,COD,Delivered
O009020,CUST009021,R009020,12/2/2025,1230,Wallet,Delivered
O009021,CUST009022,R009021,1/4/2024,749,COD,Delivered
O009022,CUST009023,R009022,1/25/2021,1189,Wallet,Delivered
O009023,CUST009024,R009023,3/7/2023,911,UPI,Delivered
O009024,CUST009025,R009024,11/12/2021,922,Wallet,Delivered
O009025,CUST009026,R009025,4/8/2025,1559,UPI,Delivered
O009026,CUST009027,R009026,8/11/2021,1860,Wallet,Cancelled
O009027,CUST009028,R009027,7/6/2023,1240,Wallet,Delivered
O009028,CUST009029,R009028,11/12/2019,1534,Wallet,Delivered
O009029,CUST009030,R009029,3/17/2020,1145,Card,Cancelled
O009030,CUST009031,R009030,1/20/2020,704,Card,Delivered
O009031,CUST009032,R009031,8/16/2023,1667,UPI,Delivered
O009032,CUST009033,R009032,2/15/2020,384,Card,Delivered
O009033,CUST009034,R009033,3/19/2019,890,UPI,Cancelled
O009034,CUST009035,R009034,3/6/2019,1378,Card,Delivered
O009035,CUST009036,R009035,1/20/2020,980,Wallet,Delivered
O009036,CUST009037,R009036,11/1/2024,527,Card,Delivered
O009037,CUST009038,R009037,1/22/2025,713,COD,Delivered
O009038,CUST009039,R009038,7/3/2020,1220,Card,Cancelled
O009039,CUST009040,R009039,8/6/2021,587,Wallet,Delivered
O009040,CUST009041,R009040,7/3/2025,1347,Wallet,Delivered
O009041,CUST009042,R009041,3/6/2023,1150,Card,Delivered
O009042,CUST009043,R009042,4/27/2020,762,UPI,Delivered
O009043,CUST009044,R009043,1/14/2020,364,COD,Delivered
O009044,CUST009045,R009044,11/18/2025,568,Wallet,Delivered
O009045,CUST009046,R009045,6/9/2024,1901,Card,Delivered
O009046,CUST009047,R009046,11/13/2021,1885,Card,Delivered
O009047,CUST009048,R009047,8/16/2024,1038,UPI,Delivered
O009048,CUST009049,R009048,9/14/2022,634,UPI,Delivered
O009049,CUST009050,R009049,8/26/2021,1155,UPI,Delivered
O009050,CUST009051,R009050,9/16/2020,502,COD,Delivered
O009051,CUST009052,R009051,4/17/2019,1848,Card,Delivered
O009052,CUST009053,R009052,9/15/2021,246,Wallet,Delivered
O009053,CUST009054,R009053,6/25/2020,1138,Card,Delivered
O009054,CUST009055,R009054,4/7/2024,306,Card,Delivered
O009055,CUST009056,R009055,3/21/2020,981,UPI,Delivered
O009056,CUST009057,R009056,12/16/2025,1419,Wallet,Delivered
O009057,CUST009058,R009057,4/6/2023,655,Wallet,Delivered
O009058,CUST009059,R009058,3/13/2022,1946,Wallet,Delivered
O009059,CUST009060,R009059,7/14/2023,1040,Wallet,Delivered
O009060,CUST009061,R009060,5/19/2022,1573,UPI,Cancelled
O009061,CUST009062,R009061,4/15/2022,1690,UPI,Cancelled
O009062,CUST009063,R009062,10/13/2025,1244,Card,Delivered
O009063,CUST009064,R009063,5/17/2023,546,UPI,Cancelled
O009064,CUST009065,R009064,3/25/2024,1374,Card,Delivered
O009065,CUST009066,R009065,9/16/2021,290,COD,Delivered
O009066,CUST009067,R009066,6/27/2025,337,Card,Delivered
O009067,CUST009068,R009067,3/25/2019,1824,Card,Delivered
O009068,CUST009069,R009068,8/22/2025,597,COD,Cancelled
O009069,CUST009070,R009069,7/2/2023,1036,COD,Delivered
O009070,CUST009071,R009070,12/28/2025,764,Wallet,Delivered
O009071,CUST009072,R009071,10/8/2022,717,COD,Delivered
O009072,CUST009073,R009072,1/23/2024,655,Wallet,Delivered
O009073,CUST009074,R009073,9/13/2019,1364,COD,Delivered
O009074,CUST009075,R009074,10/25/2022,1307,UPI,Delivered
O009075,CUST009076,R009075,5/8/2024,1034,UPI,Delivered
O009076,CUST009077,R009076,8/12/2025,1218,Card,Delivered
O009077,CUST009078,R009077,5/6/2019,990,Wallet,Delivered
O009078,CUST009079,R009078,10/13/2023,1808,UPI,Delivered
O009079,CUST009080,R009079,3/8/2023,1855,Card,Delivered
O009080,CUST009081,R009080,6/20/2021,1969,UPI,Delivered
O009081,CUST009082,R009081,12/16/2021,1268,Card,Delivered
O009082,CUST009083,R009082,1/11/2023,130,COD,Delivered
O009083,CUST009084,R009083,12/23/2025,380,UPI,Delivered
O009084,CUST009085,R009084,4/17/2022,507,Card,Delivered
O009085,CUST009086,R009085,7/18/2019,315,COD,Cancelled
O009086,CUST009087,R009086,4/8/2021,1993,COD,Delivered
O009087,CUST009088,R009087,2/18/2022,924,Card,Delivered
O009088,CUST009089,R009088,1/3/2019,650,UPI,Delivered
O009089,CUST009090,R009089,2/24/2020,1929,COD,Delivered
O009090,CUST009091,R009090,2/18/2025,272,UPI,Delivered
O009091,CUST009092,R009091,4/23/2020,1805,Card,Cancelled
O009092,CUST009093,R009092,5/18/2022,665,COD,Delivered
O009093,CUST009094,R009093,4/2/2021,954,Wallet,Delivered
O009094,CUST009095,R009094,7/14/2019,1981,Wallet,Delivered
O009095,CUST009096,R009095,2/22/2020,885,Card,Delivered
O009096,CUST009097,R009096,6/8/2024,207,Wallet,Delivered
O009097,CUST009098,R009097,8/7/2023,1219,Wallet,Delivered
O009098,CUST009099,R009098,2/3/2025,1028,COD,Delivered
O009099,CUST009100,R009099,4/6/2023,847,UPI,Delivered
O009100,CUST009101,R009100,4/1/2021,268,Wallet,Delivered
O009101,CUST009102,R009101,4/13/2022,473,Wallet,Delivered
O009102,CUST009103,R009102,4/6/2019,1721,Card,Delivered
O009103,CUST009104,R009103,2/12/2025,1790,COD,Delivered
O009104,CUST009105,R009104,5/5/2020,1465,Card,Cancelled
O009105,CUST009106,R009105,8/5/2019,281,UPI,Delivered
O009106,CUST009107,R009106,12/25/2023,1583,UPI,Delivered
O009107,CUST009108,R009107,9/21/2021,1597,COD,Delivered
O009108,CUST009109,R009108,10/17/2022,501,Wallet,Delivered
O009109,CUST009110,R009109,3/18/2019,1768,COD,Delivered
O009110,CUST009111,R009110,4/1/2025,1327,Card,Delivered
O009111,CUST009112,R009111,1/25/2025,1830,Card,Delivered
O009112,CUST009113,R009112,11/28/2025,457,Wallet,Delivered
O009113,CUST009114,R009113,4/24/2025,1263,COD,Delivered
O009114,CUST009115,R009114,5/23/2022,133,COD,Delivered
O009115,CUST009116,R009115,4/1/2019,1337,Wallet,Delivered
O009116,CUST009117,R009116,2/9/2020,516,COD,Delivered
O009117,CUST009118,R009117,10/7/2022,1081,UPI,Delivered
O009118,CUST009119,R009118,11/28/2021,954,Wallet,Delivered
O009119,CUST009120,R009119,10/6/2021,1243,Wallet,Delivered
O009120,CUST009121,R009120,5/16/2023,1878,Wallet,Delivered
O009121,CUST009122,R009121,2/11/2019,1129,Wallet,Cancelled
O009122,CUST009123,R009122,11/12/2021,1560,COD,Delivered
O009123,CUST009124,R009123,11/24/2025,526,Card,Delivered
O009124,CUST009125,R009124,7/7/2025,1874,Card,Delivered
O009125,CUST009126,R009125,4/3/2025,501,Card,Delivered
O009126,CUST009127,R009126,8/25/2023,418,COD,Delivered
O009127,CUST009128,R009127,12/6/2025,177,COD,Delivered
O009128,CUST009129,R009128,3/2/2024,540,Wallet,Delivered
O009129,CUST009130,R009129,1/24/2025,735,COD,Delivered
O009130,CUST009131,R009130,2/8/2020,1553,COD,Cancelled
O009131,CUST009132,R009131,7/1/2024,475,Wallet,Delivered
O009132,CUST009133,R009132,9/7/2019,1286,Wallet,Delivered
O009133,CUST009134,R009133,5/17/2024,1077,Wallet,Delivered
O009134,CUST009135,R009134,9/1/2022,1174,Wallet,Delivered
O009135,CUST009136,R009135,7/13/2024,1604,UPI,Delivered
O009136,CUST009137,R009136,1/17/2023,142,Card,Delivered
O009137,CUST009138,R009137,9/15/2025,1534,Card,Delivered
O009138,CUST009139,R009138,12/26/2019,1174,UPI,Delivered
O009139,CUST009140,R009139,5/6/2021,1936,Card,Delivered
O009140,CUST009141,R009140,8/28/2020,459,UPI,Delivered
O009141,CUST009142,R009141,5/11/2019,157,COD,Cancelled
O009142,CUST009143,R009142,4/19/2020,395,Card,Cancelled
O009143,CUST009144,R009143,7/5/2020,280,COD,Delivered
O009144,CUST009145,R009144,12/10/2024,1986,Card,Delivered
O009145,CUST009146,R009145,6/4/2023,902,Card,Delivered
O009146,CUST009147,R009146,11/26/2024,694,UPI,Delivered
O009147,CUST009148,R009147,9/3/2021,834,COD,Delivered
O009148,CUST009149,R009148,3/7/2019,331,Wallet,Delivered
O009149,CUST009150,R009149,10/26/2023,1136,UPI,Delivered
O009150,CUST009151,R009150,5/9/2020,1642,COD,Delivered
O009151,CUST009152,R009151,5/7/2025,965,Wallet,Delivered
O009152,CUST009153,R009152,6/3/2023,1595,UPI,Delivered
O009153,CUST009154,R009153,12/22/2024,1087,Wallet,Delivered
O009154,CUST009155,R009154,11/26/2020,1675,Card,Delivered
O009155,CUST009156,R009155,3/14/2020,1913,Wallet,Delivered
O009156,CUST009157,R009156,7/14/2020,1841,Card,Delivered
O009157,CUST009158,R009157,11/11/2021,1646,Wallet,Delivered
O009158,CUST009159,R009158,2/26/2025,1278,Wallet,Delivered
O009159,CUST009160,R009159,11/21/2024,1784,COD,Cancelled
O009160,CUST009161,R009160,8/19/2020,693,COD,Delivered
O009161,CUST009162,R009161,4/10/2025,1464,Card,Delivered
O009162,CUST009163,R009162,10/14/2022,325,Card,Cancelled
O009163,CUST009164,R009163,1/28/2024,1843,UPI,Delivered
O009164,CUST009165,R009164,5/23/2023,153,COD,Delivered
O009165,CUST009166,R009165,2/19/2025,784,Card,Delivered
O009166,CUST009167,R009166,4/26/2021,320,COD,Delivered
O009167,CUST009168,R009167,9/21/2024,340,COD,Delivered
O009168,CUST009169,R009168,3/2/2019,212,Card,Delivered
O009169,CUST009170,R009169,3/3/2021,1204,UPI,Delivered
O009170,CUST009171,R009170,5/28/2020,1262,Card,Delivered
O009171,CUST009172,R009171,3/1/2020,938,COD,Delivered
O009172,CUST009173,R009172,8/1/2023,1399,Wallet,Delivered
O009173,CUST009174,R009173,12/13/2024,1321,COD,Cancelled
O009174,CUST009175,R009174,4/7/2020,1081,Card,Delivered
O009175,CUST009176,R009175,4/9/2022,1886,Wallet,Delivered
O009176,CUST009177,R009176,6/9/2024,1497,UPI,Delivered
O009177,CUST009178,R009177,3/25/2020,1670,Wallet,Delivered
O009178,CUST009179,R009178,10/14/2020,1587,UPI,Delivered
O009179,CUST009180,R009179,4/20/2021,1837,Card,Delivered
O009180,CUST009181,R009180,12/16/2019,491,Card,Delivered
O009181,CUST009182,R009181,4/14/2019,1729,Card,Delivered
O009182,CUST009183,R009182,11/25/2023,821,COD,Delivered
O009183,CUST009184,R009183,10/25/2020,1891,UPI,Delivered
O009184,CUST009185,R009184,6/24/2022,554,COD,Delivered
O009185,CUST009186,R009185,8/24/2020,170,Wallet,Delivered
O009186,CUST009187,R009186,6/22/2024,938,COD,Delivered
O009187,CUST009188,R009187,9/8/2019,872,COD,Delivered
O009188,CUST009189,R009188,12/4/2023,613,COD,Delivered
O009189,CUST009190,R009189,6/4/2021,1287,UPI,Delivered
O009190,CUST009191,R009190,9/12/2022,442,Wallet,Delivered
O009191,CUST009192,R009191,7/23/2025,1203,UPI,Cancelled
O009192,CUST009193,R009192,5/17/2023,1458,Wallet,Delivered
O009193,CUST009194,R009193,4/11/2023,1547,UPI,Cancelled
O009194,CUST009195,R009194,4/15/2024,1817,Card,Delivered
O009195,CUST009196,R009195,7/26/2019,1877,COD,Delivered
O009196,CUST009197,R009196,12/13/2023,208,Card,Cancelled
O009197,CUST009198,R009197,6/4/2024,598,UPI,Delivered
O009198,CUST009199,R009198,12/25/2025,1593,Wallet,Delivered
O009199,CUST009200,R009199,9/24/2020,1026,COD,Delivered
O009200,CUST009201,R009200,2/9/2024,1927,COD,Delivered
O009201,CUST009202,R009201,3/22/2022,657,COD,Delivered
O009202,CUST009203,R009202,10/5/2025,1332,COD,Delivered
O009203,CUST009204,R009203,12/13/2025,977,Wallet,Delivered
O009204,CUST009205,R009204,7/24/2023,1290,Wallet,Delivered
O009205,CUST009206,R009205,5/18/2023,788,Wallet,Delivered
O009206,CUST009207,R009206,6/26/2019,1164,UPI,Delivered
O009207,CUST009208,R009207,10/17/2024,1608,COD,Delivered
O009208,CUST009209,R009208,8/7/2019,1531,Card,Delivered
O009209,CUST009210,R009209,4/7/2020,1769,UPI,Delivered
O009210,CUST009211,R009210,6/1/2019,1227,Wallet,Delivered
O009211,CUST009212,R009211,9/6/2023,1209,Card,Delivered
O009212,CUST009213,R009212,10/20/2022,642,UPI,Delivered
O009213,CUST009214,R009213,5/19/2024,177,COD,Delivered
O009214,CUST009215,R009214,11/16/2024,448,Card,Delivered
O009215,CUST009216,R009215,10/27/2025,1960,Card,Delivered
O009216,CUST009217,R009216,6/22/2025,1971,Wallet,Delivered
O009217,CUST009218,R009217,5/26/2020,907,Card,Delivered
O009218,CUST009219,R009218,6/28/2023,448,COD,Delivered
O009219,CUST009220,R009219,10/23/2019,780,UPI,Delivered
O009220,CUST009221,R009220,5/11/2019,335,COD,Delivered
O009221,CUST009222,R009221,10/22/2023,1147,UPI,Delivered
O009222,CUST009223,R009222,7/2/2021,1386,COD,Delivered
O009223,CUST009224,R009223,11/11/2024,1570,Wallet,Delivered
O009224,CUST009225,R009224,5/28/2025,831,UPI,Delivered
O009225,CUST009226,R009225,2/15/2019,1444,Wallet,Delivered
O009226,CUST009227,R009226,1/13/2019,1695,Card,Delivered
O009227,CUST009228,R009227,11/17/2023,1769,COD,Delivered
O009228,CUST009229,R009228,8/11/2019,1380,UPI,Cancelled
O009229,CUST009230,R009229,1/13/2019,1347,Card,Delivered
O009230,CUST009231,R009230,4/19/2024,1296,Wallet,Delivered
O009231,CUST009232,R009231,4/19/2025,1726,Card,Delivered
O009232,CUST009233,R009232,12/14/2023,200,UPI,Delivered
O009233,CUST009234,R009233,6/17/2023,203,UPI,Delivered
O009234,CUST009235,R009234,4/13/2020,1902,Card,Delivered
O009235,CUST009236,R009235,5/21/2023,1774,Card,Delivered
O009236,CUST009237,R009236,5/2/2021,1120,COD,Delivered
O009237,CUST009238,R009237,9/27/2024,251,Card,Delivered
O009238,CUST009239,R009238,6/21/2021,821,COD,Delivered
O009239,CUST009240,R009239,9/24/2021,1072,Wallet,Delivered
O009240,CUST009241,R009240,5/8/2020,491,COD,Delivered
O009241,CUST009242,R009241,5/3/2025,996,Wallet,Cancelled
O009242,CUST009243,R009242,4/8/2021,1008,COD,Delivered
O009243,CUST009244,R009243,1/1/2023,1578,Wallet,Delivered
O009244,CUST009245,R009244,12/13/2020,1342,COD,Delivered
O009245,CUST009246,R009245,11/9/2025,1003,UPI,Delivered
O009246,CUST009247,R009246,9/12/2025,1764,UPI,Delivered
O009247,CUST009248,R009247,10/14/2020,1562,UPI,Delivered
O009248,CUST009249,R009248,3/5/2024,1390,UPI,Cancelled
O009249,CUST009250,R009249,9/24/2025,736,UPI,Delivered
O009250,CUST009251,R009250,9/24/2019,880,UPI,Delivered
O009251,CUST009252,R009251,1/16/2021,481,Card,Delivered
O009252,CUST009253,R009252,5/18/2023,164,COD,Delivered
O009253,CUST009254,R009253,7/17/2022,598,Card,Delivered
O009254,CUST009255,R009254,1/25/2019,788,Card,Delivered
O009255,CUST009256,R009255,4/2/2021,1636,Card,Delivered
O009256,CUST009257,R009256,4/24/2024,1243,Wallet,Delivered
O009257,CUST009258,R009257,8/7/2023,1970,Card,Delivered
O009258,CUST009259,R009258,4/18/2025,620,Wallet,Delivered
O009259,CUST009260,R009259,1/9/2025,1381,COD,Delivered
O009260,CUST009261,R009260,1/9/2022,289,Wallet,Delivered
O009261,CUST009262,R009261,7/27/2022,1050,UPI,Delivered
O009262,CUST009263,R009262,5/18/2020,1793,UPI,Delivered
O009263,CUST009264,R009263,7/5/2024,1526,UPI,Delivered
O009264,CUST009265,R009264,5/16/2019,525,Wallet,Delivered
O009265,CUST009266,R009265,1/20/2023,1264,COD,Delivered
O009266,CUST009267,R009266,4/21/2020,687,COD,Delivered
O009267,CUST009268,R009267,10/28/2019,1844,Card,Delivered
O009268,CUST009269,R009268,11/20/2024,1680,Card,Cancelled
O009269,CUST009270,R009269,5/24/2024,1287,COD,Delivered
O009270,CUST009271,R009270,7/8/2021,157,COD,Delivered
O009271,CUST009272,R009271,12/19/2021,664,Wallet,Delivered
O009272,CUST009273,R009272,5/9/2023,704,COD,Delivered
O009273,CUST009274,R009273,11/25/2020,824,Wallet,Delivered
O009274,CUST009275,R009274,12/28/2020,1269,Card,Delivered
O009275,CUST009276,R009275,6/7/2021,1453,Wallet,Delivered
O009276,CUST009277,R009276,11/6/2022,1141,Card,Delivered
O009277,CUST009278,R009277,3/20/2021,1153,Wallet,Delivered
O009278,CUST009279,R009278,6/1/2023,881,UPI,Delivered
O009279,CUST009280,R009279,11/16/2020,303,Wallet,Delivered
O009280,CUST009281,R009280,4/9/2019,1503,UPI,Delivered
O009281,CUST009282,R009281,3/15/2021,1470,Card,Delivered
O009282,CUST009283,R009282,12/19/2019,1916,Card,Delivered
O009283,CUST009284,R009283,5/17/2020,1643,Card,Delivered
O009284,CUST009285,R009284,3/14/2023,323,Card,Delivered
O009285,CUST009286,R009285,7/18/2025,364,Card,Delivered
O009286,CUST009287,R009286,12/22/2022,441,Wallet,Delivered
O009287,CUST009288,R009287,6/2/2020,1897,Card,Delivered
O009288,CUST009289,R009288,12/21/2023,1074,Wallet,Delivered
O009289,CUST009290,R009289,10/1/2019,801,COD,Delivered
O009290,CUST009291,R009290,8/2/2021,945,COD,Delivered
O009291,CUST009292,R009291,6/23/2023,497,Wallet,Delivered
O009292,CUST009293,R009292,7/10/2022,1105,Wallet,Delivered
O009293,CUST009294,R009293,8/4/2025,1611,UPI,Delivered
O009294,CUST009295,R009294,6/10/2023,1131,COD,Delivered
O009295,CUST009296,R009295,3/2/2024,1532,Wallet,Delivered
O009296,CUST009297,R009296,1/12/2021,1259,Wallet,Delivered
O009297,CUST009298,R009297,6/18/2020,524,Wallet,Delivered
O009298,CUST009299,R009298,2/7/2024,1454,UPI,Delivered
O009299,CUST009300,R009299,3/10/2019,1574,Wallet,Cancelled
O009300,CUST009301,R009300,3/5/2024,1085,Wallet,Delivered
O009301,CUST009302,R009301,8/9/2023,1640,Wallet,Delivered
O009302,CUST009303,R009302,10/17/2024,1002,Card,Delivered
O009303,CUST009304,R009303,7/18/2025,604,UPI,Delivered
O009304,CUST009305,R009304,10/14/2021,1624,UPI,Delivered
O009305,CUST009306,R009305,12/13/2021,294,Card,Cancelled
O009306,CUST009307,R009306,6/13/2023,800,UPI,Delivered
O009307,CUST009308,R009307,2/4/2019,1331,Card,Delivered
O009308,CUST009309,R009308,9/19/2023,764,COD,Delivered
O009309,CUST009310,R009309,3/28/2020,447,UPI,Delivered
O009310,CUST009311,R009310,4/21/2024,315,COD,Delivered
O009311,CUST009312,R009311,1/1/2024,1071,Card,Delivered
O009312,CUST009313,R009312,6/5/2020,475,COD,Delivered
O009313,CUST009314,R009313,2/28/2021,1236,COD,Delivered
O009314,CUST009315,R009314,4/4/2025,1258,Card,Cancelled
O009315,CUST009316,R009315,12/1/2023,619,UPI,Delivered
O009316,CUST009317,R009316,3/13/2020,220,COD,Delivered
O009317,CUST009318,R009317,4/16/2025,352,Wallet,Delivered
O009318,CUST009319,R009318,8/7/2023,1855,Card,Cancelled
O009319,CUST009320,R009319,5/7/2023,1794,UPI,Delivered
O009320,CUST009321,R009320,8/13/2019,953,UPI,Delivered
O009321,CUST009322,R009321,1/13/2020,554,UPI,Delivered
O009322,CUST009323,R009322,6/23/2022,1120,UPI,Delivered
O009323,CUST009324,R009323,3/15/2024,423,Card,Delivered
O009324,CUST009325,R009324,7/16/2019,1698,UPI,Delivered
O009325,CUST009326,R009325,1/14/2024,1993,COD,Delivered
O009326,CUST009327,R009326,3/25/2023,853,UPI,Delivered
O009327,CUST009328,R009327,5/6/2025,1929,UPI,Delivered
O009328,CUST009329,R009328,8/23/2025,409,Wallet,Delivered
O009329,CUST009330,R009329,7/7/2024,848,COD,Delivered
O009330,CUST009331,R009330,10/25/2019,143,Wallet,Delivered
O009331,CUST009332,R009331,3/2/2023,1899,Wallet,Delivered
O009332,CUST009333,R009332,8/2/2025,992,Card,Delivered
O009333,CUST009334,R009333,1/17/2019,1488,UPI,Delivered
O009334,CUST009335,R009334,6/14/2025,1611,UPI,Cancelled
O009335,CUST009336,R009335,5/13/2024,1164,UPI,Delivered
O009336,CUST009337,R009336,3/17/2022,504,UPI,Delivered
O009337,CUST009338,R009337,2/24/2019,1786,UPI,Delivered
O009338,CUST009339,R009338,5/15/2022,136,COD,Delivered
O009339,CUST009340,R009339,11/25/2019,183,Card,Cancelled
O009340,CUST009341,R009340,7/21/2021,1973,UPI,Delivered
O009341,CUST009342,R009341,10/24/2023,497,Card,Delivered
O009342,CUST009343,R009342,9/28/2022,893,COD,Delivered
O009343,CUST009344,R009343,6/26/2022,615,Wallet,Delivered
O009344,CUST009345,R009344,12/5/2021,626,COD,Delivered
O009345,CUST009346,R009345,7/17/2023,608,Wallet,Delivered
O009346,CUST009347,R009346,4/12/2021,1149,Card,Delivered
O009347,CUST009348,R009347,3/23/2023,1227,Wallet,Delivered
O009348,CUST009349,R009348,1/7/2019,954,Wallet,Delivered
O009349,CUST009350,R009349,7/11/2019,1132,UPI,Delivered
O009350,CUST009351,R009350,3/6/2019,880,UPI,Delivered
O009351,CUST009352,R009351,12/10/2022,1697,UPI,Delivered
O009352,CUST009353,R009352,4/7/2019,1705,Card,Delivered
O009353,CUST009354,R009353,3/18/2025,179,UPI,Delivered
O009354,CUST009355,R009354,6/19/2025,1126,Card,Delivered
O009355,CUST009356,R009355,2/10/2020,553,Card,Cancelled
O009356,CUST009357,R009356,1/20/2023,274,UPI,Delivered
O009357,CUST009358,R009357,7/15/2025,417,Card,Delivered
O009358,CUST009359,R009358,2/12/2025,226,COD,Cancelled
O009359,CUST009360,R009359,4/6/2021,1951,COD,Delivered
O009360,CUST009361,R009360,11/25/2025,887,Wallet,Delivered
O009361,CUST009362,R009361,5/2/2022,570,UPI,Delivered
O009362,CUST009363,R009362,5/23/2019,749,Wallet,Delivered
O009363,CUST009364,R009363,3/28/2019,987,COD,Delivered
O009364,CUST009365,R009364,1/7/2024,424,Card,Delivered
O009365,CUST009366,R009365,4/1/2023,1365,COD,Delivered
O009366,CUST009367,R009366,11/13/2020,1066,Wallet,Delivered
O009367,CUST009368,R009367,4/28/2023,1837,COD,Delivered
O009368,CUST009369,R009368,4/20/2019,735,Card,Delivered
O009369,CUST009370,R009369,7/4/2024,1998,Wallet,Delivered
O009370,CUST009371,R009370,10/5/2024,1173,Wallet,Delivered
O009371,CUST009372,R009371,1/25/2022,937,Card,Delivered
O009372,CUST009373,R009372,4/3/2025,761,Wallet,Delivered
O009373,CUST009374,R009373,3/27/2023,189,COD,Delivered
O009374,CUST009375,R009374,2/13/2021,437,COD,Delivered
O009375,CUST009376,R009375,11/5/2023,1505,Card,Delivered
O009376,CUST009377,R009376,5/11/2024,1698,Card,Delivered
O009377,CUST009378,R009377,9/4/2023,1310,UPI,Cancelled
O009378,CUST009379,R009378,6/12/2022,176,UPI,Delivered
O009379,CUST009380,R009379,1/24/2024,1738,Wallet,Delivered
O009380,CUST009381,R009380,5/20/2022,1453,COD,Delivered
O009381,CUST009382,R009381,8/15/2022,352,Wallet,Delivered
O009382,CUST009383,R009382,5/15/2025,1615,COD,Delivered
O009383,CUST009384,R009383,10/27/2023,961,UPI,Delivered
O009384,CUST009385,R009384,4/20/2024,1614,Card,Delivered
O009385,CUST009386,R009385,8/26/2022,378,Wallet,Delivered
O009386,CUST009387,R009386,11/22/2025,1184,Card,Delivered
O009387,CUST009388,R009387,12/22/2019,1955,Card,Delivered
O009388,CUST009389,R009388,2/28/2025,1295,COD,Cancelled
O009389,CUST009390,R009389,9/6/2023,469,COD,Delivered
O009390,CUST009391,R009390,11/6/2025,927,UPI,Delivered
O009391,CUST009392,R009391,4/27/2022,805,Wallet,Delivered
O009392,CUST009393,R009392,6/5/2024,1354,Wallet,Delivered
O009393,CUST009394,R009393,4/15/2019,1604,Wallet,Delivered
O009394,CUST009395,R009394,4/9/2024,1024,COD,Delivered
O009395,CUST009396,R009395,5/10/2024,1405,Card,Delivered
O009396,CUST009397,R009396,6/22/2025,1589,UPI,Delivered
O009397,CUST009398,R009397,6/1/2019,1405,UPI,Delivered
O009398,CUST009399,R009398,11/21/2024,1939,UPI,Delivered
O009399,CUST009400,R009399,10/16/2025,1812,Wallet,Delivered
O009400,CUST009401,R009400,5/25/2021,1565,Card,Delivered
O009401,CUST009402,R009401,6/23/2022,450,Wallet,Delivered
O009402,CUST009403,R009402,4/24/2019,514,COD,Delivered
O009403,CUST009404,R009403,2/7/2021,1506,COD,Delivered
O009404,CUST009405,R009404,8/27/2019,325,Wallet,Delivered
O009405,CUST009406,R009405,1/6/2022,1398,Wallet,Delivered
O009406,CUST009407,R009406,8/16/2024,934,Wallet,Delivered
O009407,CUST009408,R009407,5/25/2025,1068,Wallet,Delivered
O009408,CUST009409,R009408,9/10/2022,1492,Wallet,Delivered
O009409,CUST009410,R009409,4/15/2025,1633,Card,Delivered
O009410,CUST009411,R009410,4/9/2024,1449,UPI,Delivered
O009411,CUST009412,R009411,11/24/2020,1094,UPI,Delivered
O009412,CUST009413,R009412,7/4/2021,1899,Card,Delivered
O009413,CUST009414,R009413,6/26/2021,243,Wallet,Delivered
O009414,CUST009415,R009414,8/10/2025,1968,COD,Cancelled
O009415,CUST009416,R009415,4/18/2019,305,Card,Cancelled
O009416,CUST009417,R009416,10/1/2023,238,Card,Cancelled
O009417,CUST009418,R009417,5/9/2022,1886,COD,Cancelled
O009418,CUST009419,R009418,2/3/2024,1015,UPI,Delivered
O009419,CUST009420,R009419,6/25/2022,551,UPI,Delivered
O009420,CUST009421,R009420,12/1/2021,684,COD,Delivered
O009421,CUST009422,R009421,2/5/2021,220,Wallet,Delivered
O009422,CUST009423,R009422,5/25/2025,1293,UPI,Delivered
O009423,CUST009424,R009423,4/3/2024,1493,COD,Delivered
O009424,CUST009425,R009424,5/5/2020,884,Wallet,Delivered
O009425,CUST009426,R009425,11/27/2025,1515,UPI,Delivered
O009426,CUST009427,R009426,9/21/2023,1046,COD,Delivered
O009427,CUST009428,R009427,6/25/2025,1628,Card,Delivered
O009428,CUST009429,R009428,11/12/2021,1822,Wallet,Delivered
O009429,CUST009430,R009429,5/13/2025,1756,Card,Delivered
O009430,CUST009431,R009430,7/11/2024,1503,UPI,Delivered
O009431,CUST009432,R009431,9/26/2024,1687,UPI,Delivered
O009432,CUST009433,R009432,2/19/2024,204,Wallet,Cancelled
O009433,CUST009434,R009433,4/24/2024,966,Wallet,Delivered
O009434,CUST009435,R009434,7/15/2021,1738,Card,Delivered
O009435,CUST009436,R009435,5/19/2025,1860,UPI,Delivered
O009436,CUST009437,R009436,7/26/2019,1737,UPI,Delivered
O009437,CUST009438,R009437,8/21/2019,1974,COD,Delivered
O009438,CUST009439,R009438,4/17/2024,705,UPI,Delivered
O009439,CUST009440,R009439,10/24/2025,235,COD,Delivered
O009440,CUST009441,R009440,10/23/2019,816,COD,Delivered
O009441,CUST009442,R009441,2/1/2022,165,Card,Delivered
O009442,CUST009443,R009442,4/1/2024,1119,UPI,Delivered
O009443,CUST009444,R009443,10/27/2020,1183,Card,Delivered
O009444,CUST009445,R009444,6/1/2021,1049,COD,Delivered
O009445,CUST009446,R009445,5/8/2024,1294,Wallet,Delivered
O009446,CUST009447,R009446,3/12/2023,1211,Card,Cancelled
O009447,CUST009448,R009447,3/5/2025,926,UPI,Delivered
O009448,CUST009449,R009448,5/7/2024,1481,Wallet,Cancelled
O009449,CUST009450,R009449,5/4/2025,1353,UPI,Delivered
O009450,CUST009451,R009450,5/24/2021,1635,Wallet,Delivered
O009451,CUST009452,R009451,3/12/2024,1507,UPI,Delivered
O009452,CUST009453,R009452,6/18/2020,1751,Card,Delivered
O009453,CUST009454,R009453,8/18/2024,400,Card,Delivered
O009454,CUST009455,R009454,8/10/2022,1683,UPI,Delivered
O009455,CUST009456,R009455,11/24/2024,779,Card,Delivered
O009456,CUST009457,R009456,11/24/2022,1810,UPI,Delivered
O009457,CUST009458,R009457,10/23/2025,666,COD,Delivered
O009458,CUST009459,R009458,11/23/2019,1923,COD,Delivered
O009459,CUST009460,R009459,8/22/2021,827,COD,Delivered
O009460,CUST009461,R009460,1/7/2020,586,COD,Cancelled
O009461,CUST009462,R009461,9/1/2021,208,COD,Delivered
O009462,CUST009463,R009462,1/26/2020,1144,Wallet,Cancelled
O009463,CUST009464,R009463,5/18/2021,362,Wallet,Delivered
O009464,CUST009465,R009464,4/22/2024,1161,Wallet,Delivered
O009465,CUST009466,R009465,3/15/2024,1411,COD,Delivered
O009466,CUST009467,R009466,3/12/2019,1029,Wallet,Delivered
O009467,CUST009468,R009467,12/7/2022,1299,Wallet,Delivered
O009468,CUST009469,R009468,7/19/2019,1407,COD,Delivered
O009469,CUST009470,R009469,3/6/2023,1470,Card,Cancelled
O009470,CUST009471,R009470,12/25/2020,710,UPI,Delivered
O009471,CUST009472,R009471,10/17/2019,1444,Wallet,Delivered
O009472,CUST009473,R009472,12/22/2019,871,COD,Delivered
O009473,CUST009474,R009473,1/8/2020,1816,COD,Delivered
O009474,CUST009475,R009474,6/18/2024,297,COD,Delivered
O009475,CUST009476,R009475,9/27/2023,1189,COD,Delivered
O009476,CUST009477,R009476,7/11/2025,833,Wallet,Delivered
O009477,CUST009478,R009477,5/22/2024,1205,Wallet,Delivered
O009478,CUST009479,R009478,2/16/2021,567,COD,Delivered
O009479,CUST009480,R009479,4/28/2020,1117,UPI,Delivered
O009480,CUST009481,R009480,10/14/2019,1522,COD,Delivered
O009481,CUST009482,R009481,5/6/2024,1451,Card,Delivered
O009482,CUST009483,R009482,7/6/2021,1690,UPI,Delivered
O009483,CUST009484,R009483,4/26/2023,1382,Wallet,Delivered
O009484,CUST009485,R009484,12/5/2022,1103,COD,Delivered
O009485,CUST009486,R009485,2/19/2025,487,Wallet,Delivered
O009486,CUST009487,R009486,7/17/2020,1924,COD,Delivered
O009487,CUST009488,R009487,10/14/2024,1814,Card,Delivered
O009488,CUST009489,R009488,12/22/2025,1860,Card,Delivered
O009489,CUST009490,R009489,9/20/2020,1827,Wallet,Delivered
O009490,CUST009491,R009490,7/24/2019,822,Card,Delivered
O009491,CUST009492,R009491,11/26/2020,358,COD,Delivered
O009492,CUST009493,R009492,12/23/2022,733,Wallet,Delivered
O009493,CUST009494,R009493,9/9/2023,293,Card,Delivered
O009494,CUST009495,R009494,11/21/2025,1068,UPI,Delivered
O009495,CUST009496,R009495,7/1/2021,1306,COD,Delivered
O009496,CUST009497,R009496,2/10/2023,1484,COD,Delivered
O009497,CUST009498,R009497,12/28/2019,720,UPI,Delivered
O009498,CUST009499,R009498,5/14/2020,1160,Wallet,Delivered
O009499,CUST009500,R009499,6/12/2020,1541,Card,Delivered
O009500,CUST009501,R009500,12/16/2019,1604,COD,Delivered
O009501,CUST009502,R009501,9/3/2025,1476,Card,Delivered
O009502,CUST009503,R009502,12/15/2022,1488,UPI,Delivered
O009503,CUST009504,R009503,11/21/2019,1494,Wallet,Delivered
O009504,CUST009505,R009504,7/20/2021,1875,Card,Delivered
O009505,CUST009506,R009505,9/20/2019,109,UPI,Delivered
O009506,CUST009507,R009506,1/15/2019,162,UPI,Delivered
O009507,CUST009508,R009507,4/12/2021,488,Card,Delivered
O009508,CUST009509,R009508,1/20/2025,1694,Card,Delivered
O009509,CUST009510,R009509,4/1/2022,1035,COD,Delivered
O009510,CUST009511,R009510,12/26/2023,1998,Card,Delivered
O009511,CUST009512,R009511,1/20/2020,711,Card,Delivered
O009512,CUST009513,R009512,8/3/2024,966,COD,Delivered
O009513,CUST009514,R009513,3/7/2025,1993,COD,Cancelled
O009514,CUST009515,R009514,8/25/2022,853,Wallet,Cancelled
O009515,CUST009516,R009515,10/6/2024,864,COD,Delivered
O009516,CUST009517,R009516,10/27/2021,1297,Wallet,Delivered
O009517,CUST009518,R009517,10/11/2022,1295,COD,Delivered
O009518,CUST009519,R009518,3/10/2023,913,Wallet,Delivered
O009519,CUST009520,R009519,1/9/2025,1679,UPI,Delivered
O009520,CUST009521,R009520,5/13/2022,1482,UPI,Cancelled
O009521,CUST009522,R009521,10/1/2020,1354,UPI,Delivered
O009522,CUST009523,R009522,12/23/2024,695,Wallet,Delivered
O009523,CUST009524,R009523,4/23/2023,725,UPI,Delivered
O009524,CUST009525,R009524,9/14/2022,326,Card,Delivered
O009525,CUST009526,R009525,10/18/2020,1594,Card,Delivered
O009526,CUST009527,R009526,3/17/2025,244,Card,Delivered
O009527,CUST009528,R009527,8/19/2022,644,Card,Delivered
O009528,CUST009529,R009528,6/28/2019,1486,Card,Delivered
O009529,CUST009530,R009529,2/21/2025,1088,Wallet,Delivered
O009530,CUST009531,R009530,12/13/2024,1924,Card,Delivered
O009531,CUST009532,R009531,8/20/2021,573,Wallet,Delivered
O009532,CUST009533,R009532,1/6/2020,1295,COD,Cancelled
O009533,CUST009534,R009533,4/7/2024,209,COD,Delivered
O009534,CUST009535,R009534,10/26/2022,971,Wallet,Delivered
O009535,CUST009536,R009535,7/18/2024,1324,Wallet,Delivered
O009536,CUST009537,R009536,10/4/2023,876,Wallet,Delivered
O009537,CUST009538,R009537,1/9/2019,1844,COD,Delivered
O009538,CUST009539,R009538,6/12/2022,688,Card,Delivered
O009539,CUST009540,R009539,3/11/2025,288,COD,Delivered
O009540,CUST009541,R009540,5/21/2024,1743,Card,Delivered
O009541,CUST009542,R009541,9/18/2024,1574,Card,Cancelled
O009542,CUST009543,R009542,6/22/2023,1133,Card,Delivered
O009543,CUST009544,R009543,6/6/2020,1968,Card,Delivered
O009544,CUST009545,R009544,12/21/2019,621,Wallet,Delivered
O009545,CUST009546,R009545,9/8/2020,493,COD,Delivered
O009546,CUST009547,R009546,6/23/2020,745,COD,Delivered
O009547,CUST009548,R009547,7/27/2025,1189,COD,Delivered
O009548,CUST009549,R009548,9/5/2020,1367,Wallet,Delivered
O009549,CUST009550,R009549,11/5/2025,1094,UPI,Delivered
O009550,CUST009551,R009550,6/17/2024,1043,COD,Delivered
O009551,CUST009552,R009551,11/28/2024,732,Wallet,Delivered
O009552,CUST009553,R009552,12/14/2023,1804,Wallet,Delivered
O009553,CUST009554,R009553,3/9/2022,1359,UPI,Delivered
O009554,CUST009555,R009554,12/13/2019,1191,UPI,Delivered
O009555,CUST009556,R009555,6/16/2023,1805,Card,Delivered
O009556,CUST009557,R009556,12/15/2020,1743,Card,Delivered
O009557,CUST009558,R009557,4/15/2023,238,UPI,Cancelled
O009558,CUST009559,R009558,2/17/2020,285,Card,Delivered
O009559,CUST009560,R009559,1/18/2020,405,Wallet,Delivered
O009560,CUST009561,R009560,8/28/2019,1855,Card,Delivered
O009561,CUST009562,R009561,11/20/2024,983,COD,Delivered
O009562,CUST009563,R009562,7/27/2020,711,COD,Delivered
O009563,CUST009564,R009563,9/1/2022,659,COD,Delivered
O009564,CUST009565,R009564,3/23/2025,391,Wallet,Delivered
O009565,CUST009566,R009565,11/9/2025,706,COD,Cancelled
O009566,CUST009567,R009566,11/3/2024,1468,UPI,Delivered
O009567,CUST009568,R009567,11/8/2019,982,COD,Delivered
O009568,CUST009569,R009568,7/26/2023,1421,UPI,Delivered
O009569,CUST009570,R009569,11/10/2024,1403,COD,Delivered
O009570,CUST009571,R009570,11/19/2025,867,UPI,Delivered
O009571,CUST009572,R009571,2/11/2020,1802,Card,Delivered
O009572,CUST009573,R009572,2/15/2022,1922,Wallet,Cancelled
O009573,CUST009574,R009573,5/10/2021,1471,Wallet,Delivered
O009574,CUST009575,R009574,7/14/2019,216,Wallet,Delivered
O009575,CUST009576,R009575,6/22/2020,912,UPI,Delivered
O009576,CUST009577,R009576,8/17/2021,518,UPI,Delivered
O009577,CUST009578,R009577,10/11/2019,1481,Wallet,Delivered
O009578,CUST009579,R009578,3/12/2022,1840,Card,Delivered
O009579,CUST009580,R009579,1/11/2021,656,UPI,Delivered
O009580,CUST009581,R009580,5/3/2025,1182,UPI,Delivered
O009581,CUST009582,R009581,12/17/2019,609,COD,Delivered
O009582,CUST009583,R009582,11/26/2023,592,UPI,Delivered
O009583,CUST009584,R009583,7/23/2020,2000,COD,Delivered
O009584,CUST009585,R009584,2/27/2019,990,Card,Delivered
O009585,CUST009586,R009585,9/3/2023,396,COD,Delivered
O009586,CUST009587,R009586,4/26/2020,1152,Wallet,Delivered
O009587,CUST009588,R009587,6/3/2023,1211,COD,Delivered
O009588,CUST009589,R009588,11/25/2024,571,UPI,Delivered
O009589,CUST009590,R009589,12/11/2025,135,COD,Delivered
O009590,CUST009591,R009590,5/15/2021,209,COD,Delivered
O009591,CUST009592,R009591,3/7/2022,1456,UPI,Cancelled
O009592,CUST009593,R009592,4/6/2023,1322,UPI,Delivered
O009593,CUST009594,R009593,7/12/2020,842,UPI,Delivered
O009594,CUST009595,R009594,8/11/2020,401,Wallet,Delivered
O009595,CUST009596,R009595,10/20/2023,1221,Wallet,Cancelled
O009596,CUST009597,R009596,3/17/2022,316,Card,Delivered
O009597,CUST009598,R009597,8/22/2021,1662,UPI,Delivered
O009598,CUST009599,R009598,3/12/2023,1914,COD,Delivered
O009599,CUST009600,R009599,8/22/2020,768,UPI,Delivered
O009600,CUST009601,R009600,2/28/2021,1838,UPI,Delivered
O009601,CUST009602,R009601,7/22/2021,187,Wallet,Delivered
O009602,CUST009603,R009602,3/6/2020,807,COD,Delivered
O009603,CUST009604,R009603,3/24/2019,1901,COD,Delivered
O009604,CUST009605,R009604,11/1/2024,1072,COD,Delivered
O009605,CUST009606,R009605,8/1/2019,415,Wallet,Cancelled
O009606,CUST009607,R009606,10/7/2022,950,Wallet,Delivered
O009607,CUST009608,R009607,3/6/2020,1072,UPI,Delivered
O009608,CUST009609,R009608,9/4/2023,842,UPI,Delivered
O009609,CUST009610,R009609,7/12/2019,361,UPI,Delivered
O009610,CUST009611,R009610,4/22/2019,1707,UPI,Cancelled
O009611,CUST009612,R009611,6/13/2019,100,COD,Delivered
O009612,CUST009613,R009612,1/23/2025,1867,Card,Delivered
O009613,CUST009614,R009613,5/15/2021,1882,UPI,Delivered
O009614,CUST009615,R009614,12/23/2019,407,Card,Delivered
O009615,CUST009616,R009615,9/22/2021,851,COD,Delivered
O009616,CUST009617,R009616,2/25/2024,578,COD,Delivered
O009617,CUST009618,R009617,4/4/2024,227,COD,Delivered
O009618,CUST009619,R009618,10/16/2023,460,COD,Delivered
O009619,CUST009620,R009619,11/10/2025,994,Card,Delivered
O009620,CUST009621,R009620,5/22/2024,1116,Wallet,Delivered
O009621,CUST009622,R009621,4/6/2023,930,Wallet,Delivered
O009622,CUST009623,R009622,11/12/2024,990,UPI,Delivered
O009623,CUST009624,R009623,2/4/2024,800,Wallet,Delivered
O009624,CUST009625,R009624,2/8/2021,1612,Wallet,Delivered
O009625,CUST009626,R009625,10/5/2020,1658,UPI,Delivered
O009626,CUST009627,R009626,8/10/2023,133,Wallet,Delivered
O009627,CUST009628,R009627,11/17/2025,1035,Card,Delivered
O009628,CUST009629,R009628,3/9/2023,467,Card,Cancelled
O009629,CUST009630,R009629,1/20/2019,194,Wallet,Delivered
O009630,CUST009631,R009630,5/14/2024,1789,Card,Delivered
O009631,CUST009632,R009631,9/11/2023,120,COD,Delivered
O009632,CUST009633,R009632,7/5/2020,1796,Card,Delivered
O009633,CUST009634,R009633,4/23/2021,732,COD,Cancelled
O009634,CUST009635,R009634,12/28/2025,721,UPI,Cancelled
O009635,CUST009636,R009635,4/22/2022,650,Wallet,Delivered
O009636,CUST009637,R009636,10/26/2019,843,Card,Delivered
O009637,CUST009638,R009637,11/5/2025,339,Wallet,Cancelled
O009638,CUST009639,R009638,6/27/2022,1275,UPI,Delivered
O009639,CUST009640,R009639,1/7/2023,1651,Card,Delivered
O009640,CUST009641,R009640,12/27/2019,700,UPI,Delivered
O009641,CUST009642,R009641,7/3/2019,1461,COD,Delivered
O009642,CUST009643,R009642,9/14/2021,823,COD,Delivered
O009643,CUST009644,R009643,11/16/2024,774,COD,Delivered
O009644,CUST009645,R009644,12/6/2024,831,Card,Delivered
O009645,CUST009646,R009645,3/3/2021,650,Wallet,Delivered
O009646,CUST009647,R009646,4/26/2019,1936,COD,Cancelled
O009647,CUST009648,R009647,6/10/2021,544,COD,Delivered
O009648,CUST009649,R009648,11/7/2021,1361,Card,Delivered
O009649,CUST009650,R009649,3/9/2020,1598,Card,Cancelled
O009650,CUST009651,R009650,11/2/2022,1095,UPI,Delivered
O009651,CUST009652,R009651,12/10/2019,1987,UPI,Cancelled
O009652,CUST009653,R009652,3/18/2022,1647,Wallet,Delivered
O009653,CUST009654,R009653,4/16/2019,1411,Card,Delivered
O009654,CUST009655,R009654,5/14/2025,316,UPI,Delivered
O009655,CUST009656,R009655,5/14/2024,1535,Card,Delivered
O009656,CUST009657,R009656,1/26/2023,875,UPI,Delivered
O009657,CUST009658,R009657,3/19/2025,1459,UPI,Delivered
O009658,CUST009659,R009658,11/25/2023,267,COD,Delivered
O009659,CUST009660,R009659,11/21/2019,707,Card,Delivered
O009660,CUST009661,R009660,12/20/2022,159,Card,Delivered
O009661,CUST009662,R009661,10/2/2023,1151,COD,Delivered
O009662,CUST009663,R009662,11/4/2022,326,COD,Delivered
O009663,CUST009664,R009663,12/4/2022,886,Wallet,Delivered
O009664,CUST009665,R009664,6/25/2020,757,Wallet,Delivered
O009665,CUST009666,R009665,5/27/2024,1263,Wallet,Cancelled
O009666,CUST009667,R009666,4/13/2021,1520,Wallet,Delivered
O009667,CUST009668,R009667,4/8/2025,945,COD,Delivered
O009668,CUST009669,R009668,8/9/2019,1194,UPI,Delivered
O009669,CUST009670,R009669,5/21/2020,1547,Wallet,Cancelled
O009670,CUST009671,R009670,9/28/2019,1251,UPI,Delivered
O009671,CUST009672,R009671,11/19/2023,1785,UPI,Delivered
O009672,CUST009673,R009672,7/15/2021,1706,COD,Delivered
O009673,CUST009674,R009673,5/22/2019,1720,UPI,Delivered
O009674,CUST009675,R009674,6/24/2025,1780,Card,Delivered
O009675,CUST009676,R009675,1/15/2020,1844,Card,Delivered
O009676,CUST009677,R009676,8/27/2024,929,COD,Cancelled
O009677,CUST009678,R009677,10/19/2019,373,Wallet,Delivered
O009678,CUST009679,R009678,8/22/2019,1352,Wallet,Delivered
O009679,CUST009680,R009679,4/7/2021,849,Wallet,Delivered
O009680,CUST009681,R009680,6/24/2021,988,COD,Delivered
O009681,CUST009682,R009681,9/10/2025,1413,Wallet,Delivered
O009682,CUST009683,R009682,2/9/2023,1592,Card,Delivered
O009683,CUST009684,R009683,11/8/2022,1339,UPI,Cancelled
O009684,CUST009685,R009684,8/23/2021,939,UPI,Delivered
O009685,CUST009686,R009685,5/3/2019,1750,Card,Delivered
O009686,CUST009687,R009686,2/25/2024,355,Wallet,Delivered
O009687,CUST009688,R009687,7/12/2019,1868,COD,Delivered
O009688,CUST009689,R009688,5/16/2025,1925,Card,Delivered
O009689,CUST009690,R009689,8/27/2024,1985,Card,Delivered
O009690,CUST009691,R009690,12/7/2022,1796,COD,Cancelled
O009691,CUST009692,R009691,4/23/2022,968,UPI,Delivered
O009692,CUST009693,R009692,1/23/2024,508,Wallet,Delivered
O009693,CUST009694,R009693,3/27/2023,604,Card,Delivered
O009694,CUST009695,R009694,5/4/2020,141,COD,Delivered
O009695,CUST009696,R009695,12/23/2022,1208,UPI,Delivered
O009696,CUST009697,R009696,2/3/2024,1446,Card,Delivered
O009697,CUST009698,R009697,5/5/2023,599,Wallet,Delivered
O009698,CUST009699,R009698,1/25/2021,1367,UPI,Delivered
O009699,CUST009700,R009699,2/19/2023,1158,COD,Delivered
O009700,CUST009701,R009700,3/7/2021,1484,Card,Delivered
O009701,CUST009702,R009701,5/11/2022,1716,COD,Delivered
O009702,CUST009703,R009702,7/11/2024,1645,Card,Delivered
O009703,CUST009704,R009703,6/9/2022,1412,UPI,Delivered
O009704,CUST009705,R009704,5/20/2024,1601,Wallet,Delivered
O009705,CUST009706,R009705,5/18/2021,125,Wallet,Delivered
O009706,CUST009707,R009706,6/22/2025,756,Wallet,Cancelled
O009707,CUST009708,R009707,2/13/2025,1658,Card,Delivered
O009708,CUST009709,R009708,8/18/2024,301,Card,Delivered
O009709,CUST009710,R009709,12/25/2022,173,Card,Delivered
O009710,CUST009711,R009710,12/27/2025,391,COD,Cancelled
O009711,CUST009712,R009711,8/20/2021,1027,Card,Delivered
O009712,CUST009713,R009712,8/1/2024,774,Card,Delivered
O009713,CUST009714,R009713,11/1/2025,672,Card,Delivered
O009714,CUST009715,R009714,4/27/2021,1917,Card,Delivered
O009715,CUST009716,R009715,5/28/2021,834,UPI,Delivered
O009716,CUST009717,R009716,1/25/2021,816,Card,Delivered
O009717,CUST009718,R009717,10/23/2023,964,COD,Delivered
O009718,CUST009719,R009718,5/6/2020,1215,Wallet,Delivered
O009719,CUST009720,R009719,9/10/2022,1131,Card,Delivered
O009720,CUST009721,R009720,9/2/2024,884,UPI,Delivered
O009721,CUST009722,R009721,4/6/2025,1434,Wallet,Delivered
O009722,CUST009723,R009722,2/3/2019,1263,UPI,Delivered
O009723,CUST009724,R009723,10/22/2022,1480,Wallet,Delivered
O009724,CUST009725,R009724,12/11/2020,1227,UPI,Delivered
O009725,CUST009726,R009725,5/17/2023,1907,Card,Delivered
O009726,CUST009727,R009726,11/17/2023,257,Card,Delivered
O009727,CUST009728,R009727,2/8/2019,1534,UPI,Delivered
O009728,CUST009729,R009728,1/22/2023,624,Card,Delivered
O009729,CUST009730,R009729,5/20/2025,1444,UPI,Delivered
O009730,CUST009731,R009730,1/18/2025,625,Card,Delivered
O009731,CUST009732,R009731,3/21/2019,1843,COD,Delivered
O009732,CUST009733,R009732,3/20/2022,747,COD,Delivered
O009733,CUST009734,R009733,11/5/2021,501,Card,Delivered
O009734,CUST009735,R009734,7/1/2020,162,COD,Delivered
O009735,CUST009736,R009735,8/26/2019,923,Wallet,Cancelled
O009736,CUST009737,R009736,6/17/2024,212,COD,Delivered
O009737,CUST009738,R009737,2/20/2022,1018,Wallet,Delivered
O009738,CUST009739,R009738,1/12/2025,1524,COD,Delivered
O009739,CUST009740,R009739,5/12/2023,929,UPI,Delivered
O009740,CUST009741,R009740,2/5/2021,1193,Wallet,Cancelled
O009741,CUST009742,R009741,10/16/2021,1252,Card,Delivered
O009742,CUST009743,R009742,3/3/2025,1061,UPI,Delivered
O009743,CUST009744,R009743,7/19/2025,241,Wallet,Delivered
O009744,CUST009745,R009744,6/15/2021,1503,COD,Delivered
O009745,CUST009746,R009745,7/14/2019,363,Card,Delivered
O009746,CUST009747,R009746,7/28/2023,1304,Card,Delivered
O009747,CUST009748,R009747,4/10/2025,206,COD,Delivered
O009748,CUST009749,R009748,4/20/2021,1141,Card,Delivered
O009749,CUST009750,R009749,11/5/2022,791,COD,Delivered
O009750,CUST009751,R009750,6/21/2020,1062,Wallet,Delivered
O009751,CUST009752,R009751,2/15/2021,679,COD,Delivered
O009752,CUST009753,R009752,7/27/2020,967,UPI,Delivered
O009753,CUST009754,R009753,4/14/2021,1237,COD,Delivered
O009754,CUST009755,R009754,7/5/2024,1341,Card,Cancelled
O009755,CUST009756,R009755,11/4/2021,1280,UPI,Delivered
O009756,CUST009757,R009756,11/20/2023,1296,Wallet,Delivered
O009757,CUST009758,R009757,11/3/2024,1024,COD,Delivered
O009758,CUST009759,R009758,7/15/2024,452,Wallet,Delivered
O009759,CUST009760,R009759,12/15/2024,1883,UPI,Delivered
O009760,CUST009761,R009760,1/13/2023,1723,Card,Delivered
O009761,CUST009762,R009761,5/21/2021,1769,Card,Delivered
O009762,CUST009763,R009762,5/19/2023,408,Wallet,Delivered
O009763,CUST009764,R009763,7/23/2020,722,Card,Delivered
O009764,CUST009765,R009764,8/24/2021,469,Card,Delivered
O009765,CUST009766,R009765,11/21/2023,584,Wallet,Delivered
O009766,CUST009767,R009766,12/8/2023,139,Card,Cancelled
O009767,CUST009768,R009767,7/27/2024,957,UPI,Delivered
O009768,CUST009769,R009768,2/27/2023,944,COD,Delivered
O009769,CUST009770,R009769,6/4/2025,1340,COD,Delivered
O009770,CUST009771,R009770,7/25/2019,641,UPI,Delivered
O009771,CUST009772,R009771,11/12/2024,1080,COD,Delivered
O009772,CUST009773,R009772,3/10/2019,1499,Card,Delivered
O009773,CUST009774,R009773,3/18/2024,1383,COD,Delivered
O009774,CUST009775,R009774,10/2/2021,1386,UPI,Delivered
O009775,CUST009776,R009775,5/14/2023,1403,UPI,Cancelled
O009776,CUST009777,R009776,3/17/2022,1350,UPI,Delivered
O009777,CUST009778,R009777,7/19/2025,129,Card,Cancelled
O009778,CUST009779,R009778,12/18/2025,244,UPI,Delivered
O009779,CUST009780,R009779,9/17/2021,247,UPI,Delivered
O009780,CUST009781,R009780,1/14/2019,573,Card,Delivered
O009781,CUST009782,R009781,6/21/2020,1573,Card,Delivered
O009782,CUST009783,R009782,9/27/2020,761,COD,Delivered
O009783,CUST009784,R009783,1/27/2019,1918,Card,Delivered
O009784,CUST009785,R009784,3/18/2019,625,Card,Delivered
O009785,CUST009786,R009785,6/1/2025,875,COD,Delivered
O009786,CUST009787,R009786,9/9/2021,1946,Card,Delivered
O009787,CUST009788,R009787,4/21/2023,806,Wallet,Delivered
O009788,CUST009789,R009788,11/5/2020,778,COD,Delivered
O009789,CUST009790,R009789,2/26/2024,1218,Wallet,Delivered
O009790,CUST009791,R009790,1/10/2022,1407,COD,Delivered
O009791,CUST009792,R009791,5/10/2020,633,Wallet,Delivered
O009792,CUST009793,R009792,4/8/2025,1568,UPI,Delivered
O009793,CUST009794,R009793,10/12/2025,1327,UPI,Cancelled
O009794,CUST009795,R009794,10/27/2022,950,UPI,Delivered
O009795,CUST009796,R009795,7/18/2022,552,Wallet,Delivered
O009796,CUST009797,R009796,2/19/2023,688,UPI,Delivered
O009797,CUST009798,R009797,7/12/2023,285,UPI,Delivered
O009798,CUST009799,R009798,12/16/2019,1504,Card,Delivered
O009799,CUST009800,R009799,7/18/2019,153,Card,Delivered
O009800,CUST009801,R009800,4/18/2025,428,UPI,Delivered
O009801,CUST009802,R009801,10/28/2024,1450,Card,Delivered
O009802,CUST009803,R009802,10/20/2019,1009,Wallet,Delivered
O009803,CUST009804,R009803,7/12/2022,135,Card,Delivered
O009804,CUST009805,R009804,11/19/2020,423,COD,Delivered
O009805,CUST009806,R009805,8/3/2023,1184,Card,Cancelled
O009806,CUST009807,R009806,1/7/2020,2000,Wallet,Delivered
O009807,CUST009808,R009807,2/24/2022,566,Wallet,Delivered
O009808,CUST009809,R009808,3/12/2024,1179,Wallet,Cancelled
O009809,CUST009810,R009809,8/2/2019,732,Wallet,Delivered
O009810,CUST009811,R009810,10/7/2025,1803,COD,Cancelled
O009811,CUST009812,R009811,11/10/2019,1164,UPI,Delivered
O009812,CUST009813,R009812,3/13/2021,1670,Card,Delivered
O009813,CUST009814,R009813,1/19/2021,1230,UPI,Delivered
O009814,CUST009815,R009814,4/9/2024,1067,UPI,Delivered
O009815,CUST009816,R009815,5/15/2019,669,Card,Delivered
O009816,CUST009817,R009816,1/26/2023,1689,Card,Delivered
O009817,CUST009818,R009817,3/13/2024,467,Wallet,Delivered
O009818,CUST009819,R009818,5/6/2021,340,Card,Delivered
O009819,CUST009820,R009819,7/22/2021,634,COD,Delivered
O009820,CUST009821,R009820,2/25/2020,653,Card,Delivered
O009821,CUST009822,R009821,8/27/2020,1224,Wallet,Delivered
O009822,CUST009823,R009822,1/3/2023,951,UPI,Delivered
O009823,CUST009824,R009823,12/15/2021,958,COD,Delivered
O009824,CUST009825,R009824,9/26/2022,684,UPI,Cancelled
O009825,CUST009826,R009825,10/14/2021,1757,Wallet,Delivered
O009826,CUST009827,R009826,3/6/2025,1275,UPI,Delivered
O009827,CUST009828,R009827,5/12/2020,1112,UPI,Delivered
O009828,CUST009829,R009828,9/16/2024,1724,Card,Delivered
O009829,CUST009830,R009829,6/15/2021,324,UPI,Delivered
O009830,CUST009831,R009830,7/14/2022,128,UPI,Cancelled
O009831,CUST009832,R009831,2/16/2020,130,Card,Delivered
O009832,CUST009833,R009832,2/16/2023,255,COD,Delivered
O009833,CUST009834,R009833,12/27/2024,1456,Card,Delivered
O009834,CUST009835,R009834,11/22/2022,884,COD,Delivered
O009835,CUST009836,R009835,12/25/2023,568,COD,Delivered
O009836,CUST009837,R009836,11/27/2021,574,Card,Delivered
O009837,CUST009838,R009837,6/20/2021,301,Wallet,Delivered
O009838,CUST009839,R009838,11/11/2023,485,COD,Cancelled
O009839,CUST009840,R009839,10/1/2024,1426,Wallet,Delivered
O009840,CUST009841,R009840,1/6/2022,902,COD,Delivered
O009841,CUST009842,R009841,11/25/2019,1341,UPI,Delivered
O009842,CUST009843,R009842,2/9/2023,1319,COD,Delivered
O009843,CUST009844,R009843,8/16/2022,756,Wallet,Delivered
O009844,CUST009845,R009844,5/11/2021,1691,UPI,Delivered
O009845,CUST009846,R009845,11/13/2020,1773,Wallet,Cancelled
O009846,CUST009847,R009846,6/8/2024,1073,UPI,Delivered
O009847,CUST009848,R009847,9/9/2021,501,Wallet,Delivered
O009848,CUST009849,R009848,3/20/2025,1234,Card,Delivered
O009849,CUST009850,R009849,3/21/2025,661,Card,Cancelled
O009850,CUST009851,R009850,2/15/2023,1819,Wallet,Delivered
O009851,CUST009852,R009851,8/20/2021,1749,Card,Delivered
O009852,CUST009853,R009852,6/24/2019,614,UPI,Delivered
O009853,CUST009854,R009853,4/1/2021,1146,UPI,Delivered
O009854,CUST009855,R009854,3/16/2025,530,COD,Delivered
O009855,CUST009856,R009855,6/25/2020,507,UPI,Delivered
O009856,CUST009857,R009856,10/22/2019,1845,COD,Delivered
O009857,CUST009858,R009857,1/27/2022,879,Card,Delivered
O009858,CUST009859,R009858,6/2/2019,117,COD,Delivered
O009859,CUST009860,R009859,9/24/2021,753,Wallet,Delivered
O009860,CUST009861,R009860,8/25/2020,1066,COD,Delivered
O009861,CUST009862,R009861,9/23/2024,422,Wallet,Delivered
O009862,CUST009863,R009862,9/10/2024,1926,Card,Cancelled
O009863,CUST009864,R009863,6/11/2020,162,COD,Delivered
O009864,CUST009865,R009864,8/8/2020,1370,UPI,Delivered
O009865,CUST009866,R009865,12/4/2020,1242,UPI,Delivered
O009866,CUST009867,R009866,9/11/2021,763,Wallet,Delivered
O009867,CUST009868,R009867,10/11/2025,190,UPI,Delivered
O009868,CUST009869,R009868,1/19/2022,1178,Wallet,Cancelled
O009869,CUST009870,R009869,7/16/2025,226,Card,Delivered
O009870,CUST009871,R009870,9/21/2024,1508,UPI,Delivered
O009871,CUST009872,R009871,3/11/2024,1808,Card,Delivered
O009872,CUST009873,R009872,12/19/2023,412,UPI,Delivered
O009873,CUST009874,R009873,6/27/2024,1695,Card,Delivered
O009874,CUST009875,R009874,9/20/2019,1940,Wallet,Delivered
O009875,CUST009876,R009875,9/4/2023,653,COD,Delivered
O009876,CUST009877,R009876,5/23/2020,1679,Card,Delivered
O009877,CUST009878,R009877,7/3/2024,1030,COD,Delivered
O009878,CUST009879,R009878,8/26/2022,336,Wallet,Delivered
O009879,CUST009880,R009879,9/5/2021,870,Wallet,Delivered
O009880,CUST009881,R009880,6/5/2020,987,Wallet,Delivered
O009881,CUST009882,R009881,10/1/2024,795,COD,Delivered
O009882,CUST009883,R009882,10/11/2020,1788,COD,Delivered
O009883,CUST009884,R009883,1/15/2024,1125,Wallet,Cancelled
O009884,CUST009885,R009884,11/6/2019,1424,Card,Delivered
O009885,CUST009886,R009885,4/16/2025,1041,Card,Delivered
O009886,CUST009887,R009886,7/9/2024,1783,UPI,Delivered
O009887,CUST009888,R009887,9/15/2019,127,Card,Delivered
O009888,CUST009889,R009888,11/20/2020,696,COD,Delivered
O009889,CUST009890,R009889,5/23/2020,679,Card,Delivered
O009890,CUST009891,R009890,11/4/2021,186,COD,Delivered
O009891,CUST009892,R009891,9/15/2023,424,Wallet,Delivered
O009892,CUST009893,R009892,6/8/2019,914,Card,Delivered
O009893,CUST009894,R009893,4/21/2025,1031,Wallet,Delivered
O009894,CUST009895,R009894,7/4/2022,840,COD,Delivered
O009895,CUST009896,R009895,6/12/2023,943,UPI,Delivered
O009896,CUST009897,R009896,10/3/2020,1217,Wallet,Delivered
O009897,CUST009898,R009897,12/6/2019,1468,COD,Delivered
O009898,CUST009899,R009898,6/4/2021,1260,UPI,Delivered
O009899,CUST009900,R009899,3/9/2020,1891,Wallet,Delivered
O009900,CUST009901,R009900,8/16/2024,929,UPI,Delivered
O009901,CUST009902,R009901,3/15/2025,356,Card,Delivered
O009902,CUST009903,R009902,1/18/2022,296,Wallet,Cancelled
O009903,CUST009904,R009903,1/16/2020,1704,Card,Delivered
O009904,CUST009905,R009904,5/9/2025,1941,Card,Delivered
O009905,CUST009906,R009905,5/3/2023,1586,Card,Delivered
O009906,CUST009907,R009906,5/21/2019,691,Wallet,Delivered
O009907,CUST009908,R009907,7/27/2022,630,UPI,Cancelled
O009908,CUST009909,R009908,12/21/2023,558,Wallet,Cancelled
O009909,CUST009910,R009909,2/25/2024,802,Card,Delivered
O009910,CUST009911,R009910,3/1/2020,240,COD,Cancelled
O009911,CUST009912,R009911,6/26/2021,876,Wallet,Delivered
O009912,CUST009913,R009912,4/6/2022,1501,Card,Delivered
O009913,CUST009914,R009913,10/25/2019,545,UPI,Cancelled
O009914,CUST009915,R009914,9/1/2020,1874,COD,Delivered
O009915,CUST009916,R009915,8/13/2022,968,UPI,Delivered
O009916,CUST009917,R009916,3/17/2022,1494,UPI,Delivered
O009917,CUST009918,R009917,4/3/2020,1557,Wallet,Delivered
O009918,CUST009919,R009918,11/12/2023,1377,UPI,Delivered
O009919,CUST009920,R009919,12/16/2019,799,COD,Cancelled
O009920,CUST009921,R009920,3/21/2024,1302,Card,Delivered
O009921,CUST009922,R009921,9/18/2020,1270,UPI,Delivered
O009922,CUST009923,R009922,4/8/2023,1514,Card,Delivered
O009923,CUST009924,R009923,11/1/2023,951,Wallet,Delivered
O009924,CUST009925,R009924,3/9/2020,1631,Wallet,Cancelled
O009925,CUST009926,R009925,2/17/2023,1367,Wallet,Delivered
O009926,CUST009927,R009926,7/15/2025,1258,Card,Delivered
O009927,CUST009928,R009927,3/12/2024,162,UPI,Delivered
O009928,CUST009929,R009928,8/10/2019,1684,Card,Delivered
O009929,CUST009930,R009929,9/28/2023,775,UPI,Delivered
O009930,CUST009931,R009930,10/17/2019,1380,UPI,Delivered
O009931,CUST009932,R009931,5/23/2020,188,COD,Delivered
O009932,CUST009933,R009932,1/19/2025,621,COD,Delivered
O009933,CUST009934,R009933,11/19/2025,112,Card,Delivered
O009934,CUST009935,R009934,6/1/2019,931,COD,Delivered
O009935,CUST009936,R009935,4/2/2023,241,Card,Delivered
O009936,CUST009937,R009936,1/3/2025,741,COD,Delivered
O009937,CUST009938,R009937,7/4/2024,358,Wallet,Delivered
O009938,CUST009939,R009938,3/27/2023,1158,COD,Delivered
O009939,CUST009940,R009939,11/12/2025,1409,Wallet,Delivered
O009940,CUST009941,R009940,11/6/2019,789,COD,Delivered
O009941,CUST009942,R009941,5/7/2023,1301,UPI,Delivered
O009942,CUST009943,R009942,5/23/2024,1404,Wallet,Cancelled
O009943,CUST009944,R009943,3/26/2024,1040,Wallet,Cancelled
O009944,CUST009945,R009944,1/17/2021,1743,UPI,Delivered
O009945,CUST009946,R009945,5/13/2022,1615,COD,Delivered
O009946,CUST009947,R009946,8/16/2023,1630,UPI,Delivered
O009947,CUST009948,R009947,6/23/2019,1733,Card,Delivered
O009948,CUST009949,R009948,5/12/2023,1802,Card,Delivered
O009949,CUST009950,R009949,12/25/2020,849,UPI,Delivered
O009950,CUST009951,R009950,1/18/2025,1876,COD,Delivered
O009951,CUST009952,R009951,3/21/2023,775,COD,Delivered
O009952,CUST009953,R009952,2/7/2020,135,COD,Delivered
O009953,CUST009954,R009953,8/16/2021,449,Card,Delivered
O009954,CUST009955,R009954,12/1/2024,1092,COD,Cancelled
O009955,CUST009956,R009955,2/4/2023,1448,UPI,Delivered
O009956,CUST009957,R009956,5/28/2019,1258,UPI,Delivered
O009957,CUST009958,R009957,8/19/2021,898,UPI,Delivered
O009958,CUST009959,R009958,7/1/2025,1704,COD,Delivered
O009959,CUST009960,R009959,9/19/2019,265,COD,Delivered
O009960,CUST009961,R009960,8/11/2022,1782,COD,Delivered
O009961,CUST009962,R009961,10/15/2023,1846,Card,Delivered
O009962,CUST009963,R009962,12/27/2025,1949,UPI,Delivered
O009963,CUST009964,R009963,7/6/2019,1397,COD,Delivered
O009964,CUST009965,R009964,7/22/2021,818,UPI,Delivered
O009965,CUST009966,R009965,5/22/2020,354,Wallet,Cancelled
O009966,CUST009967,R009966,7/24/2019,494,Card,Delivered
O009967,CUST009968,R009967,4/3/2020,291,COD,Delivered
O009968,CUST009969,R009968,5/25/2020,1064,UPI,Delivered
O009969,CUST009970,R009969,6/1/2019,1302,Card,Delivered
O009970,CUST009971,R009970,6/2/2022,515,Wallet,Delivered
O009971,CUST009972,R009971,2/24/2025,1320,UPI,Delivered
O009972,CUST009973,R009972,12/14/2021,936,COD,Delivered
O009973,CUST009974,R009973,12/5/2019,1399,Card,Delivered
O009974,CUST009975,R009974,6/10/2025,1637,COD,Delivered
O009975,CUST009976,R009975,9/8/2023,1566,Card,Delivered
O009976,CUST009977,R009976,4/8/2021,1051,Wallet,Delivered
O009977,CUST009978,R009977,4/19/2025,1490,Wallet,Delivered
O009978,CUST009979,R009978,1/17/2022,1872,COD,Delivered
O009979,CUST009980,R009979,11/21/2019,602,Wallet,Cancelled
O009980,CUST009981,R009980,9/12/2021,1807,Card,Cancelled
O009981,CUST009982,R009981,11/20/2022,724,Card,Delivered
O009982,CUST009983,R009982,1/23/2021,1931,Card,Delivered
O009983,CUST009984,R009983,6/25/2021,305,COD,Delivered
O009984,CUST009985,R009984,9/18/2019,936,Card,Delivered
O009985,CUST009986,R009985,1/23/2023,727,COD,Delivered
O009986,CUST009987,R009986,8/7/2020,1059,COD,Delivered
O009987,CUST009988,R009987,6/4/2024,364,Card,Delivered
O009988,CUST009989,R009988,10/5/2025,1181,Wallet,Delivered
O009989,CUST009990,R009989,8/2/2025,1159,UPI,Delivered
O009990,CUST009991,R009990,5/28/2025,679,COD,Delivered
O009991,CUST009992,R009991,8/12/2022,1104,Wallet,Delivered
O009992,CUST009993,R009992,11/9/2025,982,Card,Delivered
O009993,CUST009994,R009993,5/28/2021,996,UPI,Delivered
O009994,CUST009995,R009994,10/8/2021,1291,Wallet,Delivered
O009995,CUST009996,R009995,10/27/2023,1163,UPI,Delivered
O009996,CUST009997,R009996,12/20/2020,1438,Wallet,Cancelled
O009997,CUST009998,R009997,3/9/2022,1136,UPI,Delivered
O009998,CUST009999,R009998,1/11/2022,1817,Card,Delivered
O009999,CUST010000,R009999,10/15/2024,1260,UPI,Cancelled
O010000,CUST010001,R010000,10/8/2022,1497,UPI,Delivered
O010001,CUST010002,R010001,5/21/2019,544,UPI,Delivered
O010002,CUST010003,R010002,8/18/2024,1360,UPI,Delivered
O010003,CUST010004,R010003,8/16/2022,470,Card,Delivered
O010004,CUST010005,R010004,8/28/2021,1732,COD,Delivered
O010005,CUST010006,R010005,8/19/2020,641,COD,Delivered
O010006,CUST010007,R010006,12/4/2023,613,Card,Delivered
O010007,CUST010008,R010007,10/2/2021,1919,Card,Delivered
O010008,CUST010009,R010008,10/24/2025,773,Wallet,Delivered
O010009,CUST010010,R010009,11/15/2024,165,COD,Delivered
O010010,CUST010011,R010010,4/19/2022,797,Wallet,Delivered
O010011,CUST010012,R010011,1/6/2022,1433,COD,Delivered
O010012,CUST010013,R010012,6/9/2025,843,UPI,Delivered
O010013,CUST010014,R010013,9/2/2024,1113,Wallet,Cancelled
O010014,CUST010015,R010014,8/16/2021,1217,Wallet,Delivered
O010015,CUST010016,R010015,10/2/2022,1020,UPI,Delivered
O010016,CUST010017,R010016,10/18/2024,1987,COD,Delivered
O010017,CUST010018,R010017,10/14/2024,1348,Card,Delivered
O010018,CUST010019,R010018,4/13/2021,259,Card,Delivered
O010019,CUST010020,R010019,7/27/2023,1285,UPI,Delivered
O010020,CUST010021,R010020,4/12/2021,1535,Card,Cancelled
O010021,CUST010022,R010021,2/18/2022,564,UPI,Delivered
O010022,CUST010023,R010022,5/24/2024,210,Card,Delivered
O010023,CUST010024,R010023,4/13/2022,588,Wallet,Delivered
O010024,CUST010025,R010024,4/1/2024,209,COD,Delivered
O010025,CUST010026,R010025,7/19/2021,888,UPI,Delivered
O010026,CUST010027,R010026,11/12/2021,1158,Card,Delivered
O010027,CUST010028,R010027,2/3/2022,1261,UPI,Delivered
O010028,CUST010029,R010028,9/4/2020,1063,UPI,Delivered
O010029,CUST010030,R010029,11/19/2019,1186,Wallet,Delivered
O010030,CUST010031,R010030,12/2/2020,870,Card,Delivered
O010031,CUST010032,R010031,12/14/2024,303,Wallet,Cancelled
O010032,CUST010033,R010032,9/15/2020,1994,UPI,Delivered
O010033,CUST010034,R010033,11/13/2021,1623,Card,Delivered
O010034,CUST010035,R010034,7/18/2020,1664,Card,Cancelled
O010035,CUST010036,R010035,11/17/2020,254,COD,Delivered
O010036,CUST010037,R010036,2/21/2020,631,Card,Delivered
O010037,CUST010038,R010037,7/19/2022,253,Card,Delivered
O010038,CUST010039,R010038,7/20/2019,548,Wallet,Delivered
O010039,CUST010040,R010039,11/6/2021,1961,Card,Cancelled
O010040,CUST010041,R010040,10/26/2024,871,Wallet,Delivered
O010041,CUST010042,R010041,1/26/2024,854,Card,Delivered
O010042,CUST010043,R010042,4/1/2019,1294,COD,Delivered
O010043,CUST010044,R010043,7/25/2020,530,Wallet,Delivered
O010044,CUST010045,R010044,12/11/2019,930,Wallet,Delivered
O010045,CUST010046,R010045,8/9/2022,1610,Card,Cancelled
O010046,CUST010047,R010046,6/17/2023,1240,COD,Delivered
O010047,CUST010048,R010047,11/28/2025,1281,UPI,Delivered
O010048,CUST010049,R010048,7/12/2022,1814,UPI,Delivered
O010049,CUST010050,R010049,6/15/2024,1259,UPI,Delivered
O010050,CUST010051,R010050,2/13/2024,1946,UPI,Delivered
O010051,CUST010052,R010051,6/14/2025,165,UPI,Delivered
O010052,CUST010053,R010052,12/16/2021,210,UPI,Delivered
O010053,CUST010054,R010053,12/12/2020,531,Card,Delivered
O010054,CUST010055,R010054,9/20/2019,1483,Card,Delivered
O010055,CUST010056,R010055,9/25/2019,910,COD,Delivered
O010056,CUST010057,R010056,9/26/2022,151,Card,Delivered
O010057,CUST010058,R010057,9/21/2022,590,COD,Cancelled
O010058,CUST010059,R010058,4/3/2024,1227,COD,Delivered
O010059,CUST010060,R010059,6/11/2023,1803,Card,Delivered
O010060,CUST010061,R010060,7/23/2020,657,Wallet,Delivered
O010061,CUST010062,R010061,9/3/2023,668,Wallet,Delivered
O010062,CUST010063,R010062,5/22/2019,852,Wallet,Delivered
O010063,CUST010064,R010063,12/4/2019,1322,COD,Delivered
O010064,CUST010065,R010064,5/8/2023,552,Wallet,Delivered
O010065,CUST010066,R010065,2/7/2020,1488,UPI,Delivered
O010066,CUST010067,R010066,7/10/2024,920,Wallet,Delivered
O010067,CUST010068,R010067,5/26/2019,903,UPI,Delivered
O010068,CUST010069,R010068,3/16/2023,461,Wallet,Delivered
O010069,CUST010070,R010069,11/17/2021,539,UPI,Delivered
O010070,CUST010071,R010070,3/11/2019,142,Card,Delivered
O010071,CUST010072,R010071,9/23/2019,1659,Card,Delivered
O010072,CUST010073,R010072,10/17/2025,1948,UPI,Delivered
O010073,CUST010074,R010073,2/16/2019,273,UPI,Delivered
O010074,CUST010075,R010074,5/25/2024,1297,Card,Delivered
O010075,CUST010076,R010075,10/19/2019,469,Wallet,Delivered
O010076,CUST010077,R010076,10/6/2021,1993,Card,Delivered
O010077,CUST010078,R010077,2/17/2023,343,COD,Delivered
O010078,CUST010079,R010078,10/1/2022,1105,Card,Delivered
O010079,CUST010080,R010079,7/4/2023,1915,COD,Delivered
O010080,CUST010081,R010080,8/21/2021,519,Wallet,Delivered
O010081,CUST010082,R010081,2/11/2020,1132,COD,Delivered
O010082,CUST010083,R010082,10/1/2021,648,Wallet,Delivered
O010083,CUST010084,R010083,3/6/2025,1659,COD,Cancelled
O010084,CUST010085,R010084,3/9/2020,1275,UPI,Delivered
O010085,CUST010086,R010085,9/12/2022,1564,UPI,Cancelled
O010086,CUST010087,R010086,4/18/2021,946,Wallet,Cancelled
O010087,CUST010088,R010087,3/7/2023,913,UPI,Cancelled
O010088,CUST010089,R010088,5/13/2021,264,UPI,Delivered
O010089,CUST010090,R010089,12/16/2023,1610,UPI,Delivered
O010090,CUST010091,R010090,5/12/2025,1905,Card,Delivered
O010091,CUST010092,R010091,2/26/2022,1733,UPI,Delivered
O010092,CUST010093,R010092,12/14/2024,121,Card,Delivered
O010093,CUST010094,R010093,10/18/2020,135,Card,Delivered
O010094,CUST010095,R010094,8/20/2020,1177,Wallet,Delivered
O010095,CUST010096,R010095,4/24/2021,735,UPI,Delivered
O010096,CUST010097,R010096,1/14/2023,814,COD,Delivered
O010097,CUST010098,R010097,1/25/2025,796,UPI,Cancelled
O010098,CUST010099,R010098,1/13/2020,1609,Wallet,Delivered
O010099,CUST010100,R010099,5/6/2022,1164,UPI,Delivered
O010100,CUST010101,R010100,2/8/2021,1000,UPI,Delivered
O010101,CUST010102,R010101,6/14/2021,1320,Card,Delivered
O010102,CUST010103,R010102,2/9/2021,181,UPI,Delivered
O010103,CUST010104,R010103,1/13/2021,1949,UPI,Delivered
O010104,CUST010105,R010104,11/14/2025,1815,Card,Delivered
O010105,CUST010106,R010105,1/14/2023,208,COD,Delivered
O010106,CUST010107,R010106,12/28/2020,1366,UPI,Delivered
O010107,CUST010108,R010107,4/21/2023,794,COD,Delivered
O010108,CUST010109,R010108,9/25/2019,526,Card,Delivered
O010109,CUST010110,R010109,5/24/2024,474,COD,Delivered
O010110,CUST010111,R010110,9/19/2020,413,COD,Delivered
O010111,CUST010112,R010111,6/10/2020,336,COD,Delivered
O010112,CUST010113,R010112,1/28/2024,1271,Wallet,Delivered
O010113,CUST010114,R010113,11/5/2024,616,Card,Delivered
O010114,CUST010115,R010114,7/23/2021,981,UPI,Delivered
O010115,CUST010116,R010115,2/3/2021,1175,COD,Delivered
O010116,CUST010117,R010116,3/14/2023,676,Wallet,Delivered
O010117,CUST010118,R010117,3/8/2022,1606,UPI,Delivered
O010118,CUST010119,R010118,4/9/2025,1726,Wallet,Delivered
O010119,CUST010120,R010119,4/10/2025,1026,UPI,Delivered
O010120,CUST010121,R010120,10/8/2024,415,Wallet,Delivered
O010121,CUST010122,R010121,1/19/2023,1154,Card,Delivered
O010122,CUST010123,R010122,6/21/2019,582,Card,Delivered
O010123,CUST010124,R010123,4/14/2020,1974,UPI,Delivered
O010124,CUST010125,R010124,11/19/2020,1897,Card,Delivered
O010125,CUST010126,R010125,10/23/2022,887,UPI,Delivered
O010126,CUST010127,R010126,1/6/2019,1420,Card,Delivered
O010127,CUST010128,R010127,6/18/2021,597,COD,Delivered
O010128,CUST010129,R010128,5/26/2023,834,Card,Delivered
O010129,CUST010130,R010129,10/26/2025,1765,COD,Cancelled
O010130,CUST010131,R010130,3/24/2021,795,Card,Delivered
O010131,CUST010132,R010131,12/28/2022,1927,Card,Delivered
O010132,CUST010133,R010132,4/26/2024,705,COD,Delivered
O010133,CUST010134,R010133,1/24/2025,659,COD,Delivered
O010134,CUST010135,R010134,10/22/2020,343,Wallet,Delivered
O010135,CUST010136,R010135,9/9/2023,1846,Card,Delivered
O010136,CUST010137,R010136,9/10/2019,268,COD,Delivered
O010137,CUST010138,R010137,2/8/2021,1260,Wallet,Delivered
O010138,CUST010139,R010138,5/11/2021,1132,UPI,Delivered
O010139,CUST010140,R010139,2/9/2022,608,Wallet,Delivered
O010140,CUST010141,R010140,11/8/2020,1686,UPI,Delivered
O010141,CUST010142,R010141,7/14/2022,1035,Wallet,Delivered
O010142,CUST010143,R010142,4/15/2024,1853,Card,Delivered
O010143,CUST010144,R010143,3/19/2021,1467,UPI,Cancelled
O010144,CUST010145,R010144,5/9/2022,1717,Card,Delivered
O010145,CUST010146,R010145,8/21/2021,322,UPI,Delivered
O010146,CUST010147,R010146,2/25/2019,1654,Card,Delivered
O010147,CUST010148,R010147,5/17/2020,1904,COD,Delivered
O010148,CUST010149,R010148,5/3/2024,572,COD,Delivered
O010149,CUST010150,R010149,4/21/2021,1785,Card,Delivered
O010150,CUST010151,R010150,10/2/2023,877,Card,Delivered
O010151,CUST010152,R010151,3/26/2021,749,Wallet,Delivered
O010152,CUST010153,R010152,5/4/2023,764,Wallet,Delivered
O010153,CUST010154,R010153,3/3/2024,588,Wallet,Delivered
O010154,CUST010155,R010154,1/23/2022,652,COD,Delivered
O010155,CUST010156,R010155,4/9/2024,1644,COD,Delivered
O010156,CUST010157,R010156,4/1/2021,1082,Wallet,Delivered
O010157,CUST010158,R010157,10/4/2021,1377,UPI,Delivered
O010158,CUST010159,R010158,8/18/2023,951,UPI,Delivered
O010159,CUST010160,R010159,11/6/2025,1270,Wallet,Cancelled
O010160,CUST010161,R010160,6/14/2022,1520,UPI,Delivered
O010161,CUST010162,R010161,2/13/2020,232,Card,Delivered
O010162,CUST010163,R010162,12/16/2023,1937,Card,Delivered
O010163,CUST010164,R010163,10/24/2023,1933,Card,Cancelled
O010164,CUST010165,R010164,9/7/2021,269,Wallet,Delivered
O010165,CUST010166,R010165,6/5/2023,808,Card,Delivered
O010166,CUST010167,R010166,12/19/2020,676,Wallet,Delivered
O010167,CUST010168,R010167,2/26/2025,696,COD,Delivered
O010168,CUST010169,R010168,8/10/2022,793,UPI,Delivered
O010169,CUST010170,R010169,8/1/2021,1127,Wallet,Delivered
O010170,CUST010171,R010170,2/5/2019,1422,COD,Cancelled
O010171,CUST010172,R010171,9/6/2024,1038,UPI,Delivered
O010172,CUST010173,R010172,3/7/2023,1805,Wallet,Delivered
O010173,CUST010174,R010173,1/15/2020,849,UPI,Delivered
O010174,CUST010175,R010174,6/14/2025,277,Card,Delivered
O010175,CUST010176,R010175,3/17/2019,254,Wallet,Delivered
O010176,CUST010177,R010176,4/14/2019,1592,Card,Delivered
O010177,CUST010178,R010177,9/8/2021,1786,Card,Delivered
O010178,CUST010179,R010178,6/2/2025,1437,UPI,Delivered
O010179,CUST010180,R010179,6/21/2020,293,Wallet,Delivered
O010180,CUST010181,R010180,5/21/2020,355,UPI,Delivered
O010181,CUST010182,R010181,10/19/2024,453,Wallet,Delivered
O010182,CUST010183,R010182,4/23/2022,648,UPI,Delivered
O010183,CUST010184,R010183,2/27/2019,149,COD,Delivered
O010184,CUST010185,R010184,5/28/2019,834,Wallet,Cancelled
O010185,CUST010186,R010185,3/2/2019,1465,UPI,Delivered
O010186,CUST010187,R010186,6/24/2020,466,Wallet,Cancelled
O010187,CUST010188,R010187,4/28/2024,1795,Wallet,Delivered
O010188,CUST010189,R010188,11/11/2021,882,Wallet,Delivered
O010189,CUST010190,R010189,3/17/2025,1208,UPI,Delivered
O010190,CUST010191,R010190,12/3/2023,1447,Wallet,Delivered
O010191,CUST010192,R010191,4/11/2023,1228,Wallet,Delivered
O010192,CUST010193,R010192,2/15/2022,399,UPI,Delivered
O010193,CUST010194,R010193,9/16/2023,1158,Wallet,Delivered
O010194,CUST010195,R010194,1/14/2019,1971,COD,Delivered
O010195,CUST010196,R010195,4/18/2022,308,UPI,Delivered
O010196,CUST010197,R010196,12/11/2019,1666,Wallet,Delivered
O010197,CUST010198,R010197,9/23/2023,450,Wallet,Delivered
O010198,CUST010199,R010198,3/27/2021,1288,Wallet,Delivered
O010199,CUST010200,R010199,6/25/2020,1222,Card,Delivered
O010200,CUST010201,R010200,6/11/2023,1655,UPI,Delivered
O010201,CUST010202,R010201,7/9/2020,1594,Card,Delivered
O010202,CUST010203,R010202,5/27/2024,685,Wallet,Delivered
O010203,CUST010204,R010203,6/13/2020,1270,UPI,Cancelled
O010204,CUST010205,R010204,1/22/2022,1983,Card,Delivered
O010205,CUST010206,R010205,5/18/2021,222,Card,Delivered
O010206,CUST010207,R010206,9/13/2021,1870,Card,Delivered
O010207,CUST010208,R010207,12/27/2023,782,COD,Delivered
O010208,CUST010209,R010208,1/1/2021,130,Card,Delivered
O010209,CUST010210,R010209,12/1/2020,520,COD,Delivered
O010210,CUST010211,R010210,12/5/2021,274,COD,Delivered
O010211,CUST010212,R010211,7/24/2024,1079,COD,Delivered
O010212,CUST010213,R010212,9/8/2019,1328,COD,Delivered
O010213,CUST010214,R010213,6/6/2020,748,Wallet,Delivered
O010214,CUST010215,R010214,8/6/2022,1254,UPI,Delivered
O010215,CUST010216,R010215,5/21/2024,1314,Wallet,Delivered
O010216,CUST010217,R010216,4/25/2020,891,Wallet,Cancelled
O010217,CUST010218,R010217,5/17/2019,1599,Wallet,Delivered
O010218,CUST010219,R010218,8/13/2023,1784,COD,Delivered
O010219,CUST010220,R010219,3/15/2021,1487,UPI,Delivered
O010220,CUST010221,R010220,8/21/2024,1584,Card,Delivered
O010221,CUST010222,R010221,8/10/2025,1647,UPI,Delivered
O010222,CUST010223,R010222,8/24/2022,994,UPI,Delivered
O010223,CUST010224,R010223,4/15/2020,1835,COD,Delivered
O010224,CUST010225,R010224,3/19/2025,694,Card,Delivered
O010225,CUST010226,R010225,5/5/2022,1957,Card,Delivered
O010226,CUST010227,R010226,11/15/2020,365,Card,Delivered
O010227,CUST010228,R010227,3/1/2022,871,Card,Cancelled
O010228,CUST010229,R010228,6/3/2024,973,Wallet,Delivered
O010229,CUST010230,R010229,3/27/2024,681,COD,Delivered
O010230,CUST010231,R010230,1/11/2021,327,COD,Delivered
O010231,CUST010232,R010231,6/22/2021,877,COD,Delivered
O010232,CUST010233,R010232,6/10/2023,1632,COD,Delivered
O010233,CUST010234,R010233,10/3/2019,1671,Card,Cancelled
O010234,CUST010235,R010234,5/13/2023,1692,UPI,Delivered
O010235,CUST010236,R010235,4/24/2025,149,UPI,Delivered
O010236,CUST010237,R010236,6/8/2024,1878,COD,Delivered
O010237,CUST010238,R010237,5/20/2024,782,UPI,Delivered
O010238,CUST010239,R010238,7/20/2019,275,Wallet,Delivered
O010239,CUST010240,R010239,1/22/2022,409,COD,Delivered
O010240,CUST010241,R010240,7/1/2020,199,Card,Delivered
O010241,CUST010242,R010241,6/4/2024,1017,Wallet,Delivered
O010242,CUST010243,R010242,2/28/2022,1261,Card,Delivered
O010243,CUST010244,R010243,12/1/2022,371,COD,Delivered
O010244,CUST010245,R010244,10/23/2019,920,UPI,Delivered
O010245,CUST010246,R010245,11/13/2023,787,Card,Delivered
O010246,CUST010247,R010246,9/4/2024,1288,Card,Delivered
O010247,CUST010248,R010247,12/8/2023,1352,COD,Delivered
O010248,CUST010249,R010248,9/6/2025,1671,UPI,Delivered
O010249,CUST010250,R010249,5/10/2021,971,Wallet,Delivered
O010250,CUST010251,R010250,1/14/2025,1411,Wallet,Delivered
O010251,CUST010252,R010251,2/15/2019,1836,COD,Delivered
O010252,CUST010253,R010252,1/19/2024,560,Wallet,Delivered
O010253,CUST010254,R010253,2/11/2024,1717,Card,Cancelled
O010254,CUST010255,R010254,12/19/2025,634,Card,Delivered
O010255,CUST010256,R010255,2/22/2022,1889,UPI,Delivered
O010256,CUST010257,R010256,3/24/2024,1931,Card,Delivered
O010257,CUST010258,R010257,2/17/2023,537,Card,Delivered
O010258,CUST010259,R010258,4/22/2023,578,COD,Delivered
O010259,CUST010260,R010259,3/5/2024,905,COD,Delivered
O010260,CUST010261,R010260,8/2/2025,253,Card,Delivered
O010261,CUST010262,R010261,8/1/2022,1331,UPI,Delivered
O010262,CUST010263,R010262,1/4/2023,1016,Card,Delivered
O010263,CUST010264,R010263,3/26/2024,1028,COD,Delivered
O010264,CUST010265,R010264,10/9/2020,1446,UPI,Delivered
O010265,CUST010266,R010265,12/14/2021,1188,COD,Delivered
O010266,CUST010267,R010266,5/5/2019,1377,Wallet,Delivered
O010267,CUST010268,R010267,12/13/2025,1201,Wallet,Delivered
O010268,CUST010269,R010268,7/4/2022,1077,UPI,Delivered
O010269,CUST010270,R010269,11/19/2023,1294,COD,Delivered
O010270,CUST010271,R010270,8/6/2021,782,Wallet,Delivered
O010271,CUST010272,R010271,8/10/2020,1712,UPI,Cancelled
O010272,CUST010273,R010272,1/14/2023,1105,UPI,Delivered
O010273,CUST010274,R010273,1/5/2024,1343,UPI,Delivered
O010274,CUST010275,R010274,1/19/2021,521,UPI,Delivered
O010275,CUST010276,R010275,11/21/2020,1260,UPI,Delivered
O010276,CUST010277,R010276,3/14/2022,390,Card,Delivered
O010277,CUST010278,R010277,6/25/2021,1647,COD,Delivered
O010278,CUST010279,R010278,10/17/2025,552,Card,Delivered
O010279,CUST010280,R010279,9/24/2019,566,Card,Delivered
O010280,CUST010281,R010280,6/2/2024,1877,COD,Delivered
O010281,CUST010282,R010281,8/22/2023,694,Wallet,Delivered
O010282,CUST010283,R010282,7/14/2025,1923,Card,Delivered
O010283,CUST010284,R010283,11/17/2020,398,Wallet,Delivered
O010284,CUST010285,R010284,11/5/2021,1327,COD,Delivered
O010285,CUST010286,R010285,5/9/2022,1256,UPI,Cancelled
O010286,CUST010287,R010286,9/28/2019,960,Wallet,Delivered
O010287,CUST010288,R010287,12/14/2021,1323,Wallet,Cancelled
O010288,CUST010289,R010288,5/2/2020,875,UPI,Delivered
O010289,CUST010290,R010289,8/16/2019,1951,COD,Delivered
O010290,CUST010291,R010290,12/12/2023,1307,Card,Delivered
O010291,CUST010292,R010291,9/11/2025,168,Card,Delivered
O010292,CUST010293,R010292,9/21/2021,1194,UPI,Delivered
O010293,CUST010294,R010293,8/11/2019,1494,UPI,Cancelled
O010294,CUST010295,R010294,11/17/2024,354,UPI,Delivered
O010295,CUST010296,R010295,5/23/2023,130,Card,Delivered
O010296,CUST010297,R010296,7/12/2021,183,COD,Delivered
O010297,CUST010298,R010297,3/28/2025,1956,Card,Delivered
O010298,CUST010299,R010298,11/18/2022,350,UPI,Delivered
O010299,CUST010300,R010299,10/2/2019,620,UPI,Delivered
O010300,CUST010301,R010300,6/23/2021,939,UPI,Delivered
O010301,CUST010302,R010301,9/27/2022,492,UPI,Delivered
O010302,CUST010303,R010302,4/11/2021,1107,COD,Delivered
O010303,CUST010304,R010303,5/22/2021,1351,Card,Cancelled
O010304,CUST010305,R010304,2/12/2023,255,Wallet,Delivered
O010305,CUST010306,R010305,7/9/2019,1903,UPI,Delivered
O010306,CUST010307,R010306,12/12/2024,1538,UPI,Delivered
O010307,CUST010308,R010307,7/18/2020,1585,UPI,Cancelled
O010308,CUST010309,R010308,4/24/2021,217,COD,Delivered
O010309,CUST010310,R010309,1/20/2022,270,UPI,Delivered
O010310,CUST010311,R010310,10/18/2022,2000,Card,Delivered
O010311,CUST010312,R010311,7/19/2025,394,Wallet,Delivered
O010312,CUST010313,R010312,7/5/2024,1680,UPI,Delivered
O010313,CUST010314,R010313,2/24/2021,1027,Wallet,Delivered
O010314,CUST010315,R010314,1/27/2020,711,Card,Delivered
O010315,CUST010316,R010315,10/26/2023,1150,COD,Delivered
O010316,CUST010317,R010316,9/23/2019,444,Wallet,Delivered
O010317,CUST010318,R010317,6/7/2022,883,Wallet,Delivered
O010318,CUST010319,R010318,11/4/2021,1564,UPI,Delivered
O010319,CUST010320,R010319,10/15/2023,1155,COD,Delivered
O010320,CUST010321,R010320,1/27/2021,1200,UPI,Delivered
O010321,CUST010322,R010321,6/11/2025,1734,Wallet,Delivered
O010322,CUST010323,R010322,4/15/2023,899,UPI,Delivered
O010323,CUST010324,R010323,9/12/2021,1660,UPI,Delivered
O010324,CUST010325,R010324,3/13/2019,1911,UPI,Cancelled
O010325,CUST010326,R010325,9/14/2019,1962,UPI,Delivered
O010326,CUST010327,R010326,9/18/2023,644,UPI,Delivered
O010327,CUST010328,R010327,8/22/2020,1383,UPI,Delivered
O010328,CUST010329,R010328,11/23/2025,804,COD,Delivered
O010329,CUST010330,R010329,7/24/2023,1961,Card,Delivered
O010330,CUST010331,R010330,4/18/2022,500,COD,Cancelled
O010331,CUST010332,R010331,10/26/2021,1180,COD,Delivered
O010332,CUST010333,R010332,1/10/2025,1826,Card,Delivered
O010333,CUST010334,R010333,11/21/2023,817,Wallet,Delivered
O010334,CUST010335,R010334,2/5/2020,828,COD,Delivered
O010335,CUST010336,R010335,2/24/2022,1007,COD,Delivered
O010336,CUST010337,R010336,12/7/2023,1450,Card,Delivered
O010337,CUST010338,R010337,2/8/2023,442,Wallet,Delivered
O010338,CUST010339,R010338,3/5/2023,1340,UPI,Delivered
O010339,CUST010340,R010339,12/9/2024,1032,Wallet,Delivered
O010340,CUST010341,R010340,12/28/2022,759,UPI,Delivered
O010341,CUST010342,R010341,8/15/2023,181,Wallet,Delivered
O010342,CUST010343,R010342,1/15/2020,493,Wallet,Delivered
O010343,CUST010344,R010343,2/9/2024,1952,UPI,Delivered
O010344,CUST010345,R010344,4/17/2025,1574,Card,Delivered
O010345,CUST010346,R010345,1/15/2022,1868,UPI,Delivered
O010346,CUST010347,R010346,1/13/2020,238,UPI,Delivered
O010347,CUST010348,R010347,12/24/2022,1217,Card,Delivered
O010348,CUST010349,R010348,1/17/2019,383,Wallet,Delivered
O010349,CUST010350,R010349,2/5/2024,1839,Card,Delivered
O010350,CUST010351,R010350,10/16/2019,1960,COD,Delivered
O010351,CUST010352,R010351,10/28/2023,1000,Card,Delivered
O010352,CUST010353,R010352,8/3/2019,125,COD,Delivered
O010353,CUST010354,R010353,4/23/2019,375,Wallet,Delivered
O010354,CUST010355,R010354,4/9/2025,984,COD,Delivered
O010355,CUST010356,R010355,6/25/2025,537,Wallet,Delivered
O010356,CUST010357,R010356,5/4/2019,1612,COD,Delivered
O010357,CUST010358,R010357,7/3/2022,1190,UPI,Delivered
O010358,CUST010359,R010358,9/10/2024,1485,UPI,Cancelled
O010359,CUST010360,R010359,10/16/2019,866,Wallet,Cancelled
O010360,CUST010361,R010360,1/6/2022,871,Wallet,Cancelled
O010361,CUST010362,R010361,5/12/2022,1944,UPI,Delivered
O010362,CUST010363,R010362,8/14/2024,1456,UPI,Delivered
O010363,CUST010364,R010363,10/11/2019,1750,Card,Delivered
O010364,CUST010365,R010364,6/23/2025,1627,Card,Delivered
O010365,CUST010366,R010365,12/13/2020,276,Card,Delivered
O010366,CUST010367,R010366,4/19/2021,1893,UPI,Delivered
O010367,CUST010368,R010367,2/18/2023,600,COD,Delivered
O010368,CUST010369,R010368,6/22/2020,153,Wallet,Delivered
O010369,CUST010370,R010369,3/6/2023,339,Card,Delivered
O010370,CUST010371,R010370,7/13/2022,851,UPI,Delivered
O010371,CUST010372,R010371,9/4/2024,1529,Wallet,Delivered
O010372,CUST010373,R010372,4/25/2019,1084,Wallet,Delivered
O010373,CUST010374,R010373,1/7/2022,915,Wallet,Delivered
O010374,CUST010375,R010374,4/13/2020,1274,UPI,Delivered
O010375,CUST010376,R010375,11/16/2020,134,UPI,Delivered
O010376,CUST010377,R010376,2/11/2023,1799,UPI,Delivered
O010377,CUST010378,R010377,9/13/2023,1671,Card,Delivered
O010378,CUST010379,R010378,4/14/2025,321,Card,Delivered
O010379,CUST010380,R010379,2/28/2024,1092,UPI,Delivered
O010380,CUST010381,R010380,6/19/2021,688,COD,Delivered
O010381,CUST010382,R010381,12/22/2022,371,Card,Delivered
O010382,CUST010383,R010382,5/21/2019,384,Card,Delivered
O010383,CUST010384,R010383,3/14/2025,372,Card,Delivered
O010384,CUST010385,R010384,8/5/2022,300,COD,Delivered
O010385,CUST010386,R010385,4/26/2019,1191,Wallet,Delivered
O010386,CUST010387,R010386,2/4/2024,532,Card,Delivered
O010387,CUST010388,R010387,1/22/2019,890,UPI,Delivered
O010388,CUST010389,R010388,5/2/2022,1651,Card,Delivered
O010389,CUST010390,R010389,8/13/2021,570,Wallet,Delivered
O010390,CUST010391,R010390,5/7/2025,1463,UPI,Delivered
O010391,CUST010392,R010391,4/8/2024,1838,Wallet,Delivered
O010392,CUST010393,R010392,7/9/2024,877,Wallet,Delivered
O010393,CUST010394,R010393,5/14/2025,304,Wallet,Delivered
O010394,CUST010395,R010394,3/17/2023,1044,UPI,Delivered
O010395,CUST010396,R010395,10/18/2019,172,Card,Delivered
O010396,CUST010397,R010396,11/8/2020,1888,Wallet,Cancelled
O010397,CUST010398,R010397,9/17/2023,1817,Card,Delivered
O010398,CUST010399,R010398,7/21/2021,852,UPI,Delivered
O010399,CUST010400,R010399,7/4/2023,1204,UPI,Delivered
O010400,CUST010401,R010400,9/17/2020,506,Wallet,Delivered
O010401,CUST010402,R010401,9/25/2019,744,COD,Delivered
O010402,CUST010403,R010402,1/23/2021,187,COD,Cancelled
O010403,CUST010404,R010403,12/2/2025,1123,Card,Delivered
O010404,CUST010405,R010404,4/5/2019,565,Card,Delivered
O010405,CUST010406,R010405,11/4/2021,984,COD,Delivered
O010406,CUST010407,R010406,11/1/2020,505,Card,Delivered
O010407,CUST010408,R010407,12/27/2022,232,Wallet,Delivered
O010408,CUST010409,R010408,5/7/2025,1310,Card,Delivered
O010409,CUST010410,R010409,1/4/2020,188,COD,Delivered
O010410,CUST010411,R010410,9/5/2021,1181,Wallet,Delivered
O010411,CUST010412,R010411,11/9/2025,1053,UPI,Delivered
O010412,CUST010413,R010412,11/8/2020,566,COD,Delivered
O010413,CUST010414,R010413,5/5/2023,1639,Wallet,Cancelled
O010414,CUST010415,R010414,9/13/2024,945,Wallet,Delivered
O010415,CUST010416,R010415,10/13/2025,1768,UPI,Delivered
O010416,CUST010417,R010416,11/18/2024,1323,UPI,Delivered
O010417,CUST010418,R010417,5/9/2025,1698,UPI,Delivered
O010418,CUST010419,R010418,11/20/2020,217,Wallet,Delivered
O010419,CUST010420,R010419,9/24/2024,1499,Card,Delivered
O010420,CUST010421,R010420,12/15/2020,1749,COD,Delivered
O010421,CUST010422,R010421,9/1/2022,212,Card,Delivered
O010422,CUST010423,R010422,2/13/2021,1750,Card,Delivered
O010423,CUST010424,R010423,9/28/2021,797,Card,Delivered
O010424,CUST010425,R010424,5/24/2019,663,Wallet,Delivered
O010425,CUST010426,R010425,3/2/2024,674,COD,Delivered
O010426,CUST010427,R010426,6/2/2025,367,Wallet,Delivered
O010427,CUST010428,R010427,1/23/2023,605,COD,Delivered
O010428,CUST010429,R010428,5/8/2019,1558,COD,Delivered
O010429,CUST010430,R010429,8/27/2024,939,Wallet,Delivered
O010430,CUST010431,R010430,1/3/2020,1489,Wallet,Delivered
O010431,CUST010432,R010431,6/15/2020,845,UPI,Delivered
O010432,CUST010433,R010432,2/5/2024,1159,UPI,Cancelled
O010433,CUST010434,R010433,9/12/2024,1365,UPI,Delivered
O010434,CUST010435,R010434,2/11/2022,1730,Card,Delivered
O010435,CUST010436,R010435,7/10/2021,1793,UPI,Delivered
O010436,CUST010437,R010436,12/23/2023,1468,UPI,Cancelled
O010437,CUST010438,R010437,7/5/2021,323,COD,Delivered
O010438,CUST010439,R010438,11/25/2019,291,Wallet,Delivered
O010439,CUST010440,R010439,3/11/2023,158,Wallet,Delivered
O010440,CUST010441,R010440,9/17/2024,226,COD,Delivered
O010441,CUST010442,R010441,5/3/2023,757,Wallet,Delivered
O010442,CUST010443,R010442,4/28/2022,984,Wallet,Delivered
O010443,CUST010444,R010443,9/4/2023,1534,COD,Cancelled
O010444,CUST010445,R010444,12/5/2023,889,UPI,Delivered
O010445,CUST010446,R010445,3/6/2019,1694,Wallet,Cancelled
O010446,CUST010447,R010446,8/13/2022,565,UPI,Delivered
O010447,CUST010448,R010447,10/11/2025,1774,Card,Delivered
O010448,CUST010449,R010448,11/11/2019,110,COD,Delivered
O010449,CUST010450,R010449,10/10/2021,1512,UPI,Delivered
O010450,CUST010451,R010450,6/6/2019,1745,UPI,Delivered
O010451,CUST010452,R010451,12/28/2022,1390,UPI,Delivered
O010452,CUST010453,R010452,5/22/2023,201,COD,Delivered
O010453,CUST010454,R010453,2/20/2024,270,Wallet,Delivered
O010454,CUST010455,R010454,7/18/2019,374,Wallet,Delivered
O010455,CUST010456,R010455,11/23/2022,1135,Card,Delivered
O010456,CUST010457,R010456,5/26/2025,298,Card,Delivered
O010457,CUST010458,R010457,4/27/2020,679,Wallet,Cancelled
O010458,CUST010459,R010458,11/1/2020,1311,UPI,Delivered
O010459,CUST010460,R010459,6/22/2020,355,Wallet,Delivered
O010460,CUST010461,R010460,1/6/2020,1433,COD,Delivered
O010461,CUST010462,R010461,10/5/2021,738,Wallet,Delivered
O010462,CUST010463,R010462,5/14/2023,1129,UPI,Delivered
O010463,CUST010464,R010463,6/1/2019,1362,COD,Delivered
O010464,CUST010465,R010464,1/10/2022,1006,Wallet,Delivered
O010465,CUST010466,R010465,4/17/2020,352,UPI,Delivered
O010466,CUST010467,R010466,10/14/2019,1074,Wallet,Delivered
O010467,CUST010468,R010467,6/13/2019,1891,COD,Delivered
O010468,CUST010469,R010468,7/17/2023,227,UPI,Delivered
O010469,CUST010470,R010469,2/8/2020,1816,Card,Delivered
O010470,CUST010471,R010470,12/21/2022,340,UPI,Delivered
O010471,CUST010472,R010471,3/26/2020,1939,UPI,Delivered
O010472,CUST010473,R010472,8/24/2022,1878,COD,Delivered
O010473,CUST010474,R010473,3/21/2023,160,COD,Delivered
O010474,CUST010475,R010474,10/15/2021,399,Card,Delivered
O010475,CUST010476,R010475,5/9/2023,542,Wallet,Delivered
O010476,CUST010477,R010476,2/23/2021,1184,UPI,Delivered
O010477,CUST010478,R010477,4/20/2025,1892,Card,Delivered
O010478,CUST010479,R010478,7/28/2019,176,Card,Delivered
O010479,CUST010480,R010479,9/12/2021,1829,UPI,Cancelled
O010480,CUST010481,R010480,1/26/2025,701,Card,Delivered
O010481,CUST010482,R010481,6/27/2024,1951,Card,Cancelled
O010482,CUST010483,R010482,3/28/2019,627,COD,Delivered
O010483,CUST010484,R010483,2/5/2019,163,COD,Delivered
O010484,CUST010485,R010484,10/24/2025,793,COD,Delivered
O010485,CUST010486,R010485,6/6/2023,1179,COD,Delivered
O010486,CUST010487,R010486,6/3/2022,350,Wallet,Delivered
O010487,CUST010488,R010487,5/26/2025,1111,UPI,Delivered
O010488,CUST010489,R010488,2/20/2022,1208,COD,Delivered
O010489,CUST010490,R010489,2/23/2020,844,Wallet,Delivered
O010490,CUST010491,R010490,12/14/2020,1509,Wallet,Delivered
O010491,CUST010492,R010491,4/14/2025,1693,Card,Delivered
O010492,CUST010493,R010492,10/13/2023,1445,UPI,Delivered
O010493,CUST010494,R010493,7/21/2020,1373,Card,Delivered
O010494,CUST010495,R010494,11/9/2024,1568,Card,Delivered
O010495,CUST010496,R010495,2/23/2019,909,Wallet,Delivered
O010496,CUST010497,R010496,7/14/2019,1679,Card,Delivered
O010497,CUST010498,R010497,2/18/2021,584,Card,Delivered
O010498,CUST010499,R010498,9/1/2025,1852,Card,Delivered
O010499,CUST010500,R010499,3/13/2020,1867,COD,Delivered
O010500,CUST010501,R010500,5/23/2020,726,Card,Delivered
O010501,CUST010502,R010501,4/1/2024,824,Wallet,Delivered
O010502,CUST010503,R010502,12/25/2022,461,COD,Delivered
O010503,CUST010504,R010503,7/9/2020,280,COD,Delivered
O010504,CUST010505,R010504,10/23/2019,791,Card,Cancelled
O010505,CUST010506,R010505,2/7/2020,1552,Card,Delivered
O010506,CUST010507,R010506,1/2/2021,1165,UPI,Delivered
O010507,CUST010508,R010507,6/4/2024,1228,UPI,Delivered
O010508,CUST010509,R010508,10/17/2021,1580,UPI,Delivered
O010509,CUST010510,R010509,2/28/2024,1296,Card,Delivered
O010510,CUST010511,R010510,10/12/2023,628,UPI,Delivered
O010511,CUST010512,R010511,11/13/2023,1896,COD,Delivered
O010512,CUST010513,R010512,9/21/2025,1954,Card,Cancelled
O010513,CUST010514,R010513,5/23/2020,1957,Card,Delivered
O010514,CUST010515,R010514,8/2/2022,869,Wallet,Delivered
O010515,CUST010516,R010515,8/26/2025,1107,Card,Delivered
O010516,CUST010517,R010516,9/25/2023,324,COD,Delivered
O010517,CUST010518,R010517,6/25/2025,879,Wallet,Delivered
O010518,CUST010519,R010518,11/11/2025,708,Card,Delivered
O010519,CUST010520,R010519,9/3/2024,1209,UPI,Delivered
O010520,CUST010521,R010520,3/7/2022,1266,COD,Delivered
O010521,CUST010522,R010521,4/5/2019,1624,UPI,Delivered
O010522,CUST010523,R010522,8/9/2022,1384,Wallet,Delivered
O010523,CUST010524,R010523,6/13/2019,1257,Wallet,Delivered
O010524,CUST010525,R010524,3/14/2021,1686,Card,Delivered
O010525,CUST010526,R010525,8/16/2020,161,Wallet,Delivered
O010526,CUST010527,R010526,6/5/2020,1618,UPI,Delivered
O010527,CUST010528,R010527,6/17/2022,529,Card,Cancelled
O010528,CUST010529,R010528,4/20/2020,1734,UPI,Delivered
O010529,CUST010530,R010529,6/22/2020,1841,Card,Cancelled
O010530,CUST010531,R010530,1/19/2020,496,Card,Delivered
O010531,CUST010532,R010531,4/21/2023,368,Card,Delivered
O010532,CUST010533,R010532,10/3/2025,824,COD,Delivered
O010533,CUST010534,R010533,7/1/2019,168,Card,Delivered
O010534,CUST010535,R010534,11/27/2021,1241,Wallet,Delivered
O010535,CUST010536,R010535,8/3/2022,969,COD,Cancelled
O010536,CUST010537,R010536,7/23/2019,921,COD,Delivered
O010537,CUST010538,R010537,8/8/2025,1303,Wallet,Delivered
O010538,CUST010539,R010538,8/13/2022,790,COD,Delivered
O010539,CUST010540,R010539,6/28/2020,1234,UPI,Delivered
O010540,CUST010541,R010540,9/11/2024,1156,UPI,Delivered
O010541,CUST010542,R010541,6/2/2024,1394,UPI,Delivered
O010542,CUST010543,R010542,8/23/2022,1632,COD,Delivered
O010543,CUST010544,R010543,1/13/2020,1124,Wallet,Delivered
O010544,CUST010545,R010544,11/15/2025,158,UPI,Delivered
O010545,CUST010546,R010545,9/26/2022,1069,UPI,Delivered
O010546,CUST010547,R010546,4/4/2023,1302,UPI,Delivered
O010547,CUST010548,R010547,8/18/2025,430,UPI,Delivered
O010548,CUST010549,R010548,7/19/2021,1168,Wallet,Delivered
O010549,CUST010550,R010549,8/14/2020,110,UPI,Delivered
O010550,CUST010551,R010550,2/25/2024,1547,Card,Delivered
O010551,CUST010552,R010551,10/15/2024,153,Card,Cancelled
O010552,CUST010553,R010552,12/23/2019,416,UPI,Delivered
O010553,CUST010554,R010553,5/28/2024,1723,COD,Delivered
O010554,CUST010555,R010554,5/18/2023,584,Wallet,Delivered
O010555,CUST010556,R010555,6/12/2019,1876,Card,Delivered
O010556,CUST010557,R010556,3/19/2024,312,COD,Delivered
O010557,CUST010558,R010557,2/3/2024,1248,Card,Cancelled
O010558,CUST010559,R010558,7/7/2020,1177,Wallet,Delivered
O010559,CUST010560,R010559,11/27/2023,918,Wallet,Delivered
O010560,CUST010561,R010560,3/12/2020,1101,Wallet,Delivered
O010561,CUST010562,R010561,9/1/2023,785,Wallet,Delivered
O010562,CUST010563,R010562,10/15/2022,1803,COD,Delivered
O010563,CUST010564,R010563,12/6/2022,1164,UPI,Delivered
O010564,CUST010565,R010564,1/10/2019,1713,UPI,Cancelled
O010565,CUST010566,R010565,9/20/2022,1088,UPI,Delivered
O010566,CUST010567,R010566,10/9/2025,1340,UPI,Delivered
O010567,CUST010568,R010567,10/15/2023,200,UPI,Delivered
O010568,CUST010569,R010568,12/21/2019,279,UPI,Delivered
O010569,CUST010570,R010569,2/14/2021,1873,COD,Delivered
O010570,CUST010571,R010570,10/25/2019,1876,Card,Delivered
O010571,CUST010572,R010571,4/16/2025,270,Wallet,Delivered
O010572,CUST010573,R010572,12/28/2025,534,Card,Delivered
O010573,CUST010574,R010573,6/22/2024,892,COD,Delivered
O010574,CUST010575,R010574,12/24/2025,446,Wallet,Delivered
O010575,CUST010576,R010575,9/10/2022,530,Card,Delivered
O010576,CUST010577,R010576,6/21/2024,779,Wallet,Delivered
O010577,CUST010578,R010577,5/5/2023,1329,COD,Delivered
O010578,CUST010579,R010578,9/2/2023,1197,UPI,Delivered
O010579,CUST010580,R010579,10/3/2024,1428,UPI,Delivered
O010580,CUST010581,R010580,6/9/2025,1430,UPI,Delivered
O010581,CUST010582,R010581,12/22/2019,323,COD,Delivered
O010582,CUST010583,R010582,1/22/2019,191,UPI,Delivered
O010583,CUST010584,R010583,11/14/2020,1964,Card,Delivered
O010584,CUST010585,R010584,9/16/2023,352,COD,Delivered
O010585,CUST010586,R010585,5/3/2025,1590,Card,Delivered
O010586,CUST010587,R010586,10/23/2022,937,Wallet,Delivered
O010587,CUST010588,R010587,1/27/2021,490,Card,Delivered
O010588,CUST010589,R010588,7/26/2025,1108,Card,Delivered
O010589,CUST010590,R010589,1/21/2022,300,COD,Delivered
O010590,CUST010591,R010590,9/5/2021,485,COD,Delivered
O010591,CUST010592,R010591,5/2/2019,1415,UPI,Delivered
O010592,CUST010593,R010592,4/12/2023,1043,COD,Delivered
O010593,CUST010594,R010593,11/26/2023,1090,Wallet,Delivered
O010594,CUST010595,R010594,6/9/2020,1842,Wallet,Cancelled
O010595,CUST010596,R010595,1/16/2019,820,UPI,Delivered
O010596,CUST010597,R010596,12/11/2022,1580,UPI,Delivered
O010597,CUST010598,R010597,8/11/2020,1869,UPI,Delivered
O010598,CUST010599,R010598,11/12/2025,1742,UPI,Delivered
O010599,CUST010600,R010599,9/17/2022,553,UPI,Delivered
O010600,CUST010601,R010600,9/21/2023,1297,UPI,Delivered
O010601,CUST010602,R010601,11/20/2022,724,COD,Delivered
O010602,CUST010603,R010602,10/24/2024,1862,Card,Delivered
O010603,CUST010604,R010603,11/17/2019,101,Card,Delivered
O010604,CUST010605,R010604,1/25/2020,1031,COD,Delivered
O010605,CUST010606,R010605,5/9/2021,1672,Card,Delivered
O010606,CUST010607,R010606,7/20/2025,707,Wallet,Delivered
O010607,CUST010608,R010607,1/4/2020,612,COD,Delivered
O010608,CUST010609,R010608,6/25/2019,863,Wallet,Delivered
O010609,CUST010610,R010609,4/5/2019,1371,Card,Delivered
O010610,CUST010611,R010610,4/6/2022,597,Wallet,Delivered
O010611,CUST010612,R010611,6/7/2025,1532,UPI,Delivered
O010612,CUST010613,R010612,12/19/2021,1224,Wallet,Delivered
O010613,CUST010614,R010613,11/2/2025,913,Wallet,Delivered
O010614,CUST010615,R010614,11/17/2024,102,COD,Delivered
O010615,CUST010616,R010615,10/18/2024,350,Wallet,Delivered
O010616,CUST010617,R010616,12/9/2023,1417,UPI,Delivered
O010617,CUST010618,R010617,4/16/2019,1463,UPI,Cancelled
O010618,CUST010619,R010618,9/14/2023,1714,UPI,Delivered
O010619,CUST010620,R010619,5/11/2020,1984,UPI,Delivered
O010620,CUST010621,R010620,8/23/2024,1366,Card,Delivered
O010621,CUST010622,R010621,11/17/2024,283,Wallet,Delivered
O010622,CUST010623,R010622,4/3/2023,1760,UPI,Cancelled
O010623,CUST010624,R010623,4/14/2022,1875,COD,Delivered
O010624,CUST010625,R010624,12/26/2022,908,Card,Delivered
O010625,CUST010626,R010625,1/2/2019,601,COD,Delivered
O010626,CUST010627,R010626,12/22/2022,334,Wallet,Delivered
O010627,CUST010628,R010627,9/8/2019,904,COD,Delivered
O010628,CUST010629,R010628,2/24/2019,457,COD,Delivered
O010629,CUST010630,R010629,4/3/2020,1207,COD,Delivered
O010630,CUST010631,R010630,4/25/2019,1080,UPI,Delivered
O010631,CUST010632,R010631,4/9/2023,1374,UPI,Delivered
O010632,CUST010633,R010632,12/15/2022,716,Wallet,Delivered
O010633,CUST010634,R010633,9/4/2019,983,Wallet,Delivered
O010634,CUST010635,R010634,11/14/2019,1801,UPI,Delivered
O010635,CUST010636,R010635,9/13/2021,1420,UPI,Delivered
O010636,CUST010637,R010636,12/8/2024,1534,Card,Delivered
O010637,CUST010638,R010637,9/20/2020,1537,Card,Cancelled
O010638,CUST010639,R010638,6/11/2020,186,Card,Delivered
O010639,CUST010640,R010639,12/16/2022,1852,UPI,Delivered
O010640,CUST010641,R010640,10/18/2019,564,Card,Delivered
O010641,CUST010642,R010641,11/21/2023,1974,COD,Delivered
O010642,CUST010643,R010642,7/5/2022,1836,Card,Delivered
O010643,CUST010644,R010643,2/12/2019,696,Wallet,Delivered
O010644,CUST010645,R010644,12/4/2025,990,Card,Delivered
O010645,CUST010646,R010645,9/25/2024,376,COD,Delivered
O010646,CUST010647,R010646,5/26/2021,600,COD,Delivered
O010647,CUST010648,R010647,11/8/2025,703,UPI,Delivered
O010648,CUST010649,R010648,5/7/2023,1457,UPI,Delivered
O010649,CUST010650,R010649,11/3/2021,1752,Wallet,Delivered
O010650,CUST010651,R010650,6/9/2023,1625,Card,Delivered
O010651,CUST010652,R010651,2/12/2022,230,Card,Delivered
O010652,CUST010653,R010652,2/26/2019,1006,UPI,Delivered
O010653,CUST010654,R010653,5/18/2024,608,Card,Delivered
O010654,CUST010655,R010654,10/22/2021,161,UPI,Delivered
O010655,CUST010656,R010655,12/20/2023,1924,Card,Cancelled
O010656,CUST010657,R010656,6/13/2024,217,Card,Delivered
O010657,CUST010658,R010657,12/4/2025,145,COD,Delivered
O010658,CUST010659,R010658,1/25/2022,1087,COD,Delivered
O010659,CUST010660,R010659,8/27/2024,687,UPI,Delivered
O010660,CUST010661,R010660,1/24/2022,746,Wallet,Delivered
O010661,CUST010662,R010661,3/28/2022,1502,Card,Delivered
O010662,CUST010663,R010662,10/11/2019,480,Wallet,Delivered
O010663,CUST010664,R010663,11/6/2023,1241,UPI,Delivered
O010664,CUST010665,R010664,5/7/2024,1796,Wallet,Delivered
O010665,CUST010666,R010665,4/7/2021,797,Wallet,Delivered
O010666,CUST010667,R010666,1/13/2019,225,Wallet,Cancelled
O010667,CUST010668,R010667,10/16/2021,964,UPI,Delivered
O010668,CUST010669,R010668,3/15/2025,130,UPI,Delivered
O010669,CUST010670,R010669,11/8/2023,1778,UPI,Cancelled
O010670,CUST010671,R010670,11/16/2025,1663,Card,Delivered
O010671,CUST010672,R010671,12/20/2022,703,UPI,Delivered
O010672,CUST010673,R010672,3/4/2019,1315,UPI,Delivered
O010673,CUST010674,R010673,12/19/2025,406,Wallet,Delivered
O010674,CUST010675,R010674,11/22/2024,273,Card,Cancelled
O010675,CUST010676,R010675,7/21/2024,1998,COD,Delivered
O010676,CUST010677,R010676,7/28/2025,1031,Card,Delivered
O010677,CUST010678,R010677,9/1/2021,523,COD,Delivered
O010678,CUST010679,R010678,7/2/2023,949,COD,Delivered
O010679,CUST010680,R010679,11/27/2019,853,COD,Delivered
O010680,CUST010681,R010680,3/26/2021,574,Wallet,Delivered
O010681,CUST010682,R010681,12/12/2022,1647,COD,Delivered
O010682,CUST010683,R010682,1/9/2025,506,Card,Delivered
O010683,CUST010684,R010683,6/11/2025,895,Wallet,Delivered
O010684,CUST010685,R010684,8/14/2024,903,UPI,Delivered
O010685,CUST010686,R010685,4/7/2023,678,COD,Delivered
O010686,CUST010687,R010686,12/7/2024,1496,Wallet,Delivered
O010687,CUST010688,R010687,9/11/2021,840,UPI,Delivered
O010688,CUST010689,R010688,11/11/2023,1657,UPI,Delivered
O010689,CUST010690,R010689,2/16/2019,1232,UPI,Delivered
O010690,CUST010691,R010690,11/7/2025,1614,UPI,Cancelled
O010691,CUST010692,R010691,10/18/2020,137,Wallet,Delivered
O010692,CUST010693,R010692,11/22/2024,1986,UPI,Delivered
O010693,CUST010694,R010693,11/14/2022,1707,Card,Delivered
O010694,CUST010695,R010694,12/28/2021,122,Card,Delivered
O010695,CUST010696,R010695,2/12/2020,1595,Card,Delivered
O010696,CUST010697,R010696,5/27/2024,691,UPI,Delivered
O010697,CUST010698,R010697,9/18/2023,563,Wallet,Delivered
O010698,CUST010699,R010698,12/1/2025,786,Card,Delivered
O010699,CUST010700,R010699,4/4/2024,224,COD,Delivered
O010700,CUST010701,R010700,3/20/2021,455,COD,Delivered
O010701,CUST010702,R010701,4/6/2022,1273,COD,Delivered
O010702,CUST010703,R010702,3/26/2019,893,Wallet,Delivered
O010703,CUST010704,R010703,11/1/2025,1404,Wallet,Cancelled
O010704,CUST010705,R010704,6/12/2022,765,Wallet,Delivered
O010705,CUST010706,R010705,1/4/2019,1079,Wallet,Delivered
O010706,CUST010707,R010706,2/9/2024,1324,Wallet,Delivered
O010707,CUST010708,R010707,9/9/2019,1683,UPI,Delivered
O010708,CUST010709,R010708,3/9/2022,1702,UPI,Delivered
O010709,CUST010710,R010709,9/21/2021,1319,UPI,Delivered
O010710,CUST010711,R010710,3/4/2024,180,COD,Delivered
O010711,CUST010712,R010711,6/24/2025,446,Wallet,Delivered
O010712,CUST010713,R010712,10/13/2024,1778,COD,Delivered
O010713,CUST010714,R010713,7/15/2025,1973,Card,Delivered
O010714,CUST010715,R010714,12/28/2024,175,COD,Delivered
O010715,CUST010716,R010715,9/27/2019,509,COD,Delivered
O010716,CUST010717,R010716,2/24/2020,1064,COD,Delivered
O010717,CUST010718,R010717,7/24/2022,381,UPI,Delivered
O010718,CUST010719,R010718,9/26/2021,1615,COD,Delivered
O010719,CUST010720,R010719,7/5/2024,480,Wallet,Delivered
O010720,CUST010721,R010720,9/11/2024,1726,Card,Delivered
O010721,CUST010722,R010721,10/10/2022,1790,COD,Delivered
O010722,CUST010723,R010722,11/9/2024,1364,UPI,Delivered
O010723,CUST010724,R010723,11/5/2020,1602,UPI,Delivered
O010724,CUST010725,R010724,11/25/2023,1502,UPI,Delivered
O010725,CUST010726,R010725,11/22/2024,1997,COD,Delivered
O010726,CUST010727,R010726,4/18/2023,160,Wallet,Delivered
O010727,CUST010728,R010727,5/16/2025,219,COD,Cancelled
O010728,CUST010729,R010728,11/20/2024,730,Card,Delivered
O010729,CUST010730,R010729,3/25/2020,219,Card,Delivered
O010730,CUST010731,R010730,7/26/2020,470,Wallet,Delivered
O010731,CUST010732,R010731,5/27/2024,1231,UPI,Delivered
O010732,CUST010733,R010732,9/21/2020,270,COD,Delivered
O010733,CUST010734,R010733,6/5/2023,1343,COD,Delivered
O010734,CUST010735,R010734,6/5/2023,692,COD,Delivered
O010735,CUST010736,R010735,12/11/2024,1024,Wallet,Delivered
O010736,CUST010737,R010736,7/27/2022,1218,UPI,Delivered
O010737,CUST010738,R010737,5/8/2025,1118,Wallet,Delivered
O010738,CUST010739,R010738,7/16/2019,204,Wallet,Delivered
O010739,CUST010740,R010739,11/13/2023,788,Wallet,Delivered
O010740,CUST010741,R010740,9/11/2020,1780,COD,Delivered
O010741,CUST010742,R010741,3/15/2021,1724,UPI,Delivered
O010742,CUST010743,R010742,8/6/2020,1737,UPI,Delivered
O010743,CUST010744,R010743,6/20/2020,260,UPI,Delivered
O010744,CUST010745,R010744,8/22/2019,1897,UPI,Delivered
O010745,CUST010746,R010745,6/22/2023,1831,Card,Delivered
O010746,CUST010747,R010746,12/20/2024,1972,Card,Delivered
O010747,CUST010748,R010747,4/14/2022,308,COD,Cancelled
O010748,CUST010749,R010748,1/8/2019,1131,Card,Delivered
O010749,CUST010750,R010749,1/22/2024,1889,COD,Delivered
O010750,CUST010751,R010750,1/3/2020,909,COD,Delivered
O010751,CUST010752,R010751,7/10/2019,832,Card,Delivered
O010752,CUST010753,R010752,5/22/2023,578,UPI,Delivered
O010753,CUST010754,R010753,1/5/2024,590,Card,Delivered
O010754,CUST010755,R010754,1/26/2019,1591,COD,Delivered
O010755,CUST010756,R010755,1/26/2024,547,COD,Delivered
O010756,CUST010757,R010756,9/2/2019,1983,COD,Delivered
O010757,CUST010758,R010757,8/22/2025,708,COD,Delivered
O010758,CUST010759,R010758,3/5/2022,1133,Card,Delivered
O010759,CUST010760,R010759,1/3/2021,826,Wallet,Delivered
O010760,CUST010761,R010760,6/24/2020,1025,Wallet,Delivered
O010761,CUST010762,R010761,11/19/2020,1128,COD,Delivered
O010762,CUST010763,R010762,1/20/2021,701,Wallet,Delivered
O010763,CUST010764,R010763,2/14/2024,1665,COD,Delivered
O010764,CUST010765,R010764,7/13/2025,1587,Card,Delivered
O010765,CUST010766,R010765,2/12/2019,1290,UPI,Delivered
O010766,CUST010767,R010766,7/18/2023,1219,Card,Delivered
O010767,CUST010768,R010767,10/7/2025,1207,UPI,Cancelled
O010768,CUST010769,R010768,4/21/2019,634,Wallet,Delivered
O010769,CUST010770,R010769,10/12/2021,1600,Card,Delivered
O010770,CUST010771,R010770,4/16/2020,499,Card,Delivered
O010771,CUST010772,R010771,3/27/2022,1761,Card,Delivered
O010772,CUST010773,R010772,7/12/2021,1819,COD,Delivered
O010773,CUST010774,R010773,5/19/2024,685,Card,Delivered
O010774,CUST010775,R010774,5/28/2020,745,Wallet,Delivered
O010775,CUST010776,R010775,12/24/2022,317,Wallet,Delivered
O010776,CUST010777,R010776,10/8/2019,386,COD,Delivered
O010777,CUST010778,R010777,4/23/2020,1203,UPI,Cancelled
O010778,CUST010779,R010778,5/7/2021,1442,Card,Delivered
O010779,CUST010780,R010779,5/28/2021,1010,UPI,Delivered
O010780,CUST010781,R010780,6/1/2019,823,UPI,Delivered
O010781,CUST010782,R010781,3/16/2021,1437,COD,Cancelled
O010782,CUST010783,R010782,1/7/2023,1260,UPI,Cancelled
O010783,CUST010784,R010783,4/10/2020,159,COD,Delivered
O010784,CUST010785,R010784,1/11/2022,1377,Card,Delivered
O010785,CUST010786,R010785,8/16/2020,1436,UPI,Cancelled
O010786,CUST010787,R010786,6/16/2019,1314,Card,Delivered
O010787,CUST010788,R010787,12/23/2020,833,Wallet,Delivered
O010788,CUST010789,R010788,8/18/2023,1026,Card,Delivered
O010789,CUST010790,R010789,8/24/2024,430,COD,Delivered
O010790,CUST010791,R010790,9/24/2025,725,Wallet,Delivered
O010791,CUST010792,R010791,1/8/2024,597,Card,Delivered
O010792,CUST010793,R010792,4/1/2019,1103,UPI,Delivered
O010793,CUST010794,R010793,11/5/2019,867,COD,Delivered
O010794,CUST010795,R010794,5/3/2024,1482,UPI,Delivered
O010795,CUST010796,R010795,2/7/2019,1305,Wallet,Delivered
O010796,CUST010797,R010796,3/12/2025,1215,Wallet,Delivered
O010797,CUST010798,R010797,2/12/2024,1465,Card,Delivered
O010798,CUST010799,R010798,12/17/2025,1972,COD,Delivered
O010799,CUST010800,R010799,11/4/2020,1532,UPI,Delivered
O010800,CUST010801,R010800,4/24/2025,448,UPI,Cancelled
O010801,CUST010802,R010801,3/20/2023,1698,UPI,Delivered
O010802,CUST010803,R010802,9/21/2019,1992,Card,Delivered
O010803,CUST010804,R010803,8/18/2025,341,Card,Delivered
O010804,CUST010805,R010804,12/19/2024,213,Card,Cancelled
O010805,CUST010806,R010805,3/3/2023,719,COD,Delivered
O010806,CUST010807,R010806,2/28/2021,1540,Card,Delivered
O010807,CUST010808,R010807,5/26/2024,1098,Wallet,Delivered
O010808,CUST010809,R010808,10/1/2021,819,COD,Delivered
O010809,CUST010810,R010809,5/21/2020,831,COD,Delivered
O010810,CUST010811,R010810,10/7/2019,1256,COD,Delivered
O010811,CUST010812,R010811,7/12/2025,743,COD,Delivered
O010812,CUST010813,R010812,7/26/2022,1148,UPI,Delivered
O010813,CUST010814,R010813,1/10/2020,1077,Wallet,Delivered
O010814,CUST010815,R010814,9/1/2023,1315,Card,Delivered
O010815,CUST010816,R010815,10/23/2019,1608,COD,Delivered
O010816,CUST010817,R010816,4/12/2020,1013,UPI,Delivered
O010817,CUST010818,R010817,4/14/2021,1904,UPI,Delivered
O010818,CUST010819,R010818,10/25/2025,1348,Card,Delivered
O010819,CUST010820,R010819,12/9/2020,1331,UPI,Delivered
O010820,CUST010821,R010820,8/21/2019,757,UPI,Delivered
O010821,CUST010822,R010821,2/23/2025,1491,UPI,Delivered
O010822,CUST010823,R010822,6/18/2022,1921,UPI,Cancelled
O010823,CUST010824,R010823,9/1/2019,1457,Card,Cancelled
O010824,CUST010825,R010824,9/18/2022,1837,Card,Delivered
O010825,CUST010826,R010825,3/21/2023,380,UPI,Delivered
O010826,CUST010827,R010826,1/26/2025,1644,COD,Delivered
O010827,CUST010828,R010827,12/17/2020,504,Wallet,Delivered
O010828,CUST010829,R010828,10/11/2025,1982,Card,Delivered
O010829,CUST010830,R010829,10/16/2020,201,COD,Delivered
O010830,CUST010831,R010830,10/2/2020,1137,Card,Delivered
O010831,CUST010832,R010831,12/5/2021,1028,Wallet,Cancelled
O010832,CUST010833,R010832,11/25/2025,518,Wallet,Delivered
O010833,CUST010834,R010833,8/11/2020,958,Wallet,Delivered
O010834,CUST010835,R010834,6/27/2022,680,Wallet,Delivered
O010835,CUST010836,R010835,3/13/2019,1581,COD,Cancelled
O010836,CUST010837,R010836,7/4/2023,1072,UPI,Cancelled
O010837,CUST010838,R010837,1/12/2019,1628,UPI,Delivered
O010838,CUST010839,R010838,11/16/2025,1009,Wallet,Cancelled
O010839,CUST010840,R010839,5/8/2024,1304,Card,Delivered
O010840,CUST010841,R010840,1/14/2022,158,UPI,Delivered
O010841,CUST010842,R010841,11/20/2020,189,UPI,Delivered
O010842,CUST010843,R010842,11/13/2022,1719,Card,Delivered
O010843,CUST010844,R010843,10/25/2019,1766,UPI,Delivered
O010844,CUST010845,R010844,1/15/2021,687,Wallet,Delivered
O010845,CUST010846,R010845,5/27/2021,135,UPI,Delivered
O010846,CUST010847,R010846,2/20/2020,749,COD,Delivered
O010847,CUST010848,R010847,6/21/2022,297,Wallet,Delivered
O010848,CUST010849,R010848,7/8/2021,482,Card,Delivered
O010849,CUST010850,R010849,6/27/2019,732,Wallet,Delivered
O010850,CUST010851,R010850,9/6/2021,1245,COD,Delivered
O010851,CUST010852,R010851,1/27/2023,1117,Wallet,Delivered
O010852,CUST010853,R010852,1/3/2019,919,Wallet,Delivered
O010853,CUST010854,R010853,12/9/2019,786,UPI,Delivered
O010854,CUST010855,R010854,7/15/2022,1750,UPI,Delivered
O010855,CUST010856,R010855,5/14/2022,1510,UPI,Delivered
O010856,CUST010857,R010856,4/6/2020,1387,Card,Delivered
O010857,CUST010858,R010857,5/9/2025,208,Card,Delivered
O010858,CUST010859,R010858,4/28/2025,1235,Card,Delivered
O010859,CUST010860,R010859,10/21/2023,793,COD,Delivered
O010860,CUST010861,R010860,3/25/2020,340,Card,Delivered
O010861,CUST010862,R010861,10/24/2021,954,Card,Delivered
O010862,CUST010863,R010862,8/20/2024,777,COD,Delivered
O010863,CUST010864,R010863,12/8/2024,444,COD,Delivered
O010864,CUST010865,R010864,6/28/2021,1335,UPI,Delivered
O010865,CUST010866,R010865,7/9/2025,964,Card,Delivered
O010866,CUST010867,R010866,2/24/2022,1005,UPI,Delivered
O010867,CUST010868,R010867,10/16/2025,1795,Wallet,Cancelled
O010868,CUST010869,R010868,4/16/2020,708,Wallet,Delivered
O010869,CUST010870,R010869,9/9/2020,1431,UPI,Delivered
O010870,CUST010871,R010870,9/10/2023,1726,Wallet,Delivered
O010871,CUST010872,R010871,6/12/2024,1343,UPI,Delivered
O010872,CUST010873,R010872,1/16/2025,447,UPI,Delivered
O010873,CUST010874,R010873,7/19/2023,1012,UPI,Delivered
O010874,CUST010875,R010874,6/18/2023,571,Card,Delivered
O010875,CUST010876,R010875,2/21/2024,1772,Card,Delivered
O010876,CUST010877,R010876,6/17/2024,1960,Card,Delivered
O010877,CUST010878,R010877,12/23/2023,995,Card,Delivered
O010878,CUST010879,R010878,7/6/2020,1593,Card,Delivered
O010879,CUST010880,R010879,2/19/2022,622,Wallet,Delivered
O010880,CUST010881,R010880,4/3/2019,521,COD,Delivered
O010881,CUST010882,R010881,6/25/2022,816,COD,Delivered
O010882,CUST010883,R010882,12/4/2021,1092,Card,Delivered
O010883,CUST010884,R010883,9/4/2023,453,COD,Delivered
O010884,CUST010885,R010884,2/6/2019,1133,UPI,Delivered
O010885,CUST010886,R010885,11/18/2022,1075,Wallet,Delivered
O010886,CUST010887,R010886,8/1/2024,803,Wallet,Delivered
O010887,CUST010888,R010887,1/13/2023,231,Wallet,Cancelled
O010888,CUST010889,R010888,10/16/2019,504,Wallet,Delivered
O010889,CUST010890,R010889,3/14/2021,1577,Card,Delivered
O010890,CUST010891,R010890,8/18/2025,1624,UPI,Cancelled
O010891,CUST010892,R010891,12/16/2025,1504,Wallet,Delivered
O010892,CUST010893,R010892,9/13/2024,1942,UPI,Delivered
O010893,CUST010894,R010893,12/21/2020,1276,Card,Delivered
O010894,CUST010895,R010894,12/16/2019,193,COD,Delivered
O010895,CUST010896,R010895,4/2/2024,1654,UPI,Delivered
O010896,CUST010897,R010896,8/11/2025,1774,Card,Delivered
O010897,CUST010898,R010897,4/25/2025,509,Card,Delivered
O010898,CUST010899,R010898,4/1/2019,453,COD,Delivered
O010899,CUST010900,R010899,6/20/2019,180,COD,Delivered
O010900,CUST010901,R010900,11/6/2020,618,COD,Delivered
O010901,CUST010902,R010901,5/22/2023,606,COD,Delivered
O010902,CUST010903,R010902,9/5/2025,1128,Card,Delivered
O010903,CUST010904,R010903,3/23/2025,1000,Wallet,Cancelled
O010904,CUST010905,R010904,6/7/2022,1289,UPI,Delivered
O010905,CUST010906,R010905,12/11/2022,669,Wallet,Delivered
O010906,CUST010907,R010906,1/3/2020,936,UPI,Delivered
O010907,CUST010908,R010907,4/13/2019,1710,UPI,Delivered
O010908,CUST010909,R010908,10/12/2024,1270,Wallet,Cancelled
O010909,CUST010910,R010909,11/8/2020,1390,UPI,Delivered
O010910,CUST010911,R010910,7/20/2019,1182,UPI,Cancelled
O010911,CUST010912,R010911,1/10/2024,604,Card,Delivered
O010912,CUST010913,R010912,2/14/2020,1697,UPI,Delivered
O010913,CUST010914,R010913,1/15/2022,409,Card,Delivered
O010914,CUST010915,R010914,1/16/2025,224,COD,Delivered
O010915,CUST010916,R010915,10/7/2025,1800,Card,Cancelled
O010916,CUST010917,R010916,9/10/2019,616,Wallet,Delivered
O010917,CUST010918,R010917,10/1/2019,905,Card,Delivered
O010918,CUST010919,R010918,10/23/2023,286,COD,Delivered
O010919,CUST010920,R010919,12/26/2020,553,COD,Delivered
O010920,CUST010921,R010920,7/8/2021,486,Wallet,Delivered
O010921,CUST010922,R010921,2/6/2021,1378,Wallet,Delivered
O010922,CUST010923,R010922,7/2/2022,1182,COD,Cancelled
O010923,CUST010924,R010923,5/1/2025,798,Wallet,Delivered
O010924,CUST010925,R010924,4/5/2019,1597,Wallet,Delivered
O010925,CUST010926,R010925,12/16/2019,467,UPI,Delivered
O010926,CUST010927,R010926,9/10/2024,454,Card,Delivered
O010927,CUST010928,R010927,6/13/2025,268,UPI,Delivered
O010928,CUST010929,R010928,12/22/2021,1844,Card,Delivered
O010929,CUST010930,R010929,5/11/2019,704,Card,Delivered
O010930,CUST010931,R010930,2/2/2024,104,Card,Delivered
O010931,CUST010932,R010931,6/23/2019,996,Wallet,Delivered
O010932,CUST010933,R010932,5/26/2025,596,UPI,Delivered
O010933,CUST010934,R010933,5/23/2019,704,Wallet,Delivered
O010934,CUST010935,R010934,1/7/2019,1466,Card,Delivered
O010935,CUST010936,R010935,10/10/2025,337,COD,Delivered
O010936,CUST010937,R010936,2/4/2023,836,UPI,Delivered
O010937,CUST010938,R010937,5/6/2019,1642,COD,Delivered
O010938,CUST010939,R010938,7/6/2023,512,Wallet,Delivered
O010939,CUST010940,R010939,12/11/2020,114,Wallet,Delivered
O010940,CUST010941,R010940,10/14/2023,1070,Wallet,Delivered
O010941,CUST010942,R010941,11/17/2023,1887,UPI,Delivered
O010942,CUST010943,R010942,1/6/2021,1699,UPI,Delivered
O010943,CUST010944,R010943,7/12/2022,1622,Card,Delivered
O010944,CUST010945,R010944,2/18/2021,655,UPI,Delivered
O010945,CUST010946,R010945,2/26/2019,1224,Wallet,Delivered
O010946,CUST010947,R010946,1/17/2021,322,COD,Delivered
O010947,CUST010948,R010947,11/22/2025,193,Card,Cancelled
O010948,CUST010949,R010948,11/20/2025,1897,Card,Delivered
O010949,CUST010950,R010949,6/27/2019,496,Card,Delivered
O010950,CUST010951,R010950,12/28/2020,370,COD,Delivered
O010951,CUST010952,R010951,7/1/2022,794,COD,Delivered
O010952,CUST010953,R010952,8/5/2021,747,COD,Delivered
O010953,CUST010954,R010953,7/24/2025,730,Wallet,Delivered
O010954,CUST010955,R010954,12/14/2025,1504,COD,Delivered
O010955,CUST010956,R010955,7/7/2021,426,COD,Delivered
O010956,CUST010957,R010956,8/9/2024,1237,UPI,Delivered
O010957,CUST010958,R010957,7/13/2019,1284,Card,Delivered
O010958,CUST010959,R010958,3/8/2019,885,Wallet,Delivered
O010959,CUST010960,R010959,1/12/2021,1839,Wallet,Delivered
O010960,CUST010961,R010960,7/16/2020,1187,Wallet,Delivered
O010961,CUST010962,R010961,3/14/2022,1577,UPI,Delivered
O010962,CUST010963,R010962,12/15/2025,872,Wallet,Delivered
O010963,CUST010964,R010963,6/6/2023,1503,UPI,Delivered
O010964,CUST010965,R010964,6/17/2021,1883,Wallet,Delivered
O010965,CUST010966,R010965,8/21/2022,1837,UPI,Cancelled
O010966,CUST010967,R010966,6/12/2024,1820,Card,Delivered
O010967,CUST010968,R010967,10/2/2022,1748,Card,Delivered
O010968,CUST010969,R010968,4/10/2025,1553,Card,Delivered
O010969,CUST010970,R010969,3/25/2025,600,UPI,Delivered
O010970,CUST010971,R010970,4/15/2023,473,Wallet,Delivered
O010971,CUST010972,R010971,6/24/2023,739,Card,Delivered
O010972,CUST010973,R010972,8/28/2020,181,COD,Delivered
O010973,CUST010974,R010973,7/19/2024,376,Wallet,Delivered
O010974,CUST010975,R010974,7/5/2021,1194,Card,Delivered
O010975,CUST010976,R010975,10/25/2023,488,Wallet,Delivered
O010976,CUST010977,R010976,9/1/2025,1118,Wallet,Cancelled
O010977,CUST010978,R010977,5/12/2025,654,Wallet,Delivered
O010978,CUST010979,R010978,2/2/2022,931,Wallet,Cancelled
O010979,CUST010980,R010979,6/6/2024,1436,Wallet,Delivered
O010980,CUST010981,R010980,4/12/2022,1539,UPI,Delivered
O010981,CUST010982,R010981,3/5/2022,1597,UPI,Delivered
O010982,CUST010983,R010982,11/19/2020,1273,UPI,Cancelled
O010983,CUST010984,R010983,2/2/2023,1990,COD,Delivered
O010984,CUST010985,R010984,2/18/2025,360,Wallet,Delivered
O010985,CUST010986,R010985,2/12/2022,1699,Card,Delivered
O010986,CUST010987,R010986,10/14/2019,1937,Card,Delivered
O010987,CUST010988,R010987,7/27/2021,1997,Card,Delivered
O010988,CUST010989,R010988,12/26/2025,104,COD,Delivered
O010989,CUST010990,R010989,6/23/2023,909,UPI,Delivered
O010990,CUST010991,R010990,11/21/2025,271,COD,Delivered
O010991,CUST010992,R010991,9/25/2022,1082,Card,Delivered
O010992,CUST010993,R010992,7/3/2019,163,COD,Delivered
O010993,CUST010994,R010993,8/6/2019,1155,UPI,Delivered
O010994,CUST010995,R010994,4/2/2024,1214,COD,Delivered
O010995,CUST010996,R010995,4/1/2025,1317,UPI,Delivered
O010996,CUST010997,R010996,5/25/2025,176,UPI,Delivered
O010997,CUST010998,R010997,2/19/2024,1416,UPI,Delivered
O010998,CUST010999,R010998,12/19/2020,1918,Card,Delivered
O010999,CUST011000,R010999,6/15/2022,1981,Wallet,Delivered
O011000,CUST011001,R011000,4/16/2024,177,Card,Delivered
O011001,CUST011002,R011001,11/19/2025,683,UPI,Delivered
O011002,CUST011003,R011002,11/24/2021,1966,Card,Delivered
O011003,CUST011004,R011003,12/24/2021,315,COD,Delivered
O011004,CUST011005,R011004,1/26/2020,1125,UPI,Delivered
O011005,CUST011006,R011005,7/19/2022,251,COD,Delivered
O011006,CUST011007,R011006,12/7/2024,1200,COD,Delivered
O011007,CUST011008,R011007,12/3/2020,543,COD,Delivered
O011008,CUST011009,R011008,2/9/2023,933,Wallet,Delivered
O011009,CUST011010,R011009,5/26/2025,1171,UPI,Delivered
O011010,CUST011011,R011010,3/28/2025,1077,Wallet,Delivered
O011011,CUST011012,R011011,11/14/2019,124,Wallet,Delivered
O011012,CUST011013,R011012,7/12/2024,708,COD,Delivered
O011013,CUST011014,R011013,8/10/2021,1695,Card,Delivered
O011014,CUST011015,R011014,2/14/2020,1312,UPI,Delivered
O011015,CUST011016,R011015,3/5/2019,1626,UPI,Delivered
O011016,CUST011017,R011016,8/19/2023,111,UPI,Delivered
O011017,CUST011018,R011017,5/20/2024,1754,UPI,Delivered
O011018,CUST011019,R011018,9/21/2024,1943,Card,Delivered
O011019,CUST011020,R011019,7/2/2024,1872,Card,Delivered
O011020,CUST011021,R011020,5/12/2020,202,COD,Cancelled
O011021,CUST011022,R011021,4/6/2022,976,Card,Delivered
O011022,CUST011023,R011022,1/20/2019,1800,COD,Delivered
O011023,CUST011024,R011023,8/25/2025,693,COD,Cancelled
O011024,CUST011025,R011024,2/9/2021,796,COD,Delivered
O011025,CUST011026,R011025,9/21/2019,499,Card,Delivered
O011026,CUST011027,R011026,4/4/2023,1312,COD,Delivered
O011027,CUST011028,R011027,1/9/2020,405,UPI,Delivered
O011028,CUST011029,R011028,6/7/2021,1242,COD,Delivered
O011029,CUST011030,R011029,7/14/2020,783,Card,Cancelled
O011030,CUST011031,R011030,3/4/2024,565,COD,Delivered
O011031,CUST011032,R011031,9/15/2024,1245,Card,Delivered
O011032,CUST011033,R011032,7/4/2022,676,Wallet,Delivered
O011033,CUST011034,R011033,11/23/2021,914,Wallet,Delivered
O011034,CUST011035,R011034,1/17/2020,843,COD,Delivered
O011035,CUST011036,R011035,5/18/2022,610,Wallet,Delivered
O011036,CUST011037,R011036,10/8/2023,1579,COD,Delivered
O011037,CUST011038,R011037,5/6/2019,1507,Card,Delivered
O011038,CUST011039,R011038,11/10/2025,1255,Wallet,Delivered
O011039,CUST011040,R011039,2/17/2020,1178,UPI,Delivered
O011040,CUST011041,R011040,1/6/2024,1116,UPI,Cancelled
O011041,CUST011042,R011041,9/20/2022,543,Wallet,Delivered
O011042,CUST011043,R011042,7/11/2024,1495,Card,Delivered
O011043,CUST011044,R011043,5/15/2021,225,Card,Delivered
O011044,CUST011045,R011044,11/26/2023,1873,UPI,Delivered
O011045,CUST011046,R011045,9/14/2024,1670,COD,Delivered
O011046,CUST011047,R011046,7/17/2023,531,Card,Delivered
O011047,CUST011048,R011047,11/26/2019,634,COD,Delivered
O011048,CUST011049,R011048,2/20/2024,275,COD,Delivered
O011049,CUST011050,R011049,2/2/2020,306,Card,Delivered
O011050,CUST011051,R011050,11/21/2020,1124,UPI,Delivered
O011051,CUST011052,R011051,11/5/2024,1362,Card,Delivered
O011052,CUST011053,R011052,3/27/2020,794,Wallet,Delivered
O011053,CUST011054,R011053,6/1/2023,776,Wallet,Delivered
O011054,CUST011055,R011054,4/14/2024,1347,COD,Cancelled
O011055,CUST011056,R011055,7/5/2024,1111,UPI,Cancelled
O011056,CUST011057,R011056,12/10/2023,1916,COD,Delivered
O011057,CUST011058,R011057,8/8/2025,1533,Card,Delivered
O011058,CUST011059,R011058,11/15/2020,1331,Wallet,Delivered
O011059,CUST011060,R011059,11/14/2023,1159,UPI,Delivered
O011060,CUST011061,R011060,7/21/2020,250,COD,Delivered
O011061,CUST011062,R011061,11/17/2021,347,UPI,Delivered
O011062,CUST011063,R011062,3/12/2020,1868,Card,Delivered
O011063,CUST011064,R011063,11/15/2020,218,COD,Delivered
O011064,CUST011065,R011064,7/27/2019,1984,Card,Delivered
O011065,CUST011066,R011065,7/21/2024,1012,Wallet,Delivered
O011066,CUST011067,R011066,10/1/2020,821,COD,Delivered
O011067,CUST011068,R011067,5/3/2025,1435,Wallet,Delivered
O011068,CUST011069,R011068,3/5/2022,1155,COD,Delivered
O011069,CUST011070,R011069,8/10/2021,1071,Wallet,Delivered
O011070,CUST011071,R011070,5/11/2023,1577,Card,Cancelled
O011071,CUST011072,R011071,2/17/2022,1866,COD,Cancelled
O011072,CUST011073,R011072,1/2/2019,1246,UPI,Delivered
O011073,CUST011074,R011073,7/21/2020,294,UPI,Delivered
O011074,CUST011075,R011074,3/17/2025,1578,UPI,Delivered
O011075,CUST011076,R011075,11/13/2023,1912,Card,Delivered
O011076,CUST011077,R011076,11/16/2025,305,COD,Delivered
O011077,CUST011078,R011077,10/17/2025,171,Card,Delivered
O011078,CUST011079,R011078,5/28/2021,629,Card,Delivered
O011079,CUST011080,R011079,2/26/2020,1449,Card,Delivered
O011080,CUST011081,R011080,1/25/2020,1056,Wallet,Delivered
O011081,CUST011082,R011081,2/28/2019,1827,COD,Delivered
O011082,CUST011083,R011082,1/20/2021,688,COD,Delivered
O011083,CUST011084,R011083,5/5/2023,1368,COD,Delivered
O011084,CUST011085,R011084,10/11/2024,593,COD,Delivered
O011085,CUST011086,R011085,6/25/2025,1037,Wallet,Delivered
O011086,CUST011087,R011086,10/16/2022,966,Wallet,Delivered
O011087,CUST011088,R011087,1/27/2024,1195,UPI,Delivered
O011088,CUST011089,R011088,6/17/2019,1528,COD,Delivered
O011089,CUST011090,R011089,3/11/2022,933,UPI,Delivered
O011090,CUST011091,R011090,1/12/2019,1689,UPI,Delivered
O011091,CUST011092,R011091,4/23/2021,1301,UPI,Delivered
O011092,CUST011093,R011092,8/8/2021,1239,UPI,Delivered
O011093,CUST011094,R011093,5/19/2024,672,UPI,Delivered
O011094,CUST011095,R011094,10/23/2020,1412,Card,Delivered
O011095,CUST011096,R011095,8/15/2021,348,Card,Cancelled
O011096,CUST011097,R011096,12/28/2025,133,Card,Cancelled
O011097,CUST011098,R011097,5/23/2020,209,COD,Delivered
O011098,CUST011099,R011098,8/26/2020,654,UPI,Delivered
O011099,CUST011100,R011099,8/3/2022,155,COD,Delivered
O011100,CUST011101,R011100,4/22/2019,426,Wallet,Delivered
O011101,CUST011102,R011101,8/5/2025,1902,UPI,Cancelled
O011102,CUST011103,R011102,12/14/2019,122,COD,Delivered
O011103,CUST011104,R011103,4/28/2023,1052,Card,Delivered
O011104,CUST011105,R011104,9/26/2025,980,COD,Delivered
O011105,CUST011106,R011105,11/24/2021,471,COD,Delivered
O011106,CUST011107,R011106,10/10/2023,873,Wallet,Delivered
O011107,CUST011108,R011107,11/26/2023,600,Wallet,Delivered
O011108,CUST011109,R011108,7/12/2020,1437,COD,Cancelled
O011109,CUST011110,R011109,1/3/2024,1222,UPI,Cancelled
O011110,CUST011111,R011110,4/11/2025,1343,UPI,Delivered
O011111,CUST011112,R011111,11/14/2024,855,Wallet,Cancelled
O011112,CUST011113,R011112,5/6/2019,1154,Card,Delivered
O011113,CUST011114,R011113,11/10/2019,1943,UPI,Delivered
O011114,CUST011115,R011114,9/15/2025,1990,UPI,Delivered
O011115,CUST011116,R011115,4/11/2019,1640,Card,Delivered
O011116,CUST011117,R011116,12/23/2025,1680,UPI,Delivered
O011117,CUST011118,R011117,4/13/2024,596,Wallet,Delivered
O011118,CUST011119,R011118,4/1/2025,1990,UPI,Delivered
O011119,CUST011120,R011119,2/20/2021,533,COD,Delivered
O011120,CUST011121,R011120,7/20/2024,216,COD,Delivered
O011121,CUST011122,R011121,11/7/2024,339,Card,Delivered
O011122,CUST011123,R011122,9/26/2019,840,Wallet,Delivered
O011123,CUST011124,R011123,11/6/2025,1134,Card,Delivered
O011124,CUST011125,R011124,12/24/2024,1005,Wallet,Cancelled
O011125,CUST011126,R011125,9/28/2023,770,Wallet,Delivered
O011126,CUST011127,R011126,12/7/2021,671,Wallet,Delivered
O011127,CUST011128,R011127,9/9/2025,1607,UPI,Delivered
O011128,CUST011129,R011128,2/13/2021,1293,Wallet,Cancelled
O011129,CUST011130,R011129,2/4/2020,1340,UPI,Delivered
O011130,CUST011131,R011130,12/7/2025,1591,UPI,Delivered
O011131,CUST011132,R011131,4/23/2025,717,Wallet,Delivered
O011132,CUST011133,R011132,10/14/2023,323,COD,Delivered
O011133,CUST011134,R011133,1/15/2020,1777,Card,Delivered
O011134,CUST011135,R011134,4/16/2024,875,Card,Delivered
O011135,CUST011136,R011135,7/12/2025,884,Card,Delivered
O011136,CUST011137,R011136,3/6/2023,288,COD,Delivered
O011137,CUST011138,R011137,5/27/2024,1049,UPI,Delivered
O011138,CUST011139,R011138,3/9/2021,859,Card,Delivered
O011139,CUST011140,R011139,6/22/2022,890,UPI,Delivered
O011140,CUST011141,R011140,1/10/2023,1650,COD,Cancelled
O011141,CUST011142,R011141,2/13/2021,623,Wallet,Delivered
O011142,CUST011143,R011142,1/5/2025,1385,UPI,Delivered
O011143,CUST011144,R011143,3/9/2021,1679,UPI,Delivered
O011144,CUST011145,R011144,11/13/2022,1257,Wallet,Delivered
O011145,CUST011146,R011145,10/15/2023,367,UPI,Delivered
O011146,CUST011147,R011146,10/18/2025,933,UPI,Delivered
O011147,CUST011148,R011147,8/17/2020,535,COD,Delivered
O011148,CUST011149,R011148,5/20/2023,1555,Card,Delivered
O011149,CUST011150,R011149,10/16/2020,1806,Card,Delivered
O011150,CUST011151,R011150,1/22/2019,841,Card,Delivered
O011151,CUST011152,R011151,3/3/2021,1487,UPI,Delivered
O011152,CUST011153,R011152,9/17/2024,549,Wallet,Delivered
O011153,CUST011154,R011153,3/25/2019,378,COD,Delivered
O011154,CUST011155,R011154,8/23/2021,667,COD,Delivered
O011155,CUST011156,R011155,6/2/2025,1001,Card,Delivered
O011156,CUST011157,R011156,11/3/2023,406,COD,Delivered
O011157,CUST011158,R011157,10/8/2025,917,UPI,Delivered
O011158,CUST011159,R011158,12/15/2024,996,Wallet,Delivered
O011159,CUST011160,R011159,8/28/2023,724,Wallet,Delivered
O011160,CUST011161,R011160,4/12/2022,145,Wallet,Cancelled
O011161,CUST011162,R011161,5/15/2020,648,UPI,Delivered
O011162,CUST011163,R011162,1/11/2022,1466,UPI,Delivered
O011163,CUST011164,R011163,1/16/2025,1469,UPI,Delivered
O011164,CUST011165,R011164,1/15/2021,1594,UPI,Delivered
O011165,CUST011166,R011165,8/11/2019,166,UPI,Delivered
O011166,CUST011167,R011166,6/20/2021,1939,Card,Cancelled
O011167,CUST011168,R011167,7/17/2021,327,COD,Delivered
O011168,CUST011169,R011168,8/4/2020,1803,UPI,Delivered
O011169,CUST011170,R011169,1/12/2025,1683,Card,Delivered
O011170,CUST011171,R011170,4/27/2022,469,Card,Delivered
O011171,CUST011172,R011171,2/22/2024,417,COD,Delivered
O011172,CUST011173,R011172,2/18/2020,100,COD,Delivered
O011173,CUST011174,R011173,10/5/2021,533,COD,Delivered
O011174,CUST011175,R011174,8/21/2022,517,Card,Delivered
O011175,CUST011176,R011175,4/4/2024,843,Card,Delivered
O011176,CUST011177,R011176,12/23/2021,894,Wallet,Delivered
O011177,CUST011178,R011177,3/6/2020,1145,Wallet,Delivered
O011178,CUST011179,R011178,8/10/2024,555,Wallet,Delivered
O011179,CUST011180,R011179,2/25/2021,793,UPI,Delivered
O011180,CUST011181,R011180,9/9/2025,1604,Wallet,Delivered
O011181,CUST011182,R011181,8/10/2019,1223,Wallet,Delivered
O011182,CUST011183,R011182,12/6/2022,1300,UPI,Delivered
O011183,CUST011184,R011183,4/21/2022,1097,UPI,Delivered
O011184,CUST011185,R011184,8/8/2019,524,Card,Delivered
O011185,CUST011186,R011185,1/13/2024,1660,Wallet,Delivered
O011186,CUST011187,R011186,4/14/2021,194,Card,Delivered
O011187,CUST011188,R011187,8/15/2022,133,COD,Delivered
O011188,CUST011189,R011188,6/6/2019,1645,UPI,Cancelled
O011189,CUST011190,R011189,4/17/2025,510,COD,Delivered
O011190,CUST011191,R011190,7/1/2022,806,UPI,Delivered
O011191,CUST011192,R011191,10/21/2022,171,COD,Delivered
O011192,CUST011193,R011192,10/20/2023,403,COD,Delivered
O011193,CUST011194,R011193,5/5/2022,331,Wallet,Delivered
O011194,CUST011195,R011194,4/4/2021,1268,Wallet,Delivered
O011195,CUST011196,R011195,6/1/2022,960,Card,Cancelled
O011196,CUST011197,R011196,9/3/2022,713,Wallet,Delivered
O011197,CUST011198,R011197,7/3/2021,1518,COD,Delivered
O011198,CUST011199,R011198,2/14/2025,388,Wallet,Delivered
O011199,CUST011200,R011199,11/9/2021,1886,UPI,Delivered
O011200,CUST011201,R011200,9/12/2024,1693,Wallet,Delivered
O011201,CUST011202,R011201,8/15/2021,1261,UPI,Delivered
O011202,CUST011203,R011202,10/4/2019,128,Card,Delivered
O011203,CUST011204,R011203,6/23/2022,1862,Card,Delivered
O011204,CUST011205,R011204,1/16/2024,749,COD,Delivered
O011205,CUST011206,R011205,10/20/2023,491,UPI,Delivered
O011206,CUST011207,R011206,7/21/2025,551,Wallet,Delivered
O011207,CUST011208,R011207,12/5/2024,1312,Card,Delivered
O011208,CUST011209,R011208,5/8/2020,295,COD,Delivered
O011209,CUST011210,R011209,5/4/2022,800,Wallet,Delivered
O011210,CUST011211,R011210,12/4/2019,1563,Wallet,Delivered
O011211,CUST011212,R011211,1/4/2019,433,Wallet,Delivered
O011212,CUST011213,R011212,3/10/2019,1929,Wallet,Delivered
O011213,CUST011214,R011213,9/13/2019,848,Wallet,Delivered
O011214,CUST011215,R011214,7/16/2019,1841,UPI,Delivered
O011215,CUST011216,R011215,6/4/2022,1550,UPI,Delivered
O011216,CUST011217,R011216,8/11/2025,1477,UPI,Delivered
O011217,CUST011218,R011217,2/17/2024,540,UPI,Delivered
O011218,CUST011219,R011218,8/23/2025,1120,Wallet,Delivered
O011219,CUST011220,R011219,7/15/2025,211,COD,Cancelled
O011220,CUST011221,R011220,6/20/2019,1939,Card,Delivered
O011221,CUST011222,R011221,7/18/2023,1812,Card,Cancelled
O011222,CUST011223,R011222,5/1/2024,417,Card,Delivered
O011223,CUST011224,R011223,6/27/2019,333,Card,Delivered
O011224,CUST011225,R011224,8/27/2021,578,COD,Delivered
O011225,CUST011226,R011225,7/4/2023,656,COD,Delivered
O011226,CUST011227,R011226,3/23/2019,640,COD,Delivered
O011227,CUST011228,R011227,7/10/2019,1457,Card,Delivered
O011228,CUST011229,R011228,3/6/2024,320,Wallet,Delivered
O011229,CUST011230,R011229,12/8/2020,1094,Wallet,Delivered
O011230,CUST011231,R011230,10/11/2025,1169,UPI,Delivered
O011231,CUST011232,R011231,10/6/2023,736,COD,Delivered
O011232,CUST011233,R011232,10/10/2020,1727,UPI,Delivered
O011233,CUST011234,R011233,5/15/2022,1599,UPI,Delivered
O011234,CUST011235,R011234,3/12/2024,211,UPI,Cancelled
O011235,CUST011236,R011235,5/23/2024,1220,UPI,Delivered
O011236,CUST011237,R011236,12/8/2019,1850,UPI,Delivered
O011237,CUST011238,R011237,8/22/2025,368,COD,Delivered
O011238,CUST011239,R011238,6/25/2024,1790,UPI,Delivered
O011239,CUST011240,R011239,3/17/2019,1729,Card,Delivered
O011240,CUST011241,R011240,11/1/2025,1663,Card,Delivered
O011241,CUST011242,R011241,9/9/2023,1409,UPI,Cancelled
O011242,CUST011243,R011242,7/24/2019,327,Wallet,Delivered
O011243,CUST011244,R011243,11/14/2021,358,Wallet,Delivered
O011244,CUST011245,R011244,9/22/2022,590,Card,Delivered
O011245,CUST011246,R011245,11/26/2022,1928,COD,Delivered
O011246,CUST011247,R011246,3/18/2019,265,Wallet,Delivered
O011247,CUST011248,R011247,1/1/2021,1344,Card,Delivered
O011248,CUST011249,R011248,3/26/2021,408,COD,Delivered
O011249,CUST011250,R011249,12/26/2020,1039,Wallet,Delivered
O011250,CUST011251,R011250,7/10/2024,570,Wallet,Delivered
O011251,CUST011252,R011251,3/1/2019,1407,UPI,Cancelled
O011252,CUST011253,R011252,9/6/2025,1389,COD,Delivered
O011253,CUST011254,R011253,1/10/2020,1453,UPI,Delivered
O011254,CUST011255,R011254,4/4/2025,1518,Wallet,Delivered
O011255,CUST011256,R011255,6/19/2019,1129,Wallet,Delivered
O011256,CUST011257,R011256,2/9/2022,1913,COD,Delivered
O011257,CUST011258,R011257,1/17/2019,249,COD,Delivered
O011258,CUST011259,R011258,9/10/2023,1545,Card,Delivered
O011259,CUST011260,R011259,2/12/2019,1783,Card,Delivered
O011260,CUST011261,R011260,2/26/2023,1972,Card,Delivered
O011261,CUST011262,R011261,3/28/2023,1969,COD,Delivered
O011262,CUST011263,R011262,8/21/2022,830,UPI,Delivered
O011263,CUST011264,R011263,5/19/2022,186,COD,Delivered
O011264,CUST011265,R011264,11/23/2021,991,Card,Cancelled
O011265,CUST011266,R011265,2/28/2022,116,COD,Delivered
O011266,CUST011267,R011266,4/5/2022,1114,Wallet,Delivered
O011267,CUST011268,R011267,9/1/2025,1134,Card,Delivered
O011268,CUST011269,R011268,12/28/2019,745,COD,Delivered
O011269,CUST011270,R011269,4/24/2019,1529,Wallet,Delivered
O011270,CUST011271,R011270,4/12/2021,878,Wallet,Delivered
O011271,CUST011272,R011271,10/12/2023,1205,Card,Cancelled
O011272,CUST011273,R011272,10/6/2021,1404,Wallet,Cancelled
O011273,CUST011274,R011273,4/7/2025,289,Card,Delivered
O011274,CUST011275,R011274,7/1/2021,540,UPI,Delivered
O011275,CUST011276,R011275,12/22/2025,1930,UPI,Cancelled
O011276,CUST011277,R011276,2/22/2020,273,COD,Delivered
O011277,CUST011278,R011277,4/24/2022,1035,UPI,Delivered
O011278,CUST011279,R011278,8/18/2025,161,COD,Delivered
O011279,CUST011280,R011279,12/6/2025,1158,COD,Delivered
O011280,CUST011281,R011280,8/2/2023,332,COD,Delivered
O011281,CUST011282,R011281,7/8/2019,789,COD,Delivered
O011282,CUST011283,R011282,8/25/2024,1051,Wallet,Delivered
O011283,CUST011284,R011283,10/27/2022,923,Wallet,Delivered
O011284,CUST011285,R011284,3/13/2021,1914,Wallet,Delivered
O011285,CUST011286,R011285,6/8/2021,603,COD,Delivered
O011286,CUST011287,R011286,8/8/2023,1807,Card,Delivered
O011287,CUST011288,R011287,5/16/2021,1168,Wallet,Delivered
O011288,CUST011289,R011288,5/3/2025,1540,UPI,Delivered
O011289,CUST011290,R011289,1/17/2024,1790,UPI,Delivered
O011290,CUST011291,R011290,7/19/2024,1707,UPI,Delivered
O011291,CUST011292,R011291,9/15/2022,1852,Card,Delivered
O011292,CUST011293,R011292,8/28/2020,1786,Card,Delivered
O011293,CUST011294,R011293,5/11/2023,123,Card,Delivered
O011294,CUST011295,R011294,10/3/2021,941,UPI,Delivered
O011295,CUST011296,R011295,8/19/2024,1723,Wallet,Delivered
O011296,CUST011297,R011296,11/24/2024,538,COD,Cancelled
O011297,CUST011298,R011297,7/7/2024,641,COD,Delivered
O011298,CUST011299,R011298,4/19/2021,220,Card,Delivered
O011299,CUST011300,R011299,3/3/2023,1467,COD,Delivered
O011300,CUST011301,R011300,1/10/2023,261,UPI,Delivered
O011301,CUST011302,R011301,4/5/2022,1156,Wallet,Delivered
O011302,CUST011303,R011302,9/11/2019,693,Wallet,Delivered
O011303,CUST011304,R011303,5/28/2022,1324,Wallet,Delivered
O011304,CUST011305,R011304,12/10/2024,107,COD,Delivered
O011305,CUST011306,R011305,10/15/2023,1402,UPI,Delivered
O011306,CUST011307,R011306,1/6/2025,1641,Wallet,Delivered
O011307,CUST011308,R011307,2/28/2021,764,Card,Delivered
O011308,CUST011309,R011308,9/1/2024,533,Wallet,Delivered
O011309,CUST011310,R011309,9/7/2020,1294,COD,Delivered
O011310,CUST011311,R011310,7/5/2022,1354,Card,Delivered
O011311,CUST011312,R011311,4/9/2025,1106,Wallet,Delivered
O011312,CUST011313,R011312,5/13/2022,1289,UPI,Delivered
O011313,CUST011314,R011313,4/8/2022,1016,Card,Cancelled
O011314,CUST011315,R011314,10/18/2021,439,Wallet,Delivered
O011315,CUST011316,R011315,1/9/2021,1404,Card,Cancelled
O011316,CUST011317,R011316,12/13/2021,134,Card,Delivered
O011317,CUST011318,R011317,10/21/2024,1831,UPI,Delivered
O011318,CUST011319,R011318,5/13/2020,257,COD,Delivered
O011319,CUST011320,R011319,7/16/2022,451,UPI,Delivered
O011320,CUST011321,R011320,2/25/2025,548,Card,Delivered
O011321,CUST011322,R011321,1/19/2025,149,COD,Delivered
O011322,CUST011323,R011322,5/2/2021,196,Card,Delivered
O011323,CUST011324,R011323,2/28/2021,1014,UPI,Delivered
O011324,CUST011325,R011324,12/3/2020,1213,Card,Delivered
O011325,CUST011326,R011325,6/25/2022,905,Wallet,Delivered
O011326,CUST011327,R011326,12/2/2024,633,Wallet,Delivered
O011327,CUST011328,R011327,5/13/2021,1067,COD,Delivered
O011328,CUST011329,R011328,8/3/2023,1064,UPI,Cancelled
O011329,CUST011330,R011329,4/7/2025,1825,COD,Delivered
O011330,CUST011331,R011330,4/2/2025,1448,UPI,Delivered
O011331,CUST011332,R011331,10/14/2020,1251,Wallet,Delivered
O011332,CUST011333,R011332,10/11/2024,1123,UPI,Delivered
O011333,CUST011334,R011333,6/19/2022,208,Card,Delivered
O011334,CUST011335,R011334,2/15/2020,257,Wallet,Delivered
O011335,CUST011336,R011335,3/11/2020,1713,UPI,Delivered
O011336,CUST011337,R011336,8/14/2023,635,Card,Delivered
O011337,CUST011338,R011337,12/26/2024,1885,UPI,Delivered
O011338,CUST011339,R011338,2/19/2024,697,COD,Delivered
O011339,CUST011340,R011339,12/25/2024,250,Card,Delivered
O011340,CUST011341,R011340,11/22/2021,857,Wallet,Delivered
O011341,CUST011342,R011341,7/5/2021,680,COD,Delivered
O011342,CUST011343,R011342,7/2/2020,1025,COD,Delivered
O011343,CUST011344,R011343,8/27/2025,1492,UPI,Delivered
O011344,CUST011345,R011344,3/14/2025,1786,COD,Delivered
O011345,CUST011346,R011345,1/1/2022,1167,UPI,Delivered
O011346,CUST011347,R011346,5/21/2020,253,Wallet,Delivered
O011347,CUST011348,R011347,10/16/2023,1357,UPI,Delivered
O011348,CUST011349,R011348,7/12/2024,1757,UPI,Delivered
O011349,CUST011350,R011349,8/15/2023,156,Card,Cancelled
O011350,CUST011351,R011350,2/14/2020,1929,Card,Cancelled
O011351,CUST011352,R011351,12/28/2020,785,UPI,Delivered
O011352,CUST011353,R011352,9/28/2022,1343,Card,Delivered
O011353,CUST011354,R011353,11/23/2021,901,Wallet,Delivered
O011354,CUST011355,R011354,9/26/2019,1737,Card,Delivered
O011355,CUST011356,R011355,12/18/2021,641,COD,Delivered
O011356,CUST011357,R011356,7/28/2023,1152,COD,Delivered
O011357,CUST011358,R011357,1/9/2020,513,Card,Cancelled
O011358,CUST011359,R011358,9/24/2024,958,Wallet,Delivered
O011359,CUST011360,R011359,5/15/2020,881,Wallet,Delivered
O011360,CUST011361,R011360,11/26/2023,1147,UPI,Delivered
O011361,CUST011362,R011361,12/14/2021,1417,COD,Delivered
O011362,CUST011363,R011362,4/9/2025,785,Wallet,Delivered
O011363,CUST011364,R011363,6/11/2020,1546,Card,Delivered
O011364,CUST011365,R011364,8/22/2022,1412,UPI,Delivered
O011365,CUST011366,R011365,6/10/2024,959,UPI,Delivered
O011366,CUST011367,R011366,7/17/2023,562,UPI,Delivered
O011367,CUST011368,R011367,9/21/2019,1257,Card,Cancelled
O011368,CUST011369,R011368,8/12/2023,262,Card,Delivered
O011369,CUST011370,R011369,11/22/2019,1954,Card,Delivered
O011370,CUST011371,R011370,2/19/2020,174,COD,Delivered
O011371,CUST011372,R011371,1/24/2023,575,UPI,Delivered
O011372,CUST011373,R011372,11/2/2021,497,COD,Delivered
O011373,CUST011374,R011373,8/20/2022,763,Wallet,Delivered
O011374,CUST011375,R011374,1/11/2023,145,Card,Cancelled
O011375,CUST011376,R011375,8/19/2023,445,COD,Delivered
O011376,CUST011377,R011376,2/5/2022,1336,Card,Delivered
O011377,CUST011378,R011377,9/3/2024,1092,COD,Delivered
O011378,CUST011379,R011378,5/26/2023,323,COD,Delivered
O011379,CUST011380,R011379,6/6/2020,762,COD,Delivered
O011380,CUST011381,R011380,2/24/2023,489,UPI,Delivered
O011381,CUST011382,R011381,3/10/2024,1352,COD,Delivered
O011382,CUST011383,R011382,9/25/2023,1143,UPI,Delivered
O011383,CUST011384,R011383,10/9/2024,1264,UPI,Delivered
O011384,CUST011385,R011384,8/13/2022,813,Wallet,Delivered
O011385,CUST011386,R011385,5/5/2020,1630,UPI,Cancelled
O011386,CUST011387,R011386,8/8/2020,1854,UPI,Delivered
O011387,CUST011388,R011387,2/14/2019,1900,Wallet,Delivered
O011388,CUST011389,R011388,8/7/2022,1534,Card,Delivered
O011389,CUST011390,R011389,12/22/2021,1580,UPI,Cancelled
O011390,CUST011391,R011390,7/12/2023,709,COD,Delivered
O011391,CUST011392,R011391,11/28/2023,1841,UPI,Delivered
O011392,CUST011393,R011392,4/18/2020,378,COD,Delivered
O011393,CUST011394,R011393,6/19/2020,105,COD,Delivered
O011394,CUST011395,R011394,6/5/2019,123,Card,Delivered
O011395,CUST011396,R011395,9/20/2023,760,Wallet,Delivered
O011396,CUST011397,R011396,6/4/2019,1054,Card,Delivered
O011397,CUST011398,R011397,10/22/2024,920,COD,Delivered
O011398,CUST011399,R011398,8/28/2022,724,Card,Cancelled
O011399,CUST011400,R011399,3/3/2020,624,Wallet,Delivered
O011400,CUST011401,R011400,10/8/2020,1521,UPI,Delivered
O011401,CUST011402,R011401,11/11/2019,1150,COD,Cancelled
O011402,CUST011403,R011402,5/3/2021,1197,UPI,Delivered
O011403,CUST011404,R011403,2/7/2023,369,UPI,Delivered
O011404,CUST011405,R011404,7/22/2025,611,Wallet,Delivered
O011405,CUST011406,R011405,1/12/2025,169,Card,Delivered
O011406,CUST011407,R011406,1/13/2022,1623,Wallet,Delivered
O011407,CUST011408,R011407,4/14/2024,1987,UPI,Delivered
O011408,CUST011409,R011408,12/15/2025,419,UPI,Delivered
O011409,CUST011410,R011409,10/26/2022,1682,UPI,Delivered
O011410,CUST011411,R011410,11/19/2019,537,Wallet,Delivered
O011411,CUST011412,R011411,1/28/2021,768,UPI,Delivered
O011412,CUST011413,R011412,1/15/2020,668,Wallet,Delivered
O011413,CUST011414,R011413,6/9/2020,1609,COD,Cancelled
O011414,CUST011415,R011414,3/12/2024,480,COD,Delivered
O011415,CUST011416,R011415,1/4/2024,1241,UPI,Delivered
O011416,CUST011417,R011416,6/7/2021,1785,UPI,Delivered
O011417,CUST011418,R011417,12/10/2023,1146,Wallet,Delivered
O011418,CUST011419,R011418,1/13/2023,257,Wallet,Delivered
O011419,CUST011420,R011419,2/16/2025,778,UPI,Delivered
O011420,CUST011421,R011420,8/15/2022,130,COD,Delivered
O011421,CUST011422,R011421,11/15/2023,1475,UPI,Delivered
O011422,CUST011423,R011422,7/14/2019,1770,Card,Delivered
O011423,CUST011424,R011423,7/20/2022,625,Card,Delivered
O011424,CUST011425,R011424,5/1/2019,1396,UPI,Delivered
O011425,CUST011426,R011425,1/16/2020,459,COD,Delivered
O011426,CUST011427,R011426,1/4/2022,337,Card,Delivered
O011427,CUST011428,R011427,8/22/2022,631,COD,Delivered
O011428,CUST011429,R011428,2/1/2019,857,Card,Delivered
O011429,CUST011430,R011429,10/2/2025,512,COD,Delivered
O011430,CUST011431,R011430,1/7/2025,763,Wallet,Delivered
O011431,CUST011432,R011431,7/15/2023,886,Wallet,Delivered
O011432,CUST011433,R011432,3/26/2025,443,Wallet,Delivered
O011433,CUST011434,R011433,12/9/2019,1647,Wallet,Delivered
O011434,CUST011435,R011434,7/9/2025,569,UPI,Delivered
O011435,CUST011436,R011435,7/8/2019,1387,UPI,Delivered
O011436,CUST011437,R011436,10/15/2024,1427,UPI,Delivered
O011437,CUST011438,R011437,7/11/2023,1547,Wallet,Delivered
O011438,CUST011439,R011438,9/10/2022,1977,UPI,Delivered
O011439,CUST011440,R011439,11/18/2022,1854,Card,Cancelled
O011440,CUST011441,R011440,4/16/2024,247,COD,Delivered
O011441,CUST011442,R011441,7/3/2023,1529,UPI,Delivered
O011442,CUST011443,R011442,4/11/2025,173,Card,Delivered
O011443,CUST011444,R011443,1/1/2025,554,Card,Delivered
O011444,CUST011445,R011444,12/24/2023,501,Card,Delivered
O011445,CUST011446,R011445,7/20/2022,234,COD,Delivered
O011446,CUST011447,R011446,3/4/2021,179,COD,Delivered
O011447,CUST011448,R011447,5/18/2023,373,COD,Delivered
O011448,CUST011449,R011448,6/2/2023,757,Card,Delivered
O011449,CUST011450,R011449,10/20/2021,804,Wallet,Delivered
O011450,CUST011451,R011450,6/4/2020,924,Wallet,Delivered
O011451,CUST011452,R011451,12/12/2019,508,Wallet,Delivered
O011452,CUST011453,R011452,3/24/2024,707,Wallet,Delivered
O011453,CUST011454,R011453,1/7/2021,1525,Wallet,Delivered
O011454,CUST011455,R011454,11/9/2025,1080,Wallet,Delivered
O011455,CUST011456,R011455,9/2/2020,1450,UPI,Delivered
O011456,CUST011457,R011456,7/20/2022,985,UPI,Delivered
O011457,CUST011458,R011457,1/7/2022,369,Card,Delivered
O011458,CUST011459,R011458,1/11/2019,1512,Wallet,Delivered
O011459,CUST011460,R011459,3/13/2021,1696,Card,Delivered
O011460,CUST011461,R011460,6/10/2020,1933,COD,Delivered
O011461,CUST011462,R011461,4/3/2020,1429,UPI,Delivered
O011462,CUST011463,R011462,6/15/2023,421,COD,Delivered
O011463,CUST011464,R011463,5/27/2020,715,UPI,Delivered
O011464,CUST011465,R011464,5/21/2020,129,COD,Delivered
O011465,CUST011466,R011465,2/19/2021,367,Card,Delivered
O011466,CUST011467,R011466,1/4/2023,252,COD,Delivered
O011467,CUST011468,R011467,11/3/2025,1188,Wallet,Delivered
O011468,CUST011469,R011468,10/27/2022,1066,Card,Delivered
O011469,CUST011470,R011469,9/2/2025,602,Wallet,Delivered
O011470,CUST011471,R011470,4/2/2024,1931,COD,Delivered
O011471,CUST011472,R011471,7/13/2019,239,COD,Delivered
O011472,CUST011473,R011472,11/7/2023,1486,UPI,Delivered
O011473,CUST011474,R011473,10/4/2024,1550,Wallet,Delivered
O011474,CUST011475,R011474,5/13/2020,1221,Wallet,Delivered
O011475,CUST011476,R011475,3/1/2023,1982,UPI,Delivered
O011476,CUST011477,R011476,1/21/2022,1343,UPI,Cancelled
O011477,CUST011478,R011477,2/18/2023,237,Card,Delivered
O011478,CUST011479,R011478,10/13/2023,1885,Wallet,Delivered
O011479,CUST011480,R011479,6/14/2021,1813,Wallet,Delivered
O011480,CUST011481,R011480,7/25/2020,842,Card,Delivered
O011481,CUST011482,R011481,8/1/2019,395,Card,Delivered
O011482,CUST011483,R011482,1/3/2023,647,Wallet,Delivered
O011483,CUST011484,R011483,12/3/2020,1452,Wallet,Delivered
O011484,CUST011485,R011484,4/1/2022,327,Wallet,Delivered
O011485,CUST011486,R011485,6/8/2021,1530,COD,Delivered
O011486,CUST011487,R011486,7/8/2022,705,Wallet,Delivered
O011487,CUST011488,R011487,1/14/2023,1692,UPI,Delivered
O011488,CUST011489,R011488,3/3/2021,1136,UPI,Delivered
O011489,CUST011490,R011489,7/9/2020,1430,UPI,Delivered
O011490,CUST011491,R011490,6/18/2021,456,Wallet,Cancelled
O011491,CUST011492,R011491,11/20/2025,1040,Wallet,Delivered
O011492,CUST011493,R011492,10/15/2019,130,COD,Delivered
O011493,CUST011494,R011493,2/27/2020,1898,Card,Delivered
O011494,CUST011495,R011494,10/17/2022,1957,UPI,Delivered
O011495,CUST011496,R011495,5/28/2023,263,UPI,Delivered
O011496,CUST011497,R011496,8/25/2022,184,Card,Cancelled
O011497,CUST011498,R011497,1/26/2019,434,COD,Delivered
O011498,CUST011499,R011498,9/3/2023,302,COD,Delivered
O011499,CUST011500,R011499,4/17/2020,496,COD,Delivered
O011500,CUST011501,R011500,9/8/2025,1308,Card,Delivered
O011501,CUST011502,R011501,6/4/2019,229,Wallet,Delivered
O011502,CUST011503,R011502,2/3/2022,1048,Wallet,Delivered
O011503,CUST011504,R011503,1/13/2021,1128,UPI,Delivered
O011504,CUST011505,R011504,10/4/2025,656,COD,Delivered
O011505,CUST011506,R011505,2/9/2023,1648,Wallet,Delivered
O011506,CUST011507,R011506,8/13/2022,1515,UPI,Delivered
O011507,CUST011508,R011507,5/12/2022,164,UPI,Cancelled
O011508,CUST011509,R011508,8/23/2025,934,UPI,Delivered
O011509,CUST011510,R011509,10/6/2024,1701,UPI,Delivered
O011510,CUST011511,R011510,9/20/2021,226,Wallet,Delivered
O011511,CUST011512,R011511,7/12/2021,1819,Card,Delivered
O011512,CUST011513,R011512,7/12/2022,150,Card,Delivered
O011513,CUST011514,R011513,6/5/2022,1980,COD,Delivered
O011514,CUST011515,R011514,12/13/2020,1747,UPI,Delivered
O011515,CUST011516,R011515,7/28/2022,236,Wallet,Delivered
O011516,CUST011517,R011516,7/23/2021,316,COD,Delivered
O011517,CUST011518,R011517,8/21/2024,379,UPI,Delivered
O011518,CUST011519,R011518,2/25/2022,1849,COD,Delivered
O011519,CUST011520,R011519,10/16/2024,180,Wallet,Delivered
O011520,CUST011521,R011520,4/28/2021,1253,UPI,Delivered
O011521,CUST011522,R011521,2/26/2024,297,COD,Delivered
O011522,CUST011523,R011522,4/23/2023,934,Wallet,Delivered
O011523,CUST011524,R011523,12/8/2025,426,COD,Delivered
O011524,CUST011525,R011524,11/28/2020,1007,Wallet,Delivered
O011525,CUST011526,R011525,3/28/2023,1240,COD,Cancelled
O011526,CUST011527,R011526,10/9/2019,1169,UPI,Delivered
O011527,CUST011528,R011527,11/2/2023,1407,Wallet,Delivered
O011528,CUST011529,R011528,6/16/2021,1044,COD,Delivered
O011529,CUST011530,R011529,3/11/2022,1833,COD,Delivered
O011530,CUST011531,R011530,3/15/2019,170,COD,Delivered
O011531,CUST011532,R011531,7/7/2020,1509,Card,Delivered
O011532,CUST011533,R011532,5/11/2019,1741,UPI,Delivered
O011533,CUST011534,R011533,6/24/2019,1881,Card,Delivered
O011534,CUST011535,R011534,4/27/2019,1815,COD,Delivered
O011535,CUST011536,R011535,9/20/2023,550,UPI,Delivered
O011536,CUST011537,R011536,1/18/2025,1986,COD,Delivered
O011537,CUST011538,R011537,3/22/2024,592,Card,Cancelled
O011538,CUST011539,R011538,11/22/2025,1869,Card,Delivered
O011539,CUST011540,R011539,10/3/2019,960,Wallet,Delivered
O011540,CUST011541,R011540,6/25/2025,1022,Card,Delivered
O011541,CUST011542,R011541,3/26/2023,703,COD,Delivered
O011542,CUST011543,R011542,9/25/2024,1450,Wallet,Delivered
O011543,CUST011544,R011543,3/10/2019,799,COD,Delivered
O011544,CUST011545,R011544,12/10/2021,1119,UPI,Cancelled
O011545,CUST011546,R011545,5/6/2022,1357,COD,Cancelled
O011546,CUST011547,R011546,7/6/2019,1542,UPI,Delivered
O011547,CUST011548,R011547,4/21/2019,1923,Wallet,Delivered
O011548,CUST011549,R011548,5/14/2025,1352,UPI,Cancelled
O011549,CUST011550,R011549,12/13/2020,1603,COD,Delivered
O011550,CUST011551,R011550,6/17/2019,680,Card,Delivered
O011551,CUST011552,R011551,1/6/2023,1956,COD,Delivered
O011552,CUST011553,R011552,2/4/2023,1003,COD,Delivered
O011553,CUST011554,R011553,11/28/2025,178,COD,Delivered
O011554,CUST011555,R011554,2/6/2021,748,COD,Delivered
O011555,CUST011556,R011555,12/27/2020,649,Wallet,Delivered
O011556,CUST011557,R011556,5/25/2022,842,Wallet,Delivered
O011557,CUST011558,R011557,1/11/2021,1829,COD,Delivered
O011558,CUST011559,R011558,9/6/2020,513,COD,Delivered
O011559,CUST011560,R011559,3/7/2022,1760,UPI,Delivered
O011560,CUST011561,R011560,3/23/2024,1126,Wallet,Delivered
O011561,CUST011562,R011561,3/2/2023,1397,UPI,Delivered
O011562,CUST011563,R011562,9/16/2025,1648,Wallet,Delivered
O011563,CUST011564,R011563,2/18/2022,1308,UPI,Delivered
O011564,CUST011565,R011564,7/15/2021,1572,Card,Delivered
O011565,CUST011566,R011565,6/27/2022,1675,Card,Delivered
O011566,CUST011567,R011566,5/9/2025,1870,Card,Delivered
O011567,CUST011568,R011567,2/1/2021,1047,UPI,Delivered
O011568,CUST011569,R011568,8/21/2022,1642,COD,Delivered
O011569,CUST011570,R011569,4/20/2019,502,COD,Cancelled
O011570,CUST011571,R011570,9/5/2023,600,COD,Delivered
O011571,CUST011572,R011571,11/18/2019,129,COD,Delivered
O011572,CUST011573,R011572,11/1/2024,1376,COD,Delivered
O011573,CUST011574,R011573,5/9/2021,742,Wallet,Delivered
O011574,CUST011575,R011574,12/4/2025,1057,Wallet,Delivered
O011575,CUST011576,R011575,9/10/2025,549,Wallet,Delivered
O011576,CUST011577,R011576,8/27/2022,919,Wallet,Delivered
O011577,CUST011578,R011577,11/9/2025,1854,COD,Delivered
O011578,CUST011579,R011578,12/8/2022,1292,UPI,Delivered
O011579,CUST011580,R011579,12/4/2025,1530,UPI,Delivered
O011580,CUST011581,R011580,2/25/2023,1675,Wallet,Delivered
O011581,CUST011582,R011581,4/2/2022,1259,UPI,Delivered
O011582,CUST011583,R011582,5/17/2021,119,Wallet,Delivered
O011583,CUST011584,R011583,1/15/2021,217,Card,Delivered
O011584,CUST011585,R011584,12/19/2020,1689,Wallet,Delivered
O011585,CUST011586,R011585,3/24/2021,1198,Wallet,Delivered
O011586,CUST011587,R011586,5/7/2025,932,Card,Delivered
O011587,CUST011588,R011587,6/15/2022,359,Wallet,Delivered
O011588,CUST011589,R011588,4/8/2022,1304,UPI,Delivered
O011589,CUST011590,R011589,11/12/2023,1674,Card,Cancelled
O011590,CUST011591,R011590,1/19/2024,1677,UPI,Cancelled
O011591,CUST011592,R011591,4/11/2019,103,COD,Cancelled
O011592,CUST011593,R011592,2/14/2024,345,UPI,Delivered
O011593,CUST011594,R011593,5/24/2022,529,Card,Delivered
O011594,CUST011595,R011594,1/20/2021,1971,COD,Delivered
O011595,CUST011596,R011595,11/28/2025,116,Card,Delivered
O011596,CUST011597,R011596,4/26/2020,928,UPI,Cancelled
O011597,CUST011598,R011597,11/2/2023,1166,UPI,Delivered
O011598,CUST011599,R011598,10/22/2025,859,Wallet,Delivered
O011599,CUST011600,R011599,5/1/2025,548,Wallet,Delivered
O011600,CUST011601,R011600,7/12/2024,987,COD,Delivered
O011601,CUST011602,R011601,8/3/2019,920,UPI,Cancelled
O011602,CUST011603,R011602,2/7/2025,1291,COD,Delivered
O011603,CUST011604,R011603,11/1/2022,1337,UPI,Delivered
O011604,CUST011605,R011604,6/12/2021,1096,Wallet,Delivered
O011605,CUST011606,R011605,6/9/2021,974,UPI,Delivered
O011606,CUST011607,R011606,1/18/2024,321,Card,Delivered
O011607,CUST011608,R011607,8/15/2021,157,Wallet,Delivered
O011608,CUST011609,R011608,5/9/2025,1671,UPI,Delivered
O011609,CUST011610,R011609,6/12/2024,544,Card,Delivered
O011610,CUST011611,R011610,7/24/2025,1795,UPI,Delivered
O011611,CUST011612,R011611,2/19/2025,475,COD,Delivered
O011612,CUST011613,R011612,8/24/2020,207,UPI,Delivered
O011613,CUST011614,R011613,3/21/2024,777,COD,Delivered
O011614,CUST011615,R011614,10/4/2021,537,Card,Delivered
O011615,CUST011616,R011615,2/1/2024,193,Card,Delivered
O011616,CUST011617,R011616,2/24/2024,953,Wallet,Delivered
O011617,CUST011618,R011617,6/7/2025,1247,COD,Delivered
O011618,CUST011619,R011618,5/21/2021,591,UPI,Delivered
O011619,CUST011620,R011619,1/12/2024,365,Wallet,Delivered
O011620,CUST011621,R011620,8/12/2023,1213,Wallet,Delivered
O011621,CUST011622,R011621,12/10/2025,1715,UPI,Cancelled
O011622,CUST011623,R011622,10/13/2022,1644,Card,Delivered
O011623,CUST011624,R011623,12/12/2019,1839,Card,Delivered
O011624,CUST011625,R011624,7/22/2020,699,UPI,Delivered
O011625,CUST011626,R011625,8/25/2019,1263,UPI,Delivered
O011626,CUST011627,R011626,3/22/2022,866,COD,Delivered
O011627,CUST011628,R011627,4/25/2023,1593,Card,Delivered
O011628,CUST011629,R011628,4/17/2021,236,COD,Cancelled
O011629,CUST011630,R011629,12/27/2019,997,COD,Delivered
O011630,CUST011631,R011630,10/8/2023,403,Card,Cancelled
O011631,CUST011632,R011631,8/22/2024,678,Wallet,Delivered
O011632,CUST011633,R011632,5/13/2022,992,COD,Delivered
O011633,CUST011634,R011633,6/28/2021,1003,UPI,Delivered
O011634,CUST011635,R011634,2/12/2020,1332,COD,Delivered
O011635,CUST011636,R011635,5/8/2021,738,UPI,Delivered
O011636,CUST011637,R011636,3/7/2021,1498,UPI,Delivered
O011637,CUST011638,R011637,11/16/2024,1327,UPI,Delivered
O011638,CUST011639,R011638,7/9/2020,880,UPI,Delivered
O011639,CUST011640,R011639,2/17/2022,482,UPI,Delivered
O011640,CUST011641,R011640,7/20/2025,1738,UPI,Cancelled
O011641,CUST011642,R011641,8/11/2024,1797,Card,Delivered
O011642,CUST011643,R011642,8/21/2020,1800,Card,Delivered
O011643,CUST011644,R011643,7/17/2021,1921,Card,Delivered
O011644,CUST011645,R011644,10/24/2019,469,UPI,Delivered
O011645,CUST011646,R011645,9/23/2022,652,COD,Delivered
O011646,CUST011647,R011646,2/22/2023,620,Wallet,Delivered
O011647,CUST011648,R011647,7/9/2020,1961,Card,Delivered
O011648,CUST011649,R011648,10/17/2022,353,Wallet,Delivered
O011649,CUST011650,R011649,12/4/2025,1114,COD,Delivered
O011650,CUST011651,R011650,12/26/2024,1479,Wallet,Delivered
O011651,CUST011652,R011651,7/3/2020,671,Wallet,Delivered
O011652,CUST011653,R011652,10/11/2024,1110,COD,Delivered
O011653,CUST011654,R011653,9/1/2020,832,UPI,Delivered
O011654,CUST011655,R011654,5/13/2019,986,Card,Delivered
O011655,CUST011656,R011655,12/3/2019,1033,Wallet,Delivered
O011656,CUST011657,R011656,12/8/2020,1114,UPI,Delivered
O011657,CUST011658,R011657,6/12/2020,669,Wallet,Delivered
O011658,CUST011659,R011658,7/3/2021,1743,UPI,Delivered
O011659,CUST011660,R011659,1/11/2020,1754,UPI,Delivered
O011660,CUST011661,R011660,4/12/2024,1619,Wallet,Cancelled
O011661,CUST011662,R011661,11/5/2024,1443,Card,Cancelled
O011662,CUST011663,R011662,12/20/2023,1490,UPI,Delivered
O011663,CUST011664,R011663,4/14/2021,667,COD,Delivered
O011664,CUST011665,R011664,6/26/2025,1804,Wallet,Delivered
O011665,CUST011666,R011665,8/16/2023,298,Card,Delivered
O011666,CUST011667,R011666,9/17/2019,1922,COD,Delivered
O011667,CUST011668,R011667,1/4/2023,1615,Card,Delivered
O011668,CUST011669,R011668,12/19/2024,648,Wallet,Delivered
O011669,CUST011670,R011669,11/3/2023,774,Card,Delivered
O011670,CUST011671,R011670,11/21/2020,777,COD,Delivered
O011671,CUST011672,R011671,7/26/2020,836,Card,Delivered
O011672,CUST011673,R011672,9/5/2022,475,Wallet,Delivered
O011673,CUST011674,R011673,3/6/2021,1410,Wallet,Cancelled
O011674,CUST011675,R011674,9/7/2019,1104,COD,Cancelled
O011675,CUST011676,R011675,9/1/2022,1106,UPI,Delivered
O011676,CUST011677,R011676,10/1/2022,283,Wallet,Delivered
O011677,CUST011678,R011677,5/20/2020,531,Wallet,Delivered
O011678,CUST011679,R011678,11/11/2025,1860,Card,Delivered
O011679,CUST011680,R011679,8/12/2019,1582,Wallet,Delivered
O011680,CUST011681,R011680,7/13/2024,1896,UPI,Delivered
O011681,CUST011682,R011681,4/13/2021,265,UPI,Delivered
O011682,CUST011683,R011682,7/25/2025,1577,UPI,Cancelled
O011683,CUST011684,R011683,6/16/2020,437,Wallet,Delivered
O011684,CUST011685,R011684,9/27/2022,452,Card,Delivered
O011685,CUST011686,R011685,3/17/2024,1992,COD,Delivered
O011686,CUST011687,R011686,11/1/2023,1027,Card,Delivered
O011687,CUST011688,R011687,1/4/2019,1732,COD,Delivered
O011688,CUST011689,R011688,12/24/2023,771,UPI,Delivered
O011689,CUST011690,R011689,2/23/2019,1705,UPI,Delivered
O011690,CUST011691,R011690,7/8/2023,1067,Wallet,Delivered
O011691,CUST011692,R011691,8/12/2021,178,Wallet,Delivered
O011692,CUST011693,R011692,8/13/2024,736,Wallet,Delivered
O011693,CUST011694,R011693,7/14/2025,1984,Card,Delivered
O011694,CUST011695,R011694,12/14/2019,1321,UPI,Delivered
O011695,CUST011696,R011695,1/13/2020,1621,Card,Delivered
O011696,CUST011697,R011696,3/19/2025,481,Card,Delivered
O011697,CUST011698,R011697,4/28/2022,1551,UPI,Delivered
O011698,CUST011699,R011698,7/17/2022,180,COD,Delivered
O011699,CUST011700,R011699,7/1/2019,182,Card,Delivered
O011700,CUST011701,R011700,3/20/2022,476,COD,Delivered
O011701,CUST011702,R011701,1/25/2023,815,Card,Delivered
O011702,CUST011703,R011702,1/24/2024,477,Wallet,Delivered
O011703,CUST011704,R011703,12/5/2023,683,Wallet,Delivered
O011704,CUST011705,R011704,9/13/2022,800,COD,Delivered
O011705,CUST011706,R011705,2/25/2019,353,Wallet,Delivered
O011706,CUST011707,R011706,3/9/2020,1601,Wallet,Delivered
O011707,CUST011708,R011707,7/9/2019,981,Wallet,Delivered
O011708,CUST011709,R011708,8/7/2021,1237,UPI,Delivered
O011709,CUST011710,R011709,2/13/2020,1283,UPI,Delivered
O011710,CUST011711,R011710,10/10/2022,1660,Wallet,Delivered
O011711,CUST011712,R011711,2/12/2022,1871,UPI,Delivered
O011712,CUST011713,R011712,1/16/2020,1743,Card,Delivered
O011713,CUST011714,R011713,7/14/2019,1993,COD,Delivered
O011714,CUST011715,R011714,7/1/2025,1444,UPI,Delivered
O011715,CUST011716,R011715,11/6/2022,1994,Card,Cancelled
O011716,CUST011717,R011716,3/28/2025,343,Card,Delivered
O011717,CUST011718,R011717,10/22/2024,460,COD,Delivered
O011718,CUST011719,R011718,10/19/2021,144,COD,Delivered
O011719,CUST011720,R011719,3/3/2020,328,COD,Delivered
O011720,CUST011721,R011720,1/18/2019,571,Wallet,Delivered
O011721,CUST011722,R011721,8/2/2025,897,Card,Delivered
O011722,CUST011723,R011722,8/23/2020,900,Wallet,Delivered
O011723,CUST011724,R011723,2/7/2022,1036,COD,Delivered
O011724,CUST011725,R011724,5/14/2024,358,Wallet,Delivered
O011725,CUST011726,R011725,2/22/2019,1119,Wallet,Delivered
O011726,CUST011727,R011726,8/6/2023,1414,Wallet,Cancelled
O011727,CUST011728,R011727,3/7/2019,995,Wallet,Delivered
O011728,CUST011729,R011728,5/24/2019,1370,UPI,Delivered
O011729,CUST011730,R011729,5/19/2024,906,Wallet,Delivered
O011730,CUST011731,R011730,12/13/2021,328,UPI,Delivered
O011731,CUST011732,R011731,8/10/2023,1465,Wallet,Cancelled
O011732,CUST011733,R011732,11/11/2022,1605,Card,Delivered
O011733,CUST011734,R011733,3/9/2025,1848,Card,Delivered
O011734,CUST011735,R011734,1/3/2022,1286,UPI,Delivered
O011735,CUST011736,R011735,1/14/2022,321,Wallet,Delivered
O011736,CUST011737,R011736,8/25/2019,690,UPI,Delivered
O011737,CUST011738,R011737,5/20/2021,1875,COD,Delivered
O011738,CUST011739,R011738,9/17/2021,213,Card,Delivered
O011739,CUST011740,R011739,8/28/2023,142,COD,Delivered
O011740,CUST011741,R011740,6/2/2021,826,COD,Delivered
O011741,CUST011742,R011741,8/21/2021,986,Card,Delivered
O011742,CUST011743,R011742,11/28/2024,523,Wallet,Delivered
O011743,CUST011744,R011743,10/28/2021,1846,COD,Delivered
O011744,CUST011745,R011744,4/11/2024,192,COD,Delivered
O011745,CUST011746,R011745,11/6/2019,1265,UPI,Cancelled
O011746,CUST011747,R011746,11/3/2020,1465,Wallet,Delivered
O011747,CUST011748,R011747,10/12/2021,1077,Wallet,Delivered
O011748,CUST011749,R011748,9/9/2024,1837,UPI,Delivered
O011749,CUST011750,R011749,8/20/2023,1493,Wallet,Delivered
O011750,CUST011751,R011750,5/17/2023,126,Card,Delivered
O011751,CUST011752,R011751,9/11/2021,1730,Wallet,Delivered
O011752,CUST011753,R011752,6/12/2023,1664,Card,Delivered
O011753,CUST011754,R011753,10/24/2024,443,UPI,Delivered
O011754,CUST011755,R011754,6/24/2023,1659,UPI,Delivered
O011755,CUST011756,R011755,10/22/2024,139,COD,Delivered
O011756,CUST011757,R011756,5/22/2022,938,Wallet,Delivered
O011757,CUST011758,R011757,11/20/2021,1709,COD,Delivered
O011758,CUST011759,R011758,6/1/2021,1484,COD,Delivered
O011759,CUST011760,R011759,6/26/2020,664,Wallet,Delivered
O011760,CUST011761,R011760,2/13/2019,1612,Wallet,Delivered
O011761,CUST011762,R011761,7/1/2024,992,UPI,Delivered
O011762,CUST011763,R011762,10/8/2020,1538,Wallet,Delivered
O011763,CUST011764,R011763,8/18/2019,171,Wallet,Delivered
O011764,CUST011765,R011764,3/20/2019,928,Wallet,Delivered
O011765,CUST011766,R011765,7/12/2023,1882,COD,Delivered
O011766,CUST011767,R011766,2/24/2022,1500,Card,Delivered
O011767,CUST011768,R011767,11/11/2025,1877,UPI,Delivered
O011768,CUST011769,R011768,10/24/2022,221,UPI,Cancelled
O011769,CUST011770,R011769,6/23/2022,137,COD,Delivered
O011770,CUST011771,R011770,8/24/2019,344,COD,Delivered
O011771,CUST011772,R011771,3/1/2024,211,COD,Cancelled
O011772,CUST011773,R011772,1/16/2023,280,COD,Delivered
O011773,CUST011774,R011773,8/8/2021,1272,Card,Delivered
O011774,CUST011775,R011774,9/3/2019,1987,Wallet,Delivered
O011775,CUST011776,R011775,9/2/2019,1154,Wallet,Delivered
O011776,CUST011777,R011776,4/12/2021,972,Wallet,Delivered
O011777,CUST011778,R011777,5/1/2021,545,COD,Delivered
O011778,CUST011779,R011778,10/7/2025,1543,Wallet,Delivered
O011779,CUST011780,R011779,12/11/2022,1116,UPI,Delivered
O011780,CUST011781,R011780,7/6/2020,1921,UPI,Delivered
O011781,CUST011782,R011781,6/20/2019,849,UPI,Delivered
O011782,CUST011783,R011782,7/5/2023,1655,UPI,Delivered
O011783,CUST011784,R011783,3/19/2019,1905,Wallet,Cancelled
O011784,CUST011785,R011784,8/11/2024,1733,Card,Delivered
O011785,CUST011786,R011785,5/10/2020,1971,Card,Delivered
O011786,CUST011787,R011786,4/2/2023,1901,Card,Delivered
O011787,CUST011788,R011787,2/13/2024,1647,COD,Delivered
O011788,CUST011789,R011788,10/27/2021,813,UPI,Delivered
O011789,CUST011790,R011789,11/21/2024,589,Wallet,Delivered
O011790,CUST011791,R011790,5/26/2023,653,Card,Delivered
O011791,CUST011792,R011791,9/2/2025,270,COD,Delivered
O011792,CUST011793,R011792,1/21/2022,775,Wallet,Delivered
O011793,CUST011794,R011793,11/28/2023,1109,UPI,Delivered
O011794,CUST011795,R011794,4/23/2023,213,COD,Delivered
O011795,CUST011796,R011795,10/21/2019,843,Wallet,Delivered
O011796,CUST011797,R011796,3/7/2025,378,COD,Delivered
O011797,CUST011798,R011797,9/9/2020,966,Wallet,Delivered
O011798,CUST011799,R011798,4/26/2019,1161,COD,Delivered
O011799,CUST011800,R011799,10/8/2025,1089,Wallet,Delivered
O011800,CUST011801,R011800,2/1/2023,1321,UPI,Delivered
O011801,CUST011802,R011801,1/16/2022,1014,COD,Delivered
O011802,CUST011803,R011802,6/10/2023,1723,Card,Delivered
O011803,CUST011804,R011803,9/14/2020,1917,COD,Delivered
O011804,CUST011805,R011804,7/5/2022,1359,Card,Delivered
O011805,CUST011806,R011805,4/9/2021,1342,UPI,Delivered
O011806,CUST011807,R011806,6/17/2022,1782,Card,Delivered
O011807,CUST011808,R011807,10/25/2023,1774,Card,Delivered
O011808,CUST011809,R011808,11/18/2021,459,UPI,Delivered
O011809,CUST011810,R011809,4/16/2020,1896,COD,Delivered
O011810,CUST011811,R011810,3/24/2022,1074,Card,Delivered
O011811,CUST011812,R011811,11/21/2019,1832,Card,Delivered
O011812,CUST011813,R011812,6/2/2020,879,Wallet,Delivered
O011813,CUST011814,R011813,6/23/2020,937,Card,Delivered
O011814,CUST011815,R011814,6/25/2022,805,Card,Delivered
O011815,CUST011816,R011815,6/5/2023,1339,Wallet,Delivered
O011816,CUST011817,R011816,12/9/2022,693,COD,Delivered
O011817,CUST011818,R011817,10/9/2019,976,UPI,Cancelled
O011818,CUST011819,R011818,12/4/2023,959,COD,Delivered
O011819,CUST011820,R011819,8/28/2020,1398,UPI,Delivered
O011820,CUST011821,R011820,1/20/2025,1817,Wallet,Delivered
O011821,CUST011822,R011821,3/13/2020,1131,Wallet,Delivered
O011822,CUST011823,R011822,12/10/2022,1513,Card,Delivered
O011823,CUST011824,R011823,2/18/2021,167,UPI,Delivered
O011824,CUST011825,R011824,5/3/2019,1448,UPI,Delivered
O011825,CUST011826,R011825,5/25/2023,539,UPI,Delivered
O011826,CUST011827,R011826,6/20/2022,1610,COD,Delivered
O011827,CUST011828,R011827,12/27/2022,849,COD,Delivered
O011828,CUST011829,R011828,12/19/2025,493,Wallet,Delivered
O011829,CUST011830,R011829,10/24/2020,737,COD,Delivered
O011830,CUST011831,R011830,9/10/2024,1555,COD,Delivered
O011831,CUST011832,R011831,8/4/2019,114,COD,Delivered
O011832,CUST011833,R011832,12/1/2025,1610,UPI,Delivered
O011833,CUST011834,R011833,1/21/2025,972,Wallet,Delivered
O011834,CUST011835,R011834,5/28/2023,1350,Wallet,Delivered
O011835,CUST011836,R011835,3/12/2025,1601,Wallet,Delivered
O011836,CUST011837,R011836,7/19/2019,1222,UPI,Delivered
O011837,CUST011838,R011837,10/12/2023,1492,UPI,Delivered
O011838,CUST011839,R011838,9/26/2021,1596,Card,Delivered
O011839,CUST011840,R011839,7/8/2023,1654,Card,Delivered
O011840,CUST011841,R011840,5/27/2020,1000,Wallet,Delivered
O011841,CUST011842,R011841,12/20/2025,1488,COD,Delivered
O011842,CUST011843,R011842,6/19/2022,354,Card,Delivered
O011843,CUST011844,R011843,9/5/2024,457,Card,Cancelled
O011844,CUST011845,R011844,9/14/2019,1674,Card,Delivered
O011845,CUST011846,R011845,4/23/2022,1270,Card,Delivered
O011846,CUST011847,R011846,7/7/2019,589,Wallet,Cancelled
O011847,CUST011848,R011847,11/2/2023,967,Wallet,Delivered
O011848,CUST011849,R011848,4/9/2020,333,Wallet,Cancelled
O011849,CUST011850,R011849,4/1/2021,882,Wallet,Delivered
O011850,CUST011851,R011850,6/7/2025,1775,COD,Delivered
O011851,CUST011852,R011851,7/7/2020,1212,UPI,Delivered
O011852,CUST011853,R011852,3/3/2025,1444,Card,Delivered
O011853,CUST011854,R011853,9/22/2019,1628,Wallet,Delivered
O011854,CUST011855,R011854,1/2/2025,1148,Card,Delivered
O011855,CUST011856,R011855,10/16/2022,1871,Wallet,Delivered
O011856,CUST011857,R011856,3/14/2024,1974,Card,Delivered
O011857,CUST011858,R011857,11/18/2023,1290,Card,Delivered
O011858,CUST011859,R011858,7/18/2024,1899,Card,Delivered
O011859,CUST011860,R011859,5/17/2024,249,COD,Delivered
O011860,CUST011861,R011860,7/24/2025,1010,COD,Delivered
O011861,CUST011862,R011861,6/18/2022,123,UPI,Delivered
O011862,CUST011863,R011862,11/23/2023,1595,Card,Delivered
O011863,CUST011864,R011863,1/2/2025,1641,Wallet,Delivered
O011864,CUST011865,R011864,7/10/2025,1961,Card,Cancelled
O011865,CUST011866,R011865,1/13/2019,255,Card,Delivered
O011866,CUST011867,R011866,2/22/2023,439,Card,Delivered
O011867,CUST011868,R011867,1/19/2022,1860,COD,Delivered
O011868,CUST011869,R011868,7/27/2021,1737,UPI,Delivered
O011869,CUST011870,R011869,8/24/2023,784,Wallet,Delivered
O011870,CUST011871,R011870,2/1/2022,767,UPI,Delivered
O011871,CUST011872,R011871,11/16/2019,710,COD,Delivered
O011872,CUST011873,R011872,2/28/2023,437,COD,Delivered
O011873,CUST011874,R011873,12/7/2019,876,COD,Delivered
O011874,CUST011875,R011874,8/28/2021,836,UPI,Delivered
O011875,CUST011876,R011875,10/8/2020,1211,COD,Cancelled
O011876,CUST011877,R011876,1/27/2022,1257,UPI,Cancelled
O011877,CUST011878,R011877,12/11/2021,1578,Wallet,Delivered
O011878,CUST011879,R011878,9/8/2020,927,UPI,Delivered
O011879,CUST011880,R011879,1/17/2023,230,UPI,Delivered
O011880,CUST011881,R011880,9/14/2024,1972,Wallet,Delivered
O011881,CUST011882,R011881,9/8/2023,1528,UPI,Delivered
O011882,CUST011883,R011882,11/19/2025,445,UPI,Delivered
O011883,CUST011884,R011883,1/23/2022,1396,UPI,Delivered
O011884,CUST011885,R011884,12/13/2021,326,COD,Delivered
O011885,CUST011886,R011885,11/22/2022,1954,UPI,Delivered
O011886,CUST011887,R011886,11/19/2019,493,COD,Delivered
O011887,CUST011888,R011887,9/2/2021,496,Card,Delivered
O011888,CUST011889,R011888,6/3/2022,112,Card,Delivered
O011889,CUST011890,R011889,5/21/2019,873,Wallet,Delivered
O011890,CUST011891,R011890,8/5/2023,1163,COD,Delivered
O011891,CUST011892,R011891,2/18/2019,544,Wallet,Delivered
O011892,CUST011893,R011892,4/12/2025,1790,COD,Delivered
O011893,CUST011894,R011893,6/11/2021,700,COD,Delivered
O011894,CUST011895,R011894,5/2/2025,1145,Wallet,Cancelled
O011895,CUST011896,R011895,9/6/2025,1073,UPI,Delivered
O011896,CUST011897,R011896,2/5/2022,1050,Card,Delivered
O011897,CUST011898,R011897,10/14/2025,413,UPI,Delivered
O011898,CUST011899,R011898,3/23/2020,1110,UPI,Delivered
O011899,CUST011900,R011899,7/20/2022,711,COD,Delivered
O011900,CUST011901,R011900,1/3/2019,1551,Card,Delivered
O011901,CUST011902,R011901,6/19/2019,200,Card,Delivered
O011902,CUST011903,R011902,2/25/2024,918,Card,Delivered
O011903,CUST011904,R011903,4/6/2019,318,Card,Delivered
O011904,CUST011905,R011904,11/21/2024,587,Wallet,Delivered
O011905,CUST011906,R011905,5/12/2025,945,COD,Delivered
O011906,CUST011907,R011906,3/27/2024,788,Wallet,Delivered
O011907,CUST011908,R011907,7/10/2021,1189,Card,Delivered
O011908,CUST011909,R011908,1/7/2023,593,UPI,Delivered
O011909,CUST011910,R011909,3/6/2022,1094,UPI,Delivered
O011910,CUST011911,R011910,10/16/2023,1217,Wallet,Delivered
O011911,CUST011912,R011911,8/4/2025,770,UPI,Delivered
O011912,CUST011913,R011912,3/14/2024,333,UPI,Cancelled
O011913,CUST011914,R011913,3/18/2022,1850,UPI,Delivered
O011914,CUST011915,R011914,2/13/2020,1718,Card,Delivered
O011915,CUST011916,R011915,9/20/2024,1590,Card,Delivered
O011916,CUST011917,R011916,9/15/2019,1878,Card,Delivered
O011917,CUST011918,R011917,1/21/2022,378,UPI,Cancelled
O011918,CUST011919,R011918,10/21/2025,563,Card,Delivered
O011919,CUST011920,R011919,3/21/2024,579,Wallet,Delivered
O011920,CUST011921,R011920,10/5/2023,1860,Card,Delivered
O011921,CUST011922,R011921,3/16/2025,210,Wallet,Delivered
O011922,CUST011923,R011922,3/3/2024,711,Card,Delivered
O011923,CUST011924,R011923,7/25/2021,1324,Wallet,Delivered
O011924,CUST011925,R011924,9/1/2020,385,Wallet,Delivered
O011925,CUST011926,R011925,2/9/2021,1004,Wallet,Delivered
O011926,CUST011927,R011926,9/27/2022,944,Card,Delivered
O011927,CUST011928,R011927,8/15/2021,1334,COD,Delivered
O011928,CUST011929,R011928,2/1/2024,1375,UPI,Delivered
O011929,CUST011930,R011929,8/10/2023,1495,UPI,Delivered
O011930,CUST011931,R011930,4/16/2024,1051,Wallet,Delivered
O011931,CUST011932,R011931,8/8/2024,1652,UPI,Delivered
O011932,CUST011933,R011932,10/16/2019,1668,Wallet,Cancelled
O011933,CUST011934,R011933,3/11/2020,1540,Wallet,Cancelled
O011934,CUST011935,R011934,9/5/2023,1344,UPI,Cancelled
O011935,CUST011936,R011935,7/19/2021,955,UPI,Delivered
O011936,CUST011937,R011936,7/13/2020,512,COD,Delivered
O011937,CUST011938,R011937,11/25/2021,1649,Wallet,Delivered
O011938,CUST011939,R011938,11/12/2025,194,Card,Delivered
O011939,CUST011940,R011939,8/16/2019,176,Card,Delivered
O011940,CUST011941,R011940,12/6/2019,1534,Card,Delivered
O011941,CUST011942,R011941,10/17/2025,563,Wallet,Delivered
O011942,CUST011943,R011942,1/1/2022,684,Card,Delivered
O011943,CUST011944,R011943,5/19/2019,730,COD,Delivered
O011944,CUST011945,R011944,3/25/2023,1317,Card,Delivered
O011945,CUST011946,R011945,6/4/2019,395,Wallet,Delivered
O011946,CUST011947,R011946,11/5/2022,1331,Wallet,Cancelled
O011947,CUST011948,R011947,3/6/2023,960,Card,Cancelled
O011948,CUST011949,R011948,7/28/2021,745,Wallet,Delivered
O011949,CUST011950,R011949,11/8/2019,172,Wallet,Delivered
O011950,CUST011951,R011950,7/19/2023,377,Wallet,Delivered
O011951,CUST011952,R011951,3/9/2025,1711,UPI,Delivered
O011952,CUST011953,R011952,4/10/2021,1693,Wallet,Delivered
O011953,CUST011954,R011953,9/15/2022,1622,UPI,Delivered
O011954,CUST011955,R011954,6/11/2020,224,UPI,Delivered
O011955,CUST011956,R011955,12/23/2022,1487,UPI,Cancelled
O011956,CUST011957,R011956,1/14/2020,346,Wallet,Delivered
O011957,CUST011958,R011957,8/22/2024,410,UPI,Delivered
O011958,CUST011959,R011958,7/14/2019,1957,COD,Delivered
O011959,CUST011960,R011959,11/28/2022,948,Card,Delivered
O011960,CUST011961,R011960,4/3/2025,1582,Card,Delivered
O011961,CUST011962,R011961,11/23/2025,361,Wallet,Delivered
O011962,CUST011963,R011962,5/22/2020,801,COD,Delivered
O011963,CUST011964,R011963,11/1/2021,528,COD,Delivered
O011964,CUST011965,R011964,11/3/2020,1501,Wallet,Delivered
O011965,CUST011966,R011965,3/5/2023,420,Wallet,Delivered
O011966,CUST011967,R011966,5/10/2023,1841,Card,Cancelled
O011967,CUST011968,R011967,7/13/2020,1280,UPI,Delivered
O011968,CUST011969,R011968,2/11/2025,1574,UPI,Delivered
O011969,CUST011970,R011969,6/17/2020,390,Card,Delivered
O011970,CUST011971,R011970,12/22/2022,1467,Wallet,Delivered
O011971,CUST011972,R011971,8/17/2023,100,COD,Delivered
O011972,CUST011973,R011972,10/1/2020,145,Card,Delivered
O011973,CUST011974,R011973,2/19/2024,260,Card,Delivered
O011974,CUST011975,R011974,4/23/2023,406,Card,Delivered
O011975,CUST011976,R011975,1/23/2023,322,Wallet,Delivered
O011976,CUST011977,R011976,3/2/2019,577,Wallet,Delivered
O011977,CUST011978,R011977,1/12/2020,700,COD,Delivered
O011978,CUST011979,R011978,9/23/2020,465,Wallet,Delivered
O011979,CUST011980,R011979,1/10/2019,1457,Wallet,Delivered
O011980,CUST011981,R011980,9/6/2025,896,Wallet,Delivered
O011981,CUST011982,R011981,7/6/2024,1190,UPI,Delivered
O011982,CUST011983,R011982,9/12/2022,1063,UPI,Delivered
O011983,CUST011984,R011983,9/4/2020,1574,COD,Delivered
O011984,CUST011985,R011984,4/11/2024,1791,Wallet,Delivered
O011985,CUST011986,R011985,12/10/2022,1663,UPI,Delivered
O011986,CUST011987,R011986,5/14/2025,1953,Card,Delivered
O011987,CUST011988,R011987,2/28/2023,1078,UPI,Delivered
O011988,CUST011989,R011988,7/4/2023,1839,Card,Cancelled
O011989,CUST011990,R011989,12/27/2023,194,UPI,Delivered
O011990,CUST011991,R011990,7/21/2020,317,COD,Cancelled
O011991,CUST011992,R011991,4/18/2019,125,COD,Delivered
O011992,CUST011993,R011992,9/5/2021,222,COD,Delivered
O011993,CUST011994,R011993,11/16/2020,416,COD,Delivered
O011994,CUST011995,R011994,3/28/2019,807,Card,Delivered
O011995,CUST011996,R011995,7/21/2021,853,Wallet,Delivered
O011996,CUST011997,R011996,12/27/2022,1234,Wallet,Delivered
O011997,CUST011998,R011997,8/12/2019,518,Wallet,Delivered
O011998,CUST011999,R011998,6/25/2024,1280,Wallet,Delivered
O011999,CUST012000,R011999,5/8/2025,1569,COD,Cancelled
O012000,CUST012001,R012000,3/10/2023,694,Wallet,Delivered
O012001,CUST012002,R012001,6/27/2020,1259,Wallet,Delivered
O012002,CUST012003,R012002,6/17/2020,757,Wallet,Delivered
O012003,CUST012004,R012003,5/12/2022,185,UPI,Delivered
O012004,CUST012005,R012004,10/8/2023,1576,Wallet,Delivered
O012005,CUST012006,R012005,4/11/2025,1499,UPI,Delivered
O012006,CUST012007,R012006,5/6/2024,1738,Wallet,Cancelled
O012007,CUST012008,R012007,12/1/2021,1196,UPI,Delivered
O012008,CUST012009,R012008,1/12/2025,235,COD,Delivered
O012009,CUST012010,R012009,7/20/2021,610,UPI,Delivered
O012010,CUST012011,R012010,7/18/2021,1840,COD,Delivered
O012011,CUST012012,R012011,4/16/2019,133,UPI,Delivered
O012012,CUST012013,R012012,11/27/2022,1957,Card,Delivered
O012013,CUST012014,R012013,11/28/2024,736,COD,Delivered
O012014,CUST012015,R012014,12/18/2024,876,Card,Delivered
O012015,CUST012016,R012015,11/27/2025,417,COD,Delivered
O012016,CUST012017,R012016,11/27/2023,1701,COD,Delivered
O012017,CUST012018,R012017,9/10/2020,304,COD,Delivered
O012018,CUST012019,R012018,5/8/2020,1117,UPI,Cancelled
O012019,CUST012020,R012019,12/1/2024,1354,COD,Delivered
O012020,CUST012021,R012020,12/10/2021,855,Wallet,Delivered
O012021,CUST012022,R012021,5/6/2021,1752,UPI,Delivered
O012022,CUST012023,R012022,3/14/2023,1414,Wallet,Delivered
O012023,CUST012024,R012023,7/13/2021,1948,Card,Delivered
O012024,CUST012025,R012024,7/11/2020,1688,UPI,Delivered
O012025,CUST012026,R012025,5/11/2025,1617,Card,Delivered
O012026,CUST012027,R012026,6/23/2025,353,UPI,Delivered
O012027,CUST012028,R012027,11/22/2024,1504,UPI,Delivered
O012028,CUST012029,R012028,7/22/2020,1934,COD,Delivered
O012029,CUST012030,R012029,5/22/2019,472,COD,Delivered
O012030,CUST012031,R012030,2/19/2021,1822,Card,Delivered
O012031,CUST012032,R012031,5/2/2020,907,Card,Delivered
O012032,CUST012033,R012032,8/24/2025,1982,COD,Delivered
O012033,CUST012034,R012033,4/5/2025,1073,COD,Delivered
O012034,CUST012035,R012034,8/1/2023,524,UPI,Delivered
O012035,CUST012036,R012035,1/24/2021,1458,Wallet,Delivered
O012036,CUST012037,R012036,7/9/2023,1991,Wallet,Delivered
O012037,CUST012038,R012037,1/18/2020,843,Wallet,Delivered
O012038,CUST012039,R012038,5/12/2022,1662,Card,Delivered
O012039,CUST012040,R012039,10/24/2021,1453,Card,Delivered
O012040,CUST012041,R012040,1/10/2020,1728,UPI,Cancelled
O012041,CUST012042,R012041,7/22/2020,1978,UPI,Delivered
O012042,CUST012043,R012042,9/22/2023,1895,COD,Delivered
O012043,CUST012044,R012043,5/21/2024,500,Card,Delivered
O012044,CUST012045,R012044,9/3/2025,105,Card,Cancelled
O012045,CUST012046,R012045,4/14/2025,125,COD,Cancelled
O012046,CUST012047,R012046,9/5/2023,1118,Card,Delivered
O012047,CUST012048,R012047,8/1/2019,568,Wallet,Delivered
O012048,CUST012049,R012048,12/25/2019,1117,COD,Delivered
O012049,CUST012050,R012049,7/10/2023,893,Wallet,Delivered
O012050,CUST012051,R012050,6/27/2020,460,COD,Delivered
O012051,CUST012052,R012051,5/6/2022,1452,COD,Delivered
O012052,CUST012053,R012052,3/5/2022,1068,UPI,Delivered
O012053,CUST012054,R012053,12/5/2024,1879,Wallet,Delivered
O012054,CUST012055,R012054,8/19/2022,706,Wallet,Delivered
O012055,CUST012056,R012055,7/4/2022,1511,UPI,Delivered
O012056,CUST012057,R012056,6/17/2025,110,Wallet,Cancelled
O012057,CUST012058,R012057,6/13/2020,1623,Card,Delivered
O012058,CUST012059,R012058,7/9/2020,1687,Card,Delivered
O012059,CUST012060,R012059,8/28/2023,1746,Card,Delivered
O012060,CUST012061,R012060,2/11/2019,1561,COD,Cancelled
O012061,CUST012062,R012061,11/19/2021,733,UPI,Delivered
O012062,CUST012063,R012062,8/20/2023,553,Wallet,Delivered
O012063,CUST012064,R012063,11/24/2020,612,Card,Delivered
O012064,CUST012065,R012064,12/1/2024,179,COD,Delivered
O012065,CUST012066,R012065,5/20/2025,685,Wallet,Delivered
O012066,CUST012067,R012066,8/27/2019,1496,Card,Delivered
O012067,CUST012068,R012067,12/1/2020,366,Wallet,Delivered
O012068,CUST012069,R012068,2/26/2023,1127,Wallet,Delivered
O012069,CUST012070,R012069,10/12/2022,913,COD,Delivered
O012070,CUST012071,R012070,8/15/2022,812,Wallet,Delivered
O012071,CUST012072,R012071,7/3/2020,1050,Card,Delivered
O012072,CUST012073,R012072,1/3/2020,983,Wallet,Delivered
O012073,CUST012074,R012073,10/27/2020,922,Wallet,Delivered
O012074,CUST012075,R012074,3/10/2020,935,COD,Delivered
O012075,CUST012076,R012075,12/8/2020,1643,Card,Cancelled
O012076,CUST012077,R012076,6/12/2019,1700,Card,Delivered
O012077,CUST012078,R012077,6/4/2025,1312,UPI,Delivered
O012078,CUST012079,R012078,5/8/2024,1252,UPI,Delivered
O012079,CUST012080,R012079,11/15/2023,1697,UPI,Delivered
O012080,CUST012081,R012080,6/24/2019,1629,Card,Delivered
O012081,CUST012082,R012081,5/15/2024,359,UPI,Delivered
O012082,CUST012083,R012082,7/15/2019,145,Card,Delivered
O012083,CUST012084,R012083,10/23/2019,919,UPI,Delivered
O012084,CUST012085,R012084,6/19/2019,1677,Card,Delivered
O012085,CUST012086,R012085,10/28/2024,599,Wallet,Delivered
O012086,CUST012087,R012086,1/22/2022,583,Card,Delivered
O012087,CUST012088,R012087,1/19/2025,725,Card,Delivered
O012088,CUST012089,R012088,8/2/2022,1253,Wallet,Cancelled
O012089,CUST012090,R012089,10/7/2023,602,COD,Delivered
O012090,CUST012091,R012090,7/5/2019,929,Wallet,Cancelled
O012091,CUST012092,R012091,12/3/2024,912,Wallet,Delivered
O012092,CUST012093,R012092,9/27/2023,1312,Wallet,Delivered
O012093,CUST012094,R012093,5/19/2021,1737,Wallet,Delivered
O012094,CUST012095,R012094,6/12/2019,988,Wallet,Delivered
O012095,CUST012096,R012095,2/10/2019,1663,Card,Delivered
O012096,CUST012097,R012096,5/17/2021,1591,UPI,Delivered
O012097,CUST012098,R012097,8/1/2021,1294,UPI,Delivered
O012098,CUST012099,R012098,5/23/2019,391,UPI,Delivered
O012099,CUST012100,R012099,1/16/2022,1211,Card,Delivered
O012100,CUST012101,R012100,10/21/2020,385,Card,Delivered
O012101,CUST012102,R012101,10/17/2025,1925,COD,Delivered
O012102,CUST012103,R012102,3/16/2023,219,Card,Delivered
O012103,CUST012104,R012103,12/2/2019,1037,Card,Cancelled
O012104,CUST012105,R012104,8/25/2019,1545,COD,Delivered
O012105,CUST012106,R012105,9/22/2020,1400,UPI,Delivered
O012106,CUST012107,R012106,9/19/2019,893,Wallet,Delivered
O012107,CUST012108,R012107,12/27/2020,1207,Wallet,Delivered
O012108,CUST012109,R012108,6/10/2024,1706,Wallet,Cancelled
O012109,CUST012110,R012109,6/18/2022,1112,Card,Cancelled
O012110,CUST012111,R012110,2/9/2019,1382,UPI,Delivered
O012111,CUST012112,R012111,1/23/2022,1447,UPI,Delivered
O012112,CUST012113,R012112,7/6/2025,1254,Card,Cancelled
O012113,CUST012114,R012113,11/22/2020,856,Wallet,Delivered
O012114,CUST012115,R012114,9/18/2023,1970,COD,Delivered
O012115,CUST012116,R012115,11/17/2019,307,Card,Delivered
O012116,CUST012117,R012116,4/2/2024,366,Card,Delivered
O012117,CUST012118,R012117,6/13/2024,1589,Card,Delivered
O012118,CUST012119,R012118,1/23/2025,1191,Card,Delivered
O012119,CUST012120,R012119,2/1/2024,553,Wallet,Cancelled
O012120,CUST012121,R012120,2/1/2022,861,Wallet,Cancelled
O012121,CUST012122,R012121,3/7/2021,434,COD,Cancelled
O012122,CUST012123,R012122,12/28/2023,729,Wallet,Delivered
O012123,CUST012124,R012123,6/6/2019,1490,COD,Delivered
O012124,CUST012125,R012124,2/5/2022,1106,UPI,Delivered
O012125,CUST012126,R012125,6/1/2020,1045,UPI,Delivered
O012126,CUST012127,R012126,6/16/2022,1485,COD,Delivered
O012127,CUST012128,R012127,7/28/2021,1063,Card,Delivered
O012128,CUST012129,R012128,2/12/2021,1824,Wallet,Delivered
O012129,CUST012130,R012129,1/12/2019,1927,Card,Delivered
O012130,CUST012131,R012130,4/20/2021,1206,UPI,Delivered
O012131,CUST012132,R012131,1/17/2025,1820,Card,Delivered
O012132,CUST012133,R012132,8/16/2019,168,COD,Delivered
O012133,CUST012134,R012133,1/24/2019,968,UPI,Delivered
O012134,CUST012135,R012134,9/17/2021,1995,COD,Delivered
O012135,CUST012136,R012135,11/22/2022,345,COD,Delivered
O012136,CUST012137,R012136,2/28/2021,396,Card,Delivered
O012137,CUST012138,R012137,6/28/2019,723,Wallet,Delivered
O012138,CUST012139,R012138,9/24/2022,706,UPI,Delivered
O012139,CUST012140,R012139,9/28/2020,296,Card,Delivered
O012140,CUST012141,R012140,9/1/2023,1774,COD,Cancelled
O012141,CUST012142,R012141,11/25/2023,1646,UPI,Delivered
O012142,CUST012143,R012142,3/23/2025,738,Wallet,Delivered
O012143,CUST012144,R012143,5/3/2025,552,UPI,Delivered
O012144,CUST012145,R012144,1/14/2022,630,COD,Delivered
O012145,CUST012146,R012145,6/26/2019,357,COD,Delivered
O012146,CUST012147,R012146,3/6/2025,791,COD,Delivered
O012147,CUST012148,R012147,10/28/2025,980,Wallet,Delivered
O012148,CUST012149,R012148,9/5/2021,1100,COD,Delivered
O012149,CUST012150,R012149,10/26/2020,1108,UPI,Delivered
O012150,CUST012151,R012150,1/10/2024,1435,COD,Delivered
O012151,CUST012152,R012151,3/6/2019,528,UPI,Delivered
O012152,CUST012153,R012152,6/11/2019,1851,UPI,Delivered
O012153,CUST012154,R012153,7/12/2024,1862,Wallet,Delivered
O012154,CUST012155,R012154,4/6/2023,1438,Wallet,Delivered
O012155,CUST012156,R012155,3/17/2025,354,UPI,Delivered
O012156,CUST012157,R012156,1/25/2020,1353,Wallet,Cancelled
O012157,CUST012158,R012157,7/10/2024,290,Card,Delivered
O012158,CUST012159,R012158,2/21/2021,1875,Card,Delivered
O012159,CUST012160,R012159,5/18/2023,408,COD,Delivered
O012160,CUST012161,R012160,12/1/2020,596,Card,Delivered
O012161,CUST012162,R012161,6/2/2025,1728,Card,Delivered
O012162,CUST012163,R012162,1/21/2022,769,Wallet,Delivered
O012163,CUST012164,R012163,1/4/2024,1019,COD,Delivered
O012164,CUST012165,R012164,9/15/2019,144,Wallet,Delivered
O012165,CUST012166,R012165,10/6/2023,1641,Card,Cancelled
O012166,CUST012167,R012166,10/7/2019,590,COD,Delivered
O012167,CUST012168,R012167,11/1/2023,1098,Wallet,Delivered
O012168,CUST012169,R012168,9/4/2020,987,Wallet,Cancelled
O012169,CUST012170,R012169,3/6/2022,970,UPI,Delivered
O012170,CUST012171,R012170,12/13/2019,1808,Wallet,Delivered
O012171,CUST012172,R012171,9/16/2021,646,Wallet,Delivered
O012172,CUST012173,R012172,1/12/2025,1968,COD,Delivered
O012173,CUST012174,R012173,9/24/2019,1224,Card,Cancelled
O012174,CUST012175,R012174,11/11/2025,1947,Card,Delivered
O012175,CUST012176,R012175,1/15/2022,813,Card,Delivered
O012176,CUST012177,R012176,12/5/2022,217,COD,Delivered
O012177,CUST012178,R012177,2/19/2019,188,Wallet,Delivered
O012178,CUST012179,R012178,2/6/2021,797,COD,Delivered
O012179,CUST012180,R012179,9/25/2021,634,Wallet,Delivered
O012180,CUST012181,R012180,10/9/2021,1141,Card,Delivered
O012181,CUST012182,R012181,4/5/2020,1075,UPI,Delivered
O012182,CUST012183,R012182,7/7/2020,1015,UPI,Delivered
O012183,CUST012184,R012183,8/13/2022,1137,Wallet,Delivered
O012184,CUST012185,R012184,11/3/2024,684,Wallet,Delivered
O012185,CUST012186,R012185,9/14/2025,286,UPI,Delivered
O012186,CUST012187,R012186,6/12/2022,1804,UPI,Delivered
O012187,CUST012188,R012187,7/12/2021,1564,Card,Delivered
O012188,CUST012189,R012188,10/18/2020,1440,UPI,Delivered
O012189,CUST012190,R012189,9/15/2022,1735,UPI,Delivered
O012190,CUST012191,R012190,11/21/2021,1750,UPI,Cancelled
O012191,CUST012192,R012191,12/16/2019,457,Card,Cancelled
O012192,CUST012193,R012192,5/19/2022,424,COD,Delivered
O012193,CUST012194,R012193,2/3/2025,1769,UPI,Delivered
O012194,CUST012195,R012194,10/14/2020,169,Wallet,Delivered
O012195,CUST012196,R012195,2/2/2020,675,Card,Delivered
O012196,CUST012197,R012196,2/23/2022,1244,COD,Delivered
O012197,CUST012198,R012197,8/28/2021,300,COD,Delivered
O012198,CUST012199,R012198,5/8/2020,915,Wallet,Delivered
O012199,CUST012200,R012199,4/26/2022,1420,UPI,Delivered
O012200,CUST012201,R012200,5/14/2023,1228,COD,Delivered
O012201,CUST012202,R012201,12/28/2022,1231,UPI,Delivered
O012202,CUST012203,R012202,5/9/2024,1352,UPI,Delivered
O012203,CUST012204,R012203,11/15/2021,652,UPI,Delivered
O012204,CUST012205,R012204,3/11/2021,1974,UPI,Delivered
O012205,CUST012206,R012205,9/14/2021,1985,UPI,Delivered
O012206,CUST012207,R012206,12/15/2025,1814,UPI,Delivered
O012207,CUST012208,R012207,10/9/2020,1686,UPI,Delivered
O012208,CUST012209,R012208,3/27/2022,1302,UPI,Delivered
O012209,CUST012210,R012209,1/18/2019,476,COD,Delivered
O012210,CUST012211,R012210,1/23/2020,1434,Wallet,Delivered
O012211,CUST012212,R012211,6/11/2022,103,Card,Delivered
O012212,CUST012213,R012212,4/14/2020,1986,Card,Delivered
O012213,CUST012214,R012213,12/2/2024,1429,UPI,Delivered
O012214,CUST012215,R012214,6/16/2021,464,COD,Delivered
O012215,CUST012216,R012215,1/28/2021,540,UPI,Delivered
O012216,CUST012217,R012216,8/18/2025,325,COD,Delivered
O012217,CUST012218,R012217,9/19/2021,1162,Card,Delivered
O012218,CUST012219,R012218,8/2/2020,285,Wallet,Delivered
O012219,CUST012220,R012219,11/4/2022,1046,Wallet,Delivered
O012220,CUST012221,R012220,4/4/2019,874,Card,Delivered
O012221,CUST012222,R012221,3/2/2019,665,Wallet,Delivered
O012222,CUST012223,R012222,1/6/2024,1994,Wallet,Delivered
O012223,CUST012224,R012223,8/18/2019,336,COD,Delivered
O012224,CUST012225,R012224,6/8/2024,1663,Card,Delivered
O012225,CUST012226,R012225,8/9/2024,1602,Wallet,Delivered
O012226,CUST012227,R012226,11/14/2024,1537,Wallet,Delivered
O012227,CUST012228,R012227,6/11/2021,1981,UPI,Delivered
O012228,CUST012229,R012228,4/23/2023,1212,Wallet,Cancelled
O012229,CUST012230,R012229,12/12/2022,1886,COD,Delivered
O012230,CUST012231,R012230,11/21/2023,256,UPI,Delivered
O012231,CUST012232,R012231,6/11/2025,1802,COD,Delivered
O012232,CUST012233,R012232,6/26/2024,841,UPI,Delivered
O012233,CUST012234,R012233,3/27/2022,1546,Card,Delivered
O012234,CUST012235,R012234,11/24/2021,282,COD,Delivered
O012235,CUST012236,R012235,11/20/2024,722,COD,Delivered
O012236,CUST012237,R012236,1/27/2020,443,COD,Delivered
O012237,CUST012238,R012237,11/3/2023,1280,COD,Delivered
O012238,CUST012239,R012238,11/4/2019,374,COD,Delivered
O012239,CUST012240,R012239,10/8/2024,1328,UPI,Cancelled
O012240,CUST012241,R012240,8/12/2023,708,Wallet,Delivered
O012241,CUST012242,R012241,6/4/2025,1002,COD,Delivered
O012242,CUST012243,R012242,3/7/2024,1503,Card,Delivered
O012243,CUST012244,R012243,10/15/2023,1356,UPI,Delivered
O012244,CUST012245,R012244,6/8/2020,1846,COD,Delivered
O012245,CUST012246,R012245,7/27/2024,1898,Card,Cancelled
O012246,CUST012247,R012246,9/17/2019,373,Card,Delivered
O012247,CUST012248,R012247,2/26/2024,370,Card,Delivered
O012248,CUST012249,R012248,3/21/2022,803,COD,Delivered
O012249,CUST012250,R012249,2/27/2020,487,Wallet,Delivered
O012250,CUST012251,R012250,8/10/2020,610,COD,Delivered
O012251,CUST012252,R012251,5/19/2020,418,COD,Delivered
O012252,CUST012253,R012252,10/10/2022,1415,COD,Delivered
O012253,CUST012254,R012253,2/5/2021,752,Wallet,Delivered
O012254,CUST012255,R012254,10/4/2023,1047,Wallet,Delivered
O012255,CUST012256,R012255,4/11/2020,658,UPI,Delivered
O012256,CUST012257,R012256,8/3/2019,1463,COD,Delivered
O012257,CUST012258,R012257,2/10/2020,1506,Wallet,Delivered
O012258,CUST012259,R012258,12/8/2024,1515,UPI,Delivered
O012259,CUST012260,R012259,9/11/2019,163,Card,Cancelled
O012260,CUST012261,R012260,4/27/2019,998,UPI,Delivered
O012261,CUST012262,R012261,12/3/2024,1797,COD,Delivered
O012262,CUST012263,R012262,2/24/2021,147,UPI,Delivered
O012263,CUST012264,R012263,6/19/2025,226,COD,Cancelled
O012264,CUST012265,R012264,5/16/2022,1940,Card,Cancelled
O012265,CUST012266,R012265,2/4/2019,142,COD,Delivered
O012266,CUST012267,R012266,2/15/2021,904,COD,Delivered
O012267,CUST012268,R012267,9/27/2023,664,UPI,Delivered
O012268,CUST012269,R012268,10/20/2020,448,Wallet,Delivered
O012269,CUST012270,R012269,5/25/2025,1079,COD,Delivered
O012270,CUST012271,R012270,4/11/2022,408,COD,Delivered
O012271,CUST012272,R012271,7/3/2024,1175,Wallet,Delivered
O012272,CUST012273,R012272,5/6/2021,1680,COD,Delivered
O012273,CUST012274,R012273,11/11/2021,614,Wallet,Delivered
O012274,CUST012275,R012274,8/25/2019,1414,UPI,Delivered
O012275,CUST012276,R012275,9/19/2021,776,Wallet,Delivered
O012276,CUST012277,R012276,9/14/2020,377,Card,Cancelled
O012277,CUST012278,R012277,9/11/2019,1731,COD,Delivered
O012278,CUST012279,R012278,7/13/2019,1420,UPI,Delivered
O012279,CUST012280,R012279,2/9/2021,1658,Wallet,Delivered
O012280,CUST012281,R012280,5/25/2020,1090,Wallet,Delivered
O012281,CUST012282,R012281,12/11/2019,1770,COD,Delivered
O012282,CUST012283,R012282,4/19/2022,457,Wallet,Delivered
O012283,CUST012284,R012283,12/17/2022,1686,Card,Cancelled
O012284,CUST012285,R012284,12/14/2021,550,UPI,Delivered
O012285,CUST012286,R012285,9/25/2025,211,Card,Delivered
O012286,CUST012287,R012286,5/2/2025,593,COD,Delivered
O012287,CUST012288,R012287,6/16/2021,791,Card,Delivered
O012288,CUST012289,R012288,1/25/2024,326,COD,Delivered
O012289,CUST012290,R012289,11/5/2019,1654,COD,Delivered
O012290,CUST012291,R012290,11/5/2020,263,COD,Delivered
O012291,CUST012292,R012291,10/7/2021,1037,Wallet,Delivered
O012292,CUST012293,R012292,8/28/2025,1274,COD,Cancelled
O012293,CUST012294,R012293,12/9/2022,706,COD,Delivered
O012294,CUST012295,R012294,3/6/2021,1387,Wallet,Delivered
O012295,CUST012296,R012295,10/14/2022,1128,Wallet,Delivered
O012296,CUST012297,R012296,8/11/2024,1798,Card,Delivered
O012297,CUST012298,R012297,4/8/2025,1545,Wallet,Delivered
O012298,CUST012299,R012298,3/7/2025,1729,UPI,Delivered
O012299,CUST012300,R012299,12/25/2025,253,Wallet,Delivered
O012300,CUST012301,R012300,1/20/2023,1462,UPI,Delivered
O012301,CUST012302,R012301,10/19/2022,1843,COD,Delivered
O012302,CUST012303,R012302,5/20/2021,382,COD,Delivered
O012303,CUST012304,R012303,9/14/2025,1780,Card,Delivered
O012304,CUST012305,R012304,1/2/2023,696,Card,Delivered
O012305,CUST012306,R012305,12/23/2021,1902,Card,Delivered
O012306,CUST012307,R012306,7/4/2024,989,Card,Delivered
O012307,CUST012308,R012307,3/28/2021,114,Wallet,Delivered
O012308,CUST012309,R012308,4/23/2022,919,COD,Delivered
O012309,CUST012310,R012309,7/6/2021,1458,COD,Delivered
O012310,CUST012311,R012310,6/10/2020,273,Card,Delivered
O012311,CUST012312,R012311,7/3/2025,1346,Card,Delivered
O012312,CUST012313,R012312,8/19/2020,875,Card,Delivered
O012313,CUST012314,R012313,10/2/2025,1506,UPI,Delivered
O012314,CUST012315,R012314,9/21/2020,1932,UPI,Delivered
O012315,CUST012316,R012315,1/20/2024,1804,COD,Delivered
O012316,CUST012317,R012316,1/15/2023,414,Card,Delivered
O012317,CUST012318,R012317,8/2/2021,1927,Card,Delivered
O012318,CUST012319,R012318,9/11/2025,1991,COD,Delivered
O012319,CUST012320,R012319,3/4/2020,1076,UPI,Delivered
O012320,CUST012321,R012320,11/28/2025,157,Wallet,Delivered
O012321,CUST012322,R012321,4/24/2022,963,COD,Delivered
O012322,CUST012323,R012322,4/9/2019,614,Wallet,Delivered
O012323,CUST012324,R012323,7/26/2021,360,COD,Cancelled
O012324,CUST012325,R012324,12/4/2023,1564,COD,Delivered
O012325,CUST012326,R012325,6/7/2025,919,UPI,Delivered
O012326,CUST012327,R012326,2/3/2023,1725,Wallet,Delivered
O012327,CUST012328,R012327,9/15/2020,659,Wallet,Delivered
O012328,CUST012329,R012328,2/2/2024,1469,Card,Delivered
O012329,CUST012330,R012329,10/11/2020,1931,COD,Delivered
O012330,CUST012331,R012330,2/12/2021,1544,UPI,Delivered
O012331,CUST012332,R012331,2/8/2025,1607,Card,Delivered
O012332,CUST012333,R012332,7/27/2022,1704,UPI,Delivered
O012333,CUST012334,R012333,1/10/2022,1718,COD,Cancelled
O012334,CUST012335,R012334,12/18/2024,580,Wallet,Delivered
O012335,CUST012336,R012335,1/19/2024,404,COD,Cancelled
O012336,CUST012337,R012336,3/20/2023,467,Card,Cancelled
O012337,CUST012338,R012337,11/27/2020,334,Card,Cancelled
O012338,CUST012339,R012338,12/21/2019,580,Wallet,Delivered
O012339,CUST012340,R012339,1/25/2023,1342,Card,Delivered
O012340,CUST012341,R012340,7/27/2020,275,COD,Delivered
O012341,CUST012342,R012341,6/24/2021,1085,UPI,Delivered
O012342,CUST012343,R012342,1/6/2022,703,Wallet,Delivered
O012343,CUST012344,R012343,7/12/2021,1160,UPI,Delivered
O012344,CUST012345,R012344,10/2/2019,1392,COD,Delivered
O012345,CUST012346,R012345,8/9/2024,1320,Wallet,Delivered
O012346,CUST012347,R012346,9/4/2024,1304,COD,Cancelled
O012347,CUST012348,R012347,7/13/2024,824,COD,Delivered
O012348,CUST012349,R012348,9/13/2019,1493,Card,Delivered
O012349,CUST012350,R012349,10/11/2022,1557,Card,Delivered
O012350,CUST012351,R012350,8/2/2024,1425,UPI,Delivered
O012351,CUST012352,R012351,10/10/2023,1670,UPI,Cancelled
O012352,CUST012353,R012352,1/13/2022,1585,UPI,Cancelled
O012353,CUST012354,R012353,9/22/2021,1539,Card,Cancelled
O012354,CUST012355,R012354,5/12/2019,275,UPI,Delivered
O012355,CUST012356,R012355,2/9/2024,1967,Card,Delivered
O012356,CUST012357,R012356,2/1/2020,883,UPI,Delivered
O012357,CUST012358,R012357,5/18/2020,1636,UPI,Delivered
O012358,CUST012359,R012358,1/27/2023,510,COD,Delivered
O012359,CUST012360,R012359,1/20/2021,492,Card,Delivered
O012360,CUST012361,R012360,9/19/2021,445,Card,Delivered
O012361,CUST012362,R012361,12/2/2020,1153,COD,Cancelled
O012362,CUST012363,R012362,6/5/2024,459,COD,Delivered
O012363,CUST012364,R012363,2/4/2024,1041,Wallet,Delivered
O012364,CUST012365,R012364,6/4/2025,762,Wallet,Delivered
O012365,CUST012366,R012365,3/23/2019,1201,Wallet,Cancelled
O012366,CUST012367,R012366,12/17/2023,1627,COD,Delivered
O012367,CUST012368,R012367,10/9/2019,903,Wallet,Delivered
O012368,CUST012369,R012368,10/4/2019,1582,Card,Delivered
O012369,CUST012370,R012369,4/16/2023,1511,Wallet,Delivered
O012370,CUST012371,R012370,6/28/2020,1253,UPI,Cancelled
O012371,CUST012372,R012371,12/21/2023,170,Wallet,Delivered
O012372,CUST012373,R012372,9/15/2023,1120,Card,Delivered
O012373,CUST012374,R012373,8/20/2025,236,UPI,Delivered
O012374,CUST012375,R012374,8/24/2021,1782,COD,Delivered
O012375,CUST012376,R012375,10/15/2022,119,Card,Delivered
O012376,CUST012377,R012376,3/1/2019,1186,UPI,Cancelled
O012377,CUST012378,R012377,10/27/2022,1390,Card,Delivered
O012378,CUST012379,R012378,4/20/2020,818,Wallet,Delivered
O012379,CUST012380,R012379,12/11/2023,354,COD,Delivered
O012380,CUST012381,R012380,11/19/2020,562,Wallet,Delivered
O012381,CUST012382,R012381,9/26/2021,1199,Wallet,Cancelled
O012382,CUST012383,R012382,12/10/2025,1033,UPI,Delivered
O012383,CUST012384,R012383,11/1/2020,1297,UPI,Delivered
O012384,CUST012385,R012384,12/23/2021,1399,Wallet,Delivered
O012385,CUST012386,R012385,2/3/2021,1207,Card,Delivered
O012386,CUST012387,R012386,12/21/2023,772,Wallet,Delivered
O012387,CUST012388,R012387,2/17/2024,1826,COD,Delivered
O012388,CUST012389,R012388,3/16/2020,163,COD,Delivered
O012389,CUST012390,R012389,10/2/2019,341,Card,Delivered
O012390,CUST012391,R012390,12/14/2025,1479,Card,Delivered
O012391,CUST012392,R012391,12/21/2023,1037,Card,Delivered
O012392,CUST012393,R012392,2/27/2019,403,Wallet,Delivered
O012393,CUST012394,R012393,5/27/2020,781,Wallet,Delivered
O012394,CUST012395,R012394,8/27/2019,398,COD,Delivered
O012395,CUST012396,R012395,5/26/2019,649,UPI,Cancelled
O012396,CUST012397,R012396,8/4/2025,1404,Card,Delivered
O012397,CUST012398,R012397,7/4/2025,1016,Wallet,Delivered
O012398,CUST012399,R012398,3/28/2023,825,UPI,Delivered
O012399,CUST012400,R012399,7/16/2023,1444,COD,Delivered
O012400,CUST012401,R012400,8/26/2024,919,Card,Delivered
O012401,CUST012402,R012401,7/10/2024,1680,Wallet,Delivered
O012402,CUST012403,R012402,4/11/2019,133,Card,Delivered
O012403,CUST012404,R012403,1/17/2025,1095,UPI,Delivered
O012404,CUST012405,R012404,3/16/2025,1708,UPI,Delivered
O012405,CUST012406,R012405,4/14/2023,1920,COD,Delivered
O012406,CUST012407,R012406,1/22/2021,570,UPI,Cancelled
O012407,CUST012408,R012407,10/11/2024,1915,Card,Delivered
O012408,CUST012409,R012408,9/21/2021,303,COD,Delivered
O012409,CUST012410,R012409,12/26/2022,175,Card,Delivered
O012410,CUST012411,R012410,2/26/2020,633,COD,Cancelled
O012411,CUST012412,R012411,2/22/2023,615,Card,Delivered
O012412,CUST012413,R012412,12/25/2023,1059,COD,Delivered
O012413,CUST012414,R012413,8/1/2020,579,COD,Delivered
O012414,CUST012415,R012414,7/7/2019,408,COD,Delivered
O012415,CUST012416,R012415,4/5/2019,1650,Wallet,Delivered
O012416,CUST012417,R012416,2/14/2020,1202,UPI,Delivered
O012417,CUST012418,R012417,5/25/2020,519,COD,Delivered
O012418,CUST012419,R012418,2/25/2022,775,COD,Delivered
O012419,CUST012420,R012419,7/4/2025,392,COD,Delivered
O012420,CUST012421,R012420,1/22/2023,900,Wallet,Delivered
O012421,CUST012422,R012421,7/3/2022,1015,Card,Delivered
O012422,CUST012423,R012422,7/24/2019,1062,Wallet,Delivered
O012423,CUST012424,R012423,9/16/2023,1388,COD,Delivered
O012424,CUST012425,R012424,4/5/2022,443,Wallet,Delivered
O012425,CUST012426,R012425,3/10/2024,1771,UPI,Delivered
O012426,CUST012427,R012426,10/11/2025,1783,Wallet,Delivered
O012427,CUST012428,R012427,6/5/2021,1163,UPI,Delivered
O012428,CUST012429,R012428,6/16/2025,504,UPI,Delivered
O012429,CUST012430,R012429,5/24/2023,1199,Wallet,Delivered
O012430,CUST012431,R012430,7/7/2019,136,Card,Delivered
O012431,CUST012432,R012431,1/19/2021,1770,Card,Delivered
O012432,CUST012433,R012432,8/14/2019,1953,COD,Delivered
O012433,CUST012434,R012433,11/23/2020,516,UPI,Delivered
O012434,CUST012435,R012434,7/28/2024,1644,Card,Delivered
O012435,CUST012436,R012435,7/19/2019,678,Wallet,Delivered
O012436,CUST012437,R012436,3/2/2025,115,Card,Delivered
O012437,CUST012438,R012437,1/15/2024,103,Wallet,Delivered
O012438,CUST012439,R012438,11/4/2019,1562,Card,Delivered
O012439,CUST012440,R012439,10/5/2025,510,COD,Delivered
O012440,CUST012441,R012440,2/28/2023,948,Wallet,Delivered
O012441,CUST012442,R012441,5/11/2021,1132,Wallet,Cancelled
O012442,CUST012443,R012442,6/6/2023,860,Wallet,Delivered
O012443,CUST012444,R012443,5/11/2019,1653,COD,Delivered
O012444,CUST012445,R012444,9/13/2023,496,Wallet,Delivered
O012445,CUST012446,R012445,12/11/2021,1569,Card,Delivered
O012446,CUST012447,R012446,2/18/2022,1189,UPI,Cancelled
O012447,CUST012448,R012447,5/9/2022,1303,UPI,Cancelled
O012448,CUST012449,R012448,3/13/2021,294,UPI,Delivered
O012449,CUST012450,R012449,7/25/2021,1600,UPI,Delivered
O012450,CUST012451,R012450,9/9/2019,1621,Wallet,Delivered
O012451,CUST012452,R012451,6/27/2019,761,Card,Delivered
O012452,CUST012453,R012452,8/17/2019,553,Wallet,Delivered
O012453,CUST012454,R012453,9/8/2023,992,Card,Delivered
O012454,CUST012455,R012454,7/4/2019,1177,Wallet,Delivered
O012455,CUST012456,R012455,2/6/2019,904,UPI,Delivered
O012456,CUST012457,R012456,5/13/2024,857,Wallet,Delivered
O012457,CUST012458,R012457,7/1/2021,540,Wallet,Delivered
O012458,CUST012459,R012458,4/12/2019,1788,Wallet,Cancelled
O012459,CUST012460,R012459,8/6/2023,1660,UPI,Cancelled
O012460,CUST012461,R012460,4/11/2020,1521,UPI,Delivered
O012461,CUST012462,R012461,3/14/2022,1393,UPI,Delivered
O012462,CUST012463,R012462,9/12/2025,1645,UPI,Delivered
O012463,CUST012464,R012463,8/22/2024,1665,UPI,Delivered
O012464,CUST012465,R012464,8/15/2022,377,Card,Cancelled
O012465,CUST012466,R012465,4/19/2025,213,COD,Cancelled
O012466,CUST012467,R012466,5/2/2025,1665,Card,Delivered
O012467,CUST012468,R012467,5/13/2024,270,COD,Delivered
O012468,CUST012469,R012468,10/1/2021,520,Card,Delivered
O012469,CUST012470,R012469,7/22/2019,1139,COD,Delivered
O012470,CUST012471,R012470,11/24/2023,201,COD,Delivered
O012471,CUST012472,R012471,4/6/2019,516,Wallet,Delivered
O012472,CUST012473,R012472,2/21/2025,1271,UPI,Delivered
O012473,CUST012474,R012473,3/12/2024,1138,COD,Delivered
O012474,CUST012475,R012474,2/26/2022,1010,Wallet,Delivered
O012475,CUST012476,R012475,4/7/2024,1305,Wallet,Delivered
O012476,CUST012477,R012476,4/17/2019,566,Wallet,Delivered
O012477,CUST012478,R012477,7/9/2024,1894,UPI,Delivered
O012478,CUST012479,R012478,12/13/2020,1906,UPI,Delivered
O012479,CUST012480,R012479,9/12/2023,1772,UPI,Delivered
O012480,CUST012481,R012480,1/7/2019,1830,UPI,Delivered
O012481,CUST012482,R012481,7/26/2025,1148,UPI,Delivered
O012482,CUST012483,R012482,3/16/2021,756,COD,Delivered
O012483,CUST012484,R012483,9/28/2024,1718,UPI,Cancelled
O012484,CUST012485,R012484,4/16/2019,175,Card,Cancelled
O012485,CUST012486,R012485,6/15/2021,931,Card,Delivered
O012486,CUST012487,R012486,11/6/2019,1339,UPI,Delivered
O012487,CUST012488,R012487,1/20/2022,373,COD,Delivered
O012488,CUST012489,R012488,3/23/2023,498,UPI,Delivered
O012489,CUST012490,R012489,4/20/2025,289,COD,Delivered
O012490,CUST012491,R012490,5/18/2022,1083,Card,Delivered
O012491,CUST012492,R012491,3/1/2024,205,COD,Delivered
O012492,CUST012493,R012492,2/2/2022,960,Wallet,Delivered
O012493,CUST012494,R012493,3/3/2022,1019,Card,Delivered
O012494,CUST012495,R012494,11/1/2022,381,Wallet,Delivered
O012495,CUST012496,R012495,6/4/2025,1845,Wallet,Delivered
O012496,CUST012497,R012496,9/16/2022,192,COD,Delivered
O012497,CUST012498,R012497,12/4/2019,1265,Card,Cancelled
O012498,CUST012499,R012498,1/4/2020,1498,UPI,Cancelled
O012499,CUST012500,R012499,4/12/2021,1426,Wallet,Delivered
O012500,CUST012501,R012500,1/8/2021,1890,Wallet,Delivered
O012501,CUST012502,R012501,12/20/2020,1127,Wallet,Delivered
O012502,CUST012503,R012502,12/15/2020,1807,COD,Delivered
O012503,CUST012504,R012503,5/19/2022,1755,UPI,Delivered
O012504,CUST012505,R012504,9/10/2024,1760,COD,Delivered
O012505,CUST012506,R012505,6/25/2025,751,Card,Delivered
O012506,CUST012507,R012506,11/26/2024,1648,UPI,Delivered
O012507,CUST012508,R012507,11/24/2022,171,COD,Delivered
O012508,CUST012509,R012508,9/27/2020,616,COD,Delivered
O012509,CUST012510,R012509,5/26/2023,299,Card,Delivered
O012510,CUST012511,R012510,1/1/2021,882,COD,Delivered
O012511,CUST012512,R012511,12/26/2020,225,COD,Delivered
O012512,CUST012513,R012512,7/7/2023,1042,UPI,Delivered
O012513,CUST012514,R012513,7/11/2025,661,Wallet,Delivered
O012514,CUST012515,R012514,6/1/2020,918,COD,Delivered
O012515,CUST012516,R012515,12/9/2019,1424,UPI,Delivered
O012516,CUST012517,R012516,1/13/2024,848,Wallet,Delivered
O012517,CUST012518,R012517,8/5/2021,1376,Card,Delivered
O012518,CUST012519,R012518,1/19/2020,1423,UPI,Cancelled
O012519,CUST012520,R012519,1/9/2022,1755,UPI,Delivered
O012520,CUST012521,R012520,7/18/2023,1694,UPI,Delivered
O012521,CUST012522,R012521,11/14/2024,660,COD,Delivered
O012522,CUST012523,R012522,5/27/2021,388,COD,Delivered
O012523,CUST012524,R012523,3/9/2025,211,COD,Delivered
O012524,CUST012525,R012524,2/14/2023,268,COD,Delivered
O012525,CUST012526,R012525,1/8/2025,1260,COD,Delivered
O012526,CUST012527,R012526,8/26/2021,706,Wallet,Delivered
O012527,CUST012528,R012527,9/3/2023,1006,COD,Delivered
O012528,CUST012529,R012528,9/12/2025,578,UPI,Delivered
O012529,CUST012530,R012529,11/1/2022,1383,COD,Delivered
O012530,CUST012531,R012530,5/8/2019,1421,Wallet,Delivered
O012531,CUST012532,R012531,2/7/2022,1468,UPI,Delivered
O012532,CUST012533,R012532,12/11/2020,1842,Card,Cancelled
O012533,CUST012534,R012533,2/26/2023,849,UPI,Delivered
O012534,CUST012535,R012534,1/2/2020,1655,Card,Delivered
O012535,CUST012536,R012535,5/21/2020,1905,Wallet,Delivered
O012536,CUST012537,R012536,4/19/2025,1766,Card,Delivered
O012537,CUST012538,R012537,11/10/2020,1829,Card,Cancelled
O012538,CUST012539,R012538,9/2/2019,1889,Card,Cancelled
O012539,CUST012540,R012539,6/13/2021,749,COD,Delivered
O012540,CUST012541,R012540,5/25/2025,621,UPI,Delivered
O012541,CUST012542,R012541,1/22/2025,238,Wallet,Delivered
O012542,CUST012543,R012542,7/23/2024,1000,COD,Delivered
O012543,CUST012544,R012543,10/9/2025,323,COD,Delivered
O012544,CUST012545,R012544,10/2/2023,1083,UPI,Delivered
O012545,CUST012546,R012545,4/5/2024,1633,COD,Delivered
O012546,CUST012547,R012546,2/8/2024,509,Wallet,Delivered
O012547,CUST012548,R012547,1/24/2020,1271,Wallet,Delivered
O012548,CUST012549,R012548,5/18/2022,631,Wallet,Delivered
O012549,CUST012550,R012549,8/13/2022,1873,Card,Cancelled
O012550,CUST012551,R012550,2/5/2022,1446,Wallet,Delivered
O012551,CUST012552,R012551,1/12/2025,1549,Card,Delivered
O012552,CUST012553,R012552,2/7/2023,1748,Wallet,Delivered
O012553,CUST012554,R012553,3/27/2022,1250,Wallet,Delivered
O012554,CUST012555,R012554,8/16/2020,1930,COD,Delivered
O012555,CUST012556,R012555,2/18/2024,420,Wallet,Delivered
O012556,CUST012557,R012556,4/18/2019,1643,Card,Cancelled
O012557,CUST012558,R012557,4/13/2024,460,UPI,Delivered
O012558,CUST012559,R012558,11/24/2021,121,Card,Delivered
O012559,CUST012560,R012559,5/1/2019,377,COD,Delivered
O012560,CUST012561,R012560,2/15/2024,690,UPI,Delivered
O012561,CUST012562,R012561,5/24/2020,182,Card,Delivered
O012562,CUST012563,R012562,2/4/2025,1251,COD,Delivered
O012563,CUST012564,R012563,6/3/2024,108,Card,Delivered
O012564,CUST012565,R012564,8/3/2022,925,Wallet,Delivered
O012565,CUST012566,R012565,12/27/2022,1169,Wallet,Delivered
O012566,CUST012567,R012566,12/7/2025,627,COD,Delivered
O012567,CUST012568,R012567,6/7/2022,1307,Wallet,Delivered
O012568,CUST012569,R012568,12/12/2021,1043,COD,Delivered
O012569,CUST012570,R012569,1/10/2025,1751,UPI,Delivered
O012570,CUST012571,R012570,7/8/2019,1132,UPI,Delivered
O012571,CUST012572,R012571,8/5/2019,1639,UPI,Delivered
O012572,CUST012573,R012572,1/24/2021,167,Wallet,Delivered
O012573,CUST012574,R012573,7/17/2019,1319,Wallet,Delivered
O012574,CUST012575,R012574,8/19/2022,1744,Card,Delivered
O012575,CUST012576,R012575,12/18/2025,1923,COD,Delivered
O012576,CUST012577,R012576,12/13/2024,1625,Card,Delivered
O012577,CUST012578,R012577,4/28/2019,542,Card,Delivered
O012578,CUST012579,R012578,8/21/2024,1798,Card,Delivered
O012579,CUST012580,R012579,7/2/2024,970,Card,Delivered
O012580,CUST012581,R012580,2/2/2024,1935,Wallet,Delivered
O012581,CUST012582,R012581,2/21/2023,833,COD,Delivered
O012582,CUST012583,R012582,9/4/2019,1368,COD,Delivered
O012583,CUST012584,R012583,12/8/2025,226,Wallet,Delivered
O012584,CUST012585,R012584,11/28/2021,1303,Wallet,Delivered
O012585,CUST012586,R012585,5/18/2024,795,Wallet,Delivered
O012586,CUST012587,R012586,6/1/2019,936,Wallet,Delivered
O012587,CUST012588,R012587,8/13/2021,1360,COD,Delivered
O012588,CUST012589,R012588,3/13/2020,1538,COD,Delivered
O012589,CUST012590,R012589,4/8/2023,1776,Card,Delivered
O012590,CUST012591,R012590,12/22/2020,1773,Card,Cancelled
O012591,CUST012592,R012591,5/2/2022,1842,Card,Delivered
O012592,CUST012593,R012592,11/3/2022,1187,Wallet,Delivered
O012593,CUST012594,R012593,8/18/2022,121,Wallet,Delivered
O012594,CUST012595,R012594,6/22/2021,922,COD,Delivered
O012595,CUST012596,R012595,10/7/2023,523,Wallet,Delivered
O012596,CUST012597,R012596,2/24/2021,269,COD,Delivered
O012597,CUST012598,R012597,4/3/2021,1348,COD,Delivered
O012598,CUST012599,R012598,2/6/2021,884,UPI,Delivered
O012599,CUST012600,R012599,2/2/2022,1646,Wallet,Delivered
O012600,CUST012601,R012600,12/14/2019,509,COD,Delivered
O012601,CUST012602,R012601,1/1/2025,1059,Card,Delivered
O012602,CUST012603,R012602,8/8/2021,1821,COD,Delivered
O012603,CUST012604,R012603,1/10/2022,1433,UPI,Delivered
O012604,CUST012605,R012604,2/5/2020,1457,Card,Delivered
O012605,CUST012606,R012605,10/25/2024,1816,UPI,Delivered
O012606,CUST012607,R012606,8/12/2023,1639,COD,Delivered
O012607,CUST012608,R012607,1/17/2021,538,Wallet,Cancelled
O012608,CUST012609,R012608,3/17/2023,182,COD,Delivered
O012609,CUST012610,R012609,6/18/2025,377,Card,Cancelled
O012610,CUST012611,R012610,12/26/2022,250,Card,Cancelled
O012611,CUST012612,R012611,2/28/2021,500,Wallet,Delivered
O012612,CUST012613,R012612,5/25/2024,1305,UPI,Delivered
O012613,CUST012614,R012613,7/26/2022,169,COD,Delivered
O012614,CUST012615,R012614,9/23/2020,676,Wallet,Delivered
O012615,CUST012616,R012615,1/5/2021,548,COD,Delivered
O012616,CUST012617,R012616,3/12/2024,1054,UPI,Delivered
O012617,CUST012618,R012617,1/28/2024,1117,COD,Delivered
O012618,CUST012619,R012618,3/6/2025,1433,Wallet,Delivered
O012619,CUST012620,R012619,8/6/2023,1160,Wallet,Cancelled
O012620,CUST012621,R012620,9/11/2022,1166,Wallet,Delivered
O012621,CUST012622,R012621,8/11/2021,1874,Card,Delivered
O012622,CUST012623,R012622,9/13/2020,1938,COD,Delivered
O012623,CUST012624,R012623,10/7/2021,1767,UPI,Delivered
O012624,CUST012625,R012624,8/15/2022,116,Wallet,Cancelled
O012625,CUST012626,R012625,9/19/2021,1505,UPI,Delivered
O012626,CUST012627,R012626,8/22/2021,1260,UPI,Delivered
O012627,CUST012628,R012627,12/11/2024,1810,UPI,Delivered
O012628,CUST012629,R012628,10/8/2025,1812,Card,Cancelled
O012629,CUST012630,R012629,11/28/2024,734,UPI,Delivered
O012630,CUST012631,R012630,1/16/2022,1493,UPI,Delivered
O012631,CUST012632,R012631,2/23/2021,665,COD,Delivered
O012632,CUST012633,R012632,7/22/2022,386,COD,Delivered
O012633,CUST012634,R012633,7/16/2022,354,Card,Delivered
O012634,CUST012635,R012634,7/28/2020,1063,COD,Cancelled
O012635,CUST012636,R012635,5/4/2024,238,COD,Delivered
O012636,CUST012637,R012636,5/26/2023,999,Wallet,Delivered
O012637,CUST012638,R012637,11/3/2021,682,Wallet,Delivered
O012638,CUST012639,R012638,6/22/2025,1122,Wallet,Cancelled
O012639,CUST012640,R012639,7/16/2020,1542,Card,Delivered
O012640,CUST012641,R012640,3/6/2019,536,Wallet,Delivered
O012641,CUST012642,R012641,9/3/2022,1472,UPI,Delivered
O012642,CUST012643,R012642,5/14/2019,1363,Wallet,Delivered
O012643,CUST012644,R012643,10/26/2021,1109,UPI,Cancelled
O012644,CUST012645,R012644,2/20/2023,281,Wallet,Delivered
O012645,CUST012646,R012645,6/17/2019,1014,Card,Delivered
O012646,CUST012647,R012646,9/18/2024,1916,UPI,Delivered
O012647,CUST012648,R012647,7/22/2020,1692,Card,Delivered
O012648,CUST012649,R012648,11/13/2024,1934,Card,Delivered
O012649,CUST012650,R012649,9/21/2020,1106,UPI,Delivered
O012650,CUST012651,R012650,2/26/2023,1355,COD,Delivered
O012651,CUST012652,R012651,11/19/2025,739,COD,Delivered
O012652,CUST012653,R012652,3/10/2022,268,Card,Delivered
O012653,CUST012654,R012653,3/18/2023,153,COD,Delivered
O012654,CUST012655,R012654,5/25/2024,1089,COD,Delivered
O012655,CUST012656,R012655,12/9/2019,1023,Wallet,Delivered
O012656,CUST012657,R012656,12/27/2023,725,Wallet,Delivered
O012657,CUST012658,R012657,6/14/2020,1083,COD,Delivered
O012658,CUST012659,R012658,12/26/2019,631,Card,Delivered
O012659,CUST012660,R012659,4/13/2023,661,COD,Delivered
O012660,CUST012661,R012660,8/4/2020,1779,COD,Delivered
O012661,CUST012662,R012661,11/14/2024,1979,Card,Cancelled
O012662,CUST012663,R012662,6/24/2025,262,UPI,Delivered
O012663,CUST012664,R012663,7/14/2024,1399,Card,Delivered
O012664,CUST012665,R012664,10/20/2023,820,Card,Delivered
O012665,CUST012666,R012665,1/26/2020,356,COD,Delivered
O012666,CUST012667,R012666,1/26/2021,372,COD,Delivered
O012667,CUST012668,R012667,1/26/2020,244,COD,Delivered
O012668,CUST012669,R012668,2/25/2022,543,Wallet,Delivered
O012669,CUST012670,R012669,3/1/2021,1304,Card,Delivered
O012670,CUST012671,R012670,8/2/2023,1128,COD,Delivered
O012671,CUST012672,R012671,1/2/2022,676,UPI,Delivered
O012672,CUST012673,R012672,9/14/2021,1289,COD,Delivered
O012673,CUST012674,R012673,6/25/2020,1395,Card,Delivered
O012674,CUST012675,R012674,2/9/2019,1639,Wallet,Delivered
O012675,CUST012676,R012675,3/5/2023,1954,Card,Delivered
O012676,CUST012677,R012676,8/14/2019,1015,UPI,Delivered
O012677,CUST012678,R012677,2/14/2020,1623,UPI,Delivered
O012678,CUST012679,R012678,4/21/2022,1874,Card,Delivered
O012679,CUST012680,R012679,8/21/2021,523,UPI,Delivered
O012680,CUST012681,R012680,12/10/2020,1766,Card,Delivered
O012681,CUST012682,R012681,6/19/2019,159,COD,Delivered
O012682,CUST012683,R012682,3/26/2023,1933,UPI,Delivered
O012683,CUST012684,R012683,3/25/2023,788,COD,Cancelled
O012684,CUST012685,R012684,9/24/2024,335,Card,Cancelled
O012685,CUST012686,R012685,3/23/2025,905,COD,Delivered
O012686,CUST012687,R012686,8/26/2022,489,COD,Delivered
O012687,CUST012688,R012687,2/3/2019,366,COD,Delivered
O012688,CUST012689,R012688,6/28/2025,1613,UPI,Delivered
O012689,CUST012690,R012689,5/11/2022,1122,Card,Delivered
O012690,CUST012691,R012690,8/24/2020,1240,Wallet,Delivered
O012691,CUST012692,R012691,2/7/2022,1490,Wallet,Delivered
O012692,CUST012693,R012692,4/15/2022,1150,COD,Delivered
O012693,CUST012694,R012693,11/5/2024,1426,Wallet,Delivered
O012694,CUST012695,R012694,2/14/2021,872,Card,Delivered
O012695,CUST012696,R012695,1/7/2021,918,Wallet,Delivered
O012696,CUST012697,R012696,12/15/2022,1494,COD,Delivered
O012697,CUST012698,R012697,2/7/2025,332,Wallet,Delivered
O012698,CUST012699,R012698,1/6/2024,1661,UPI,Delivered
O012699,CUST012700,R012699,2/9/2019,1628,COD,Delivered
O012700,CUST012701,R012700,6/3/2023,1077,UPI,Delivered
O012701,CUST012702,R012701,12/11/2024,424,UPI,Delivered
O012702,CUST012703,R012702,3/22/2021,989,Wallet,Delivered
O012703,CUST012704,R012703,2/6/2024,1995,Card,Delivered
O012704,CUST012705,R012704,4/18/2021,1678,UPI,Delivered
O012705,CUST012706,R012705,12/13/2022,1862,COD,Delivered
O012706,CUST012707,R012706,7/23/2023,412,UPI,Delivered
O012707,CUST012708,R012707,3/25/2025,1544,UPI,Delivered
O012708,CUST012709,R012708,3/17/2020,534,Wallet,Delivered
O012709,CUST012710,R012709,2/1/2019,221,Card,Delivered
O012710,CUST012711,R012710,8/16/2025,1850,COD,Delivered
O012711,CUST012712,R012711,5/3/2024,1277,Card,Delivered
O012712,CUST012713,R012712,5/4/2020,404,COD,Delivered
O012713,CUST012714,R012713,10/25/2020,868,Wallet,Delivered
O012714,CUST012715,R012714,8/5/2019,1053,Wallet,Delivered
O012715,CUST012716,R012715,12/4/2020,780,Wallet,Delivered
O012716,CUST012717,R012716,10/7/2025,1611,COD,Delivered
O012717,CUST012718,R012717,9/13/2019,449,Wallet,Delivered
O012718,CUST012719,R012718,1/10/2024,1479,Card,Delivered
O012719,CUST012720,R012719,7/17/2023,1040,UPI,Delivered
O012720,CUST012721,R012720,1/9/2025,1159,UPI,Cancelled
O012721,CUST012722,R012721,2/12/2024,194,UPI,Delivered
O012722,CUST012723,R012722,10/24/2021,373,UPI,Delivered
O012723,CUST012724,R012723,8/11/2025,1466,COD,Delivered
O012724,CUST012725,R012724,1/25/2019,178,UPI,Delivered
O012725,CUST012726,R012725,7/13/2023,1921,COD,Delivered
O012726,CUST012727,R012726,8/28/2022,529,UPI,Delivered
O012727,CUST012728,R012727,5/20/2019,669,Wallet,Delivered
O012728,CUST012729,R012728,8/26/2021,390,UPI,Delivered
O012729,CUST012730,R012729,7/4/2022,766,COD,Delivered
O012730,CUST012731,R012730,11/28/2023,494,COD,Delivered
O012731,CUST012732,R012731,4/11/2020,1567,Wallet,Cancelled
O012732,CUST012733,R012732,9/5/2019,1574,UPI,Cancelled
O012733,CUST012734,R012733,9/9/2023,1378,UPI,Delivered
O012734,CUST012735,R012734,6/13/2022,1250,UPI,Delivered
O012735,CUST012736,R012735,11/12/2022,1795,Card,Delivered
O012736,CUST012737,R012736,11/21/2023,1553,UPI,Delivered
O012737,CUST012738,R012737,11/13/2024,222,Card,Delivered
O012738,CUST012739,R012738,4/16/2021,1966,COD,Delivered
O012739,CUST012740,R012739,4/28/2025,1585,Card,Delivered
O012740,CUST012741,R012740,3/8/2022,756,COD,Delivered
O012741,CUST012742,R012741,8/27/2021,478,Card,Delivered
O012742,CUST012743,R012742,9/20/2025,1049,COD,Delivered
O012743,CUST012744,R012743,10/23/2022,110,COD,Delivered
O012744,CUST012745,R012744,12/5/2021,473,COD,Delivered
O012745,CUST012746,R012745,8/28/2023,1234,UPI,Delivered
O012746,CUST012747,R012746,11/11/2025,995,Card,Delivered
O012747,CUST012748,R012747,9/25/2020,867,UPI,Delivered
O012748,CUST012749,R012748,7/6/2024,1411,Wallet,Delivered
O012749,CUST012750,R012749,3/16/2022,281,Wallet,Delivered
O012750,CUST012751,R012750,2/8/2019,1784,UPI,Delivered
O012751,CUST012752,R012751,4/11/2020,1757,Wallet,Delivered
O012752,CUST012753,R012752,9/10/2025,1373,UPI,Delivered
O012753,CUST012754,R012753,7/2/2019,1750,UPI,Delivered
O012754,CUST012755,R012754,11/22/2023,1107,UPI,Delivered
O012755,CUST012756,R012755,8/14/2025,709,COD,Delivered
O012756,CUST012757,R012756,4/26/2024,1627,Wallet,Delivered
O012757,CUST012758,R012757,2/14/2023,1991,COD,Cancelled
O012758,CUST012759,R012758,2/14/2024,852,Card,Delivered
O012759,CUST012760,R012759,6/6/2025,1667,Card,Delivered
O012760,CUST012761,R012760,4/19/2022,521,Wallet,Delivered
O012761,CUST012762,R012761,11/28/2021,1027,UPI,Delivered
O012762,CUST012763,R012762,9/25/2022,563,Card,Delivered
O012763,CUST012764,R012763,2/2/2019,973,UPI,Delivered
O012764,CUST012765,R012764,7/6/2022,2000,COD,Delivered
O012765,CUST012766,R012765,5/28/2024,561,Wallet,Delivered
O012766,CUST012767,R012766,12/25/2025,940,Card,Delivered
O012767,CUST012768,R012767,5/27/2025,296,COD,Delivered
O012768,CUST012769,R012768,3/3/2024,1798,Wallet,Delivered
O012769,CUST012770,R012769,7/15/2025,1871,Card,Delivered
O012770,CUST012771,R012770,1/3/2022,1180,UPI,Delivered
O012771,CUST012772,R012771,6/2/2021,1418,UPI,Delivered
O012772,CUST012773,R012772,3/9/2022,1346,Wallet,Delivered
O012773,CUST012774,R012773,7/8/2022,1785,Wallet,Delivered
O012774,CUST012775,R012774,3/19/2020,1272,Wallet,Delivered
O012775,CUST012776,R012775,12/13/2019,1653,COD,Delivered
O012776,CUST012777,R012776,6/18/2025,1606,UPI,Delivered
O012777,CUST012778,R012777,12/9/2021,1617,Card,Delivered
O012778,CUST012779,R012778,8/23/2019,222,Card,Delivered
O012779,CUST012780,R012779,12/20/2025,1568,UPI,Delivered
O012780,CUST012781,R012780,1/22/2020,1987,COD,Delivered
O012781,CUST012782,R012781,12/25/2022,525,COD,Delivered
O012782,CUST012783,R012782,1/24/2025,253,UPI,Delivered
O012783,CUST012784,R012783,8/26/2022,840,COD,Delivered
O012784,CUST012785,R012784,2/25/2023,145,Wallet,Delivered
O012785,CUST012786,R012785,12/6/2019,962,Wallet,Delivered
O012786,CUST012787,R012786,10/9/2024,513,Wallet,Delivered
O012787,CUST012788,R012787,8/1/2025,888,COD,Delivered
O012788,CUST012789,R012788,3/8/2021,1312,Wallet,Delivered
O012789,CUST012790,R012789,10/12/2021,699,Wallet,Delivered
O012790,CUST012791,R012790,8/3/2023,1234,Card,Delivered
O012791,CUST012792,R012791,7/18/2019,1025,UPI,Delivered
O012792,CUST012793,R012792,1/2/2025,1649,Wallet,Delivered
O012793,CUST012794,R012793,5/16/2024,1647,Wallet,Delivered
O012794,CUST012795,R012794,6/12/2024,142,Card,Delivered
O012795,CUST012796,R012795,12/18/2025,1770,Card,Delivered
O012796,CUST012797,R012796,6/4/2019,1468,COD,Delivered
O012797,CUST012798,R012797,5/7/2023,1706,COD,Delivered
O012798,CUST012799,R012798,8/28/2021,1181,COD,Delivered
O012799,CUST012800,R012799,7/19/2023,557,Wallet,Delivered
O012800,CUST012801,R012800,12/2/2023,1106,COD,Delivered
O012801,CUST012802,R012801,3/9/2020,467,Wallet,Delivered
O012802,CUST012803,R012802,7/28/2025,1279,Wallet,Delivered
O012803,CUST012804,R012803,9/6/2019,1278,Wallet,Delivered
O012804,CUST012805,R012804,9/5/2022,1068,UPI,Delivered
O012805,CUST012806,R012805,6/5/2025,1693,UPI,Cancelled
O012806,CUST012807,R012806,11/24/2022,802,Wallet,Delivered
O012807,CUST012808,R012807,7/28/2025,230,Card,Cancelled
O012808,CUST012809,R012808,5/19/2023,1819,Wallet,Delivered
O012809,CUST012810,R012809,5/20/2024,1686,Card,Delivered
O012810,CUST012811,R012810,10/7/2021,1750,Card,Delivered
O012811,CUST012812,R012811,11/1/2024,1853,Card,Delivered
O012812,CUST012813,R012812,9/12/2020,707,COD,Delivered
O012813,CUST012814,R012813,9/24/2021,722,UPI,Delivered
O012814,CUST012815,R012814,2/21/2021,1985,Wallet,Delivered
O012815,CUST012816,R012815,7/23/2024,895,COD,Delivered
O012816,CUST012817,R012816,6/8/2021,1949,COD,Delivered
O012817,CUST012818,R012817,1/27/2019,684,Wallet,Delivered
O012818,CUST012819,R012818,2/27/2020,1485,COD,Delivered
O012819,CUST012820,R012819,8/6/2020,419,Wallet,Delivered
O012820,CUST012821,R012820,3/22/2020,1223,Wallet,Delivered
O012821,CUST012822,R012821,4/14/2019,590,Wallet,Delivered
O012822,CUST012823,R012822,12/14/2019,1794,Card,Delivered
O012823,CUST012824,R012823,2/4/2021,1367,COD,Delivered
O012824,CUST012825,R012824,4/11/2024,1464,UPI,Delivered
O012825,CUST012826,R012825,9/7/2024,324,UPI,Delivered
O012826,CUST012827,R012826,6/26/2023,1395,Wallet,Delivered
O012827,CUST012828,R012827,2/15/2021,1776,COD,Cancelled
O012828,CUST012829,R012828,3/17/2019,511,Wallet,Delivered
O012829,CUST012830,R012829,3/18/2022,1740,Card,Cancelled
O012830,CUST012831,R012830,5/22/2021,345,Card,Delivered
O012831,CUST012832,R012831,2/22/2019,256,Card,Delivered
O012832,CUST012833,R012832,9/3/2022,462,Card,Delivered
O012833,CUST012834,R012833,7/17/2024,600,UPI,Delivered
O012834,CUST012835,R012834,12/22/2022,1868,Card,Delivered
O012835,CUST012836,R012835,6/6/2021,1215,Card,Delivered
O012836,CUST012837,R012836,1/1/2025,1929,Card,Delivered
O012837,CUST012838,R012837,7/1/2023,840,Wallet,Delivered
O012838,CUST012839,R012838,3/25/2021,1079,Wallet,Delivered
O012839,CUST012840,R012839,2/4/2024,771,COD,Delivered
O012840,CUST012841,R012840,3/7/2025,1201,Wallet,Delivered
O012841,CUST012842,R012841,10/10/2025,899,COD,Delivered
O012842,CUST012843,R012842,9/8/2019,1608,UPI,Delivered
O012843,CUST012844,R012843,1/6/2022,734,Wallet,Delivered
O012844,CUST012845,R012844,1/28/2022,1533,UPI,Delivered
O012845,CUST012846,R012845,11/22/2023,1783,Wallet,Delivered
O012846,CUST012847,R012846,7/15/2021,1229,Wallet,Delivered
O012847,CUST012848,R012847,12/17/2022,1659,UPI,Delivered
O012848,CUST012849,R012848,1/28/2023,1842,COD,Delivered
O012849,CUST012850,R012849,10/11/2020,1589,UPI,Delivered
O012850,CUST012851,R012850,7/26/2025,501,UPI,Delivered
O012851,CUST012852,R012851,2/20/2021,1707,Card,Delivered
O012852,CUST012853,R012852,3/1/2025,878,Card,Delivered
O012853,CUST012854,R012853,7/1/2021,1829,COD,Delivered
O012854,CUST012855,R012854,11/20/2019,560,Card,Delivered
O012855,CUST012856,R012855,9/3/2019,1225,COD,Delivered
O012856,CUST012857,R012856,3/7/2024,1722,Wallet,Delivered
O012857,CUST012858,R012857,5/22/2019,1149,Wallet,Cancelled
O012858,CUST012859,R012858,7/16/2025,685,Wallet,Delivered
O012859,CUST012860,R012859,12/25/2019,889,Wallet,Delivered
O012860,CUST012861,R012860,8/11/2024,1275,COD,Delivered
O012861,CUST012862,R012861,10/15/2025,1459,Card,Delivered
O012862,CUST012863,R012862,6/6/2022,1697,UPI,Delivered
O012863,CUST012864,R012863,2/21/2025,1129,UPI,Cancelled
O012864,CUST012865,R012864,8/1/2021,1366,Card,Delivered
O012865,CUST012866,R012865,7/23/2022,669,COD,Delivered
O012866,CUST012867,R012866,1/10/2022,1446,COD,Delivered
O012867,CUST012868,R012867,10/15/2025,778,Card,Delivered
O012868,CUST012869,R012868,12/26/2020,422,COD,Delivered
O012869,CUST012870,R012869,1/23/2023,1809,Wallet,Delivered
O012870,CUST012871,R012870,2/26/2024,1194,COD,Delivered
O012871,CUST012872,R012871,1/4/2019,729,Wallet,Delivered
O012872,CUST012873,R012872,9/28/2024,1365,Wallet,Delivered
O012873,CUST012874,R012873,4/12/2023,473,COD,Delivered
O012874,CUST012875,R012874,12/2/2021,980,Card,Delivered
O012875,CUST012876,R012875,2/6/2025,1741,COD,Cancelled
O012876,CUST012877,R012876,4/9/2021,1347,UPI,Delivered
O012877,CUST012878,R012877,9/2/2023,1410,Card,Delivered
O012878,CUST012879,R012878,6/24/2020,1769,Wallet,Delivered
O012879,CUST012880,R012879,1/10/2024,1490,COD,Delivered
O012880,CUST012881,R012880,2/15/2023,394,Wallet,Cancelled
O012881,CUST012882,R012881,3/16/2019,1940,Card,Delivered
O012882,CUST012883,R012882,4/18/2024,1918,Card,Delivered
O012883,CUST012884,R012883,1/20/2023,1866,Card,Delivered
O012884,CUST012885,R012884,9/26/2021,345,Wallet,Delivered
O012885,CUST012886,R012885,1/22/2021,1156,UPI,Delivered
O012886,CUST012887,R012886,9/21/2024,1991,Card,Delivered
O012887,CUST012888,R012887,7/25/2021,640,COD,Delivered
O012888,CUST012889,R012888,3/3/2020,506,COD,Delivered
O012889,CUST012890,R012889,1/10/2024,963,Wallet,Delivered
O012890,CUST012891,R012890,9/27/2025,1028,COD,Delivered
O012891,CUST012892,R012891,4/6/2025,1386,Wallet,Delivered
O012892,CUST012893,R012892,4/5/2019,1641,Wallet,Delivered
O012893,CUST012894,R012893,1/10/2025,1022,COD,Delivered
O012894,CUST012895,R012894,11/10/2021,1731,Card,Delivered
O012895,CUST012896,R012895,4/12/2024,1534,COD,Delivered
O012896,CUST012897,R012896,2/2/2024,1656,UPI,Delivered
O012897,CUST012898,R012897,8/21/2025,1906,UPI,Delivered
O012898,CUST012899,R012898,9/17/2023,1785,Card,Delivered
O012899,CUST012900,R012899,8/26/2024,1608,Card,Delivered
O012900,CUST012901,R012900,3/20/2023,256,UPI,Cancelled
O012901,CUST012902,R012901,12/13/2022,122,Card,Cancelled
O012902,CUST012903,R012902,9/4/2019,687,UPI,Delivered
O012903,CUST012904,R012903,9/22/2025,1402,UPI,Delivered
O012904,CUST012905,R012904,3/22/2024,579,Card,Delivered
O012905,CUST012906,R012905,12/21/2020,306,Card,Delivered
O012906,CUST012907,R012906,6/13/2022,255,Card,Delivered
O012907,CUST012908,R012907,2/26/2024,920,Card,Delivered
O012908,CUST012909,R012908,8/3/2023,1734,Card,Delivered
O012909,CUST012910,R012909,9/25/2019,844,Wallet,Delivered
O012910,CUST012911,R012910,6/2/2023,206,COD,Delivered
O012911,CUST012912,R012911,5/20/2025,1017,Wallet,Delivered
O012912,CUST012913,R012912,7/14/2023,1653,Card,Delivered
O012913,CUST012914,R012913,11/8/2024,456,Wallet,Delivered
O012914,CUST012915,R012914,11/1/2021,1387,UPI,Cancelled
O012915,CUST012916,R012915,8/21/2023,1316,Wallet,Delivered
O012916,CUST012917,R012916,2/25/2022,1062,UPI,Delivered
O012917,CUST012918,R012917,12/19/2021,196,Wallet,Delivered
O012918,CUST012919,R012918,8/16/2022,935,UPI,Cancelled
O012919,CUST012920,R012919,5/17/2023,1772,UPI,Delivered
O012920,CUST012921,R012920,5/21/2019,1586,Card,Delivered
O012921,CUST012922,R012921,10/12/2025,1394,Card,Delivered
O012922,CUST012923,R012922,5/19/2021,953,UPI,Delivered
O012923,CUST012924,R012923,6/24/2023,1201,COD,Delivered
O012924,CUST012925,R012924,1/15/2020,633,COD,Delivered
O012925,CUST012926,R012925,2/9/2025,424,UPI,Delivered
O012926,CUST012927,R012926,9/20/2024,1974,COD,Delivered
O012927,CUST012928,R012927,11/23/2020,1003,COD,Delivered
O012928,CUST012929,R012928,2/7/2025,931,Wallet,Cancelled
O012929,CUST012930,R012929,11/26/2025,678,Wallet,Delivered
O012930,CUST012931,R012930,3/14/2023,868,COD,Delivered
O012931,CUST012932,R012931,5/25/2020,552,UPI,Delivered
O012932,CUST012933,R012932,12/12/2025,153,Card,Delivered
O012933,CUST012934,R012933,7/3/2021,1202,UPI,Delivered
O012934,CUST012935,R012934,1/7/2020,1185,UPI,Delivered
O012935,CUST012936,R012935,12/14/2021,1625,UPI,Delivered
O012936,CUST012937,R012936,11/5/2023,822,Card,Delivered
O012937,CUST012938,R012937,10/11/2024,677,UPI,Delivered
O012938,CUST012939,R012938,4/24/2021,468,COD,Delivered
O012939,CUST012940,R012939,7/28/2020,161,COD,Delivered
O012940,CUST012941,R012940,3/24/2025,201,COD,Delivered
O012941,CUST012942,R012941,5/23/2024,452,Wallet,Delivered
O012942,CUST012943,R012942,3/26/2023,1214,COD,Delivered
O012943,CUST012944,R012943,9/1/2024,1087,COD,Delivered
O012944,CUST012945,R012944,4/26/2025,639,UPI,Delivered
O012945,CUST012946,R012945,1/12/2024,1209,Card,Delivered
O012946,CUST012947,R012946,9/24/2019,1247,UPI,Delivered
O012947,CUST012948,R012947,9/8/2023,1229,Wallet,Delivered
O012948,CUST012949,R012948,7/4/2024,1668,UPI,Delivered
O012949,CUST012950,R012949,1/14/2023,909,UPI,Delivered
O012950,CUST012951,R012950,2/12/2022,1480,UPI,Delivered
O012951,CUST012952,R012951,3/19/2021,1986,Card,Delivered
O012952,CUST012953,R012952,3/23/2022,373,Wallet,Delivered
O012953,CUST012954,R012953,12/6/2020,1719,Card,Delivered
O012954,CUST012955,R012954,8/18/2019,113,Card,Delivered
O012955,CUST012956,R012955,7/23/2023,1842,Card,Delivered
O012956,CUST012957,R012956,5/23/2019,702,COD,Delivered
O012957,CUST012958,R012957,8/23/2020,255,Card,Cancelled
O012958,CUST012959,R012958,2/22/2025,869,COD,Cancelled
O012959,CUST012960,R012959,3/25/2019,907,Card,Delivered
O012960,CUST012961,R012960,5/2/2025,1857,COD,Delivered
O012961,CUST012962,R012961,11/27/2021,1459,Wallet,Delivered
O012962,CUST012963,R012962,9/8/2025,1018,Card,Delivered
O012963,CUST012964,R012963,7/22/2020,1140,Wallet,Delivered
O012964,CUST012965,R012964,9/5/2022,1602,COD,Delivered
O012965,CUST012966,R012965,7/17/2019,1002,Wallet,Delivered
O012966,CUST012967,R012966,1/3/2022,1336,UPI,Delivered
O012967,CUST012968,R012967,8/12/2019,1630,Wallet,Delivered
O012968,CUST012969,R012968,8/5/2023,1507,Card,Delivered
O012969,CUST012970,R012969,9/20/2020,319,Wallet,Delivered
O012970,CUST012971,R012970,4/18/2022,1058,Wallet,Delivered
O012971,CUST012972,R012971,1/17/2024,1581,Wallet,Delivered
O012972,CUST012973,R012972,6/20/2021,1586,Wallet,Delivered
O012973,CUST012974,R012973,1/28/2019,711,Wallet,Delivered
O012974,CUST012975,R012974,1/9/2020,270,Wallet,Delivered
O012975,CUST012976,R012975,8/21/2022,840,Wallet,Delivered
O012976,CUST012977,R012976,9/4/2019,1851,Card,Cancelled
O012977,CUST012978,R012977,3/16/2023,1468,UPI,Delivered
O012978,CUST012979,R012978,7/14/2023,1757,COD,Cancelled
O012979,CUST012980,R012979,1/21/2019,321,UPI,Delivered
O012980,CUST012981,R012980,10/23/2025,1452,UPI,Delivered
O012981,CUST012982,R012981,6/16/2024,492,Wallet,Delivered
O012982,CUST012983,R012982,7/3/2019,186,Card,Delivered
O012983,CUST012984,R012983,8/15/2024,1770,COD,Delivered
O012984,CUST012985,R012984,8/2/2023,1191,Card,Delivered
O012985,CUST012986,R012985,5/3/2022,313,Card,Delivered
O012986,CUST012987,R012986,2/25/2021,328,Wallet,Delivered
O012987,CUST012988,R012987,8/4/2020,942,Wallet,Delivered
O012988,CUST012989,R012988,1/2/2022,630,Wallet,Delivered
O012989,CUST012990,R012989,2/6/2021,1468,COD,Cancelled
O012990,CUST012991,R012990,11/11/2025,562,Wallet,Delivered
O012991,CUST012992,R012991,2/9/2023,1374,Card,Delivered
O012992,CUST012993,R012992,9/15/2021,992,Wallet,Delivered
O012993,CUST012994,R012993,5/6/2020,1069,Wallet,Cancelled
O012994,CUST012995,R012994,2/10/2019,109,UPI,Delivered
O012995,CUST012996,R012995,5/18/2025,293,UPI,Delivered
O012996,CUST012997,R012996,11/10/2019,1429,Card,Delivered
O012997,CUST012998,R012997,12/24/2020,1863,UPI,Delivered
O012998,CUST012999,R012998,10/12/2022,1831,Card,Delivered
O012999,CUST013000,R012999,8/26/2021,119,UPI,Delivered
O013000,CUST013001,R013000,2/14/2020,563,COD,Delivered
O013001,CUST013002,R013001,12/25/2019,290,COD,Delivered
O013002,CUST013003,R013002,3/3/2023,195,Card,Delivered
O013003,CUST013004,R013003,8/20/2023,178,Card,Delivered
O013004,CUST013005,R013004,2/6/2025,990,Wallet,Delivered
O013005,CUST013006,R013005,11/25/2025,1036,UPI,Delivered
O013006,CUST013007,R013006,8/1/2022,1157,UPI,Delivered
O013007,CUST013008,R013007,2/4/2019,1165,UPI,Delivered
O013008,CUST013009,R013008,7/6/2021,1714,Card,Delivered
O013009,CUST013010,R013009,4/17/2025,1474,UPI,Delivered
O013010,CUST013011,R013010,9/12/2023,181,UPI,Cancelled
O013011,CUST013012,R013011,11/15/2025,1919,Card,Delivered
O013012,CUST013013,R013012,12/27/2019,1174,UPI,Delivered
O013013,CUST013014,R013013,12/6/2020,607,COD,Delivered
O013014,CUST013015,R013014,5/26/2024,335,Card,Delivered
O013015,CUST013016,R013015,4/19/2024,774,Card,Delivered
O013016,CUST013017,R013016,12/21/2021,260,Card,Cancelled
O013017,CUST013018,R013017,2/7/2025,319,COD,Cancelled
O013018,CUST013019,R013018,3/25/2023,1081,UPI,Delivered
O013019,CUST013020,R013019,10/9/2025,948,Card,Delivered
O013020,CUST013021,R013020,11/21/2022,825,UPI,Delivered
O013021,CUST013022,R013021,5/28/2024,1331,COD,Delivered
O013022,CUST013023,R013022,5/14/2020,202,Wallet,Delivered
O013023,CUST013024,R013023,9/7/2023,1699,UPI,Delivered
O013024,CUST013025,R013024,2/10/2020,1535,Wallet,Delivered
O013025,CUST013026,R013025,9/9/2021,1326,UPI,Delivered
O013026,CUST013027,R013026,8/1/2022,1602,Wallet,Cancelled
O013027,CUST013028,R013027,4/20/2024,963,UPI,Delivered
O013028,CUST013029,R013028,12/14/2019,565,COD,Cancelled
O013029,CUST013030,R013029,6/23/2025,1777,Wallet,Delivered
O013030,CUST013031,R013030,8/16/2025,1881,COD,Delivered
O013031,CUST013032,R013031,1/12/2023,697,Card,Delivered
O013032,CUST013033,R013032,6/4/2020,1581,Card,Delivered
O013033,CUST013034,R013033,8/18/2019,441,Wallet,Delivered
O013034,CUST013035,R013034,9/23/2025,992,UPI,Delivered
O013035,CUST013036,R013035,2/23/2019,484,COD,Delivered
O013036,CUST013037,R013036,5/1/2025,1315,Card,Delivered
O013037,CUST013038,R013037,11/4/2025,436,COD,Delivered
O013038,CUST013039,R013038,5/3/2023,943,UPI,Delivered
O013039,CUST013040,R013039,9/3/2022,1262,COD,Delivered
O013040,CUST013041,R013040,3/4/2024,579,COD,Delivered
O013041,CUST013042,R013041,4/8/2023,1654,Wallet,Delivered
O013042,CUST013043,R013042,10/14/2024,1978,Card,Delivered
O013043,CUST013044,R013043,7/5/2022,1069,UPI,Delivered
O013044,CUST013045,R013044,8/1/2022,941,Wallet,Delivered
O013045,CUST013046,R013045,11/7/2019,1197,Wallet,Delivered
O013046,CUST013047,R013046,7/6/2025,1706,Wallet,Delivered
O013047,CUST013048,R013047,12/11/2022,1192,Wallet,Delivered
O013048,CUST013049,R013048,9/12/2024,1611,Card,Cancelled
O013049,CUST013050,R013049,4/16/2025,1559,Wallet,Delivered
O013050,CUST013051,R013050,8/7/2022,1527,UPI,Delivered
O013051,CUST013052,R013051,1/22/2020,131,UPI,Delivered
O013052,CUST013053,R013052,9/19/2020,1462,UPI,Delivered
O013053,CUST013054,R013053,12/21/2023,1712,Card,Delivered
O013054,CUST013055,R013054,3/24/2022,382,COD,Delivered
O013055,CUST013056,R013055,8/23/2022,359,UPI,Delivered
O013056,CUST013057,R013056,3/27/2023,685,COD,Delivered
O013057,CUST013058,R013057,12/23/2025,1935,Wallet,Delivered
O013058,CUST013059,R013058,2/2/2021,858,Wallet,Cancelled
O013059,CUST013060,R013059,2/7/2025,433,COD,Delivered
O013060,CUST013061,R013060,10/23/2022,808,COD,Delivered
O013061,CUST013062,R013061,1/6/2021,1227,Wallet,Delivered
O013062,CUST013063,R013062,7/11/2020,1176,Wallet,Delivered
O013063,CUST013064,R013063,3/2/2022,1187,UPI,Delivered
O013064,CUST013065,R013064,9/16/2022,939,Wallet,Delivered
O013065,CUST013066,R013065,10/28/2023,1570,Wallet,Delivered
O013066,CUST013067,R013066,8/15/2025,1504,Wallet,Delivered
O013067,CUST013068,R013067,8/6/2020,1943,Card,Delivered
O013068,CUST013069,R013068,4/17/2024,1919,UPI,Delivered
O013069,CUST013070,R013069,11/3/2022,1313,Card,Delivered
O013070,CUST013071,R013070,5/4/2025,1552,Card,Delivered
O013071,CUST013072,R013071,7/26/2021,474,UPI,Delivered
O013072,CUST013073,R013072,2/17/2025,1993,COD,Delivered
O013073,CUST013074,R013073,2/17/2019,598,Card,Delivered
O013074,CUST013075,R013074,9/1/2023,1856,Wallet,Delivered
O013075,CUST013076,R013075,5/20/2025,1188,Wallet,Delivered
O013076,CUST013077,R013076,11/25/2024,1230,COD,Delivered
O013077,CUST013078,R013077,2/4/2020,1026,UPI,Delivered
O013078,CUST013079,R013078,7/4/2021,1614,UPI,Cancelled
O013079,CUST013080,R013079,11/23/2021,659,Wallet,Delivered
O013080,CUST013081,R013080,10/27/2025,1981,Card,Delivered
O013081,CUST013082,R013081,11/18/2024,1964,Wallet,Delivered
O013082,CUST013083,R013082,8/19/2019,1402,Card,Delivered
O013083,CUST013084,R013083,2/5/2021,1596,Card,Cancelled
O013084,CUST013085,R013084,11/27/2019,1704,Card,Cancelled
O013085,CUST013086,R013085,10/18/2023,308,COD,Delivered
O013086,CUST013087,R013086,2/19/2024,687,Wallet,Delivered
O013087,CUST013088,R013087,8/19/2024,1944,COD,Delivered
O013088,CUST013089,R013088,9/20/2023,804,COD,Delivered
O013089,CUST013090,R013089,9/6/2024,1858,Card,Delivered
O013090,CUST013091,R013090,10/27/2022,644,Wallet,Delivered
O013091,CUST013092,R013091,2/27/2020,1274,COD,Delivered
O013092,CUST013093,R013092,4/4/2021,274,COD,Delivered
O013093,CUST013094,R013093,2/21/2021,1074,Wallet,Delivered
O013094,CUST013095,R013094,7/13/2019,692,COD,Delivered
O013095,CUST013096,R013095,8/14/2025,1684,UPI,Delivered
O013096,CUST013097,R013096,5/28/2023,1261,COD,Delivered
O013097,CUST013098,R013097,1/8/2021,1320,UPI,Delivered
O013098,CUST013099,R013098,4/4/2024,1826,Wallet,Delivered
O013099,CUST013100,R013099,8/20/2024,1315,Wallet,Delivered
O013100,CUST013101,R013100,11/14/2019,1559,COD,Cancelled
O013101,CUST013102,R013101,1/15/2022,464,Wallet,Delivered
O013102,CUST013103,R013102,3/15/2024,1650,UPI,Delivered
O013103,CUST013104,R013103,10/21/2022,260,UPI,Delivered
O013104,CUST013105,R013104,10/21/2022,175,Card,Cancelled
O013105,CUST013106,R013105,4/27/2025,426,COD,Delivered
O013106,CUST013107,R013106,10/16/2023,735,COD,Delivered
O013107,CUST013108,R013107,9/25/2024,308,Card,Delivered
O013108,CUST013109,R013108,3/8/2020,1299,Card,Delivered
O013109,CUST013110,R013109,8/4/2020,1889,Card,Cancelled
O013110,CUST013111,R013110,4/3/2023,741,Wallet,Delivered
O013111,CUST013112,R013111,3/27/2024,680,Wallet,Delivered
O013112,CUST013113,R013112,12/26/2020,686,COD,Delivered
O013113,CUST013114,R013113,1/4/2025,1110,COD,Delivered
O013114,CUST013115,R013114,7/6/2019,853,COD,Delivered
O013115,CUST013116,R013115,8/7/2019,1561,Wallet,Cancelled
O013116,CUST013117,R013116,2/4/2025,648,Wallet,Delivered
O013117,CUST013118,R013117,5/27/2025,1453,UPI,Delivered
O013118,CUST013119,R013118,2/21/2022,1704,COD,Cancelled
O013119,CUST013120,R013119,10/14/2025,1123,UPI,Delivered
O013120,CUST013121,R013120,3/15/2021,1628,UPI,Delivered
O013121,CUST013122,R013121,6/27/2019,1688,Card,Delivered
O013122,CUST013123,R013122,11/10/2023,1441,UPI,Cancelled
O013123,CUST013124,R013123,2/22/2025,357,UPI,Delivered
O013124,CUST013125,R013124,5/18/2021,1351,COD,Delivered
O013125,CUST013126,R013125,8/23/2023,773,Card,Delivered
O013126,CUST013127,R013126,9/27/2020,1739,COD,Delivered
O013127,CUST013128,R013127,9/18/2024,469,Card,Delivered
O013128,CUST013129,R013128,4/1/2021,1182,Card,Delivered
O013129,CUST013130,R013129,11/9/2024,308,COD,Delivered
O013130,CUST013131,R013130,1/21/2020,1070,Wallet,Delivered
O013131,CUST013132,R013131,2/15/2022,606,Wallet,Delivered
O013132,CUST013133,R013132,3/23/2019,739,Wallet,Delivered
O013133,CUST013134,R013133,8/10/2020,1419,Card,Cancelled
O013134,CUST013135,R013134,7/9/2019,1348,Card,Delivered
O013135,CUST013136,R013135,11/4/2023,1548,UPI,Delivered
O013136,CUST013137,R013136,2/19/2020,985,Wallet,Cancelled
O013137,CUST013138,R013137,6/27/2023,967,Card,Cancelled
O013138,CUST013139,R013138,11/18/2025,390,COD,Delivered
O013139,CUST013140,R013139,6/8/2025,1399,Card,Delivered
O013140,CUST013141,R013140,5/12/2019,259,UPI,Delivered
O013141,CUST013142,R013141,8/24/2025,1811,Card,Delivered
O013142,CUST013143,R013142,4/19/2024,1303,COD,Delivered
O013143,CUST013144,R013143,8/16/2020,730,Card,Delivered
O013144,CUST013145,R013144,8/24/2022,259,Wallet,Delivered
O013145,CUST013146,R013145,12/20/2022,1274,Wallet,Delivered
O013146,CUST013147,R013146,12/11/2025,575,COD,Delivered
O013147,CUST013148,R013147,1/2/2022,1393,Card,Delivered
O013148,CUST013149,R013148,11/5/2020,1635,COD,Cancelled
O013149,CUST013150,R013149,7/7/2023,1203,UPI,Delivered
O013150,CUST013151,R013150,11/28/2021,1012,Card,Delivered
O013151,CUST013152,R013151,7/19/2021,1620,Wallet,Delivered
O013152,CUST013153,R013152,12/17/2023,1443,Card,Cancelled
O013153,CUST013154,R013153,1/14/2019,347,Wallet,Delivered
O013154,CUST013155,R013154,3/14/2021,1855,Card,Cancelled
O013155,CUST013156,R013155,12/19/2020,1838,Card,Delivered
O013156,CUST013157,R013156,5/19/2025,1785,UPI,Delivered
O013157,CUST013158,R013157,3/26/2022,304,COD,Delivered
O013158,CUST013159,R013158,4/21/2020,935,UPI,Delivered
O013159,CUST013160,R013159,9/20/2023,191,Card,Cancelled
O013160,CUST013161,R013160,9/24/2024,491,COD,Delivered
O013161,CUST013162,R013161,3/28/2024,363,COD,Delivered
O013162,CUST013163,R013162,5/9/2025,864,Wallet,Delivered
O013163,CUST013164,R013163,3/25/2021,629,COD,Delivered
O013164,CUST013165,R013164,1/28/2021,1236,Wallet,Delivered
O013165,CUST013166,R013165,7/3/2022,1486,Wallet,Delivered
O013166,CUST013167,R013166,9/8/2021,976,COD,Delivered
O013167,CUST013168,R013167,10/9/2021,1515,UPI,Delivered
O013168,CUST013169,R013168,8/14/2022,1454,COD,Delivered
O013169,CUST013170,R013169,6/28/2020,1576,UPI,Delivered
O013170,CUST013171,R013170,11/20/2024,1822,UPI,Delivered
O013171,CUST013172,R013171,11/16/2020,1738,Card,Delivered
O013172,CUST013173,R013172,7/22/2025,1752,UPI,Delivered
O013173,CUST013174,R013173,1/18/2021,107,UPI,Cancelled
O013174,CUST013175,R013174,1/12/2025,1881,Card,Delivered
O013175,CUST013176,R013175,4/3/2025,972,UPI,Delivered
O013176,CUST013177,R013176,6/20/2023,1294,Card,Delivered
O013177,CUST013178,R013177,5/22/2025,896,COD,Delivered
O013178,CUST013179,R013178,3/26/2023,580,Card,Delivered
O013179,CUST013180,R013179,6/17/2019,165,UPI,Delivered
O013180,CUST013181,R013180,6/3/2023,878,Card,Delivered
O013181,CUST013182,R013181,6/2/2021,1698,Card,Cancelled
O013182,CUST013183,R013182,11/23/2025,765,COD,Delivered
O013183,CUST013184,R013183,1/28/2021,121,COD,Delivered
O013184,CUST013185,R013184,8/19/2024,926,Wallet,Delivered
O013185,CUST013186,R013185,7/13/2019,1431,Card,Delivered
O013186,CUST013187,R013186,7/7/2019,352,Wallet,Delivered
O013187,CUST013188,R013187,4/28/2021,1244,UPI,Delivered
O013188,CUST013189,R013188,4/19/2024,1171,Wallet,Delivered
O013189,CUST013190,R013189,12/23/2022,657,UPI,Delivered
O013190,CUST013191,R013190,12/11/2024,1986,Wallet,Delivered
O013191,CUST013192,R013191,2/14/2020,824,Card,Delivered
O013192,CUST013193,R013192,5/15/2025,1687,UPI,Delivered
O013193,CUST013194,R013193,1/19/2023,1506,UPI,Delivered
O013194,CUST013195,R013194,4/14/2021,1315,Card,Cancelled
O013195,CUST013196,R013195,6/18/2025,917,UPI,Delivered
O013196,CUST013197,R013196,9/23/2022,1681,Card,Delivered
O013197,CUST013198,R013197,5/13/2023,542,COD,Delivered
O013198,CUST013199,R013198,3/7/2020,334,UPI,Delivered
O013199,CUST013200,R013199,5/16/2025,1869,COD,Delivered
O013200,CUST013201,R013200,7/23/2023,903,Card,Delivered
O013201,CUST013202,R013201,6/6/2021,788,COD,Delivered
O013202,CUST013203,R013202,2/25/2024,274,Wallet,Delivered
O013203,CUST013204,R013203,4/8/2024,714,COD,Delivered
O013204,CUST013205,R013204,7/23/2020,440,Wallet,Delivered
O013205,CUST013206,R013205,4/10/2022,1774,Card,Cancelled
O013206,CUST013207,R013206,7/28/2023,1123,UPI,Delivered
O013207,CUST013208,R013207,4/9/2021,1106,UPI,Delivered
O013208,CUST013209,R013208,2/12/2020,1539,Wallet,Delivered
O013209,CUST013210,R013209,6/5/2025,775,Card,Delivered
O013210,CUST013211,R013210,8/8/2025,203,UPI,Delivered
O013211,CUST013212,R013211,12/17/2019,1851,Card,Delivered
O013212,CUST013213,R013212,12/21/2020,1485,COD,Delivered
O013213,CUST013214,R013213,6/17/2025,1531,Card,Delivered
O013214,CUST013215,R013214,7/16/2021,876,COD,Delivered
O013215,CUST013216,R013215,1/19/2024,853,Card,Delivered
O013216,CUST013217,R013216,6/23/2020,932,COD,Delivered
O013217,CUST013218,R013217,8/24/2020,484,UPI,Delivered
O013218,CUST013219,R013218,8/11/2020,1104,Card,Delivered
O013219,CUST013220,R013219,10/2/2019,1211,UPI,Delivered
O013220,CUST013221,R013220,8/9/2019,1149,COD,Delivered
O013221,CUST013222,R013221,5/2/2025,1583,UPI,Delivered
O013222,CUST013223,R013222,3/12/2022,820,UPI,Delivered
O013223,CUST013224,R013223,9/11/2021,1259,UPI,Delivered
O013224,CUST013225,R013224,12/18/2024,1944,Card,Delivered
O013225,CUST013226,R013225,12/21/2020,294,Wallet,Delivered
O013226,CUST013227,R013226,8/5/2022,1576,Card,Delivered
O013227,CUST013228,R013227,3/17/2024,1870,UPI,Delivered
O013228,CUST013229,R013228,1/20/2022,1481,Card,Delivered
O013229,CUST013230,R013229,10/18/2019,591,Card,Delivered
O013230,CUST013231,R013230,8/21/2022,101,Card,Delivered
O013231,CUST013232,R013231,6/20/2025,720,COD,Delivered
O013232,CUST013233,R013232,10/23/2021,826,Card,Delivered
O013233,CUST013234,R013233,7/4/2023,1821,COD,Delivered
O013234,CUST013235,R013234,1/25/2020,1243,Wallet,Delivered
O013235,CUST013236,R013235,3/6/2022,927,Card,Delivered
O013236,CUST013237,R013236,3/21/2021,1049,Wallet,Cancelled
O013237,CUST013238,R013237,4/12/2020,1560,COD,Delivered
O013238,CUST013239,R013238,3/16/2022,966,COD,Delivered
O013239,CUST013240,R013239,1/2/2021,1192,UPI,Delivered
O013240,CUST013241,R013240,11/11/2019,1481,COD,Delivered
O013241,CUST013242,R013241,7/4/2024,1097,Card,Delivered
O013242,CUST013243,R013242,1/20/2021,209,Wallet,Delivered
O013243,CUST013244,R013243,3/16/2022,773,UPI,Delivered
O013244,CUST013245,R013244,2/14/2020,336,Card,Delivered
O013245,CUST013246,R013245,9/18/2023,602,UPI,Delivered
O013246,CUST013247,R013246,1/13/2023,1438,Card,Delivered
O013247,CUST013248,R013247,8/20/2020,1034,Wallet,Delivered
O013248,CUST013249,R013248,3/3/2024,1598,COD,Delivered
O013249,CUST013250,R013249,7/15/2025,1761,Card,Delivered
O013250,CUST013251,R013250,4/15/2019,1383,UPI,Delivered
O013251,CUST013252,R013251,7/14/2024,1678,Card,Cancelled
O013252,CUST013253,R013252,4/20/2021,1947,UPI,Delivered
O013253,CUST013254,R013253,9/21/2019,1347,UPI,Cancelled
O013254,CUST013255,R013254,10/15/2023,1984,COD,Delivered
O013255,CUST013256,R013255,7/2/2025,1932,UPI,Cancelled
O013256,CUST013257,R013256,3/13/2019,1664,COD,Delivered
O013257,CUST013258,R013257,7/25/2020,1091,Card,Delivered
O013258,CUST013259,R013258,12/28/2022,426,COD,Delivered
O013259,CUST013260,R013259,12/26/2020,249,COD,Delivered
O013260,CUST013261,R013260,10/2/2019,856,Wallet,Delivered
O013261,CUST013262,R013261,12/1/2025,409,Wallet,Delivered
O013262,CUST013263,R013262,9/4/2023,1421,COD,Cancelled
O013263,CUST013264,R013263,4/9/2019,477,Wallet,Delivered
O013264,CUST013265,R013264,3/8/2019,1293,Card,Cancelled
O013265,CUST013266,R013265,8/14/2024,849,Wallet,Delivered
O013266,CUST013267,R013266,10/3/2020,964,Wallet,Cancelled
O013267,CUST013268,R013267,9/9/2023,1644,UPI,Delivered
O013268,CUST013269,R013268,1/17/2019,138,UPI,Delivered
O013269,CUST013270,R013269,7/8/2023,1280,Card,Delivered
O013270,CUST013271,R013270,8/22/2022,1720,UPI,Cancelled
O013271,CUST013272,R013271,4/10/2020,1987,Card,Delivered
O013272,CUST013273,R013272,2/28/2022,1803,UPI,Delivered
O013273,CUST013274,R013273,12/11/2021,473,COD,Delivered
O013274,CUST013275,R013274,7/23/2020,200,COD,Delivered
O013275,CUST013276,R013275,9/27/2023,148,COD,Delivered
O013276,CUST013277,R013276,5/19/2019,136,COD,Delivered
O013277,CUST013278,R013277,6/5/2021,910,COD,Delivered
O013278,CUST013279,R013278,2/24/2025,957,COD,Delivered
O013279,CUST013280,R013279,2/28/2020,580,COD,Delivered
O013280,CUST013281,R013280,12/4/2025,371,Wallet,Delivered
O013281,CUST013282,R013281,10/27/2021,1699,UPI,Delivered
O013282,CUST013283,R013282,9/9/2025,898,Wallet,Cancelled
O013283,CUST013284,R013283,5/4/2021,1939,UPI,Delivered
O013284,CUST013285,R013284,12/5/2022,129,Card,Delivered
O013285,CUST013286,R013285,10/1/2022,1133,UPI,Delivered
O013286,CUST013287,R013286,2/4/2025,561,COD,Delivered
O013287,CUST013288,R013287,4/24/2023,245,UPI,Delivered
O013288,CUST013289,R013288,4/17/2019,689,COD,Delivered
O013289,CUST013290,R013289,5/20/2019,180,Card,Delivered
O013290,CUST013291,R013290,6/6/2019,109,COD,Delivered
O013291,CUST013292,R013291,10/24/2020,1001,UPI,Delivered
O013292,CUST013293,R013292,1/8/2025,798,UPI,Delivered
O013293,CUST013294,R013293,4/19/2025,415,Wallet,Delivered
O013294,CUST013295,R013294,2/27/2019,1221,COD,Delivered
O013295,CUST013296,R013295,12/11/2021,1997,Wallet,Delivered
O013296,CUST013297,R013296,9/4/2019,1555,Wallet,Delivered
O013297,CUST013298,R013297,5/8/2022,1646,COD,Delivered
O013298,CUST013299,R013298,3/11/2022,1177,Wallet,Delivered
O013299,CUST013300,R013299,9/27/2025,177,Wallet,Cancelled
O013300,CUST013301,R013300,7/19/2024,916,UPI,Delivered
O013301,CUST013302,R013301,8/11/2023,479,COD,Delivered
O013302,CUST013303,R013302,3/13/2024,1698,COD,Delivered
O013303,CUST013304,R013303,3/16/2024,1801,Card,Delivered
O013304,CUST013305,R013304,1/19/2022,655,Card,Delivered
O013305,CUST013306,R013305,5/2/2021,1470,Wallet,Delivered
O013306,CUST013307,R013306,4/16/2020,1933,COD,Delivered
O013307,CUST013308,R013307,2/22/2019,837,UPI,Delivered
O013308,CUST013309,R013308,11/22/2021,203,COD,Delivered
O013309,CUST013310,R013309,3/27/2021,1215,Card,Delivered
O013310,CUST013311,R013310,1/2/2024,549,COD,Delivered
O013311,CUST013312,R013311,3/5/2022,794,UPI,Delivered
O013312,CUST013313,R013312,11/1/2020,1171,COD,Delivered
O013313,CUST013314,R013313,8/28/2020,532,Wallet,Delivered
O013314,CUST013315,R013314,11/6/2025,140,Wallet,Delivered
O013315,CUST013316,R013315,7/10/2024,425,COD,Delivered
O013316,CUST013317,R013316,11/10/2019,1417,UPI,Delivered
O013317,CUST013318,R013317,3/6/2019,1283,Wallet,Delivered
O013318,CUST013319,R013318,6/12/2022,1151,COD,Delivered
O013319,CUST013320,R013319,11/11/2020,1165,Wallet,Delivered
O013320,CUST013321,R013320,1/10/2025,1042,COD,Delivered
O013321,CUST013322,R013321,7/11/2022,1467,Card,Cancelled
O013322,CUST013323,R013322,9/23/2020,1416,Wallet,Delivered
O013323,CUST013324,R013323,9/6/2019,1682,UPI,Delivered
O013324,CUST013325,R013324,7/24/2021,1926,UPI,Delivered
O013325,CUST013326,R013325,12/17/2023,1371,UPI,Delivered
O013326,CUST013327,R013326,1/19/2025,1622,Card,Delivered
O013327,CUST013328,R013327,2/22/2022,341,COD,Delivered
O013328,CUST013329,R013328,11/13/2021,148,UPI,Delivered
O013329,CUST013330,R013329,7/26/2019,605,Card,Delivered
O013330,CUST013331,R013330,3/22/2025,1850,COD,Delivered
O013331,CUST013332,R013331,9/28/2025,767,COD,Delivered
O013332,CUST013333,R013332,5/7/2019,1967,COD,Delivered
O013333,CUST013334,R013333,10/20/2020,702,COD,Delivered
O013334,CUST013335,R013334,2/5/2024,1084,Wallet,Delivered
O013335,CUST013336,R013335,7/9/2019,1032,COD,Delivered
O013336,CUST013337,R013336,5/28/2021,1292,UPI,Delivered
O013337,CUST013338,R013337,6/19/2025,654,Wallet,Delivered
O013338,CUST013339,R013338,1/27/2023,1459,Wallet,Delivered
O013339,CUST013340,R013339,12/13/2025,1413,Wallet,Delivered
O013340,CUST013341,R013340,8/4/2022,1857,Card,Delivered
O013341,CUST013342,R013341,10/8/2023,1840,UPI,Delivered
O013342,CUST013343,R013342,3/27/2021,1278,UPI,Cancelled
O013343,CUST013344,R013343,12/3/2023,1510,COD,Delivered
O013344,CUST013345,R013344,10/25/2020,383,UPI,Delivered
O013345,CUST013346,R013345,7/16/2021,1583,COD,Delivered
O013346,CUST013347,R013346,11/17/2022,319,Card,Delivered
O013347,CUST013348,R013347,9/28/2024,1756,COD,Delivered
O013348,CUST013349,R013348,1/19/2019,616,COD,Delivered
O013349,CUST013350,R013349,9/23/2025,909,Card,Delivered
O013350,CUST013351,R013350,12/28/2025,445,Wallet,Delivered
O013351,CUST013352,R013351,12/21/2023,1076,UPI,Delivered
O013352,CUST013353,R013352,10/15/2020,189,Wallet,Delivered
O013353,CUST013354,R013353,10/18/2019,1901,Card,Cancelled
O013354,CUST013355,R013354,6/2/2025,1885,Wallet,Delivered
O013355,CUST013356,R013355,2/17/2022,1322,Card,Delivered
O013356,CUST013357,R013356,12/4/2021,1554,Card,Cancelled
O013357,CUST013358,R013357,10/26/2022,1482,UPI,Cancelled
O013358,CUST013359,R013358,11/16/2019,218,COD,Delivered
O013359,CUST013360,R013359,7/17/2025,538,Wallet,Delivered
O013360,CUST013361,R013360,11/15/2020,1799,COD,Delivered
O013361,CUST013362,R013361,8/20/2019,704,UPI,Delivered
O013362,CUST013363,R013362,12/5/2023,108,Card,Delivered
O013363,CUST013364,R013363,8/28/2021,489,Wallet,Delivered
O013364,CUST013365,R013364,9/24/2021,1119,Card,Delivered
O013365,CUST013366,R013365,8/3/2019,233,COD,Delivered
O013366,CUST013367,R013366,9/20/2024,1562,Wallet,Delivered
O013367,CUST013368,R013367,2/3/2021,612,COD,Delivered
O013368,CUST013369,R013368,9/12/2024,1598,UPI,Delivered
O013369,CUST013370,R013369,4/27/2025,1170,COD,Delivered
O013370,CUST013371,R013370,4/8/2022,1274,Wallet,Delivered
O013371,CUST013372,R013371,6/11/2019,1779,Wallet,Delivered
O013372,CUST013373,R013372,9/19/2020,1165,Wallet,Delivered
O013373,CUST013374,R013373,3/12/2022,1416,Card,Delivered
O013374,CUST013375,R013374,4/14/2021,321,Wallet,Delivered
O013375,CUST013376,R013375,5/15/2021,1625,UPI,Delivered
O013376,CUST013377,R013376,4/23/2023,148,UPI,Delivered
O013377,CUST013378,R013377,1/19/2025,1922,Card,Delivered
O013378,CUST013379,R013378,4/25/2020,277,Card,Delivered
O013379,CUST013380,R013379,9/14/2023,655,COD,Cancelled
O013380,CUST013381,R013380,3/13/2021,271,Card,Delivered
O013381,CUST013382,R013381,2/6/2021,1258,Card,Delivered
O013382,CUST013383,R013382,9/2/2019,1799,Card,Cancelled
O013383,CUST013384,R013383,4/2/2022,890,Wallet,Delivered
O013384,CUST013385,R013384,12/26/2020,511,Wallet,Delivered
O013385,CUST013386,R013385,6/1/2022,825,COD,Delivered
O013386,CUST013387,R013386,11/7/2024,1207,COD,Delivered
O013387,CUST013388,R013387,4/9/2021,709,COD,Delivered
O013388,CUST013389,R013388,1/9/2023,1667,Wallet,Delivered
O013389,CUST013390,R013389,7/14/2024,537,Wallet,Delivered
O013390,CUST013391,R013390,12/25/2020,1343,Wallet,Delivered
O013391,CUST013392,R013391,6/19/2023,1555,COD,Delivered
O013392,CUST013393,R013392,10/12/2021,1043,Wallet,Delivered
O013393,CUST013394,R013393,10/6/2020,1549,UPI,Delivered
O013394,CUST013395,R013394,3/25/2025,1647,Card,Cancelled
O013395,CUST013396,R013395,5/8/2019,1219,UPI,Delivered
O013396,CUST013397,R013396,10/21/2019,266,Wallet,Delivered
O013397,CUST013398,R013397,2/17/2019,1266,COD,Delivered
O013398,CUST013399,R013398,12/20/2019,694,Card,Delivered
O013399,CUST013400,R013399,4/26/2019,1639,Card,Delivered
O013400,CUST013401,R013400,12/17/2023,363,Card,Delivered
O013401,CUST013402,R013401,3/28/2022,1283,Card,Cancelled
O013402,CUST013403,R013402,7/8/2025,154,COD,Delivered
O013403,CUST013404,R013403,12/19/2020,959,Wallet,Delivered
O013404,CUST013405,R013404,9/14/2024,325,Wallet,Delivered
O013405,CUST013406,R013405,6/21/2021,659,Wallet,Delivered
O013406,CUST013407,R013406,6/28/2022,1340,Card,Delivered
O013407,CUST013408,R013407,12/7/2023,1263,UPI,Cancelled
O013408,CUST013409,R013408,8/3/2021,1501,Wallet,Delivered
O013409,CUST013410,R013409,9/16/2023,938,Wallet,Cancelled
O013410,CUST013411,R013410,8/26/2019,883,UPI,Cancelled
O013411,CUST013412,R013411,4/17/2019,310,COD,Delivered
O013412,CUST013413,R013412,10/7/2019,1255,Card,Delivered
O013413,CUST013414,R013413,12/12/2020,1880,Card,Delivered
O013414,CUST013415,R013414,11/22/2024,1956,Card,Delivered
O013415,CUST013416,R013415,4/17/2023,1148,Card,Delivered
O013416,CUST013417,R013416,8/14/2022,580,UPI,Delivered
O013417,CUST013418,R013417,11/23/2019,116,COD,Delivered
O013418,CUST013419,R013418,9/16/2023,492,COD,Delivered
O013419,CUST013420,R013419,6/23/2022,1968,Card,Delivered
O013420,CUST013421,R013420,6/21/2025,879,Card,Delivered
O013421,CUST013422,R013421,5/25/2020,1117,COD,Delivered
O013422,CUST013423,R013422,7/28/2023,983,Wallet,Delivered
O013423,CUST013424,R013423,3/21/2019,971,UPI,Delivered
O013424,CUST013425,R013424,9/17/2024,1540,Wallet,Delivered
O013425,CUST013426,R013425,4/15/2019,1299,Card,Cancelled
O013426,CUST013427,R013426,4/12/2025,199,Wallet,Delivered
O013427,CUST013428,R013427,12/11/2025,2000,Card,Delivered
O013428,CUST013429,R013428,4/19/2021,1726,UPI,Delivered
O013429,CUST013430,R013429,1/17/2022,1636,UPI,Cancelled
O013430,CUST013431,R013430,3/23/2024,161,COD,Delivered
O013431,CUST013432,R013431,10/20/2019,536,UPI,Delivered
O013432,CUST013433,R013432,3/11/2025,149,Card,Cancelled
O013433,CUST013434,R013433,7/22/2024,967,COD,Delivered
O013434,CUST013435,R013434,10/26/2025,273,COD,Delivered
O013435,CUST013436,R013435,9/7/2019,773,COD,Delivered
O013436,CUST013437,R013436,7/22/2024,586,COD,Delivered
O013437,CUST013438,R013437,12/27/2024,1200,COD,Delivered
O013438,CUST013439,R013438,10/2/2021,1407,Wallet,Delivered
O013439,CUST013440,R013439,4/7/2025,827,COD,Delivered
O013440,CUST013441,R013440,1/7/2020,1616,UPI,Delivered
O013441,CUST013442,R013441,8/13/2025,1343,COD,Delivered
O013442,CUST013443,R013442,2/27/2022,1297,UPI,Delivered
O013443,CUST013444,R013443,3/18/2024,1678,UPI,Delivered
O013444,CUST013445,R013444,6/14/2021,1338,UPI,Delivered
O013445,CUST013446,R013445,1/12/2022,1666,UPI,Delivered
O013446,CUST013447,R013446,10/17/2019,1962,Card,Delivered
O013447,CUST013448,R013447,2/8/2023,1834,Card,Delivered
O013448,CUST013449,R013448,5/1/2020,886,UPI,Delivered
O013449,CUST013450,R013449,3/19/2021,1215,Card,Delivered
O013450,CUST013451,R013450,8/21/2019,817,COD,Delivered
O013451,CUST013452,R013451,5/25/2021,178,COD,Delivered
O013452,CUST013453,R013452,9/16/2025,486,COD,Delivered
O013453,CUST013454,R013453,10/2/2019,1406,Card,Delivered
O013454,CUST013455,R013454,4/7/2020,1972,COD,Cancelled
O013455,CUST013456,R013455,8/28/2022,1088,COD,Delivered
O013456,CUST013457,R013456,6/13/2019,448,COD,Delivered
O013457,CUST013458,R013457,8/23/2023,527,Wallet,Delivered
O013458,CUST013459,R013458,2/9/2024,1283,Card,Delivered
O013459,CUST013460,R013459,1/5/2023,261,COD,Delivered
O013460,CUST013461,R013460,7/26/2022,1022,Wallet,Delivered
O013461,CUST013462,R013461,7/18/2021,1130,COD,Delivered
O013462,CUST013463,R013462,1/22/2025,578,Wallet,Delivered
O013463,CUST013464,R013463,12/10/2023,1907,COD,Cancelled
O013464,CUST013465,R013464,5/13/2020,739,Card,Cancelled
O013465,CUST013466,R013465,6/12/2019,1576,UPI,Delivered
O013466,CUST013467,R013466,5/18/2024,1651,UPI,Delivered
O013467,CUST013468,R013467,9/13/2022,1160,UPI,Cancelled
O013468,CUST013469,R013468,7/17/2021,767,UPI,Delivered
O013469,CUST013470,R013469,7/21/2025,1538,Card,Delivered
O013470,CUST013471,R013470,3/12/2022,187,COD,Delivered
O013471,CUST013472,R013471,5/25/2021,1955,UPI,Delivered
O013472,CUST013473,R013472,7/14/2023,1778,COD,Delivered
O013473,CUST013474,R013473,11/20/2019,812,Card,Delivered
O013474,CUST013475,R013474,1/27/2021,747,COD,Delivered
O013475,CUST013476,R013475,5/27/2020,238,Wallet,Delivered
O013476,CUST013477,R013476,12/6/2025,633,COD,Delivered
O013477,CUST013478,R013477,6/22/2022,355,Wallet,Delivered
O013478,CUST013479,R013478,7/9/2021,1684,Card,Cancelled
O013479,CUST013480,R013479,2/28/2023,1268,Wallet,Cancelled
O013480,CUST013481,R013480,1/8/2024,825,UPI,Delivered
O013481,CUST013482,R013481,11/11/2025,1395,Wallet,Delivered
O013482,CUST013483,R013482,1/2/2025,632,UPI,Delivered
O013483,CUST013484,R013483,2/6/2022,1705,UPI,Delivered
O013484,CUST013485,R013484,6/7/2021,1745,UPI,Delivered
O013485,CUST013486,R013485,5/16/2022,1438,Card,Delivered
O013486,CUST013487,R013486,6/15/2020,1441,UPI,Cancelled
O013487,CUST013488,R013487,11/14/2021,363,Card,Delivered
O013488,CUST013489,R013488,1/21/2022,345,UPI,Delivered
O013489,CUST013490,R013489,9/16/2020,293,Card,Delivered
O013490,CUST013491,R013490,2/17/2024,1917,Wallet,Delivered
O013491,CUST013492,R013491,7/3/2021,1014,Card,Delivered
O013492,CUST013493,R013492,10/22/2024,1311,Wallet,Delivered
O013493,CUST013494,R013493,1/8/2024,1044,COD,Delivered
O013494,CUST013495,R013494,8/27/2021,1484,UPI,Delivered
O013495,CUST013496,R013495,3/10/2021,676,Wallet,Delivered
O013496,CUST013497,R013496,11/9/2020,854,UPI,Delivered
O013497,CUST013498,R013497,6/8/2021,1789,Card,Delivered
O013498,CUST013499,R013498,2/20/2020,1910,Wallet,Delivered
O013499,CUST013500,R013499,7/3/2022,1529,Card,Delivered
O013500,CUST013501,R013500,3/14/2019,1785,UPI,Cancelled
O013501,CUST013502,R013501,8/22/2020,1401,UPI,Delivered
O013502,CUST013503,R013502,2/17/2025,512,Card,Delivered
O013503,CUST013504,R013503,6/18/2020,1961,Card,Delivered
O013504,CUST013505,R013504,9/19/2024,673,COD,Delivered
O013505,CUST013506,R013505,3/22/2024,927,Card,Delivered
O013506,CUST013507,R013506,9/3/2019,1673,Card,Delivered
O013507,CUST013508,R013507,1/24/2021,1100,Wallet,Delivered
O013508,CUST013509,R013508,6/5/2023,826,Card,Delivered
O013509,CUST013510,R013509,1/19/2022,514,Wallet,Cancelled
O013510,CUST013511,R013510,2/2/2023,1406,COD,Delivered
O013511,CUST013512,R013511,2/14/2020,812,COD,Delivered
O013512,CUST013513,R013512,3/25/2024,1150,UPI,Delivered
O013513,CUST013514,R013513,2/9/2023,1445,Wallet,Delivered
O013514,CUST013515,R013514,7/6/2020,1018,Card,Delivered
O013515,CUST013516,R013515,6/18/2025,129,Wallet,Delivered
O013516,CUST013517,R013516,6/15/2022,687,UPI,Delivered
O013517,CUST013518,R013517,1/14/2023,289,Card,Delivered
O013518,CUST013519,R013518,6/17/2019,1600,UPI,Delivered
O013519,CUST013520,R013519,6/12/2024,1289,Card,Delivered
O013520,CUST013521,R013520,9/18/2023,890,UPI,Delivered
O013521,CUST013522,R013521,10/28/2020,1455,UPI,Delivered
O013522,CUST013523,R013522,4/14/2024,305,COD,Delivered
O013523,CUST013524,R013523,12/17/2023,177,Card,Delivered
O013524,CUST013525,R013524,8/23/2020,427,Card,Delivered
O013525,CUST013526,R013525,6/2/2021,766,Wallet,Cancelled
O013526,CUST013527,R013526,10/4/2025,1268,Wallet,Delivered
O013527,CUST013528,R013527,2/1/2020,1774,COD,Delivered
O013528,CUST013529,R013528,9/28/2023,1890,UPI,Cancelled
O013529,CUST013530,R013529,2/12/2021,1574,Card,Cancelled
O013530,CUST013531,R013530,3/24/2022,1002,Card,Delivered
O013531,CUST013532,R013531,12/28/2023,379,COD,Delivered
O013532,CUST013533,R013532,4/23/2023,143,COD,Delivered
O013533,CUST013534,R013533,2/1/2022,713,COD,Delivered
O013534,CUST013535,R013534,3/28/2024,266,COD,Delivered
O013535,CUST013536,R013535,4/3/2021,1017,COD,Delivered
O013536,CUST013537,R013536,9/28/2022,888,Wallet,Delivered
O013537,CUST013538,R013537,1/6/2021,1183,UPI,Cancelled
O013538,CUST013539,R013538,9/12/2020,764,Wallet,Delivered
O013539,CUST013540,R013539,2/1/2020,884,Wallet,Delivered
O013540,CUST013541,R013540,4/11/2019,1564,Wallet,Delivered
O013541,CUST013542,R013541,6/10/2019,1998,Wallet,Delivered
O013542,CUST013543,R013542,10/7/2022,1234,Card,Delivered
O013543,CUST013544,R013543,8/21/2022,1630,UPI,Delivered
O013544,CUST013545,R013544,6/9/2023,1901,Card,Delivered
O013545,CUST013546,R013545,7/27/2020,1660,Wallet,Delivered
O013546,CUST013547,R013546,3/11/2022,373,COD,Delivered
O013547,CUST013548,R013547,2/22/2024,1958,Card,Delivered
O013548,CUST013549,R013548,12/26/2022,1644,Card,Delivered
O013549,CUST013550,R013549,4/9/2025,1882,COD,Delivered
O013550,CUST013551,R013550,9/1/2023,800,COD,Delivered
O013551,CUST013552,R013551,1/22/2025,851,COD,Delivered
O013552,CUST013553,R013552,3/26/2022,500,COD,Delivered
O013553,CUST013554,R013553,8/5/2023,291,Wallet,Delivered
O013554,CUST013555,R013554,12/25/2020,1615,UPI,Cancelled
O013555,CUST013556,R013555,10/8/2022,851,COD,Cancelled
O013556,CUST013557,R013556,8/3/2022,1289,Wallet,Delivered
O013557,CUST013558,R013557,10/3/2020,1517,UPI,Delivered
O013558,CUST013559,R013558,2/22/2022,562,Wallet,Delivered
O013559,CUST013560,R013559,3/5/2022,1891,COD,Delivered
O013560,CUST013561,R013560,5/17/2019,1612,Wallet,Delivered
O013561,CUST013562,R013561,7/9/2025,322,COD,Delivered
O013562,CUST013563,R013562,12/4/2020,1927,Card,Delivered
O013563,CUST013564,R013563,10/4/2019,1856,COD,Delivered
O013564,CUST013565,R013564,5/23/2023,895,Wallet,Delivered
O013565,CUST013566,R013565,11/7/2020,588,UPI,Delivered
O013566,CUST013567,R013566,10/21/2019,336,Wallet,Delivered
O013567,CUST013568,R013567,8/25/2023,1136,COD,Delivered
O013568,CUST013569,R013568,2/9/2020,1906,COD,Delivered
O013569,CUST013570,R013569,9/4/2022,1508,Wallet,Delivered
O013570,CUST013571,R013570,9/5/2025,1606,COD,Delivered
O013571,CUST013572,R013571,8/9/2023,1098,Wallet,Delivered
O013572,CUST013573,R013572,5/26/2019,1934,Wallet,Delivered
O013573,CUST013574,R013573,6/18/2019,767,Wallet,Delivered
O013574,CUST013575,R013574,6/11/2023,1840,COD,Delivered
O013575,CUST013576,R013575,10/12/2023,1587,COD,Delivered
O013576,CUST013577,R013576,3/13/2019,1651,Card,Delivered
O013577,CUST013578,R013577,9/17/2019,511,Card,Delivered
O013578,CUST013579,R013578,7/1/2022,1391,Wallet,Delivered
O013579,CUST013580,R013579,5/16/2019,1897,COD,Cancelled
O013580,CUST013581,R013580,4/20/2025,795,Card,Delivered
O013581,CUST013582,R013581,2/20/2024,112,COD,Delivered
O013582,CUST013583,R013582,5/26/2023,1125,Card,Delivered
O013583,CUST013584,R013583,1/2/2025,333,Card,Delivered
O013584,CUST013585,R013584,11/4/2025,757,Wallet,Delivered
O013585,CUST013586,R013585,3/28/2023,1027,COD,Delivered
O013586,CUST013587,R013586,11/27/2019,384,COD,Delivered
O013587,CUST013588,R013587,6/5/2022,1631,Wallet,Delivered
O013588,CUST013589,R013588,6/6/2025,314,COD,Delivered
O013589,CUST013590,R013589,3/8/2023,1311,UPI,Delivered
O013590,CUST013591,R013590,3/4/2021,1140,UPI,Delivered
O013591,CUST013592,R013591,5/10/2020,1690,Wallet,Delivered
O013592,CUST013593,R013592,5/13/2021,1507,UPI,Delivered
O013593,CUST013594,R013593,3/15/2022,1423,Wallet,Delivered
O013594,CUST013595,R013594,5/15/2019,1674,Card,Cancelled
O013595,CUST013596,R013595,10/27/2023,1325,Wallet,Delivered
O013596,CUST013597,R013596,7/11/2025,1596,UPI,Delivered
O013597,CUST013598,R013597,2/20/2024,1847,UPI,Delivered
O013598,CUST013599,R013598,10/16/2022,1272,UPI,Delivered
O013599,CUST013600,R013599,7/18/2023,1517,UPI,Delivered
O013600,CUST013601,R013600,5/21/2021,1831,COD,Delivered
O013601,CUST013602,R013601,4/12/2024,1895,UPI,Delivered
O013602,CUST013603,R013602,2/24/2022,501,Card,Delivered
O013603,CUST013604,R013603,2/20/2025,372,COD,Delivered
O013604,CUST013605,R013604,4/26/2019,878,COD,Delivered
O013605,CUST013606,R013605,7/8/2022,1882,COD,Delivered
O013606,CUST013607,R013606,12/18/2019,612,Card,Delivered
O013607,CUST013608,R013607,8/3/2022,1037,COD,Delivered
O013608,CUST013609,R013608,2/2/2020,990,Wallet,Delivered
O013609,CUST013610,R013609,3/27/2019,1213,Wallet,Cancelled
O013610,CUST013611,R013610,3/17/2019,574,Wallet,Delivered
O013611,CUST013612,R013611,7/26/2020,1380,Wallet,Delivered
O013612,CUST013613,R013612,11/13/2025,1133,COD,Delivered
O013613,CUST013614,R013613,7/3/2025,1491,Card,Delivered
O013614,CUST013615,R013614,12/6/2019,1686,UPI,Delivered
O013615,CUST013616,R013615,8/26/2022,1129,UPI,Cancelled
O013616,CUST013617,R013616,8/2/2025,1366,Card,Delivered
O013617,CUST013618,R013617,3/21/2023,538,UPI,Delivered
O013618,CUST013619,R013618,1/17/2022,1543,Card,Delivered
O013619,CUST013620,R013619,4/15/2019,229,Card,Delivered
O013620,CUST013621,R013620,4/26/2024,1665,COD,Delivered
O013621,CUST013622,R013621,4/17/2023,1098,COD,Delivered
O013622,CUST013623,R013622,6/22/2021,873,Card,Delivered
O013623,CUST013624,R013623,12/27/2024,365,COD,Delivered
O013624,CUST013625,R013624,3/20/2022,990,Wallet,Delivered
O013625,CUST013626,R013625,9/14/2022,1935,Card,Delivered
O013626,CUST013627,R013626,3/25/2020,1108,UPI,Cancelled
O013627,CUST013628,R013627,7/1/2019,1346,Card,Cancelled
O013628,CUST013629,R013628,7/10/2022,745,UPI,Delivered
O013629,CUST013630,R013629,7/24/2020,982,UPI,Delivered
O013630,CUST013631,R013630,4/18/2025,1595,UPI,Cancelled
O013631,CUST013632,R013631,8/12/2022,113,COD,Delivered
O013632,CUST013633,R013632,9/15/2024,316,Wallet,Delivered
O013633,CUST013634,R013633,2/13/2022,1709,COD,Delivered
O013634,CUST013635,R013634,8/18/2021,619,UPI,Delivered
O013635,CUST013636,R013635,3/25/2020,1929,Card,Delivered
O013636,CUST013637,R013636,11/28/2022,452,COD,Delivered
O013637,CUST013638,R013637,8/23/2022,1078,Card,Delivered
O013638,CUST013639,R013638,11/2/2025,1980,Card,Delivered
O013639,CUST013640,R013639,9/18/2023,1152,COD,Delivered
O013640,CUST013641,R013640,11/2/2024,506,COD,Delivered
O013641,CUST013642,R013641,2/11/2022,1323,UPI,Delivered
O013642,CUST013643,R013642,11/25/2025,1027,COD,Delivered
O013643,CUST013644,R013643,10/6/2019,1386,Wallet,Delivered
O013644,CUST013645,R013644,12/13/2020,1630,Wallet,Cancelled
O013645,CUST013646,R013645,7/17/2023,1118,COD,Delivered
O013646,CUST013647,R013646,5/8/2024,1370,Card,Cancelled
O013647,CUST013648,R013647,8/12/2021,236,Wallet,Delivered
O013648,CUST013649,R013648,1/9/2021,1545,UPI,Delivered
O013649,CUST013650,R013649,3/22/2019,1970,UPI,Delivered
O013650,CUST013651,R013650,11/18/2024,1707,UPI,Delivered
O013651,CUST013652,R013651,11/24/2025,230,Card,Delivered
O013652,CUST013653,R013652,5/13/2024,245,COD,Cancelled
O013653,CUST013654,R013653,1/11/2019,122,Card,Delivered
O013654,CUST013655,R013654,10/5/2024,1115,Card,Delivered
O013655,CUST013656,R013655,12/27/2025,1699,Card,Delivered
O013656,CUST013657,R013656,6/28/2021,1039,COD,Delivered
O013657,CUST013658,R013657,2/28/2023,357,Wallet,Delivered
O013658,CUST013659,R013658,1/27/2023,736,COD,Delivered
O013659,CUST013660,R013659,10/5/2024,986,Wallet,Delivered
O013660,CUST013661,R013660,11/7/2023,907,Wallet,Delivered
O013661,CUST013662,R013661,12/3/2023,1827,Wallet,Delivered
O013662,CUST013663,R013662,11/17/2021,698,Wallet,Delivered
O013663,CUST013664,R013663,9/27/2022,1497,Wallet,Delivered
O013664,CUST013665,R013664,2/19/2020,1747,COD,Delivered
O013665,CUST013666,R013665,11/15/2021,677,UPI,Delivered
O013666,CUST013667,R013666,1/8/2021,1400,UPI,Delivered
O013667,CUST013668,R013667,8/24/2019,1503,Card,Delivered
O013668,CUST013669,R013668,9/7/2020,1075,UPI,Delivered
O013669,CUST013670,R013669,3/19/2020,416,Wallet,Delivered
O013670,CUST013671,R013670,8/19/2020,1679,COD,Delivered
O013671,CUST013672,R013671,11/17/2025,540,UPI,Delivered
O013672,CUST013673,R013672,4/24/2021,1554,Card,Delivered
O013673,CUST013674,R013673,11/13/2020,283,Card,Cancelled
O013674,CUST013675,R013674,1/23/2020,1248,UPI,Delivered
O013675,CUST013676,R013675,1/6/2022,1975,COD,Delivered
O013676,CUST013677,R013676,3/18/2019,873,Wallet,Delivered
O013677,CUST013678,R013677,2/12/2020,235,COD,Delivered
O013678,CUST013679,R013678,3/21/2024,294,COD,Delivered
O013679,CUST013680,R013679,6/28/2023,1060,Card,Delivered
O013680,CUST013681,R013680,2/5/2019,1119,UPI,Cancelled
O013681,CUST013682,R013681,1/1/2024,1357,Wallet,Delivered
O013682,CUST013683,R013682,11/14/2022,1045,COD,Delivered
O013683,CUST013684,R013683,1/28/2019,772,Card,Delivered
O013684,CUST013685,R013684,2/12/2020,199,COD,Delivered
O013685,CUST013686,R013685,6/5/2023,1170,Card,Delivered
O013686,CUST013687,R013686,12/10/2022,1801,UPI,Cancelled
O013687,CUST013688,R013687,1/17/2020,1876,Card,Delivered
O013688,CUST013689,R013688,1/16/2022,1629,Card,Delivered
O013689,CUST013690,R013689,7/13/2023,533,UPI,Delivered
O013690,CUST013691,R013690,7/22/2021,1927,Card,Delivered
O013691,CUST013692,R013691,2/15/2024,402,COD,Delivered
O013692,CUST013693,R013692,2/22/2025,1862,UPI,Delivered
O013693,CUST013694,R013693,8/28/2021,779,Wallet,Delivered
O013694,CUST013695,R013694,8/24/2019,974,UPI,Delivered
O013695,CUST013696,R013695,1/26/2020,661,COD,Delivered
O013696,CUST013697,R013696,9/23/2020,388,Wallet,Delivered
O013697,CUST013698,R013697,11/9/2023,827,COD,Delivered
O013698,CUST013699,R013698,3/7/2025,831,Card,Delivered
O013699,CUST013700,R013699,12/4/2022,119,Wallet,Delivered
O013700,CUST013701,R013700,6/26/2020,1920,Card,Delivered
O013701,CUST013702,R013701,2/16/2022,1641,Wallet,Delivered
O013702,CUST013703,R013702,6/14/2021,1590,UPI,Cancelled
O013703,CUST013704,R013703,11/23/2024,114,Card,Delivered
O013704,CUST013705,R013704,11/18/2022,450,UPI,Delivered
O013705,CUST013706,R013705,12/9/2023,1907,Card,Delivered
O013706,CUST013707,R013706,10/21/2019,824,COD,Delivered
O013707,CUST013708,R013707,12/25/2022,173,COD,Delivered
O013708,CUST013709,R013708,12/5/2025,748,COD,Delivered
O013709,CUST013710,R013709,2/23/2022,432,COD,Delivered
O013710,CUST013711,R013710,1/25/2020,1046,COD,Delivered
O013711,CUST013712,R013711,11/8/2021,1302,COD,Delivered
O013712,CUST013713,R013712,11/5/2020,790,COD,Delivered
O013713,CUST013714,R013713,11/2/2020,1536,UPI,Delivered
O013714,CUST013715,R013714,10/11/2024,1258,COD,Delivered
O013715,CUST013716,R013715,9/26/2019,1206,Wallet,Delivered
O013716,CUST013717,R013716,6/17/2025,1630,Wallet,Delivered
O013717,CUST013718,R013717,10/13/2019,1122,UPI,Delivered
O013718,CUST013719,R013718,2/11/2025,1524,UPI,Delivered
O013719,CUST013720,R013719,10/16/2025,1818,Card,Delivered
O013720,CUST013721,R013720,5/6/2022,1684,Card,Delivered
O013721,CUST013722,R013721,11/28/2022,1030,Wallet,Delivered
O013722,CUST013723,R013722,5/18/2024,1105,Card,Delivered
O013723,CUST013724,R013723,12/19/2020,663,COD,Delivered
O013724,CUST013725,R013724,5/23/2023,1930,COD,Delivered
O013725,CUST013726,R013725,8/15/2020,407,COD,Delivered
O013726,CUST013727,R013726,3/25/2022,1197,Card,Delivered
O013727,CUST013728,R013727,9/5/2024,1930,COD,Delivered
O013728,CUST013729,R013728,10/26/2021,996,COD,Delivered
O013729,CUST013730,R013729,10/12/2022,358,COD,Delivered
O013730,CUST013731,R013730,4/22/2019,914,Wallet,Delivered
O013731,CUST013732,R013731,9/6/2025,1675,Card,Delivered
O013732,CUST013733,R013732,6/10/2020,545,Wallet,Delivered
O013733,CUST013734,R013733,2/3/2019,1300,UPI,Delivered
O013734,CUST013735,R013734,7/23/2024,1232,COD,Delivered
O013735,CUST013736,R013735,8/2/2022,293,Wallet,Delivered
O013736,CUST013737,R013736,7/8/2025,1801,COD,Delivered
O013737,CUST013738,R013737,1/11/2024,595,Card,Cancelled
O013738,CUST013739,R013738,1/10/2019,1497,UPI,Delivered
O013739,CUST013740,R013739,6/13/2019,1571,UPI,Delivered
O013740,CUST013741,R013740,2/9/2021,1118,UPI,Delivered
O013741,CUST013742,R013741,6/15/2023,720,Wallet,Delivered
O013742,CUST013743,R013742,8/20/2021,1448,UPI,Cancelled
O013743,CUST013744,R013743,8/10/2022,102,COD,Delivered
O013744,CUST013745,R013744,2/25/2024,1875,UPI,Delivered
O013745,CUST013746,R013745,6/14/2019,1678,Card,Delivered
O013746,CUST013747,R013746,2/19/2025,533,Card,Delivered
O013747,CUST013748,R013747,8/26/2019,848,COD,Delivered
O013748,CUST013749,R013748,1/25/2021,1984,COD,Delivered
O013749,CUST013750,R013749,11/2/2022,528,Card,Delivered
O013750,CUST013751,R013750,2/21/2024,256,UPI,Delivered
O013751,CUST013752,R013751,6/7/2019,1002,Card,Delivered
O013752,CUST013753,R013752,12/22/2019,1182,Wallet,Cancelled
O013753,CUST013754,R013753,11/6/2025,735,Wallet,Delivered
O013754,CUST013755,R013754,2/9/2025,1349,Wallet,Delivered
O013755,CUST013756,R013755,1/2/2019,1108,UPI,Delivered
O013756,CUST013757,R013756,4/5/2024,1619,Wallet,Delivered
O013757,CUST013758,R013757,10/6/2024,1665,UPI,Delivered
O013758,CUST013759,R013758,8/15/2021,1295,Card,Delivered
O013759,CUST013760,R013759,8/14/2025,1336,UPI,Delivered
O013760,CUST013761,R013760,2/12/2020,507,Card,Delivered
O013761,CUST013762,R013761,5/20/2025,191,UPI,Delivered
O013762,CUST013763,R013762,9/14/2022,145,Card,Delivered
O013763,CUST013764,R013763,1/15/2024,1773,COD,Delivered
O013764,CUST013765,R013764,9/2/2021,1673,UPI,Delivered
O013765,CUST013766,R013765,4/16/2022,842,COD,Delivered
O013766,CUST013767,R013766,6/28/2020,526,Card,Delivered
O013767,CUST013768,R013767,11/19/2023,965,UPI,Delivered
O013768,CUST013769,R013768,2/2/2020,206,COD,Delivered
O013769,CUST013770,R013769,3/28/2021,818,UPI,Delivered
O013770,CUST013771,R013770,6/28/2019,1710,UPI,Cancelled
O013771,CUST013772,R013771,9/19/2024,1830,Wallet,Delivered
O013772,CUST013773,R013772,10/2/2021,1379,Card,Delivered
O013773,CUST013774,R013773,3/14/2022,551,Wallet,Delivered
O013774,CUST013775,R013774,5/21/2023,1291,UPI,Cancelled
O013775,CUST013776,R013775,5/15/2025,363,Card,Delivered
O013776,CUST013777,R013776,6/16/2022,1817,UPI,Delivered
O013777,CUST013778,R013777,7/17/2019,1891,COD,Cancelled
O013778,CUST013779,R013778,9/25/2021,886,Card,Delivered
O013779,CUST013780,R013779,2/1/2023,1626,Card,Delivered
O013780,CUST013781,R013780,8/22/2021,1009,Wallet,Delivered
O013781,CUST013782,R013781,2/3/2020,741,UPI,Delivered
O013782,CUST013783,R013782,9/18/2024,435,Wallet,Delivered
O013783,CUST013784,R013783,9/2/2022,1370,COD,Delivered
O013784,CUST013785,R013784,5/13/2019,595,COD,Cancelled
O013785,CUST013786,R013785,2/24/2025,996,UPI,Delivered
O013786,CUST013787,R013786,10/8/2024,1546,Wallet,Delivered
O013787,CUST013788,R013787,2/2/2021,907,UPI,Delivered
O013788,CUST013789,R013788,3/17/2020,1924,COD,Delivered
O013789,CUST013790,R013789,9/13/2024,544,UPI,Delivered
O013790,CUST013791,R013790,3/12/2021,1508,Card,Delivered
O013791,CUST013792,R013791,7/11/2020,1515,UPI,Delivered
O013792,CUST013793,R013792,3/11/2023,1241,UPI,Delivered
O013793,CUST013794,R013793,7/17/2025,669,UPI,Delivered
O013794,CUST013795,R013794,10/25/2022,1370,Wallet,Delivered
O013795,CUST013796,R013795,9/12/2024,225,COD,Delivered
O013796,CUST013797,R013796,5/24/2024,1998,Card,Delivered
O013797,CUST013798,R013797,2/23/2021,386,COD,Delivered
O013798,CUST013799,R013798,9/28/2020,656,Card,Delivered
O013799,CUST013800,R013799,10/2/2024,274,Card,Delivered
O013800,CUST013801,R013800,3/27/2023,529,UPI,Delivered
O013801,CUST013802,R013801,7/11/2024,651,COD,Delivered
O013802,CUST013803,R013802,10/23/2024,205,Card,Delivered
O013803,CUST013804,R013803,3/6/2021,1125,Card,Delivered
O013804,CUST013805,R013804,3/6/2022,229,Card,Delivered
O013805,CUST013806,R013805,7/21/2025,1953,COD,Delivered
O013806,CUST013807,R013806,9/27/2024,666,COD,Delivered
O013807,CUST013808,R013807,9/23/2024,225,COD,Delivered
O013808,CUST013809,R013808,9/5/2025,936,COD,Delivered
O013809,CUST013810,R013809,2/27/2025,808,COD,Delivered
O013810,CUST013811,R013810,4/5/2020,1098,UPI,Delivered
O013811,CUST013812,R013811,11/11/2024,479,Wallet,Delivered
O013812,CUST013813,R013812,5/28/2021,1028,COD,Delivered
O013813,CUST013814,R013813,1/10/2024,1415,Wallet,Delivered
O013814,CUST013815,R013814,7/9/2021,1855,Wallet,Delivered
O013815,CUST013816,R013815,4/5/2021,1091,UPI,Delivered
O013816,CUST013817,R013816,12/17/2020,985,UPI,Delivered
O013817,CUST013818,R013817,11/3/2021,1790,COD,Delivered
O013818,CUST013819,R013818,2/25/2020,1570,Wallet,Delivered
O013819,CUST013820,R013819,7/9/2022,283,Card,Delivered
O013820,CUST013821,R013820,10/20/2019,1741,Card,Delivered
O013821,CUST013822,R013821,3/28/2020,1608,Card,Delivered
O013822,CUST013823,R013822,7/8/2025,1803,COD,Delivered
O013823,CUST013824,R013823,4/28/2020,715,Card,Delivered
O013824,CUST013825,R013824,4/21/2024,760,COD,Delivered
O013825,CUST013826,R013825,9/23/2025,644,Card,Delivered
O013826,CUST013827,R013826,4/5/2019,186,COD,Delivered
O013827,CUST013828,R013827,5/23/2021,1471,Wallet,Cancelled
O013828,CUST013829,R013828,6/7/2023,706,COD,Cancelled
O013829,CUST013830,R013829,6/1/2022,601,Wallet,Delivered
O013830,CUST013831,R013830,2/26/2023,1407,UPI,Delivered
O013831,CUST013832,R013831,9/20/2020,341,Wallet,Delivered
O013832,CUST013833,R013832,3/3/2024,1805,Card,Delivered
O013833,CUST013834,R013833,2/15/2023,1532,COD,Delivered
O013834,CUST013835,R013834,9/9/2021,1717,UPI,Delivered
O013835,CUST013836,R013835,2/3/2025,1463,Wallet,Delivered
O013836,CUST013837,R013836,4/25/2022,1386,COD,Delivered
O013837,CUST013838,R013837,1/15/2023,377,UPI,Delivered
O013838,CUST013839,R013838,4/27/2020,689,UPI,Delivered
O013839,CUST013840,R013839,2/14/2024,230,Wallet,Delivered
O013840,CUST013841,R013840,4/25/2019,1558,COD,Delivered
O013841,CUST013842,R013841,7/7/2023,1762,COD,Delivered
O013842,CUST013843,R013842,11/2/2020,820,Wallet,Delivered
O013843,CUST013844,R013843,10/27/2019,1451,COD,Delivered
O013844,CUST013845,R013844,10/8/2024,986,Wallet,Delivered
O013845,CUST013846,R013845,10/4/2024,1893,Wallet,Cancelled
O013846,CUST013847,R013846,6/15/2021,688,Wallet,Delivered
O013847,CUST013848,R013847,9/12/2024,1761,Card,Delivered
O013848,CUST013849,R013848,12/10/2022,1501,COD,Delivered
O013849,CUST013850,R013849,10/13/2020,1430,Card,Delivered
O013850,CUST013851,R013850,1/16/2021,465,Card,Cancelled
O013851,CUST013852,R013851,12/28/2023,1492,Wallet,Delivered
O013852,CUST013853,R013852,6/15/2022,1747,COD,Cancelled
O013853,CUST013854,R013853,3/19/2021,651,Card,Delivered
O013854,CUST013855,R013854,7/17/2023,1914,COD,Delivered
O013855,CUST013856,R013855,10/24/2020,480,Card,Delivered
O013856,CUST013857,R013856,11/24/2021,178,Card,Cancelled
O013857,CUST013858,R013857,3/2/2020,603,Wallet,Delivered
O013858,CUST013859,R013858,10/26/2025,621,COD,Delivered
O013859,CUST013860,R013859,11/25/2019,348,COD,Delivered
O013860,CUST013861,R013860,5/7/2019,1551,Wallet,Delivered
O013861,CUST013862,R013861,4/4/2019,229,Card,Cancelled
O013862,CUST013863,R013862,6/7/2022,1221,UPI,Delivered
O013863,CUST013864,R013863,12/11/2020,1093,UPI,Delivered
O013864,CUST013865,R013864,1/9/2023,1648,COD,Delivered
O013865,CUST013866,R013865,3/12/2019,1363,Wallet,Delivered
O013866,CUST013867,R013866,11/13/2023,1280,Wallet,Delivered
O013867,CUST013868,R013867,12/14/2023,1531,Card,Cancelled
O013868,CUST013869,R013868,8/26/2022,1108,UPI,Delivered
O013869,CUST013870,R013869,1/5/2025,1739,Card,Delivered
O013870,CUST013871,R013870,10/24/2022,220,Card,Cancelled
O013871,CUST013872,R013871,10/20/2025,1615,UPI,Delivered
O013872,CUST013873,R013872,6/20/2021,1864,UPI,Cancelled
O013873,CUST013874,R013873,4/2/2022,1795,Card,Cancelled
O013874,CUST013875,R013874,2/16/2019,1854,UPI,Delivered
O013875,CUST013876,R013875,9/23/2019,410,Card,Delivered
O013876,CUST013877,R013876,10/19/2019,281,COD,Delivered
O013877,CUST013878,R013877,9/25/2024,837,COD,Delivered
O013878,CUST013879,R013878,4/7/2025,1608,COD,Delivered
O013879,CUST013880,R013879,12/16/2025,469,Card,Delivered
O013880,CUST013881,R013880,11/2/2022,887,Card,Delivered
O013881,CUST013882,R013881,1/1/2021,297,Wallet,Delivered
O013882,CUST013883,R013882,12/22/2024,1102,Wallet,Delivered
O013883,CUST013884,R013883,9/13/2019,464,Wallet,Delivered
O013884,CUST013885,R013884,8/23/2022,1230,COD,Delivered
O013885,CUST013886,R013885,2/10/2020,1053,COD,Cancelled
O013886,CUST013887,R013886,2/5/2019,1412,Card,Delivered
O013887,CUST013888,R013887,1/5/2023,1470,UPI,Delivered
O013888,CUST013889,R013888,10/24/2020,1081,UPI,Delivered
O013889,CUST013890,R013889,12/28/2021,1275,COD,Delivered
O013890,CUST013891,R013890,5/20/2025,454,Wallet,Delivered
O013891,CUST013892,R013891,1/17/2023,1399,Card,Delivered
O013892,CUST013893,R013892,3/11/2020,128,UPI,Delivered
O013893,CUST013894,R013893,3/24/2019,1559,Card,Delivered
O013894,CUST013895,R013894,7/16/2023,405,COD,Delivered
O013895,CUST013896,R013895,12/16/2023,719,Card,Delivered
O013896,CUST013897,R013896,7/25/2019,1986,COD,Delivered
O013897,CUST013898,R013897,7/18/2019,890,Wallet,Delivered
O013898,CUST013899,R013898,4/12/2022,1856,Card,Delivered
O013899,CUST013900,R013899,2/27/2019,1028,UPI,Delivered
O013900,CUST013901,R013900,8/27/2025,1260,Card,Delivered
O013901,CUST013902,R013901,12/6/2024,698,Wallet,Delivered
O013902,CUST013903,R013902,3/23/2023,936,Wallet,Cancelled
O013903,CUST013904,R013903,9/17/2025,1082,COD,Delivered
O013904,CUST013905,R013904,9/11/2025,1506,Card,Delivered
O013905,CUST013906,R013905,12/8/2024,1646,COD,Delivered
O013906,CUST013907,R013906,4/6/2019,1176,Card,Delivered
O013907,CUST013908,R013907,7/10/2023,1966,UPI,Delivered
O013908,CUST013909,R013908,2/17/2025,1774,Card,Delivered
O013909,CUST013910,R013909,8/26/2019,303,COD,Delivered
O013910,CUST013911,R013910,11/19/2024,935,Card,Delivered
O013911,CUST013912,R013911,5/28/2023,1944,Card,Delivered
O013912,CUST013913,R013912,4/20/2024,1110,COD,Delivered
O013913,CUST013914,R013913,9/28/2025,415,COD,Delivered
O013914,CUST013915,R013914,9/9/2022,1234,Wallet,Delivered
O013915,CUST013916,R013915,11/24/2019,980,COD,Delivered
O013916,CUST013917,R013916,6/5/2022,1169,Wallet,Delivered
O013917,CUST013918,R013917,4/12/2023,1550,Wallet,Cancelled
O013918,CUST013919,R013918,10/16/2022,976,COD,Delivered
O013919,CUST013920,R013919,12/7/2022,1221,UPI,Delivered
O013920,CUST013921,R013920,6/11/2021,1486,UPI,Delivered
O013921,CUST013922,R013921,8/6/2024,1434,UPI,Delivered
O013922,CUST013923,R013922,4/20/2021,1821,UPI,Cancelled
O013923,CUST013924,R013923,3/16/2024,1563,UPI,Delivered
O013924,CUST013925,R013924,1/22/2025,342,Card,Delivered
O013925,CUST013926,R013925,3/15/2021,1738,Card,Delivered
O013926,CUST013927,R013926,2/9/2025,1977,Card,Cancelled
O013927,CUST013928,R013927,9/3/2022,1024,Card,Delivered
O013928,CUST013929,R013928,12/25/2020,1613,Card,Delivered
O013929,CUST013930,R013929,10/27/2025,960,COD,Delivered
O013930,CUST013931,R013930,7/7/2025,322,Wallet,Delivered
O013931,CUST013932,R013931,8/25/2020,592,Card,Delivered
O013932,CUST013933,R013932,1/4/2024,836,COD,Delivered
O013933,CUST013934,R013933,3/6/2019,213,COD,Delivered
O013934,CUST013935,R013934,8/3/2019,1542,Wallet,Delivered
O013935,CUST013936,R013935,10/15/2021,592,Wallet,Delivered
O013936,CUST013937,R013936,9/25/2024,1353,Wallet,Delivered
O013937,CUST013938,R013937,5/17/2022,1859,COD,Cancelled
O013938,CUST013939,R013938,5/17/2023,832,Card,Delivered
O013939,CUST013940,R013939,9/4/2025,1593,UPI,Delivered
O013940,CUST013941,R013940,12/26/2024,1695,Card,Delivered
O013941,CUST013942,R013941,7/8/2022,1230,UPI,Delivered
O013942,CUST013943,R013942,6/22/2020,337,Wallet,Delivered
O013943,CUST013944,R013943,5/21/2024,1599,COD,Delivered
O013944,CUST013945,R013944,9/17/2024,497,UPI,Delivered
O013945,CUST013946,R013945,3/23/2023,1268,Card,Delivered
O013946,CUST013947,R013946,7/11/2021,1492,Card,Delivered
O013947,CUST013948,R013947,6/21/2021,1093,UPI,Delivered
O013948,CUST013949,R013948,2/21/2023,1869,COD,Delivered
O013949,CUST013950,R013949,1/17/2022,773,COD,Delivered
O013950,CUST013951,R013950,4/10/2019,347,COD,Delivered
O013951,CUST013952,R013951,1/22/2023,209,COD,Delivered
O013952,CUST013953,R013952,8/25/2022,969,Card,Delivered
O013953,CUST013954,R013953,12/4/2021,1072,UPI,Cancelled
O013954,CUST013955,R013954,8/28/2019,1142,Wallet,Delivered
O013955,CUST013956,R013955,4/12/2022,965,COD,Delivered
O013956,CUST013957,R013956,9/27/2020,692,Card,Delivered
O013957,CUST013958,R013957,1/11/2021,114,Card,Delivered
O013958,CUST013959,R013958,4/5/2023,1060,UPI,Delivered
O013959,CUST013960,R013959,2/6/2021,1152,UPI,Cancelled
O013960,CUST013961,R013960,2/16/2022,1726,UPI,Delivered
O013961,CUST013962,R013961,11/14/2020,1486,Card,Delivered
O013962,CUST013963,R013962,9/11/2023,390,UPI,Delivered
O013963,CUST013964,R013963,8/20/2024,1908,Card,Delivered
O013964,CUST013965,R013964,9/17/2025,295,COD,Delivered
O013965,CUST013966,R013965,5/20/2020,1772,UPI,Delivered
O013966,CUST013967,R013966,8/26/2023,689,Wallet,Delivered
O013967,CUST013968,R013967,8/22/2019,932,Card,Delivered
O013968,CUST013969,R013968,5/22/2023,625,Card,Delivered
O013969,CUST013970,R013969,1/22/2023,308,COD,Delivered
O013970,CUST013971,R013970,2/8/2023,743,COD,Delivered
O013971,CUST013972,R013971,10/6/2023,676,Wallet,Cancelled
O013972,CUST013973,R013972,3/3/2023,767,COD,Delivered
O013973,CUST013974,R013973,11/26/2025,1386,UPI,Delivered
O013974,CUST013975,R013974,7/9/2022,1071,COD,Delivered
O013975,CUST013976,R013975,9/5/2023,1019,UPI,Delivered
O013976,CUST013977,R013976,4/14/2019,1693,Card,Delivered
O013977,CUST013978,R013977,8/12/2022,340,UPI,Delivered
O013978,CUST013979,R013978,6/2/2021,1860,UPI,Delivered
O013979,CUST013980,R013979,2/19/2019,733,Card,Delivered
O013980,CUST013981,R013980,12/23/2024,1988,COD,Cancelled
O013981,CUST013982,R013981,6/28/2025,669,COD,Delivered
O013982,CUST013983,R013982,1/23/2021,397,Card,Delivered
O013983,CUST013984,R013983,8/24/2024,830,COD,Delivered
O013984,CUST013985,R013984,2/7/2021,1211,COD,Delivered
O013985,CUST013986,R013985,3/4/2023,1998,COD,Delivered
O013986,CUST013987,R013986,3/26/2023,1431,UPI,Delivered
O013987,CUST013988,R013987,10/10/2025,1158,Wallet,Delivered
O013988,CUST013989,R013988,4/24/2020,1062,Wallet,Delivered
O013989,CUST013990,R013989,4/15/2019,1737,Wallet,Delivered
O013990,CUST013991,R013990,5/15/2020,969,UPI,Delivered
O013991,CUST013992,R013991,8/10/2024,1477,UPI,Delivered
O013992,CUST013993,R013992,5/14/2021,1410,Card,Delivered
O013993,CUST013994,R013993,2/4/2019,1604,Card,Delivered
O013994,CUST013995,R013994,1/23/2019,951,Wallet,Delivered
O013995,CUST013996,R013995,12/17/2021,1025,Card,Delivered
O013996,CUST013997,R013996,11/19/2019,620,Card,Cancelled
O013997,CUST013998,R013997,7/2/2019,1883,Card,Delivered
O013998,CUST013999,R013998,9/13/2023,1615,Card,Delivered
O013999,CUST014000,R013999,8/23/2023,1048,Card,Delivered
O014000,CUST014001,R014000,6/4/2020,1786,COD,Delivered
O014001,CUST014002,R014001,9/26/2024,722,COD,Delivered
O014002,CUST014003,R014002,12/9/2021,508,COD,Delivered
O014003,CUST014004,R014003,2/24/2025,759,Wallet,Delivered
O014004,CUST014005,R014004,4/4/2019,1520,Card,Delivered
O014005,CUST014006,R014005,9/8/2024,503,UPI,Delivered
O014006,CUST014007,R014006,5/27/2021,1265,Card,Delivered
O014007,CUST014008,R014007,1/17/2019,1580,COD,Delivered
O014008,CUST014009,R014008,11/1/2022,635,UPI,Delivered
O014009,CUST014010,R014009,3/13/2023,237,Wallet,Delivered
O014010,CUST014011,R014010,12/16/2021,1500,UPI,Cancelled
O014011,CUST014012,R014011,10/15/2023,1275,UPI,Delivered
O014012,CUST014013,R014012,3/18/2024,1422,Wallet,Delivered
O014013,CUST014014,R014013,6/8/2024,975,UPI,Delivered
O014014,CUST014015,R014014,9/14/2022,577,Wallet,Delivered
O014015,CUST014016,R014015,9/13/2023,1598,UPI,Cancelled
O014016,CUST014017,R014016,2/12/2024,1892,COD,Delivered
O014017,CUST014018,R014017,5/22/2019,1720,Wallet,Cancelled
O014018,CUST014019,R014018,6/11/2022,1593,Card,Delivered
O014019,CUST014020,R014019,1/18/2025,453,Card,Delivered
O014020,CUST014021,R014020,6/20/2023,811,COD,Delivered
O014021,CUST014022,R014021,11/23/2022,1768,COD,Delivered
O014022,CUST014023,R014022,2/1/2021,438,Card,Delivered
O014023,CUST014024,R014023,2/19/2023,165,Wallet,Cancelled
O014024,CUST014025,R014024,10/3/2022,959,Card,Delivered
O014025,CUST014026,R014025,4/21/2023,1082,Wallet,Delivered
O014026,CUST014027,R014026,7/4/2019,592,Wallet,Delivered
O014027,CUST014028,R014027,8/8/2022,1205,COD,Delivered
O014028,CUST014029,R014028,3/28/2025,1214,Wallet,Cancelled
O014029,CUST014030,R014029,6/7/2022,1508,Wallet,Delivered
O014030,CUST014031,R014030,6/4/2020,1381,UPI,Delivered
O014031,CUST014032,R014031,12/13/2022,1210,UPI,Delivered
O014032,CUST014033,R014032,9/12/2020,1255,UPI,Delivered
O014033,CUST014034,R014033,10/15/2020,427,Card,Delivered
O014034,CUST014035,R014034,3/18/2024,150,Wallet,Delivered
O014035,CUST014036,R014035,4/13/2020,1999,UPI,Delivered
O014036,CUST014037,R014036,10/14/2025,1682,Card,Delivered
O014037,CUST014038,R014037,6/28/2019,1588,UPI,Delivered
O014038,CUST014039,R014038,12/15/2025,699,COD,Delivered
O014039,CUST014040,R014039,2/27/2019,252,UPI,Delivered
O014040,CUST014041,R014040,2/17/2022,859,Wallet,Delivered
O014041,CUST014042,R014041,1/1/2022,307,Card,Delivered
O014042,CUST014043,R014042,2/1/2024,236,COD,Delivered
O014043,CUST014044,R014043,5/27/2019,1172,Wallet,Delivered
O014044,CUST014045,R014044,3/8/2023,1296,Wallet,Delivered
O014045,CUST014046,R014045,5/21/2020,872,UPI,Delivered
O014046,CUST014047,R014046,4/1/2022,472,Wallet,Delivered
O014047,CUST014048,R014047,2/13/2024,1206,UPI,Delivered
O014048,CUST014049,R014048,4/14/2025,141,UPI,Delivered
O014049,CUST014050,R014049,5/15/2025,1770,UPI,Delivered
O014050,CUST014051,R014050,8/16/2022,1807,Card,Cancelled
O014051,CUST014052,R014051,2/23/2021,743,UPI,Delivered
O014052,CUST014053,R014052,6/28/2024,1481,Card,Delivered
O014053,CUST014054,R014053,10/19/2022,903,Wallet,Delivered
O014054,CUST014055,R014054,5/2/2019,887,Card,Delivered
O014055,CUST014056,R014055,1/20/2019,280,Wallet,Delivered
O014056,CUST014057,R014056,9/27/2024,1220,COD,Delivered
O014057,CUST014058,R014057,8/11/2023,452,COD,Delivered
O014058,CUST014059,R014058,5/23/2025,960,UPI,Delivered
O014059,CUST014060,R014059,12/2/2025,1467,Wallet,Delivered
O014060,CUST014061,R014060,4/28/2020,822,UPI,Delivered
O014061,CUST014062,R014061,6/15/2023,1833,COD,Delivered
O014062,CUST014063,R014062,1/9/2020,498,Wallet,Delivered
O014063,CUST014064,R014063,3/11/2022,1467,Card,Delivered
O014064,CUST014065,R014064,8/10/2023,1371,UPI,Delivered
O014065,CUST014066,R014065,8/9/2019,1098,UPI,Delivered
O014066,CUST014067,R014066,10/16/2024,520,UPI,Delivered
O014067,CUST014068,R014067,12/25/2019,1515,Wallet,Delivered
O014068,CUST014069,R014068,4/14/2020,1841,COD,Delivered
O014069,CUST014070,R014069,1/22/2021,1849,Card,Delivered
O014070,CUST014071,R014070,2/20/2024,243,COD,Delivered
O014071,CUST014072,R014071,11/24/2025,577,Card,Delivered
O014072,CUST014073,R014072,3/25/2020,231,COD,Delivered
O014073,CUST014074,R014073,1/25/2024,482,Wallet,Delivered
O014074,CUST014075,R014074,2/9/2025,561,Card,Delivered
O014075,CUST014076,R014075,3/21/2025,114,COD,Delivered
O014076,CUST014077,R014076,11/5/2024,1082,COD,Delivered
O014077,CUST014078,R014077,2/5/2025,1522,Wallet,Delivered
O014078,CUST014079,R014078,3/4/2021,715,Wallet,Delivered
O014079,CUST014080,R014079,10/10/2024,1323,COD,Delivered
O014080,CUST014081,R014080,6/6/2019,1130,Card,Delivered
O014081,CUST014082,R014081,2/16/2024,826,Card,Delivered
O014082,CUST014083,R014082,2/4/2021,704,COD,Delivered
O014083,CUST014084,R014083,8/3/2020,955,UPI,Delivered
O014084,CUST014085,R014084,6/9/2024,399,Wallet,Delivered
O014085,CUST014086,R014085,11/22/2019,943,COD,Delivered
O014086,CUST014087,R014086,10/8/2023,1194,Wallet,Delivered
O014087,CUST014088,R014087,1/7/2020,1808,Wallet,Delivered
O014088,CUST014089,R014088,5/4/2024,1005,UPI,Delivered
O014089,CUST014090,R014089,9/16/2025,905,UPI,Delivered
O014090,CUST014091,R014090,2/2/2022,1711,Card,Delivered
O014091,CUST014092,R014091,11/22/2025,1470,Wallet,Delivered
O014092,CUST014093,R014092,10/7/2021,177,Card,Delivered
O014093,CUST014094,R014093,2/19/2022,1842,Card,Delivered
O014094,CUST014095,R014094,4/27/2023,1455,Card,Delivered
O014095,CUST014096,R014095,7/6/2025,320,COD,Delivered
O014096,CUST014097,R014096,11/26/2022,614,Card,Delivered
O014097,CUST014098,R014097,7/19/2019,361,COD,Delivered
O014098,CUST014099,R014098,7/17/2021,560,Card,Delivered
O014099,CUST014100,R014099,10/3/2023,1997,COD,Delivered
O014100,CUST014101,R014100,9/1/2022,1423,Wallet,Delivered
O014101,CUST014102,R014101,10/5/2020,665,Card,Delivered
O014102,CUST014103,R014102,8/28/2025,522,Wallet,Delivered
O014103,CUST014104,R014103,2/25/2022,1327,UPI,Delivered
O014104,CUST014105,R014104,12/19/2020,191,COD,Delivered
O014105,CUST014106,R014105,9/2/2025,1694,Card,Delivered
O014106,CUST014107,R014106,5/14/2024,1503,COD,Delivered
O014107,CUST014108,R014107,2/8/2021,1562,UPI,Delivered
O014108,CUST014109,R014108,2/1/2020,1314,Wallet,Delivered
O014109,CUST014110,R014109,10/20/2024,1242,Card,Delivered
O014110,CUST014111,R014110,10/14/2021,1923,COD,Delivered
O014111,CUST014112,R014111,5/21/2021,220,Wallet,Delivered
O014112,CUST014113,R014112,4/12/2023,1612,COD,Delivered
O014113,CUST014114,R014113,11/16/2025,1040,UPI,Delivered
O014114,CUST014115,R014114,6/27/2022,1294,Card,Delivered
O014115,CUST014116,R014115,3/23/2025,182,Wallet,Delivered
O014116,CUST014117,R014116,10/19/2024,1371,COD,Delivered
O014117,CUST014118,R014117,10/7/2025,901,COD,Delivered
O014118,CUST014119,R014118,1/3/2023,1739,Wallet,Delivered
O014119,CUST014120,R014119,1/15/2020,832,COD,Delivered
O014120,CUST014121,R014120,1/9/2019,1655,Card,Cancelled
O014121,CUST014122,R014121,9/9/2020,1358,COD,Delivered
O014122,CUST014123,R014122,5/10/2021,1287,Card,Cancelled
O014123,CUST014124,R014123,6/14/2024,1967,Card,Delivered
O014124,CUST014125,R014124,5/22/2019,1275,Wallet,Delivered
O014125,CUST014126,R014125,4/13/2024,1700,COD,Delivered
O014126,CUST014127,R014126,3/17/2023,561,Card,Delivered
O014127,CUST014128,R014127,11/15/2023,1829,Card,Delivered
O014128,CUST014129,R014128,7/23/2023,400,UPI,Cancelled
O014129,CUST014130,R014129,6/20/2024,142,Card,Cancelled
O014130,CUST014131,R014130,6/1/2020,562,Wallet,Delivered
O014131,CUST014132,R014131,5/25/2023,466,COD,Cancelled
O014132,CUST014133,R014132,7/24/2020,448,COD,Delivered
O014133,CUST014134,R014133,10/6/2023,1271,Wallet,Delivered
O014134,CUST014135,R014134,12/4/2022,129,Card,Cancelled
O014135,CUST014136,R014135,5/5/2021,1078,UPI,Delivered
O014136,CUST014137,R014136,2/9/2019,688,UPI,Delivered
O014137,CUST014138,R014137,7/4/2021,1493,COD,Delivered
O014138,CUST014139,R014138,12/7/2019,1317,Wallet,Delivered
O014139,CUST014140,R014139,10/12/2023,1233,UPI,Delivered
O014140,CUST014141,R014140,12/12/2025,1445,Card,Delivered
O014141,CUST014142,R014141,3/28/2020,1028,UPI,Delivered
O014142,CUST014143,R014142,4/4/2024,1660,UPI,Delivered
O014143,CUST014144,R014143,12/24/2020,178,UPI,Cancelled
O014144,CUST014145,R014144,1/19/2025,125,COD,Delivered
O014145,CUST014146,R014145,11/18/2024,1965,Card,Cancelled
O014146,CUST014147,R014146,6/28/2025,173,COD,Delivered
O014147,CUST014148,R014147,10/13/2020,237,UPI,Cancelled
O014148,CUST014149,R014148,8/28/2023,737,UPI,Delivered
O014149,CUST014150,R014149,4/23/2023,348,COD,Delivered
O014150,CUST014151,R014150,3/26/2023,683,COD,Delivered
O014151,CUST014152,R014151,11/12/2019,1518,COD,Delivered
O014152,CUST014153,R014152,7/15/2020,427,Card,Cancelled
O014153,CUST014154,R014153,3/1/2019,677,Card,Delivered
O014154,CUST014155,R014154,1/3/2024,217,COD,Delivered
O014155,CUST014156,R014155,7/20/2021,1023,COD,Delivered
O014156,CUST014157,R014156,12/12/2025,378,Wallet,Delivered
O014157,CUST014158,R014157,7/23/2025,1183,UPI,Delivered
O014158,CUST014159,R014158,5/7/2023,1198,Card,Delivered
O014159,CUST014160,R014159,7/3/2020,1263,UPI,Cancelled
O014160,CUST014161,R014160,2/3/2019,1326,UPI,Delivered
O014161,CUST014162,R014161,10/23/2023,938,UPI,Cancelled
O014162,CUST014163,R014162,9/27/2020,1439,COD,Delivered
O014163,CUST014164,R014163,6/14/2019,343,Wallet,Delivered
O014164,CUST014165,R014164,8/15/2023,1308,Card,Delivered
O014165,CUST014166,R014165,11/9/2024,1944,UPI,Delivered
O014166,CUST014167,R014166,11/23/2021,1480,Card,Delivered
O014167,CUST014168,R014167,8/26/2024,369,COD,Delivered
O014168,CUST014169,R014168,3/15/2023,677,UPI,Delivered
O014169,CUST014170,R014169,6/24/2021,1895,COD,Delivered
O014170,CUST014171,R014170,3/17/2020,800,Wallet,Delivered
O014171,CUST014172,R014171,4/11/2023,1827,Card,Delivered
O014172,CUST014173,R014172,10/26/2022,922,UPI,Delivered
O014173,CUST014174,R014173,1/26/2021,1117,Card,Delivered
O014174,CUST014175,R014174,3/4/2024,555,Wallet,Delivered
O014175,CUST014176,R014175,9/21/2020,532,Wallet,Delivered
O014176,CUST014177,R014176,9/9/2021,970,COD,Delivered
O014177,CUST014178,R014177,7/10/2020,1395,UPI,Delivered
O014178,CUST014179,R014178,12/6/2019,1561,COD,Delivered
O014179,CUST014180,R014179,8/4/2019,1097,UPI,Delivered
O014180,CUST014181,R014180,2/12/2019,1885,Wallet,Delivered
O014181,CUST014182,R014181,8/16/2019,1305,Wallet,Delivered
O014182,CUST014183,R014182,2/18/2022,1556,Card,Delivered
O014183,CUST014184,R014183,3/11/2020,416,Card,Delivered
O014184,CUST014185,R014184,10/20/2023,1622,Card,Delivered
O014185,CUST014186,R014185,2/21/2019,966,COD,Delivered
O014186,CUST014187,R014186,4/21/2023,316,Card,Delivered
O014187,CUST014188,R014187,4/8/2020,1090,Wallet,Delivered
O014188,CUST014189,R014188,1/22/2024,575,COD,Delivered
O014189,CUST014190,R014189,5/27/2021,1014,COD,Delivered
O014190,CUST014191,R014190,12/10/2025,1440,Wallet,Delivered
O014191,CUST014192,R014191,9/15/2022,760,COD,Delivered
O014192,CUST014193,R014192,12/5/2024,1140,UPI,Cancelled
O014193,CUST014194,R014193,2/13/2019,1406,UPI,Delivered
O014194,CUST014195,R014194,10/4/2022,1350,UPI,Delivered
O014195,CUST014196,R014195,6/19/2025,1774,Wallet,Delivered
O014196,CUST014197,R014196,2/13/2025,1515,UPI,Delivered
O014197,CUST014198,R014197,10/21/2023,256,UPI,Delivered
O014198,CUST014199,R014198,4/14/2024,1595,Card,Delivered
O014199,CUST014200,R014199,10/8/2024,1833,Card,Cancelled
O014200,CUST014201,R014200,7/3/2022,744,Card,Delivered
O014201,CUST014202,R014201,11/23/2021,1247,Card,Delivered
O014202,CUST014203,R014202,1/21/2023,806,COD,Delivered
O014203,CUST014204,R014203,11/5/2025,167,Wallet,Delivered
O014204,CUST014205,R014204,3/24/2022,550,Card,Delivered
O014205,CUST014206,R014205,7/28/2019,800,COD,Delivered
O014206,CUST014207,R014206,10/7/2020,134,Wallet,Delivered
O014207,CUST014208,R014207,2/28/2022,1457,Wallet,Delivered
O014208,CUST014209,R014208,1/14/2020,501,Wallet,Delivered
O014209,CUST014210,R014209,8/25/2020,1132,UPI,Delivered
O014210,CUST014211,R014210,1/16/2025,1818,COD,Cancelled
O014211,CUST014212,R014211,10/15/2024,689,UPI,Delivered
O014212,CUST014213,R014212,5/3/2019,1449,UPI,Delivered
O014213,CUST014214,R014213,11/25/2025,1547,UPI,Delivered
O014214,CUST014215,R014214,12/5/2022,864,UPI,Delivered
O014215,CUST014216,R014215,8/16/2023,466,Wallet,Delivered
O014216,CUST014217,R014216,5/19/2020,1689,COD,Delivered
O014217,CUST014218,R014217,7/18/2019,594,UPI,Cancelled
O014218,CUST014219,R014218,7/25/2021,1429,UPI,Cancelled
O014219,CUST014220,R014219,2/17/2019,1695,Card,Delivered
O014220,CUST014221,R014220,10/23/2024,877,UPI,Delivered
O014221,CUST014222,R014221,7/19/2019,1779,COD,Delivered
O014222,CUST014223,R014222,3/15/2024,683,COD,Delivered
O014223,CUST014224,R014223,11/7/2020,306,Card,Delivered
O014224,CUST014225,R014224,9/22/2019,108,Wallet,Delivered
O014225,CUST014226,R014225,12/24/2025,826,Card,Delivered
O014226,CUST014227,R014226,3/3/2021,924,Wallet,Delivered
O014227,CUST014228,R014227,3/27/2024,732,Wallet,Delivered
O014228,CUST014229,R014228,2/7/2020,854,COD,Delivered
O014229,CUST014230,R014229,1/26/2024,1110,Card,Delivered
O014230,CUST014231,R014230,1/9/2023,1872,Card,Delivered
O014231,CUST014232,R014231,3/2/2021,980,UPI,Cancelled
O014232,CUST014233,R014232,9/8/2023,1066,UPI,Delivered
O014233,CUST014234,R014233,7/14/2023,1679,UPI,Delivered
O014234,CUST014235,R014234,3/21/2021,1439,Card,Delivered
O014235,CUST014236,R014235,2/10/2024,300,UPI,Delivered
O014236,CUST014237,R014236,9/19/2020,1822,Card,Delivered
O014237,CUST014238,R014237,8/16/2021,216,Card,Delivered
O014238,CUST014239,R014238,3/19/2020,1498,UPI,Delivered
O014239,CUST014240,R014239,3/25/2020,584,COD,Delivered
O014240,CUST014241,R014240,11/21/2019,522,UPI,Delivered
O014241,CUST014242,R014241,4/16/2022,470,Card,Delivered
O014242,CUST014243,R014242,8/20/2019,203,COD,Delivered
O014243,CUST014244,R014243,8/4/2023,643,COD,Delivered
O014244,CUST014245,R014244,5/4/2023,596,Wallet,Delivered
O014245,CUST014246,R014245,5/5/2020,682,Card,Delivered
O014246,CUST014247,R014246,1/24/2023,1296,Wallet,Cancelled
O014247,CUST014248,R014247,1/7/2020,1547,COD,Delivered
O014248,CUST014249,R014248,5/5/2019,977,Wallet,Delivered
O014249,CUST014250,R014249,2/13/2024,1613,UPI,Delivered
O014250,CUST014251,R014250,4/10/2023,1734,Wallet,Delivered
O014251,CUST014252,R014251,1/28/2025,1289,Wallet,Cancelled
O014252,CUST014253,R014252,6/20/2022,199,Wallet,Delivered
O014253,CUST014254,R014253,3/16/2024,1194,Card,Cancelled
O014254,CUST014255,R014254,10/21/2024,515,Card,Delivered
O014255,CUST014256,R014255,8/14/2019,248,Card,Delivered
O014256,CUST014257,R014256,3/22/2019,686,COD,Delivered
O014257,CUST014258,R014257,1/5/2023,1366,Card,Cancelled
O014258,CUST014259,R014258,9/6/2024,1782,COD,Cancelled
O014259,CUST014260,R014259,9/24/2019,1341,UPI,Delivered
O014260,CUST014261,R014260,5/8/2025,1067,COD,Delivered
O014261,CUST014262,R014261,4/20/2024,1021,Wallet,Delivered
O014262,CUST014263,R014262,1/14/2022,1701,COD,Delivered
O014263,CUST014264,R014263,5/14/2019,889,UPI,Delivered
O014264,CUST014265,R014264,11/8/2023,1327,UPI,Delivered
O014265,CUST014266,R014265,4/13/2022,1255,Wallet,Delivered
O014266,CUST014267,R014266,5/3/2020,1239,Card,Delivered
O014267,CUST014268,R014267,2/22/2020,666,Wallet,Delivered
O014268,CUST014269,R014268,12/15/2023,875,UPI,Delivered
O014269,CUST014270,R014269,2/16/2021,477,Card,Delivered
O014270,CUST014271,R014270,8/28/2025,1995,Card,Delivered
O014271,CUST014272,R014271,2/15/2023,1573,Card,Delivered
O014272,CUST014273,R014272,10/21/2021,1000,Card,Delivered
O014273,CUST014274,R014273,9/2/2022,1695,Card,Delivered
O014274,CUST014275,R014274,9/23/2019,638,Wallet,Delivered
O014275,CUST014276,R014275,1/9/2022,429,COD,Delivered
O014276,CUST014277,R014276,6/23/2019,548,Wallet,Delivered
O014277,CUST014278,R014277,3/3/2020,1478,Card,Delivered
O014278,CUST014279,R014278,12/7/2024,349,Wallet,Delivered
O014279,CUST014280,R014279,5/26/2020,855,UPI,Delivered
O014280,CUST014281,R014280,10/16/2022,1474,COD,Delivered
O014281,CUST014282,R014281,9/25/2019,535,UPI,Delivered
O014282,CUST014283,R014282,10/11/2023,1995,COD,Delivered
O014283,CUST014284,R014283,6/14/2025,1612,Card,Delivered
O014284,CUST014285,R014284,4/17/2025,1189,UPI,Delivered
O014285,CUST014286,R014285,2/16/2020,1628,UPI,Delivered
O014286,CUST014287,R014286,10/12/2022,1356,Card,Delivered
O014287,CUST014288,R014287,9/18/2019,920,Wallet,Delivered
O014288,CUST014289,R014288,6/18/2022,1945,UPI,Delivered
O014289,CUST014290,R014289,10/18/2023,1812,Card,Cancelled
O014290,CUST014291,R014290,7/26/2022,1679,Wallet,Cancelled
O014291,CUST014292,R014291,1/10/2019,1483,Card,Cancelled
O014292,CUST014293,R014292,9/16/2019,1944,Card,Delivered
O014293,CUST014294,R014293,3/19/2021,662,COD,Delivered
O014294,CUST014295,R014294,8/23/2025,1625,COD,Delivered
O014295,CUST014296,R014295,8/28/2020,338,Card,Cancelled
O014296,CUST014297,R014296,4/17/2022,838,Wallet,Delivered
O014297,CUST014298,R014297,12/5/2025,805,Card,Delivered
O014298,CUST014299,R014298,11/19/2024,992,COD,Delivered
O014299,CUST014300,R014299,1/28/2019,545,Wallet,Delivered
O014300,CUST014301,R014300,4/6/2024,1163,COD,Delivered
O014301,CUST014302,R014301,7/26/2021,1134,Wallet,Cancelled
O014302,CUST014303,R014302,9/6/2022,1429,Wallet,Delivered
O014303,CUST014304,R014303,12/3/2024,1296,Wallet,Delivered
O014304,CUST014305,R014304,11/12/2021,1098,Wallet,Delivered
O014305,CUST014306,R014305,8/11/2023,715,UPI,Delivered
O014306,CUST014307,R014306,11/13/2023,279,Card,Delivered
O014307,CUST014308,R014307,8/17/2025,1907,Wallet,Delivered
O014308,CUST014309,R014308,2/9/2020,1855,UPI,Delivered
O014309,CUST014310,R014309,3/12/2025,1832,Card,Delivered
O014310,CUST014311,R014310,1/2/2020,1477,UPI,Delivered
O014311,CUST014312,R014311,11/13/2024,608,COD,Delivered
O014312,CUST014313,R014312,2/25/2021,166,UPI,Delivered
O014313,CUST014314,R014313,5/16/2020,779,Wallet,Delivered
O014314,CUST014315,R014314,11/24/2019,795,Card,Delivered
O014315,CUST014316,R014315,9/28/2022,156,COD,Delivered
O014316,CUST014317,R014316,8/26/2019,1086,Wallet,Delivered
O014317,CUST014318,R014317,8/7/2019,1206,UPI,Delivered
O014318,CUST014319,R014318,2/21/2023,506,Wallet,Delivered
O014319,CUST014320,R014319,6/8/2023,1840,COD,Delivered
O014320,CUST014321,R014320,4/11/2019,634,Wallet,Delivered
O014321,CUST014322,R014321,11/6/2024,1471,Wallet,Delivered
O014322,CUST014323,R014322,11/7/2020,1449,UPI,Delivered
O014323,CUST014324,R014323,5/12/2019,1094,Card,Delivered
O014324,CUST014325,R014324,8/16/2019,695,UPI,Delivered
O014325,CUST014326,R014325,2/26/2021,1396,UPI,Delivered
O014326,CUST014327,R014326,10/16/2024,824,Wallet,Delivered
O014327,CUST014328,R014327,7/25/2022,807,Card,Delivered
O014328,CUST014329,R014328,6/16/2025,238,COD,Delivered
O014329,CUST014330,R014329,9/26/2019,1173,Card,Delivered
O014330,CUST014331,R014330,5/10/2025,362,UPI,Delivered
O014331,CUST014332,R014331,10/21/2019,550,UPI,Delivered
O014332,CUST014333,R014332,8/1/2021,995,COD,Delivered
O014333,CUST014334,R014333,4/28/2023,722,UPI,Delivered
O014334,CUST014335,R014334,9/14/2022,1690,COD,Delivered
O014335,CUST014336,R014335,7/7/2023,604,Wallet,Delivered
O014336,CUST014337,R014336,9/13/2023,1312,UPI,Delivered
O014337,CUST014338,R014337,9/16/2019,1324,UPI,Delivered
O014338,CUST014339,R014338,3/8/2021,1057,UPI,Delivered
O014339,CUST014340,R014339,2/13/2024,441,UPI,Delivered
O014340,CUST014341,R014340,3/19/2024,1434,Wallet,Delivered
O014341,CUST014342,R014341,3/13/2022,1755,Card,Delivered
O014342,CUST014343,R014342,12/21/2021,1802,Card,Delivered
O014343,CUST014344,R014343,9/20/2023,1923,Card,Delivered
O014344,CUST014345,R014344,12/23/2021,172,Card,Delivered
O014345,CUST014346,R014345,12/24/2024,1989,Card,Cancelled
O014346,CUST014347,R014346,12/22/2025,339,Wallet,Cancelled
O014347,CUST014348,R014347,4/9/2022,461,Card,Delivered
O014348,CUST014349,R014348,5/19/2024,263,COD,Cancelled
O014349,CUST014350,R014349,7/7/2022,928,COD,Delivered
O014350,CUST014351,R014350,3/3/2020,1368,Wallet,Delivered
O014351,CUST014352,R014351,3/2/2021,673,Wallet,Delivered
O014352,CUST014353,R014352,5/8/2019,1112,UPI,Delivered
O014353,CUST014354,R014353,5/28/2019,1051,Wallet,Delivered
O014354,CUST014355,R014354,4/14/2023,1547,Wallet,Delivered
O014355,CUST014356,R014355,9/2/2019,1419,UPI,Delivered
O014356,CUST014357,R014356,5/14/2025,1713,UPI,Delivered
O014357,CUST014358,R014357,11/18/2025,843,COD,Delivered
O014358,CUST014359,R014358,6/5/2025,800,COD,Delivered
O014359,CUST014360,R014359,4/19/2025,1050,Wallet,Delivered
O014360,CUST014361,R014360,4/6/2019,1658,Wallet,Delivered
O014361,CUST014362,R014361,11/2/2024,975,UPI,Delivered
O014362,CUST014363,R014362,4/18/2021,795,UPI,Delivered
O014363,CUST014364,R014363,6/28/2022,1557,Card,Delivered
O014364,CUST014365,R014364,11/20/2020,1384,Wallet,Cancelled
O014365,CUST014366,R014365,8/6/2024,1998,Card,Delivered
O014366,CUST014367,R014366,2/11/2025,1807,Card,Delivered
O014367,CUST014368,R014367,10/24/2020,1413,UPI,Delivered
O014368,CUST014369,R014368,10/5/2024,229,Card,Delivered
O014369,CUST014370,R014369,3/25/2025,523,UPI,Delivered
O014370,CUST014371,R014370,4/18/2022,146,COD,Delivered
O014371,CUST014372,R014371,7/16/2021,460,Card,Delivered
O014372,CUST014373,R014372,6/1/2024,1852,COD,Delivered
O014373,CUST014374,R014373,8/28/2023,1274,Wallet,Delivered
O014374,CUST014375,R014374,1/4/2019,766,Card,Delivered
O014375,CUST014376,R014375,2/27/2019,411,Wallet,Delivered
O014376,CUST014377,R014376,9/23/2024,1221,Wallet,Delivered
O014377,CUST014378,R014377,8/17/2024,112,COD,Delivered
O014378,CUST014379,R014378,4/28/2019,1615,Card,Cancelled
O014379,CUST014380,R014379,6/8/2025,1423,COD,Delivered
O014380,CUST014381,R014380,11/6/2020,1520,UPI,Delivered
O014381,CUST014382,R014381,2/28/2023,1790,Wallet,Delivered
O014382,CUST014383,R014382,11/19/2020,1152,Wallet,Delivered
O014383,CUST014384,R014383,4/12/2022,1838,COD,Delivered
O014384,CUST014385,R014384,9/18/2023,1977,COD,Delivered
O014385,CUST014386,R014385,3/11/2019,1512,Card,Delivered
O014386,CUST014387,R014386,2/15/2025,935,Card,Delivered
O014387,CUST014388,R014387,1/26/2019,1395,UPI,Delivered
O014388,CUST014389,R014388,2/24/2021,1928,COD,Delivered
O014389,CUST014390,R014389,1/18/2021,838,Card,Delivered
O014390,CUST014391,R014390,9/27/2024,200,Card,Delivered
O014391,CUST014392,R014391,4/22/2025,1231,Wallet,Delivered
O014392,CUST014393,R014392,2/3/2020,319,COD,Delivered
O014393,CUST014394,R014393,3/1/2024,1564,Card,Delivered
O014394,CUST014395,R014394,3/1/2024,1311,Wallet,Delivered
O014395,CUST014396,R014395,12/7/2021,1240,Wallet,Delivered
O014396,CUST014397,R014396,8/13/2020,1881,UPI,Delivered
O014397,CUST014398,R014397,9/21/2022,1132,Wallet,Delivered
O014398,CUST014399,R014398,7/12/2024,1557,COD,Delivered
O014399,CUST014400,R014399,5/16/2020,1991,Card,Delivered
O014400,CUST014401,R014400,2/14/2022,1973,Card,Delivered
O014401,CUST014402,R014401,2/25/2021,246,UPI,Delivered
O014402,CUST014403,R014402,6/18/2019,1894,Card,Delivered
O014403,CUST014404,R014403,5/27/2020,418,COD,Delivered
O014404,CUST014405,R014404,9/3/2024,429,COD,Cancelled
O014405,CUST014406,R014405,12/18/2025,406,Card,Delivered
O014406,CUST014407,R014406,12/4/2022,1181,COD,Delivered
O014407,CUST014408,R014407,11/1/2020,1940,Card,Delivered
O014408,CUST014409,R014408,1/4/2023,861,COD,Delivered
O014409,CUST014410,R014409,7/8/2024,652,UPI,Delivered
O014410,CUST014411,R014410,3/2/2022,1414,COD,Delivered
O014411,CUST014412,R014411,7/6/2024,1174,Wallet,Delivered
O014412,CUST014413,R014412,1/11/2022,1084,UPI,Delivered
O014413,CUST014414,R014413,7/9/2021,1589,Card,Delivered
O014414,CUST014415,R014414,12/27/2023,918,UPI,Delivered
O014415,CUST014416,R014415,8/2/2024,1511,UPI,Delivered
O014416,CUST014417,R014416,1/22/2022,1935,UPI,Delivered
O014417,CUST014418,R014417,12/18/2020,1947,Card,Delivered
O014418,CUST014419,R014418,3/13/2020,1924,Card,Delivered
O014419,CUST014420,R014419,11/26/2022,1853,COD,Delivered
O014420,CUST014421,R014420,5/11/2020,146,UPI,Delivered
O014421,CUST014422,R014421,5/27/2020,652,UPI,Delivered
O014422,CUST014423,R014422,1/17/2024,269,Wallet,Delivered
O014423,CUST014424,R014423,10/25/2022,1074,COD,Delivered
O014424,CUST014425,R014424,2/10/2019,1839,COD,Cancelled
O014425,CUST014426,R014425,3/20/2024,700,COD,Cancelled
O014426,CUST014427,R014426,7/6/2023,1206,Card,Delivered
O014427,CUST014428,R014427,9/8/2021,534,COD,Delivered
O014428,CUST014429,R014428,11/25/2019,742,COD,Delivered
O014429,CUST014430,R014429,3/10/2021,234,Wallet,Delivered
O014430,CUST014431,R014430,9/21/2024,785,UPI,Delivered
O014431,CUST014432,R014431,7/1/2024,1113,Card,Delivered
O014432,CUST014433,R014432,4/2/2019,1215,UPI,Delivered
O014433,CUST014434,R014433,7/27/2021,1279,Wallet,Delivered
O014434,CUST014435,R014434,10/21/2019,853,COD,Delivered
O014435,CUST014436,R014435,2/25/2021,1359,Card,Delivered
O014436,CUST014437,R014436,9/13/2021,262,Wallet,Delivered
O014437,CUST014438,R014437,3/14/2025,1028,Card,Delivered
O014438,CUST014439,R014438,2/8/2023,1834,Card,Cancelled
O014439,CUST014440,R014439,11/22/2020,1581,UPI,Delivered
O014440,CUST014441,R014440,9/24/2020,219,Card,Delivered
O014441,CUST014442,R014441,7/13/2020,533,UPI,Delivered
O014442,CUST014443,R014442,4/20/2021,1796,COD,Delivered
O014443,CUST014444,R014443,9/15/2024,401,Card,Delivered
O014444,CUST014445,R014444,2/5/2019,1741,UPI,Delivered
O014445,CUST014446,R014445,1/24/2025,832,UPI,Delivered
O014446,CUST014447,R014446,8/24/2023,896,Card,Delivered
O014447,CUST014448,R014447,2/3/2024,513,COD,Delivered
O014448,CUST014449,R014448,10/20/2022,451,Wallet,Delivered
O014449,CUST014450,R014449,1/8/2024,891,COD,Delivered
O014450,CUST014451,R014450,10/8/2020,1311,UPI,Delivered
O014451,CUST014452,R014451,9/3/2023,1450,COD,Delivered
O014452,CUST014453,R014452,12/4/2020,1241,UPI,Delivered
O014453,CUST014454,R014453,11/11/2023,1736,Wallet,Delivered
O014454,CUST014455,R014454,9/15/2022,1162,Wallet,Cancelled
O014455,CUST014456,R014455,8/17/2021,1412,Card,Delivered
O014456,CUST014457,R014456,12/10/2019,1956,UPI,Delivered
O014457,CUST014458,R014457,3/15/2021,1401,UPI,Delivered
O014458,CUST014459,R014458,9/18/2019,449,Card,Delivered
O014459,CUST014460,R014459,8/19/2023,1699,UPI,Cancelled
O014460,CUST014461,R014460,10/25/2019,620,Card,Delivered
O014461,CUST014462,R014461,4/15/2024,111,Wallet,Delivered
O014462,CUST014463,R014462,12/19/2025,935,COD,Delivered
O014463,CUST014464,R014463,10/3/2019,1355,COD,Cancelled
O014464,CUST014465,R014464,12/13/2021,605,COD,Delivered
O014465,CUST014466,R014465,12/4/2020,1285,UPI,Cancelled
O014466,CUST014467,R014466,10/12/2021,936,UPI,Delivered
O014467,CUST014468,R014467,3/2/2023,1206,Wallet,Delivered
O014468,CUST014469,R014468,1/17/2019,1630,Wallet,Cancelled
O014469,CUST014470,R014469,12/11/2019,1111,UPI,Delivered
O014470,CUST014471,R014470,3/16/2019,146,UPI,Delivered
O014471,CUST014472,R014471,12/20/2022,1548,Card,Delivered
O014472,CUST014473,R014472,10/6/2019,1747,UPI,Delivered
O014473,CUST014474,R014473,3/28/2019,664,Wallet,Delivered
O014474,CUST014475,R014474,6/26/2025,1168,Card,Delivered
O014475,CUST014476,R014475,3/21/2021,595,Card,Delivered
O014476,CUST014477,R014476,2/3/2024,125,Wallet,Delivered
O014477,CUST014478,R014477,7/23/2025,395,Card,Delivered
O014478,CUST014479,R014478,8/26/2022,902,Card,Delivered
O014479,CUST014480,R014479,10/7/2021,1930,Wallet,Delivered
O014480,CUST014481,R014480,6/25/2025,1357,Wallet,Delivered
O014481,CUST014482,R014481,5/12/2023,357,COD,Delivered
O014482,CUST014483,R014482,10/22/2019,728,Wallet,Delivered
O014483,CUST014484,R014483,2/10/2019,1664,Card,Delivered
O014484,CUST014485,R014484,12/14/2024,1164,UPI,Delivered
O014485,CUST014486,R014485,9/1/2023,1407,UPI,Delivered
O014486,CUST014487,R014486,11/23/2020,1467,Wallet,Delivered
O014487,CUST014488,R014487,3/7/2023,784,UPI,Delivered
O014488,CUST014489,R014488,11/15/2022,380,Wallet,Delivered
O014489,CUST014490,R014489,11/13/2019,1642,COD,Cancelled
O014490,CUST014491,R014490,10/18/2020,547,UPI,Cancelled
O014491,CUST014492,R014491,12/23/2022,1530,Card,Cancelled
O014492,CUST014493,R014492,4/16/2021,1546,Card,Delivered
O014493,CUST014494,R014493,9/22/2020,973,UPI,Delivered
O014494,CUST014495,R014494,5/21/2023,1919,COD,Delivered
O014495,CUST014496,R014495,10/17/2019,388,COD,Delivered
O014496,CUST014497,R014496,10/5/2021,390,Card,Delivered
O014497,CUST014498,R014497,2/23/2019,1919,Wallet,Delivered
O014498,CUST014499,R014498,5/24/2025,785,Card,Delivered
O014499,CUST014500,R014499,2/1/2021,888,COD,Delivered
O014500,CUST014501,R014500,2/28/2020,652,Wallet,Delivered
O014501,CUST014502,R014501,1/6/2021,769,COD,Delivered
O014502,CUST014503,R014502,4/24/2023,1020,Card,Delivered
O014503,CUST014504,R014503,8/8/2022,1825,COD,Delivered
O014504,CUST014505,R014504,11/2/2024,955,Wallet,Delivered
O014505,CUST014506,R014505,6/7/2020,922,UPI,Delivered
O014506,CUST014507,R014506,3/13/2024,1537,UPI,Delivered
O014507,CUST014508,R014507,10/19/2025,1296,Card,Delivered
O014508,CUST014509,R014508,11/8/2023,1839,UPI,Delivered
O014509,CUST014510,R014509,11/11/2020,1711,UPI,Delivered
O014510,CUST014511,R014510,8/14/2023,1963,Card,Delivered
O014511,CUST014512,R014511,7/17/2020,1413,UPI,Delivered
O014512,CUST014513,R014512,10/23/2023,503,COD,Delivered
O014513,CUST014514,R014513,1/23/2024,312,UPI,Delivered
O014514,CUST014515,R014514,7/15/2022,429,Card,Delivered
O014515,CUST014516,R014515,3/19/2023,113,COD,Delivered
O014516,CUST014517,R014516,4/3/2024,551,COD,Delivered
O014517,CUST014518,R014517,10/3/2021,746,Wallet,Delivered
O014518,CUST014519,R014518,9/2/2022,583,Card,Delivered
O014519,CUST014520,R014519,1/22/2022,1153,Wallet,Cancelled
O014520,CUST014521,R014520,4/6/2019,1397,COD,Delivered
O014521,CUST014522,R014521,3/3/2020,567,Wallet,Delivered
O014522,CUST014523,R014522,11/8/2022,1328,UPI,Delivered
O014523,CUST014524,R014523,3/9/2023,1623,COD,Delivered
O014524,CUST014525,R014524,1/26/2020,1203,Wallet,Delivered
O014525,CUST014526,R014525,9/18/2025,120,Wallet,Delivered
O014526,CUST014527,R014526,9/18/2019,1115,UPI,Delivered
O014527,CUST014528,R014527,7/17/2021,1947,UPI,Delivered
O014528,CUST014529,R014528,11/13/2025,1673,Card,Delivered
O014529,CUST014530,R014529,11/14/2019,168,Card,Delivered
O014530,CUST014531,R014530,5/26/2023,854,Card,Cancelled
O014531,CUST014532,R014531,1/27/2022,1211,Card,Cancelled
O014532,CUST014533,R014532,4/17/2024,1240,Wallet,Delivered
O014533,CUST014534,R014533,4/7/2019,596,COD,Delivered
O014534,CUST014535,R014534,5/18/2023,612,Wallet,Delivered
O014535,CUST014536,R014535,7/8/2025,1547,COD,Delivered
O014536,CUST014537,R014536,7/9/2021,783,UPI,Delivered
O014537,CUST014538,R014537,3/7/2020,1291,Wallet,Delivered
O014538,CUST014539,R014538,11/11/2022,1176,Wallet,Delivered
O014539,CUST014540,R014539,3/5/2020,1159,Card,Delivered
O014540,CUST014541,R014540,4/20/2019,580,COD,Delivered
O014541,CUST014542,R014541,12/14/2020,828,UPI,Delivered
O014542,CUST014543,R014542,10/16/2024,256,Card,Delivered
O014543,CUST014544,R014543,2/26/2019,1910,UPI,Delivered
O014544,CUST014545,R014544,3/14/2025,1429,UPI,Delivered
O014545,CUST014546,R014545,4/18/2024,856,Card,Delivered
O014546,CUST014547,R014546,7/2/2021,1591,COD,Delivered
O014547,CUST014548,R014547,4/22/2023,272,Wallet,Cancelled
O014548,CUST014549,R014548,3/3/2019,274,Card,Delivered
O014549,CUST014550,R014549,2/21/2023,399,Wallet,Delivered
O014550,CUST014551,R014550,11/1/2022,1335,Card,Delivered
O014551,CUST014552,R014551,6/6/2022,836,COD,Delivered
O014552,CUST014553,R014552,11/27/2022,813,UPI,Delivered
O014553,CUST014554,R014553,8/14/2023,1383,COD,Delivered
O014554,CUST014555,R014554,6/24/2020,445,Wallet,Delivered
O014555,CUST014556,R014555,10/10/2024,1948,Wallet,Delivered
O014556,CUST014557,R014556,2/8/2019,1569,Card,Delivered
O014557,CUST014558,R014557,9/16/2021,1045,UPI,Delivered
O014558,CUST014559,R014558,5/15/2019,1485,UPI,Delivered
O014559,CUST014560,R014559,5/11/2019,1207,UPI,Delivered
O014560,CUST014561,R014560,7/17/2025,378,UPI,Delivered
O014561,CUST014562,R014561,12/13/2022,1835,Card,Delivered
O014562,CUST014563,R014562,10/16/2025,191,COD,Delivered
O014563,CUST014564,R014563,11/23/2022,1964,UPI,Delivered
O014564,CUST014565,R014564,12/15/2022,1830,COD,Delivered
O014565,CUST014566,R014565,10/22/2025,429,Card,Delivered
O014566,CUST014567,R014566,1/23/2023,616,Card,Delivered
O014567,CUST014568,R014567,3/27/2019,1535,COD,Delivered
O014568,CUST014569,R014568,9/26/2023,252,Card,Cancelled
O014569,CUST014570,R014569,8/17/2019,758,Wallet,Delivered
O014570,CUST014571,R014570,3/4/2019,769,Card,Delivered
O014571,CUST014572,R014571,6/18/2021,848,COD,Delivered
O014572,CUST014573,R014572,4/27/2025,395,COD,Delivered
O014573,CUST014574,R014573,8/5/2020,753,COD,Delivered
O014574,CUST014575,R014574,12/1/2020,1024,Wallet,Delivered
O014575,CUST014576,R014575,8/4/2022,1324,COD,Cancelled
O014576,CUST014577,R014576,1/1/2019,1151,Wallet,Delivered
O014577,CUST014578,R014577,2/10/2023,1019,Wallet,Cancelled
O014578,CUST014579,R014578,2/13/2024,630,UPI,Delivered
O014579,CUST014580,R014579,12/12/2020,232,Card,Delivered
O014580,CUST014581,R014580,10/15/2025,1685,Wallet,Delivered
O014581,CUST014582,R014581,11/7/2025,1770,UPI,Cancelled
O014582,CUST014583,R014582,4/11/2021,1753,UPI,Delivered
O014583,CUST014584,R014583,3/27/2019,1398,UPI,Delivered
O014584,CUST014585,R014584,9/13/2023,502,Card,Delivered
O014585,CUST014586,R014585,1/24/2022,1956,UPI,Delivered
O014586,CUST014587,R014586,2/14/2021,370,Wallet,Delivered
O014587,CUST014588,R014587,4/23/2020,640,UPI,Delivered
O014588,CUST014589,R014588,4/27/2024,1951,COD,Delivered
O014589,CUST014590,R014589,7/24/2021,811,Wallet,Delivered
O014590,CUST014591,R014590,10/5/2025,1318,UPI,Delivered
O014591,CUST014592,R014591,12/22/2022,421,Wallet,Delivered
O014592,CUST014593,R014592,8/6/2022,1749,COD,Delivered
O014593,CUST014594,R014593,2/10/2022,587,COD,Delivered
O014594,CUST014595,R014594,2/2/2020,1430,UPI,Delivered
O014595,CUST014596,R014595,4/5/2021,1369,UPI,Delivered
O014596,CUST014597,R014596,1/11/2020,1013,UPI,Delivered
O014597,CUST014598,R014597,7/14/2020,119,Wallet,Delivered
O014598,CUST014599,R014598,4/19/2024,684,Wallet,Delivered
O014599,CUST014600,R014599,9/9/2021,1931,Wallet,Delivered
O014600,CUST014601,R014600,12/17/2022,229,UPI,Cancelled
O014601,CUST014602,R014601,6/8/2019,1996,COD,Delivered
O014602,CUST014603,R014602,3/18/2023,1031,Card,Delivered
O014603,CUST014604,R014603,1/6/2021,517,UPI,Delivered
O014604,CUST014605,R014604,4/23/2020,508,Wallet,Delivered
O014605,CUST014606,R014605,11/27/2023,904,COD,Delivered
O014606,CUST014607,R014606,4/25/2025,632,UPI,Delivered
O014607,CUST014608,R014607,8/12/2022,1474,COD,Delivered
O014608,CUST014609,R014608,3/7/2019,567,Wallet,Delivered
O014609,CUST014610,R014609,2/11/2020,1232,UPI,Delivered
O014610,CUST014611,R014610,12/15/2025,1175,Wallet,Delivered
O014611,CUST014612,R014611,10/7/2025,902,Wallet,Delivered
O014612,CUST014613,R014612,1/10/2025,1975,UPI,Delivered
O014613,CUST014614,R014613,7/18/2022,1329,UPI,Delivered
O014614,CUST014615,R014614,3/11/2024,1613,Card,Delivered
O014615,CUST014616,R014615,11/19/2019,1659,UPI,Delivered
O014616,CUST014617,R014616,11/18/2021,127,Card,Delivered
O014617,CUST014618,R014617,10/25/2024,125,Card,Delivered
O014618,CUST014619,R014618,2/22/2025,565,Card,Cancelled
O014619,CUST014620,R014619,4/20/2025,248,Wallet,Delivered
O014620,CUST014621,R014620,4/6/2024,375,Card,Delivered
O014621,CUST014622,R014621,12/16/2019,184,COD,Cancelled
O014622,CUST014623,R014622,5/6/2021,893,Card,Delivered
O014623,CUST014624,R014623,9/2/2025,1326,COD,Delivered
O014624,CUST014625,R014624,6/1/2020,518,COD,Delivered
O014625,CUST014626,R014625,9/7/2022,702,Wallet,Delivered
O014626,CUST014627,R014626,1/27/2022,946,Wallet,Delivered
O014627,CUST014628,R014627,4/13/2024,1273,Wallet,Delivered
O014628,CUST014629,R014628,4/28/2019,1275,UPI,Delivered
O014629,CUST014630,R014629,3/12/2025,1819,UPI,Delivered
O014630,CUST014631,R014630,5/20/2019,754,UPI,Delivered
O014631,CUST014632,R014631,12/3/2023,1559,Card,Delivered
O014632,CUST014633,R014632,7/15/2020,1814,UPI,Delivered
O014633,CUST014634,R014633,6/16/2019,483,Card,Delivered
O014634,CUST014635,R014634,12/13/2021,1702,Wallet,Delivered
O014635,CUST014636,R014635,5/1/2021,1521,Wallet,Delivered
O014636,CUST014637,R014636,10/12/2025,136,Card,Delivered
O014637,CUST014638,R014637,11/19/2023,1273,COD,Delivered
O014638,CUST014639,R014638,9/4/2020,1589,Card,Delivered
O014639,CUST014640,R014639,7/10/2019,1658,UPI,Cancelled
O014640,CUST014641,R014640,6/24/2023,1269,UPI,Delivered
O014641,CUST014642,R014641,10/11/2020,129,Card,Delivered
O014642,CUST014643,R014642,5/23/2024,674,Wallet,Delivered
O014643,CUST014644,R014643,2/20/2022,1893,Card,Delivered
O014644,CUST014645,R014644,2/14/2022,369,Card,Delivered
O014645,CUST014646,R014645,10/28/2021,1637,COD,Delivered
O014646,CUST014647,R014646,3/27/2025,1239,Wallet,Delivered
O014647,CUST014648,R014647,7/26/2022,687,Card,Delivered
O014648,CUST014649,R014648,5/26/2025,325,COD,Delivered
O014649,CUST014650,R014649,9/22/2019,1131,COD,Delivered
O014650,CUST014651,R014650,6/14/2025,1902,Card,Delivered
O014651,CUST014652,R014651,4/27/2019,1249,UPI,Delivered
O014652,CUST014653,R014652,8/7/2021,1273,COD,Cancelled
O014653,CUST014654,R014653,3/5/2023,1376,UPI,Delivered
O014654,CUST014655,R014654,4/26/2021,1647,COD,Delivered
O014655,CUST014656,R014655,12/18/2024,1302,Wallet,Delivered
O014656,CUST014657,R014656,10/14/2023,1552,COD,Delivered
O014657,CUST014658,R014657,12/16/2019,1886,COD,Delivered
O014658,CUST014659,R014658,3/9/2021,1428,Card,Delivered
O014659,CUST014660,R014659,3/21/2025,855,Card,Delivered
O014660,CUST014661,R014660,10/21/2024,1358,UPI,Delivered
O014661,CUST014662,R014661,1/23/2022,1886,COD,Delivered
O014662,CUST014663,R014662,5/16/2020,748,UPI,Delivered
O014663,CUST014664,R014663,9/25/2023,109,UPI,Delivered
O014664,CUST014665,R014664,12/22/2021,870,COD,Delivered
O014665,CUST014666,R014665,7/2/2025,1945,Card,Delivered
O014666,CUST014667,R014666,11/27/2025,993,UPI,Delivered
O014667,CUST014668,R014667,10/28/2022,740,COD,Delivered
O014668,CUST014669,R014668,6/27/2024,918,COD,Delivered
O014669,CUST014670,R014669,2/9/2022,1343,UPI,Cancelled
O014670,CUST014671,R014670,3/11/2021,1086,COD,Delivered
O014671,CUST014672,R014671,3/3/2021,1472,Card,Delivered
O014672,CUST014673,R014672,5/14/2023,1911,Card,Delivered
O014673,CUST014674,R014673,8/8/2022,1893,UPI,Delivered
O014674,CUST014675,R014674,1/24/2020,1931,UPI,Delivered
O014675,CUST014676,R014675,1/17/2023,1847,Card,Delivered
O014676,CUST014677,R014676,1/26/2021,327,COD,Delivered
O014677,CUST014678,R014677,7/2/2021,1926,COD,Delivered
O014678,CUST014679,R014678,9/17/2021,264,Card,Delivered
O014679,CUST014680,R014679,2/1/2021,1081,COD,Delivered
O014680,CUST014681,R014680,2/28/2019,1834,COD,Delivered
O014681,CUST014682,R014681,11/2/2024,962,COD,Delivered
O014682,CUST014683,R014682,6/9/2020,498,UPI,Delivered
O014683,CUST014684,R014683,2/1/2022,1129,COD,Delivered
O014684,CUST014685,R014684,2/5/2019,1131,Wallet,Delivered
O014685,CUST014686,R014685,4/8/2025,1004,UPI,Delivered
O014686,CUST014687,R014686,4/3/2024,1510,UPI,Delivered
O014687,CUST014688,R014687,5/25/2020,833,Wallet,Delivered
O014688,CUST014689,R014688,1/27/2023,1463,UPI,Delivered
O014689,CUST014690,R014689,12/21/2025,1888,Wallet,Cancelled
O014690,CUST014691,R014690,1/16/2023,1543,Card,Delivered
O014691,CUST014692,R014691,8/12/2021,1781,UPI,Delivered
O014692,CUST014693,R014692,3/26/2023,1709,Card,Delivered
O014693,CUST014694,R014693,11/10/2022,1941,UPI,Delivered
O014694,CUST014695,R014694,7/24/2019,623,UPI,Delivered
O014695,CUST014696,R014695,4/19/2025,115,Wallet,Cancelled
O014696,CUST014697,R014696,10/23/2024,925,COD,Delivered
O014697,CUST014698,R014697,1/6/2023,1760,COD,Delivered
O014698,CUST014699,R014698,5/18/2025,665,Wallet,Delivered
O014699,CUST014700,R014699,9/28/2024,1127,COD,Delivered
O014700,CUST014701,R014700,11/6/2020,449,Wallet,Delivered
O014701,CUST014702,R014701,3/24/2022,1079,Wallet,Delivered
O014702,CUST014703,R014702,8/15/2020,616,Wallet,Delivered
O014703,CUST014704,R014703,5/26/2021,1694,Wallet,Delivered
O014704,CUST014705,R014704,4/6/2023,1397,Card,Delivered
O014705,CUST014706,R014705,5/7/2025,1072,UPI,Delivered
O014706,CUST014707,R014706,7/4/2023,1131,UPI,Delivered
O014707,CUST014708,R014707,12/20/2023,998,COD,Delivered
O014708,CUST014709,R014708,11/7/2024,1247,Card,Delivered
O014709,CUST014710,R014709,6/11/2025,113,Wallet,Delivered
O014710,CUST014711,R014710,3/12/2020,949,UPI,Delivered
O014711,CUST014712,R014711,8/6/2022,1754,UPI,Delivered
O014712,CUST014713,R014712,3/16/2023,1365,UPI,Cancelled
O014713,CUST014714,R014713,7/22/2021,172,Card,Delivered
O014714,CUST014715,R014714,3/12/2021,443,Wallet,Delivered
O014715,CUST014716,R014715,9/18/2022,1705,Card,Delivered
O014716,CUST014717,R014716,5/14/2020,359,Card,Delivered
O014717,CUST014718,R014717,8/2/2022,1641,UPI,Delivered
O014718,CUST014719,R014718,4/23/2024,689,Wallet,Delivered
O014719,CUST014720,R014719,3/23/2020,747,Card,Delivered
O014720,CUST014721,R014720,5/2/2023,613,COD,Delivered
O014721,CUST014722,R014721,1/22/2020,864,COD,Delivered
O014722,CUST014723,R014722,9/6/2020,786,COD,Delivered
O014723,CUST014724,R014723,2/6/2020,1167,UPI,Delivered
O014724,CUST014725,R014724,4/1/2024,1370,COD,Delivered
O014725,CUST014726,R014725,5/26/2025,1155,Wallet,Cancelled
O014726,CUST014727,R014726,10/17/2022,1690,COD,Delivered
O014727,CUST014728,R014727,3/13/2020,1115,Wallet,Delivered
O014728,CUST014729,R014728,10/15/2024,1327,UPI,Delivered
O014729,CUST014730,R014729,9/9/2024,1876,UPI,Delivered
O014730,CUST014731,R014730,7/14/2022,1258,Wallet,Cancelled
O014731,CUST014732,R014731,11/18/2024,349,Card,Delivered
O014732,CUST014733,R014732,11/17/2022,1418,UPI,Cancelled
O014733,CUST014734,R014733,3/24/2022,721,Card,Delivered
O014734,CUST014735,R014734,9/16/2022,1859,COD,Delivered
O014735,CUST014736,R014735,6/15/2025,402,Card,Delivered
O014736,CUST014737,R014736,5/1/2022,826,Card,Cancelled
O014737,CUST014738,R014737,7/5/2021,1998,Card,Delivered
O014738,CUST014739,R014738,1/20/2020,772,UPI,Delivered
O014739,CUST014740,R014739,8/4/2022,417,UPI,Delivered
O014740,CUST014741,R014740,8/22/2021,1158,Wallet,Delivered
O014741,CUST014742,R014741,5/16/2024,1414,COD,Cancelled
O014742,CUST014743,R014742,1/9/2022,1032,UPI,Delivered
O014743,CUST014744,R014743,3/15/2025,1968,Wallet,Delivered
O014744,CUST014745,R014744,3/19/2022,1399,Card,Delivered
O014745,CUST014746,R014745,4/6/2020,1637,UPI,Delivered
O014746,CUST014747,R014746,2/25/2020,809,Wallet,Delivered
O014747,CUST014748,R014747,11/24/2025,1014,Card,Delivered
O014748,CUST014749,R014748,3/19/2023,446,Card,Delivered
O014749,CUST014750,R014749,1/2/2020,1882,COD,Delivered
O014750,CUST014751,R014750,4/21/2024,186,Card,Delivered
O014751,CUST014752,R014751,9/21/2023,860,Card,Delivered
O014752,CUST014753,R014752,12/4/2020,1839,Wallet,Delivered
O014753,CUST014754,R014753,9/23/2020,1266,COD,Delivered
O014754,CUST014755,R014754,1/11/2025,317,COD,Delivered
O014755,CUST014756,R014755,6/19/2020,692,Wallet,Delivered
O014756,CUST014757,R014756,11/9/2020,1583,Card,Delivered
O014757,CUST014758,R014757,12/12/2025,1015,UPI,Delivered
O014758,CUST014759,R014758,12/28/2022,1254,UPI,Delivered
O014759,CUST014760,R014759,6/22/2020,1438,Wallet,Delivered
O014760,CUST014761,R014760,12/6/2019,678,UPI,Delivered
O014761,CUST014762,R014761,7/13/2020,237,Wallet,Cancelled
O014762,CUST014763,R014762,6/11/2020,1499,COD,Delivered
O014763,CUST014764,R014763,4/15/2024,148,UPI,Delivered
O014764,CUST014765,R014764,12/16/2025,1488,UPI,Delivered
O014765,CUST014766,R014765,2/14/2024,1499,COD,Delivered
O014766,CUST014767,R014766,9/20/2022,883,UPI,Delivered
O014767,CUST014768,R014767,11/20/2024,1834,Card,Delivered
O014768,CUST014769,R014768,6/16/2022,308,COD,Delivered
O014769,CUST014770,R014769,10/4/2024,354,Card,Delivered
O014770,CUST014771,R014770,5/22/2025,676,Wallet,Delivered
O014771,CUST014772,R014771,12/22/2022,870,Card,Delivered
O014772,CUST014773,R014772,12/3/2020,1228,COD,Delivered
O014773,CUST014774,R014773,4/28/2022,786,Wallet,Delivered
O014774,CUST014775,R014774,10/8/2021,669,Card,Delivered
O014775,CUST014776,R014775,4/26/2019,876,UPI,Delivered
O014776,CUST014777,R014776,10/6/2021,1420,Card,Delivered
O014777,CUST014778,R014777,5/24/2022,864,Wallet,Delivered
O014778,CUST014779,R014778,8/5/2021,876,UPI,Delivered
O014779,CUST014780,R014779,3/11/2024,1315,UPI,Delivered
O014780,CUST014781,R014780,10/17/2020,1210,UPI,Delivered
O014781,CUST014782,R014781,4/7/2019,1760,Wallet,Cancelled
O014782,CUST014783,R014782,2/10/2019,1632,UPI,Cancelled
O014783,CUST014784,R014783,10/13/2021,1921,UPI,Delivered
O014784,CUST014785,R014784,10/16/2019,1302,UPI,Delivered
O014785,CUST014786,R014785,2/22/2019,604,Card,Delivered
O014786,CUST014787,R014786,3/22/2019,163,UPI,Delivered
O014787,CUST014788,R014787,6/14/2022,286,Card,Delivered
O014788,CUST014789,R014788,6/17/2023,535,COD,Delivered
O014789,CUST014790,R014789,2/1/2025,191,COD,Delivered
O014790,CUST014791,R014790,7/25/2024,656,COD,Delivered
O014791,CUST014792,R014791,8/27/2021,492,Card,Delivered
O014792,CUST014793,R014792,8/21/2025,1111,Wallet,Delivered
O014793,CUST014794,R014793,9/12/2024,1361,Card,Delivered
O014794,CUST014795,R014794,12/1/2021,488,Wallet,Delivered
O014795,CUST014796,R014795,6/7/2019,1249,Wallet,Cancelled
O014796,CUST014797,R014796,6/8/2022,1537,COD,Delivered
O014797,CUST014798,R014797,1/26/2023,918,Wallet,Delivered
O014798,CUST014799,R014798,5/17/2021,265,Wallet,Delivered
O014799,CUST014800,R014799,2/16/2019,966,UPI,Delivered
O014800,CUST014801,R014800,8/15/2024,1802,UPI,Delivered
O014801,CUST014802,R014801,10/12/2020,1530,Card,Delivered
O014802,CUST014803,R014802,3/10/2025,1709,Card,Delivered
O014803,CUST014804,R014803,7/20/2024,743,UPI,Delivered
O014804,CUST014805,R014804,8/24/2023,1120,UPI,Delivered
O014805,CUST014806,R014805,12/15/2021,727,COD,Delivered
O014806,CUST014807,R014806,3/27/2025,1990,UPI,Delivered
O014807,CUST014808,R014807,4/11/2019,148,Wallet,Delivered
O014808,CUST014809,R014808,2/1/2021,903,COD,Delivered
O014809,CUST014810,R014809,10/2/2019,692,Wallet,Delivered
O014810,CUST014811,R014810,3/27/2025,1137,Wallet,Delivered
O014811,CUST014812,R014811,1/18/2024,1321,Wallet,Delivered
O014812,CUST014813,R014812,11/4/2023,1053,UPI,Delivered
O014813,CUST014814,R014813,8/18/2022,437,COD,Delivered
O014814,CUST014815,R014814,2/12/2025,685,UPI,Delivered
O014815,CUST014816,R014815,4/14/2021,1753,Card,Delivered
O014816,CUST014817,R014816,6/21/2022,1799,UPI,Delivered
O014817,CUST014818,R014817,2/13/2021,1208,UPI,Delivered
O014818,CUST014819,R014818,4/16/2019,772,UPI,Delivered
O014819,CUST014820,R014819,11/27/2021,1511,COD,Delivered
O014820,CUST014821,R014820,6/22/2019,191,COD,Cancelled
O014821,CUST014822,R014821,10/2/2021,232,Card,Cancelled
O014822,CUST014823,R014822,5/20/2022,353,Wallet,Delivered
O014823,CUST014824,R014823,11/28/2021,1245,Card,Delivered
O014824,CUST014825,R014824,7/4/2025,942,COD,Delivered
O014825,CUST014826,R014825,4/27/2019,669,UPI,Delivered
O014826,CUST014827,R014826,11/13/2024,1109,COD,Delivered
O014827,CUST014828,R014827,11/21/2023,302,Wallet,Delivered
O014828,CUST014829,R014828,12/8/2023,1543,COD,Delivered
O014829,CUST014830,R014829,1/2/2019,1415,UPI,Delivered
O014830,CUST014831,R014830,4/14/2023,999,UPI,Delivered
O014831,CUST014832,R014831,11/11/2019,1444,UPI,Delivered
O014832,CUST014833,R014832,5/9/2022,1127,Card,Delivered
O014833,CUST014834,R014833,3/19/2023,299,UPI,Cancelled
O014834,CUST014835,R014834,3/11/2021,1750,UPI,Delivered
O014835,CUST014836,R014835,12/15/2022,1870,COD,Delivered
O014836,CUST014837,R014836,2/23/2023,1916,UPI,Delivered
O014837,CUST014838,R014837,9/14/2020,1936,Card,Delivered
O014838,CUST014839,R014838,11/21/2021,286,Card,Delivered
O014839,CUST014840,R014839,8/23/2022,900,COD,Delivered
O014840,CUST014841,R014840,9/24/2025,1857,COD,Delivered
O014841,CUST014842,R014841,4/2/2019,314,COD,Delivered
O014842,CUST014843,R014842,7/17/2020,1032,Wallet,Delivered
O014843,CUST014844,R014843,4/9/2023,1043,UPI,Delivered
O014844,CUST014845,R014844,10/22/2019,632,COD,Delivered
O014845,CUST014846,R014845,3/26/2021,359,COD,Delivered
O014846,CUST014847,R014846,2/7/2022,674,COD,Delivered
O014847,CUST014848,R014847,7/28/2025,939,Wallet,Delivered
O014848,CUST014849,R014848,11/3/2021,1233,COD,Delivered
O014849,CUST014850,R014849,7/26/2022,1104,UPI,Delivered
O014850,CUST014851,R014850,10/10/2019,1169,COD,Cancelled
O014851,CUST014852,R014851,7/12/2025,487,UPI,Delivered
O014852,CUST014853,R014852,8/11/2021,1989,UPI,Delivered
O014853,CUST014854,R014853,9/14/2019,1536,Wallet,Delivered
O014854,CUST014855,R014854,8/6/2024,1404,UPI,Cancelled
O014855,CUST014856,R014855,6/6/2024,264,UPI,Delivered
O014856,CUST014857,R014856,3/25/2022,1248,UPI,Cancelled
O014857,CUST014858,R014857,5/10/2020,422,Card,Delivered
O014858,CUST014859,R014858,10/20/2022,1877,Wallet,Delivered
O014859,CUST014860,R014859,7/17/2020,334,COD,Delivered
O014860,CUST014861,R014860,6/20/2019,598,UPI,Delivered
O014861,CUST014862,R014861,9/25/2020,1861,COD,Delivered
O014862,CUST014863,R014862,8/23/2024,722,Wallet,Delivered
O014863,CUST014864,R014863,10/4/2019,1277,UPI,Cancelled
O014864,CUST014865,R014864,8/22/2025,146,Wallet,Delivered
O014865,CUST014866,R014865,12/5/2025,1605,COD,Delivered
O014866,CUST014867,R014866,5/9/2021,439,COD,Delivered
O014867,CUST014868,R014867,8/28/2023,1020,Wallet,Delivered
O014868,CUST014869,R014868,2/28/2019,1258,Wallet,Cancelled
O014869,CUST014870,R014869,12/6/2024,908,UPI,Delivered
O014870,CUST014871,R014870,8/12/2022,1941,Wallet,Delivered
O014871,CUST014872,R014871,3/17/2022,604,Wallet,Delivered
O014872,CUST014873,R014872,3/11/2022,1846,COD,Delivered
O014873,CUST014874,R014873,5/15/2023,1226,Wallet,Cancelled
O014874,CUST014875,R014874,9/7/2020,1521,Card,Delivered
O014875,CUST014876,R014875,8/17/2024,512,UPI,Delivered
O014876,CUST014877,R014876,6/26/2021,1904,Wallet,Delivered
O014877,CUST014878,R014877,7/16/2020,1838,Wallet,Delivered
O014878,CUST014879,R014878,3/28/2020,805,COD,Delivered
O014879,CUST014880,R014879,2/18/2019,526,Wallet,Delivered
O014880,CUST014881,R014880,11/11/2022,1064,COD,Delivered
O014881,CUST014882,R014881,2/1/2019,413,COD,Delivered
O014882,CUST014883,R014882,9/10/2022,953,UPI,Delivered
O014883,CUST014884,R014883,11/13/2025,1139,Wallet,Delivered
O014884,CUST014885,R014884,5/4/2019,822,Wallet,Delivered
O014885,CUST014886,R014885,3/12/2022,1890,UPI,Delivered
O014886,CUST014887,R014886,9/16/2021,1239,Wallet,Cancelled
O014887,CUST014888,R014887,5/8/2023,1566,Card,Delivered
O014888,CUST014889,R014888,7/18/2022,1617,UPI,Delivered
O014889,CUST014890,R014889,9/16/2019,1949,UPI,Delivered
O014890,CUST014891,R014890,6/24/2025,1883,UPI,Delivered
O014891,CUST014892,R014891,9/21/2022,421,Card,Delivered
O014892,CUST014893,R014892,2/19/2024,142,COD,Delivered
O014893,CUST014894,R014893,3/6/2020,1736,Card,Delivered
O014894,CUST014895,R014894,8/10/2019,1931,COD,Delivered
O014895,CUST014896,R014895,9/4/2022,744,Card,Cancelled
O014896,CUST014897,R014896,4/23/2025,1182,COD,Delivered
O014897,CUST014898,R014897,4/27/2022,482,COD,Cancelled
O014898,CUST014899,R014898,4/9/2024,661,Wallet,Cancelled
O014899,CUST014900,R014899,7/25/2019,856,Wallet,Delivered
O014900,CUST014901,R014900,11/11/2024,1181,COD,Delivered
O014901,CUST014902,R014901,9/28/2024,1233,UPI,Delivered
O014902,CUST014903,R014902,12/11/2021,1609,UPI,Delivered
O014903,CUST014904,R014903,5/18/2025,610,UPI,Cancelled
O014904,CUST014905,R014904,3/2/2022,1409,UPI,Delivered
O014905,CUST014906,R014905,6/14/2021,1659,Wallet,Delivered
O014906,CUST014907,R014906,9/15/2020,117,UPI,Delivered
O014907,CUST014908,R014907,2/5/2019,1591,Card,Delivered
O014908,CUST014909,R014908,5/26/2023,1371,Card,Delivered
O014909,CUST014910,R014909,1/9/2020,799,Wallet,Cancelled
O014910,CUST014911,R014910,6/1/2025,2000,UPI,Delivered
O014911,CUST014912,R014911,8/19/2022,278,Card,Delivered
O014912,CUST014913,R014912,3/20/2021,515,UPI,Delivered
O014913,CUST014914,R014913,3/5/2021,1178,UPI,Delivered
O014914,CUST014915,R014914,5/22/2019,1945,Card,Cancelled
O014915,CUST014916,R014915,6/22/2025,594,Wallet,Delivered
O014916,CUST014917,R014916,1/16/2023,1856,Card,Delivered
O014917,CUST014918,R014917,1/13/2023,263,UPI,Delivered
O014918,CUST014919,R014918,1/27/2020,1483,Card,Delivered
O014919,CUST014920,R014919,3/25/2024,829,Wallet,Delivered
O014920,CUST014921,R014920,4/25/2025,406,UPI,Delivered
O014921,CUST014922,R014921,8/24/2023,226,COD,Delivered
O014922,CUST014923,R014922,4/20/2019,988,COD,Cancelled
O014923,CUST014924,R014923,12/11/2021,1823,Card,Delivered
O014924,CUST014925,R014924,11/1/2021,1163,UPI,Delivered
O014925,CUST014926,R014925,1/3/2023,1226,Card,Cancelled
O014926,CUST014927,R014926,10/3/2025,1330,Wallet,Delivered
O014927,CUST014928,R014927,9/25/2022,1562,Wallet,Delivered
O014928,CUST014929,R014928,2/16/2020,1222,Wallet,Cancelled
O014929,CUST014930,R014929,9/13/2019,1472,Card,Delivered
O014930,CUST014931,R014930,11/15/2025,1781,COD,Delivered
O014931,CUST014932,R014931,10/8/2025,1143,UPI,Delivered
O014932,CUST014933,R014932,11/20/2019,445,UPI,Delivered
O014933,CUST014934,R014933,8/20/2022,1209,UPI,Delivered
O014934,CUST014935,R014934,4/19/2024,1744,COD,Delivered
O014935,CUST014936,R014935,11/15/2019,648,Card,Delivered
O014936,CUST014937,R014936,11/23/2022,258,UPI,Delivered
O014937,CUST014938,R014937,3/23/2025,779,COD,Delivered
O014938,CUST014939,R014938,2/28/2025,1855,Card,Delivered
O014939,CUST014940,R014939,10/26/2025,946,UPI,Cancelled
O014940,CUST014941,R014940,5/26/2024,332,COD,Delivered
O014941,CUST014942,R014941,10/26/2020,838,COD,Delivered
O014942,CUST014943,R014942,5/8/2021,1264,Wallet,Delivered
O014943,CUST014944,R014943,10/9/2025,509,Card,Delivered
O014944,CUST014945,R014944,1/3/2020,933,Wallet,Delivered
O014945,CUST014946,R014945,10/15/2023,1117,UPI,Delivered
O014946,CUST014947,R014946,1/1/2022,1317,UPI,Delivered
O014947,CUST014948,R014947,8/16/2024,1360,UPI,Delivered
O014948,CUST014949,R014948,6/9/2021,1703,UPI,Delivered
O014949,CUST014950,R014949,6/25/2022,302,Card,Delivered
O014950,CUST014951,R014950,1/3/2023,1880,COD,Delivered
O014951,CUST014952,R014951,8/15/2019,173,Card,Delivered
O014952,CUST014953,R014952,2/26/2023,995,COD,Delivered
O014953,CUST014954,R014953,5/27/2024,1754,COD,Delivered
O014954,CUST014955,R014954,10/27/2025,927,COD,Delivered
O014955,CUST014956,R014955,1/8/2024,419,Wallet,Delivered
O014956,CUST014957,R014956,5/27/2021,1043,Card,Delivered
O014957,CUST014958,R014957,7/3/2022,977,COD,Delivered
O014958,CUST014959,R014958,1/8/2021,1162,UPI,Delivered
O014959,CUST014960,R014959,5/2/2025,1405,UPI,Delivered
O014960,CUST014961,R014960,7/24/2022,689,Wallet,Delivered
O014961,CUST014962,R014961,5/25/2019,1320,UPI,Delivered
O014962,CUST014963,R014962,2/19/2023,1995,Wallet,Delivered
O014963,CUST014964,R014963,6/13/2021,1496,Card,Delivered
O014964,CUST014965,R014964,11/10/2021,1733,UPI,Delivered
O014965,CUST014966,R014965,11/23/2020,1624,Card,Delivered
O014966,CUST014967,R014966,11/8/2024,1862,UPI,Delivered
O014967,CUST014968,R014967,2/24/2025,543,Wallet,Delivered
O014968,CUST014969,R014968,2/18/2024,1974,Wallet,Cancelled
O014969,CUST014970,R014969,9/22/2025,703,COD,Delivered
O014970,CUST014971,R014970,9/5/2024,1606,Card,Delivered
O014971,CUST014972,R014971,10/17/2019,255,Wallet,Delivered
O014972,CUST014973,R014972,12/24/2020,1021,COD,Delivered
O014973,CUST014974,R014973,11/6/2023,349,COD,Cancelled
O014974,CUST014975,R014974,5/22/2021,937,Wallet,Delivered
O014975,CUST014976,R014975,2/13/2023,722,COD,Delivered
O014976,CUST014977,R014976,12/28/2022,1539,UPI,Delivered
O014977,CUST014978,R014977,3/5/2025,1350,COD,Delivered
O014978,CUST014979,R014978,12/5/2020,1284,Card,Delivered
O014979,CUST014980,R014979,11/2/2024,1479,UPI,Delivered
O014980,CUST014981,R014980,11/21/2024,1345,Wallet,Delivered
O014981,CUST014982,R014981,6/12/2021,1590,Card,Delivered
O014982,CUST014983,R014982,12/17/2020,1968,COD,Delivered
O014983,CUST014984,R014983,1/15/2022,838,UPI,Delivered
O014984,CUST014985,R014984,10/5/2024,1349,UPI,Delivered
O014985,CUST014986,R014985,1/15/2021,1221,UPI,Delivered
O014986,CUST014987,R014986,10/22/2022,1930,Card,Delivered
O014987,CUST014988,R014987,4/10/2025,169,Wallet,Delivered
O014988,CUST014989,R014988,11/16/2020,1855,Card,Delivered
O014989,CUST014990,R014989,1/16/2025,205,Card,Delivered
O014990,CUST014991,R014990,8/28/2024,1551,UPI,Delivered
O014991,CUST014992,R014991,3/21/2024,647,Wallet,Delivered
O014992,CUST014993,R014992,6/19/2022,710,Card,Delivered
O014993,CUST014994,R014993,4/24/2023,534,Card,Delivered
O014994,CUST014995,R014994,4/21/2020,779,COD,Delivered
O014995,CUST014996,R014995,3/5/2024,695,COD,Delivered
O014996,CUST014997,R014996,6/5/2021,945,Wallet,Delivered
O014997,CUST014998,R014997,9/28/2021,1009,Card,Delivered
O014998,CUST014999,R014998,6/24/2021,1013,Wallet,Cancelled
O014999,CUST015000,R014999,10/16/2022,1547,COD,Delivered
O015000,CUST015001,R015000,6/12/2020,965,Wallet,Delivered
O015001,CUST015002,R015001,10/11/2024,1471,UPI,Delivered
O015002,CUST015003,R015002,4/11/2020,1766,Card,Delivered
O015003,CUST015004,R015003,11/12/2022,1167,Wallet,Delivered
O015004,CUST015005,R015004,11/16/2019,263,UPI,Delivered
O015005,CUST015006,R015005,9/16/2025,1338,UPI,Delivered
O015006,CUST015007,R015006,7/19/2025,686,Card,Delivered
O015007,CUST015008,R015007,4/15/2020,1451,Card,Delivered
O015008,CUST015009,R015008,9/14/2024,311,Card,Delivered
O015009,CUST015010,R015009,10/28/2025,736,UPI,Delivered
O015010,CUST015011,R015010,11/2/2023,1638,Card,Delivered
O015011,CUST015012,R015011,1/19/2021,673,COD,Delivered
O015012,CUST015013,R015012,4/3/2023,273,COD,Delivered
O015013,CUST015014,R015013,8/21/2022,582,COD,Delivered
O015014,CUST015015,R015014,11/8/2019,1088,Card,Delivered
O015015,CUST015016,R015015,3/5/2020,493,UPI,Delivered
O015016,CUST015017,R015016,2/7/2024,1259,Wallet,Cancelled
O015017,CUST015018,R015017,3/10/2023,1319,Card,Delivered
O015018,CUST015019,R015018,3/25/2025,1558,UPI,Delivered
O015019,CUST015020,R015019,3/19/2021,730,Wallet,Delivered
O015020,CUST015021,R015020,8/23/2024,971,COD,Delivered
O015021,CUST015022,R015021,10/15/2019,399,Card,Delivered
O015022,CUST015023,R015022,2/28/2023,1792,COD,Delivered
O015023,CUST015024,R015023,10/20/2025,1682,Card,Delivered
O015024,CUST015025,R015024,6/20/2019,716,Card,Delivered
O015025,CUST015026,R015025,11/4/2023,361,Wallet,Delivered
O015026,CUST015027,R015026,12/22/2020,1161,COD,Delivered
O015027,CUST015028,R015027,7/9/2022,418,Card,Delivered
O015028,CUST015029,R015028,5/21/2023,537,Wallet,Delivered
O015029,CUST015030,R015029,2/7/2024,1478,Card,Delivered
O015030,CUST015031,R015030,12/26/2019,980,UPI,Delivered
O015031,CUST015032,R015031,11/26/2021,1174,Wallet,Delivered
O015032,CUST015033,R015032,4/16/2023,1352,Wallet,Delivered
O015033,CUST015034,R015033,10/4/2019,588,UPI,Delivered
O015034,CUST015035,R015034,10/12/2021,1917,COD,Cancelled
O015035,CUST015036,R015035,7/10/2021,1452,Card,Delivered
O015036,CUST015037,R015036,5/14/2020,1964,UPI,Delivered
O015037,CUST015038,R015037,4/14/2021,1344,UPI,Delivered
O015038,CUST015039,R015038,5/13/2023,1356,COD,Cancelled
O015039,CUST015040,R015039,7/17/2020,778,UPI,Delivered
O015040,CUST015041,R015040,12/18/2022,1978,Card,Cancelled
O015041,CUST015042,R015041,2/18/2020,153,COD,Delivered
O015042,CUST015043,R015042,10/2/2019,206,Card,Delivered
O015043,CUST015044,R015043,4/20/2019,596,Wallet,Delivered
O015044,CUST015045,R015044,2/21/2023,833,Card,Delivered
O015045,CUST015046,R015045,6/25/2025,1012,COD,Delivered
O015046,CUST015047,R015046,6/26/2021,696,Wallet,Delivered
O015047,CUST015048,R015047,10/7/2021,819,Card,Delivered
O015048,CUST015049,R015048,3/5/2023,1074,UPI,Delivered
O015049,CUST015050,R015049,5/9/2023,1623,Card,Delivered
O015050,CUST015051,R015050,3/26/2021,961,Wallet,Delivered
O015051,CUST015052,R015051,5/7/2023,972,Wallet,Delivered
O015052,CUST015053,R015052,7/14/2022,1166,UPI,Delivered
O015053,CUST015054,R015053,9/17/2023,1354,UPI,Delivered
O015054,CUST015055,R015054,3/9/2024,1475,Wallet,Delivered
O015055,CUST015056,R015055,6/7/2019,1483,UPI,Delivered
O015056,CUST015057,R015056,11/11/2023,1777,UPI,Delivered
O015057,CUST015058,R015057,4/12/2022,1222,UPI,Delivered
O015058,CUST015059,R015058,7/17/2022,563,Card,Delivered
O015059,CUST015060,R015059,8/20/2023,116,UPI,Delivered
O015060,CUST015061,R015060,2/12/2023,194,Card,Delivered
O015061,CUST015062,R015061,3/16/2021,450,Card,Delivered
O015062,CUST015063,R015062,11/28/2020,112,Card,Delivered
O015063,CUST015064,R015063,2/25/2023,381,COD,Delivered
O015064,CUST015065,R015064,11/26/2020,386,Card,Delivered
O015065,CUST015066,R015065,7/19/2019,956,Wallet,Delivered
O015066,CUST015067,R015066,5/11/2025,1463,Card,Delivered
O015067,CUST015068,R015067,3/3/2024,377,COD,Delivered
O015068,CUST015069,R015068,9/2/2021,1143,Wallet,Cancelled
O015069,CUST015070,R015069,9/5/2025,1394,Wallet,Delivered
O015070,CUST015071,R015070,2/23/2022,839,Wallet,Delivered
O015071,CUST015072,R015071,7/11/2022,180,Wallet,Delivered
O015072,CUST015073,R015072,11/15/2025,744,UPI,Delivered
O015073,CUST015074,R015073,6/14/2019,1755,UPI,Delivered
O015074,CUST015075,R015074,11/10/2023,1445,UPI,Delivered
O015075,CUST015076,R015075,8/9/2019,1629,Card,Delivered
O015076,CUST015077,R015076,10/19/2025,663,Wallet,Delivered
O015077,CUST015078,R015077,10/21/2024,1015,UPI,Delivered
O015078,CUST015079,R015078,3/14/2021,617,COD,Delivered
O015079,CUST015080,R015079,3/26/2025,190,UPI,Delivered
O015080,CUST015081,R015080,9/13/2024,1899,COD,Delivered
O015081,CUST015082,R015081,5/27/2025,759,Card,Delivered
O015082,CUST015083,R015082,1/28/2020,165,COD,Delivered
O015083,CUST015084,R015083,8/25/2022,630,COD,Delivered
O015084,CUST015085,R015084,2/6/2023,807,COD,Delivered
O015085,CUST015086,R015085,6/24/2022,535,UPI,Delivered
O015086,CUST015087,R015086,2/8/2021,390,COD,Cancelled
O015087,CUST015088,R015087,6/5/2023,644,UPI,Cancelled
O015088,CUST015089,R015088,5/12/2024,1673,Card,Delivered
O015089,CUST015090,R015089,10/20/2025,1719,UPI,Delivered
O015090,CUST015091,R015090,5/11/2020,1059,UPI,Delivered
O015091,CUST015092,R015091,6/15/2024,661,Card,Delivered
O015092,CUST015093,R015092,2/27/2023,277,Card,Delivered
O015093,CUST015094,R015093,3/21/2024,1943,COD,Delivered
O015094,CUST015095,R015094,10/28/2023,1990,Card,Delivered
O015095,CUST015096,R015095,6/16/2021,209,COD,Delivered
O015096,CUST015097,R015096,8/26/2020,883,Card,Delivered
O015097,CUST015098,R015097,1/27/2023,895,COD,Delivered
O015098,CUST015099,R015098,11/25/2020,579,UPI,Delivered
O015099,CUST015100,R015099,3/11/2024,1019,Card,Delivered
O015100,CUST015101,R015100,8/21/2019,259,COD,Delivered
O015101,CUST015102,R015101,11/7/2019,1332,COD,Delivered
O015102,CUST015103,R015102,4/1/2025,1336,UPI,Delivered
O015103,CUST015104,R015103,11/13/2020,850,Wallet,Delivered
O015104,CUST015105,R015104,2/9/2025,1289,UPI,Delivered
O015105,CUST015106,R015105,4/8/2025,1271,Card,Delivered
O015106,CUST015107,R015106,6/16/2019,194,Wallet,Cancelled
O015107,CUST015108,R015107,7/9/2021,1607,UPI,Delivered
O015108,CUST015109,R015108,7/13/2023,1726,COD,Cancelled
O015109,CUST015110,R015109,12/21/2024,1512,UPI,Delivered
O015110,CUST015111,R015110,2/8/2023,512,Card,Delivered
O015111,CUST015112,R015111,5/20/2020,239,Card,Cancelled
O015112,CUST015113,R015112,9/20/2024,814,Card,Delivered
O015113,CUST015114,R015113,5/21/2023,1777,COD,Delivered
O015114,CUST015115,R015114,7/2/2021,235,Card,Delivered
O015115,CUST015116,R015115,11/24/2025,996,Wallet,Delivered
O015116,CUST015117,R015116,7/7/2022,1001,Card,Delivered
O015117,CUST015118,R015117,2/21/2022,905,Wallet,Delivered
O015118,CUST015119,R015118,12/2/2019,888,Wallet,Delivered
O015119,CUST015120,R015119,11/12/2019,822,COD,Delivered
O015120,CUST015121,R015120,10/4/2023,1266,Wallet,Delivered
O015121,CUST015122,R015121,11/7/2020,1089,COD,Delivered
O015122,CUST015123,R015122,6/2/2024,701,Wallet,Delivered
O015123,CUST015124,R015123,11/4/2020,1079,COD,Cancelled
O015124,CUST015125,R015124,5/8/2025,439,Wallet,Delivered
O015125,CUST015126,R015125,11/9/2025,1947,UPI,Delivered
O015126,CUST015127,R015126,9/12/2021,1457,COD,Delivered
O015127,CUST015128,R015127,8/5/2023,1324,UPI,Delivered
O015128,CUST015129,R015128,9/4/2023,178,UPI,Delivered
O015129,CUST015130,R015129,10/24/2023,1201,Wallet,Delivered
O015130,CUST015131,R015130,9/10/2021,138,COD,Delivered
O015131,CUST015132,R015131,4/19/2023,1978,Wallet,Delivered
O015132,CUST015133,R015132,8/15/2023,185,COD,Delivered
O015133,CUST015134,R015133,7/28/2022,454,UPI,Delivered
O015134,CUST015135,R015134,6/24/2025,1762,Card,Delivered
O015135,CUST015136,R015135,2/21/2021,361,Wallet,Delivered
O015136,CUST015137,R015136,7/26/2022,1122,UPI,Cancelled
O015137,CUST015138,R015137,11/19/2021,1957,Wallet,Delivered
O015138,CUST015139,R015138,7/3/2020,1564,COD,Delivered
O015139,CUST015140,R015139,4/7/2021,228,Card,Delivered
O015140,CUST015141,R015140,4/27/2024,940,Wallet,Delivered
O015141,CUST015142,R015141,1/27/2020,1173,Wallet,Delivered
O015142,CUST015143,R015142,3/5/2023,818,UPI,Delivered
O015143,CUST015144,R015143,3/11/2021,1830,Wallet,Delivered
O015144,CUST015145,R015144,7/14/2025,754,COD,Delivered
O015145,CUST015146,R015145,12/10/2020,1702,Card,Delivered
O015146,CUST015147,R015146,1/14/2024,1083,Wallet,Delivered
O015147,CUST015148,R015147,3/5/2024,1378,Card,Delivered
O015148,CUST015149,R015148,5/16/2023,1877,UPI,Delivered
O015149,CUST015150,R015149,12/21/2021,1794,Wallet,Delivered
O015150,CUST015151,R015150,7/14/2023,1748,COD,Delivered
O015151,CUST015152,R015151,7/26/2020,292,Card,Delivered
O015152,CUST015153,R015152,10/16/2021,1919,COD,Delivered
O015153,CUST015154,R015153,1/4/2023,600,Card,Delivered
O015154,CUST015155,R015154,9/21/2022,1845,Wallet,Delivered
O015155,CUST015156,R015155,8/2/2023,435,UPI,Delivered
O015156,CUST015157,R015156,11/6/2023,984,Wallet,Delivered
O015157,CUST015158,R015157,9/4/2023,798,COD,Delivered
O015158,CUST015159,R015158,12/11/2025,1790,UPI,Delivered
O015159,CUST015160,R015159,9/15/2020,1096,Wallet,Cancelled
O015160,CUST015161,R015160,7/6/2022,1416,Card,Cancelled
O015161,CUST015162,R015161,5/16/2022,1207,UPI,Delivered
O015162,CUST015163,R015162,2/9/2024,1838,UPI,Delivered
O015163,CUST015164,R015163,5/22/2019,1836,UPI,Cancelled
O015164,CUST015165,R015164,9/19/2024,335,Card,Cancelled
O015165,CUST015166,R015165,5/17/2020,1963,COD,Cancelled
O015166,CUST015167,R015166,10/7/2022,1657,Card,Delivered
O015167,CUST015168,R015167,10/9/2023,1889,Card,Delivered
O015168,CUST015169,R015168,12/3/2021,522,Card,Cancelled
O015169,CUST015170,R015169,9/21/2021,1092,Wallet,Delivered
O015170,CUST015171,R015170,5/26/2025,589,COD,Delivered
O015171,CUST015172,R015171,11/5/2024,518,Wallet,Cancelled
O015172,CUST015173,R015172,10/25/2020,755,Wallet,Delivered
O015173,CUST015174,R015173,10/10/2019,1076,COD,Delivered
O015174,CUST015175,R015174,11/25/2023,824,UPI,Delivered
O015175,CUST015176,R015175,6/5/2024,1455,Wallet,Delivered
O015176,CUST015177,R015176,1/17/2021,568,UPI,Cancelled
O015177,CUST015178,R015177,6/1/2019,1896,UPI,Delivered
O015178,CUST015179,R015178,1/11/2021,1580,Wallet,Delivered
O015179,CUST015180,R015179,7/17/2020,1939,UPI,Delivered
O015180,CUST015181,R015180,5/4/2025,1505,UPI,Delivered
O015181,CUST015182,R015181,4/26/2019,1324,UPI,Delivered
O015182,CUST015183,R015182,12/16/2023,752,Wallet,Cancelled
O015183,CUST015184,R015183,11/28/2025,205,Wallet,Delivered
O015184,CUST015185,R015184,10/17/2025,133,COD,Delivered
O015185,CUST015186,R015185,2/19/2024,371,Card,Delivered
O015186,CUST015187,R015186,1/5/2021,1705,COD,Delivered
O015187,CUST015188,R015187,10/20/2022,484,Wallet,Cancelled
O015188,CUST015189,R015188,2/28/2019,1245,Card,Delivered
O015189,CUST015190,R015189,3/26/2023,612,Card,Cancelled
O015190,CUST015191,R015190,2/23/2021,184,UPI,Delivered
O015191,CUST015192,R015191,8/6/2021,1447,Card,Delivered
O015192,CUST015193,R015192,10/27/2019,787,COD,Delivered
O015193,CUST015194,R015193,2/23/2019,316,UPI,Delivered
O015194,CUST015195,R015194,4/23/2024,136,COD,Delivered
O015195,CUST015196,R015195,4/19/2020,1464,COD,Delivered
O015196,CUST015197,R015196,9/11/2024,1972,Card,Delivered
O015197,CUST015198,R015197,3/28/2024,1019,UPI,Delivered
O015198,CUST015199,R015198,4/2/2022,1084,Card,Delivered
O015199,CUST015200,R015199,5/2/2023,1181,Wallet,Cancelled
O015200,CUST015201,R015200,8/3/2021,1195,Wallet,Cancelled
O015201,CUST015202,R015201,7/11/2020,1111,COD,Delivered
O015202,CUST015203,R015202,9/11/2022,1324,Card,Delivered
O015203,CUST015204,R015203,3/13/2025,1702,COD,Delivered
O015204,CUST015205,R015204,12/6/2019,1062,UPI,Delivered
O015205,CUST015206,R015205,9/22/2022,403,UPI,Delivered
O015206,CUST015207,R015206,10/17/2021,988,Wallet,Cancelled
O015207,CUST015208,R015207,4/18/2024,1653,Card,Delivered
O015208,CUST015209,R015208,12/13/2022,562,COD,Delivered
O015209,CUST015210,R015209,10/20/2019,179,UPI,Delivered
O015210,CUST015211,R015210,6/23/2019,680,Card,Delivered
O015211,CUST015212,R015211,9/27/2022,1712,UPI,Delivered
O015212,CUST015213,R015212,1/25/2025,797,Wallet,Delivered
O015213,CUST015214,R015213,9/25/2020,1823,COD,Delivered
O015214,CUST015215,R015214,1/20/2020,728,COD,Delivered
O015215,CUST015216,R015215,4/6/2022,984,Wallet,Delivered
O015216,CUST015217,R015216,10/7/2020,428,Card,Delivered
O015217,CUST015218,R015217,4/1/2022,853,Wallet,Cancelled
O015218,CUST015219,R015218,5/16/2024,1032,Wallet,Delivered
O015219,CUST015220,R015219,2/27/2019,1270,Wallet,Delivered
O015220,CUST015221,R015220,7/12/2025,1312,Wallet,Delivered
O015221,CUST015222,R015221,4/8/2025,1190,UPI,Delivered
O015222,CUST015223,R015222,11/17/2021,1697,UPI,Delivered
O015223,CUST015224,R015223,12/24/2019,1308,Card,Delivered
O015224,CUST015225,R015224,9/8/2023,1366,Card,Delivered
O015225,CUST015226,R015225,5/19/2021,885,Card,Delivered
O015226,CUST015227,R015226,5/19/2022,1345,COD,Delivered
O015227,CUST015228,R015227,9/21/2023,772,COD,Delivered
O015228,CUST015229,R015228,9/7/2019,313,Wallet,Delivered
O015229,CUST015230,R015229,11/23/2024,944,Card,Delivered
O015230,CUST015231,R015230,9/1/2020,898,COD,Delivered
O015231,CUST015232,R015231,11/9/2020,1076,Wallet,Delivered
O015232,CUST015233,R015232,6/28/2024,1314,UPI,Cancelled
O015233,CUST015234,R015233,5/22/2025,467,Wallet,Delivered
O015234,CUST015235,R015234,1/24/2022,1279,UPI,Delivered
O015235,CUST015236,R015235,7/18/2024,1915,Wallet,Delivered
O015236,CUST015237,R015236,2/12/2022,1352,Card,Delivered
O015237,CUST015238,R015237,10/9/2023,1584,UPI,Delivered
O015238,CUST015239,R015238,4/20/2019,1514,UPI,Delivered
O015239,CUST015240,R015239,6/7/2023,1496,Card,Cancelled
O015240,CUST015241,R015240,10/18/2025,393,Wallet,Delivered
O015241,CUST015242,R015241,10/16/2022,1830,COD,Delivered
O015242,CUST015243,R015242,11/20/2019,561,Card,Delivered
O015243,CUST015244,R015243,10/3/2020,1570,Card,Cancelled
O015244,CUST015245,R015244,4/19/2020,736,Wallet,Delivered
O015245,CUST015246,R015245,4/22/2022,930,Card,Delivered
O015246,CUST015247,R015246,11/3/2025,259,COD,Cancelled
O015247,CUST015248,R015247,1/18/2022,895,Wallet,Delivered
O015248,CUST015249,R015248,10/13/2019,685,COD,Delivered
O015249,CUST015250,R015249,4/27/2025,1459,UPI,Delivered
O015250,CUST015251,R015250,6/3/2024,1201,Card,Delivered
O015251,CUST015252,R015251,7/4/2025,1130,UPI,Delivered
O015252,CUST015253,R015252,2/2/2025,1112,UPI,Delivered
O015253,CUST015254,R015253,3/20/2022,1065,Wallet,Delivered
O015254,CUST015255,R015254,6/10/2023,1447,COD,Delivered
O015255,CUST015256,R015255,11/15/2019,351,Wallet,Delivered
O015256,CUST015257,R015256,3/13/2021,1180,UPI,Delivered
O015257,CUST015258,R015257,4/14/2024,1730,UPI,Delivered
O015258,CUST015259,R015258,7/17/2024,1603,UPI,Delivered
O015259,CUST015260,R015259,10/26/2025,366,Card,Delivered
O015260,CUST015261,R015260,1/15/2024,1984,UPI,Delivered
O015261,CUST015262,R015261,10/16/2023,1775,UPI,Delivered
O015262,CUST015263,R015262,11/15/2024,692,UPI,Delivered
O015263,CUST015264,R015263,3/27/2021,1445,UPI,Delivered
O015264,CUST015265,R015264,6/20/2023,492,COD,Delivered
O015265,CUST015266,R015265,10/18/2025,300,Card,Delivered
O015266,CUST015267,R015266,12/23/2019,429,Card,Delivered
O015267,CUST015268,R015267,5/27/2020,679,COD,Delivered
O015268,CUST015269,R015268,10/3/2024,551,Card,Delivered
O015269,CUST015270,R015269,4/3/2021,1051,Wallet,Delivered
O015270,CUST015271,R015270,3/2/2023,919,Card,Delivered
O015271,CUST015272,R015271,12/23/2019,791,Wallet,Delivered
O015272,CUST015273,R015272,5/14/2024,1504,COD,Delivered
O015273,CUST015274,R015273,2/10/2024,886,Wallet,Delivered
O015274,CUST015275,R015274,6/10/2025,1392,UPI,Delivered
O015275,CUST015276,R015275,11/10/2024,1687,Card,Delivered
O015276,CUST015277,R015276,4/9/2022,1061,Wallet,Delivered
O015277,CUST015278,R015277,11/15/2022,152,Wallet,Delivered
O015278,CUST015279,R015278,10/15/2020,929,UPI,Delivered
O015279,CUST015280,R015279,12/17/2019,537,UPI,Delivered
O015280,CUST015281,R015280,11/14/2022,1307,Card,Delivered
O015281,CUST015282,R015281,7/13/2019,211,Card,Delivered
O015282,CUST015283,R015282,12/26/2023,712,UPI,Delivered
O015283,CUST015284,R015283,9/3/2023,1547,UPI,Cancelled
O015284,CUST015285,R015284,8/17/2021,581,COD,Delivered
O015285,CUST015286,R015285,9/9/2021,232,COD,Delivered
O015286,CUST015287,R015286,3/20/2024,546,COD,Delivered
O015287,CUST015288,R015287,11/7/2025,1008,Card,Delivered
O015288,CUST015289,R015288,6/4/2019,408,Wallet,Delivered
O015289,CUST015290,R015289,1/6/2025,1169,COD,Cancelled
O015290,CUST015291,R015290,6/9/2024,781,Wallet,Delivered
O015291,CUST015292,R015291,3/24/2019,589,Wallet,Delivered
O015292,CUST015293,R015292,8/12/2020,152,COD,Delivered
O015293,CUST015294,R015293,4/15/2024,400,Card,Delivered
O015294,CUST015295,R015294,3/7/2021,256,Card,Cancelled
O015295,CUST015296,R015295,7/21/2023,1942,Card,Delivered
O015296,CUST015297,R015296,4/21/2019,1635,Card,Delivered
O015297,CUST015298,R015297,9/18/2021,625,Card,Delivered
O015298,CUST015299,R015298,11/2/2025,276,COD,Delivered
O015299,CUST015300,R015299,11/20/2020,1082,COD,Delivered
O015300,CUST015301,R015300,10/8/2023,206,Card,Delivered
O015301,CUST015302,R015301,5/20/2024,495,Wallet,Delivered
O015302,CUST015303,R015302,5/6/2023,1388,UPI,Delivered
O015303,CUST015304,R015303,12/25/2025,825,Wallet,Delivered
O015304,CUST015305,R015304,7/25/2024,813,Wallet,Delivered
O015305,CUST015306,R015305,4/13/2020,1252,Wallet,Delivered
O015306,CUST015307,R015306,6/3/2020,445,Card,Delivered
O015307,CUST015308,R015307,4/10/2024,1773,COD,Delivered
O015308,CUST015309,R015308,9/8/2019,1558,Card,Cancelled
O015309,CUST015310,R015309,8/16/2025,1678,UPI,Delivered
O015310,CUST015311,R015310,12/13/2023,1298,UPI,Delivered
O015311,CUST015312,R015311,9/11/2023,1271,COD,Delivered
O015312,CUST015313,R015312,7/15/2022,697,UPI,Delivered
O015313,CUST015314,R015313,12/17/2025,1898,UPI,Delivered
O015314,CUST015315,R015314,8/15/2019,112,COD,Delivered
O015315,CUST015316,R015315,5/1/2023,159,Card,Delivered
O015316,CUST015317,R015316,1/19/2020,441,COD,Delivered
O015317,CUST015318,R015317,11/19/2020,429,Card,Delivered
O015318,CUST015319,R015318,2/25/2021,869,COD,Delivered
O015319,CUST015320,R015319,1/26/2020,596,Wallet,Delivered
O015320,CUST015321,R015320,12/4/2019,538,Card,Cancelled
O015321,CUST015322,R015321,1/3/2023,1175,UPI,Delivered
O015322,CUST015323,R015322,4/11/2019,1470,Card,Delivered
O015323,CUST015324,R015323,9/22/2021,914,Wallet,Delivered
O015324,CUST015325,R015324,12/6/2025,930,Wallet,Delivered
O015325,CUST015326,R015325,10/12/2024,1326,UPI,Delivered
O015326,CUST015327,R015326,8/14/2024,1515,UPI,Delivered
O015327,CUST015328,R015327,12/11/2019,1630,Wallet,Delivered
O015328,CUST015329,R015328,6/10/2023,1675,UPI,Delivered
O015329,CUST015330,R015329,12/14/2024,352,Wallet,Delivered
O015330,CUST015331,R015330,7/14/2022,818,UPI,Delivered
O015331,CUST015332,R015331,12/16/2023,420,Card,Delivered
O015332,CUST015333,R015332,7/17/2024,1873,UPI,Delivered
O015333,CUST015334,R015333,7/11/2023,1990,UPI,Delivered
O015334,CUST015335,R015334,5/14/2020,595,Card,Delivered
O015335,CUST015336,R015335,2/1/2021,1858,Card,Cancelled
O015336,CUST015337,R015336,2/23/2025,296,COD,Delivered
O015337,CUST015338,R015337,2/25/2024,307,Card,Delivered
O015338,CUST015339,R015338,10/18/2019,746,Wallet,Delivered
O015339,CUST015340,R015339,7/5/2019,1383,Card,Delivered
O015340,CUST015341,R015340,6/2/2023,291,COD,Delivered
O015341,CUST015342,R015341,1/1/2024,1052,Wallet,Delivered
O015342,CUST015343,R015342,6/5/2021,1347,COD,Cancelled
O015343,CUST015344,R015343,10/20/2023,478,Wallet,Delivered
O015344,CUST015345,R015344,8/10/2024,1937,COD,Delivered
O015345,CUST015346,R015345,4/13/2021,600,UPI,Delivered
O015346,CUST015347,R015346,9/12/2025,1607,UPI,Delivered
O015347,CUST015348,R015347,12/9/2020,1224,UPI,Delivered
O015348,CUST015349,R015348,3/11/2022,1518,Card,Cancelled
O015349,CUST015350,R015349,6/17/2022,514,Wallet,Delivered
O015350,CUST015351,R015350,10/19/2019,935,UPI,Cancelled
O015351,CUST015352,R015351,9/12/2019,537,COD,Delivered
O015352,CUST015353,R015352,10/28/2021,148,UPI,Delivered
O015353,CUST015354,R015353,8/12/2025,1852,Card,Delivered
O015354,CUST015355,R015354,2/26/2019,669,UPI,Delivered
O015355,CUST015356,R015355,6/27/2020,1976,Card,Delivered
O015356,CUST015357,R015356,5/24/2025,1995,COD,Delivered
O015357,CUST015358,R015357,2/5/2020,707,COD,Delivered
O015358,CUST015359,R015358,9/23/2021,392,Wallet,Delivered
O015359,CUST015360,R015359,9/7/2025,1715,Card,Cancelled
O015360,CUST015361,R015360,8/3/2022,316,Wallet,Cancelled
O015361,CUST015362,R015361,7/6/2025,1134,UPI,Delivered
O015362,CUST015363,R015362,9/12/2024,1186,Wallet,Cancelled
O015363,CUST015364,R015363,12/3/2024,552,UPI,Delivered
O015364,CUST015365,R015364,5/7/2021,581,Card,Delivered
O015365,CUST015366,R015365,8/21/2020,192,Card,Delivered
O015366,CUST015367,R015366,12/19/2023,1897,COD,Delivered
O015367,CUST015368,R015367,5/27/2022,1769,UPI,Delivered
O015368,CUST015369,R015368,8/15/2024,123,COD,Delivered
O015369,CUST015370,R015369,5/25/2025,804,UPI,Delivered
O015370,CUST015371,R015370,4/21/2023,752,COD,Delivered
O015371,CUST015372,R015371,1/24/2024,479,Wallet,Delivered
O015372,CUST015373,R015372,6/10/2023,913,Card,Delivered
O015373,CUST015374,R015373,11/19/2022,360,COD,Delivered
O015374,CUST015375,R015374,4/9/2023,1179,COD,Delivered
O015375,CUST015376,R015375,3/28/2025,1231,UPI,Delivered
O015376,CUST015377,R015376,6/11/2022,639,Wallet,Delivered
O015377,CUST015378,R015377,6/7/2021,1209,UPI,Delivered
O015378,CUST015379,R015378,2/2/2021,1187,UPI,Delivered
O015379,CUST015380,R015379,12/13/2022,103,Wallet,Delivered
O015380,CUST015381,R015380,10/9/2022,1559,UPI,Delivered
O015381,CUST015382,R015381,7/10/2020,1684,Card,Delivered
O015382,CUST015383,R015382,1/19/2019,1433,UPI,Delivered
O015383,CUST015384,R015383,2/7/2022,369,Card,Delivered
O015384,CUST015385,R015384,8/18/2019,1991,Card,Cancelled
O015385,CUST015386,R015385,3/20/2019,529,COD,Delivered
O015386,CUST015387,R015386,8/21/2024,1922,COD,Delivered
O015387,CUST015388,R015387,3/3/2023,1981,Card,Delivered
O015388,CUST015389,R015388,11/22/2020,846,Wallet,Delivered
O015389,CUST015390,R015389,5/6/2024,857,UPI,Delivered
O015390,CUST015391,R015390,6/17/2021,870,Wallet,Delivered
O015391,CUST015392,R015391,1/25/2021,847,COD,Delivered
O015392,CUST015393,R015392,1/10/2024,731,COD,Delivered
O015393,CUST015394,R015393,2/3/2019,1175,Wallet,Delivered
O015394,CUST015395,R015394,7/6/2022,1302,COD,Delivered
O015395,CUST015396,R015395,6/1/2025,1092,UPI,Delivered
O015396,CUST015397,R015396,4/9/2024,1362,COD,Delivered
O015397,CUST015398,R015397,12/13/2023,718,Wallet,Delivered
O015398,CUST015399,R015398,11/14/2020,1794,UPI,Delivered
O015399,CUST015400,R015399,8/15/2023,1602,COD,Delivered
O015400,CUST015401,R015400,8/7/2020,1218,UPI,Delivered
O015401,CUST015402,R015401,5/2/2021,1936,UPI,Delivered
O015402,CUST015403,R015402,5/22/2023,1058,Wallet,Delivered
O015403,CUST015404,R015403,2/8/2025,1959,Card,Cancelled
O015404,CUST015405,R015404,8/13/2019,1936,Wallet,Delivered
O015405,CUST015406,R015405,7/14/2025,1864,COD,Delivered
O015406,CUST015407,R015406,7/25/2024,365,UPI,Delivered
O015407,CUST015408,R015407,11/23/2019,1676,UPI,Delivered
O015408,CUST015409,R015408,5/17/2023,280,COD,Delivered
O015409,CUST015410,R015409,7/25/2025,1086,Card,Delivered
O015410,CUST015411,R015410,2/18/2020,1852,COD,Delivered
O015411,CUST015412,R015411,2/2/2024,1410,COD,Delivered
O015412,CUST015413,R015412,12/6/2022,328,Card,Delivered
O015413,CUST015414,R015413,12/1/2024,835,Wallet,Delivered
O015414,CUST015415,R015414,8/25/2022,707,Wallet,Delivered
O015415,CUST015416,R015415,2/3/2021,675,Wallet,Delivered
O015416,CUST015417,R015416,5/9/2020,1744,Wallet,Cancelled
O015417,CUST015418,R015417,12/8/2023,663,COD,Delivered
O015418,CUST015419,R015418,2/8/2020,1656,Card,Delivered
O015419,CUST015420,R015419,2/20/2024,1036,Wallet,Delivered
O015420,CUST015421,R015420,4/4/2019,1292,UPI,Delivered
O015421,CUST015422,R015421,9/14/2019,1798,UPI,Delivered
O015422,CUST015423,R015422,3/20/2020,1715,Wallet,Delivered
O015423,CUST015424,R015423,9/13/2020,1468,Card,Delivered
O015424,CUST015425,R015424,10/25/2019,180,Card,Delivered
O015425,CUST015426,R015425,2/15/2024,119,Card,Delivered
O015426,CUST015427,R015426,2/3/2019,452,UPI,Delivered
O015427,CUST015428,R015427,8/20/2022,1702,COD,Delivered
O015428,CUST015429,R015428,5/26/2023,334,Wallet,Delivered
O015429,CUST015430,R015429,9/4/2024,515,COD,Delivered
O015430,CUST015431,R015430,10/19/2023,280,Card,Delivered
O015431,CUST015432,R015431,2/3/2020,1272,UPI,Cancelled
O015432,CUST015433,R015432,8/7/2019,1149,Wallet,Delivered
O015433,CUST015434,R015433,4/27/2023,1380,UPI,Cancelled
O015434,CUST015435,R015434,5/9/2020,1128,UPI,Delivered
O015435,CUST015436,R015435,8/7/2021,1759,UPI,Delivered
O015436,CUST015437,R015436,8/21/2025,1686,UPI,Delivered
O015437,CUST015438,R015437,8/13/2019,224,Card,Cancelled
O015438,CUST015439,R015438,1/16/2022,208,Card,Delivered
O015439,CUST015440,R015439,3/6/2022,1508,Card,Delivered
O015440,CUST015441,R015440,10/7/2025,1745,Card,Delivered
O015441,CUST015442,R015441,10/1/2023,378,Card,Delivered
O015442,CUST015443,R015442,6/20/2020,732,COD,Delivered
O015443,CUST015444,R015443,7/20/2019,368,COD,Delivered
O015444,CUST015445,R015444,6/3/2025,426,Wallet,Delivered
O015445,CUST015446,R015445,6/22/2024,670,Wallet,Delivered
O015446,CUST015447,R015446,1/6/2021,997,Card,Delivered
O015447,CUST015448,R015447,6/25/2022,788,Wallet,Cancelled
O015448,CUST015449,R015448,9/4/2023,1413,Wallet,Delivered
O015449,CUST015450,R015449,12/15/2022,413,Wallet,Delivered
O015450,CUST015451,R015450,2/27/2021,1742,UPI,Delivered
O015451,CUST015452,R015451,1/11/2022,1725,Wallet,Delivered
O015452,CUST015453,R015452,4/16/2023,1658,UPI,Delivered
O015453,CUST015454,R015453,9/2/2021,1361,UPI,Delivered
O015454,CUST015455,R015454,6/24/2025,1181,UPI,Delivered
O015455,CUST015456,R015455,5/14/2020,348,Wallet,Delivered
O015456,CUST015457,R015456,4/22/2021,158,Wallet,Delivered
O015457,CUST015458,R015457,3/13/2020,1987,COD,Delivered
O015458,CUST015459,R015458,2/17/2019,287,Card,Delivered
O015459,CUST015460,R015459,5/3/2021,1625,Card,Delivered
O015460,CUST015461,R015460,2/19/2024,404,Wallet,Delivered
O015461,CUST015462,R015461,8/27/2020,1029,UPI,Delivered
O015462,CUST015463,R015462,6/25/2022,565,Wallet,Cancelled
O015463,CUST015464,R015463,2/22/2020,836,COD,Delivered
O015464,CUST015465,R015464,9/5/2024,457,COD,Delivered
O015465,CUST015466,R015465,8/10/2019,1449,UPI,Delivered
O015466,CUST015467,R015466,6/4/2023,1022,UPI,Delivered
O015467,CUST015468,R015467,4/5/2023,798,COD,Delivered
O015468,CUST015469,R015468,11/1/2021,1059,COD,Delivered
O015469,CUST015470,R015469,7/5/2024,1881,Card,Delivered
O015470,CUST015471,R015470,10/26/2019,799,Wallet,Delivered
O015471,CUST015472,R015471,3/28/2023,1042,Card,Delivered
O015472,CUST015473,R015472,5/28/2025,1101,COD,Delivered
O015473,CUST015474,R015473,12/2/2024,1115,COD,Delivered
O015474,CUST015475,R015474,10/10/2019,1027,COD,Delivered
O015475,CUST015476,R015475,7/8/2019,1277,Card,Delivered
O015476,CUST015477,R015476,6/12/2019,1590,Wallet,Delivered
O015477,CUST015478,R015477,10/5/2023,1169,UPI,Delivered
O015478,CUST015479,R015478,10/21/2025,260,UPI,Delivered
O015479,CUST015480,R015479,5/17/2020,845,Wallet,Cancelled
O015480,CUST015481,R015480,1/16/2022,1547,Card,Delivered
O015481,CUST015482,R015481,10/11/2022,1731,COD,Delivered
O015482,CUST015483,R015482,1/14/2024,1926,UPI,Delivered
O015483,CUST015484,R015483,10/21/2019,590,Card,Delivered
O015484,CUST015485,R015484,11/22/2025,1670,UPI,Delivered
O015485,CUST015486,R015485,11/23/2020,761,COD,Delivered
O015486,CUST015487,R015486,4/26/2021,1744,COD,Delivered
O015487,CUST015488,R015487,8/19/2024,643,Card,Delivered
O015488,CUST015489,R015488,7/5/2021,893,COD,Delivered
O015489,CUST015490,R015489,10/6/2023,318,Card,Delivered
O015490,CUST015491,R015490,1/28/2025,829,Wallet,Cancelled
O015491,CUST015492,R015491,10/15/2025,889,Wallet,Delivered
O015492,CUST015493,R015492,10/26/2020,1126,COD,Cancelled
O015493,CUST015494,R015493,5/10/2019,1163,Wallet,Delivered
O015494,CUST015495,R015494,1/6/2024,825,Card,Delivered
O015495,CUST015496,R015495,8/9/2024,1586,UPI,Delivered
O015496,CUST015497,R015496,12/22/2021,1223,UPI,Cancelled
O015497,CUST015498,R015497,6/6/2020,1286,Wallet,Delivered
O015498,CUST015499,R015498,7/17/2022,378,UPI,Delivered
O015499,CUST015500,R015499,11/21/2021,1404,Card,Delivered
O015500,CUST015501,R015500,4/13/2019,302,Card,Delivered
O015501,CUST015502,R015501,4/27/2019,1695,Wallet,Delivered
O015502,CUST015503,R015502,4/16/2023,854,Card,Delivered
O015503,CUST015504,R015503,1/22/2025,1048,Card,Delivered
O015504,CUST015505,R015504,7/3/2021,976,Wallet,Delivered
O015505,CUST015506,R015505,11/27/2020,1170,UPI,Delivered
O015506,CUST015507,R015506,8/21/2024,319,Wallet,Delivered
O015507,CUST015508,R015507,7/22/2025,869,UPI,Delivered
O015508,CUST015509,R015508,5/12/2022,1629,COD,Cancelled
O015509,CUST015510,R015509,5/10/2019,1310,Card,Delivered
O015510,CUST015511,R015510,10/7/2025,1505,UPI,Delivered
O015511,CUST015512,R015511,3/18/2025,1434,UPI,Delivered
O015512,CUST015513,R015512,1/9/2024,1410,Card,Delivered
O015513,CUST015514,R015513,11/15/2019,346,Wallet,Delivered
O015514,CUST015515,R015514,2/15/2023,1784,COD,Delivered
O015515,CUST015516,R015515,4/19/2019,470,COD,Delivered
O015516,CUST015517,R015516,11/2/2023,1676,Card,Delivered
O015517,CUST015518,R015517,4/18/2023,592,COD,Delivered
O015518,CUST015519,R015518,2/22/2022,831,Card,Delivered
O015519,CUST015520,R015519,6/2/2022,1880,COD,Cancelled
O015520,CUST015521,R015520,3/16/2020,485,Wallet,Delivered
O015521,CUST015522,R015521,9/7/2019,531,COD,Delivered
O015522,CUST015523,R015522,1/5/2021,1355,UPI,Delivered
O015523,CUST015524,R015523,5/2/2025,1165,Card,Delivered
O015524,CUST015525,R015524,2/2/2025,1050,UPI,Delivered
O015525,CUST015526,R015525,5/3/2021,1027,UPI,Delivered
O015526,CUST015527,R015526,5/18/2020,975,COD,Delivered
O015527,CUST015528,R015527,1/10/2023,1400,Card,Delivered
O015528,CUST015529,R015528,7/14/2021,135,Wallet,Delivered
O015529,CUST015530,R015529,1/11/2025,1292,UPI,Delivered
O015530,CUST015531,R015530,12/12/2025,1587,UPI,Delivered
O015531,CUST015532,R015531,1/16/2021,1459,UPI,Delivered
O015532,CUST015533,R015532,9/25/2024,260,Card,Delivered
O015533,CUST015534,R015533,7/11/2019,145,UPI,Cancelled
O015534,CUST015535,R015534,2/16/2019,148,Card,Cancelled
O015535,CUST015536,R015535,11/19/2020,971,UPI,Delivered
O015536,CUST015537,R015536,7/3/2020,1793,UPI,Delivered
O015537,CUST015538,R015537,1/25/2022,282,COD,Delivered
O015538,CUST015539,R015538,12/26/2023,260,UPI,Delivered
O015539,CUST015540,R015539,6/21/2022,338,UPI,Delivered
O015540,CUST015541,R015540,1/26/2021,588,COD,Delivered
O015541,CUST015542,R015541,3/2/2022,510,Card,Cancelled
O015542,CUST015543,R015542,8/28/2024,1016,COD,Delivered
O015543,CUST015544,R015543,3/28/2022,776,COD,Delivered
O015544,CUST015545,R015544,3/22/2019,642,Wallet,Delivered
O015545,CUST015546,R015545,4/13/2025,1350,COD,Cancelled
O015546,CUST015547,R015546,5/9/2025,346,Wallet,Delivered
O015547,CUST015548,R015547,1/5/2023,1281,UPI,Cancelled
O015548,CUST015549,R015548,11/7/2019,1537,UPI,Cancelled
O015549,CUST015550,R015549,7/6/2024,981,Wallet,Delivered
O015550,CUST015551,R015550,12/13/2021,1974,Wallet,Delivered
O015551,CUST015552,R015551,11/14/2020,888,UPI,Delivered
O015552,CUST015553,R015552,2/15/2024,489,UPI,Delivered
O015553,CUST015554,R015553,3/12/2025,1216,Card,Cancelled
O015554,CUST015555,R015554,9/11/2022,127,Card,Delivered
O015555,CUST015556,R015555,12/25/2024,632,UPI,Delivered
O015556,CUST015557,R015556,1/3/2024,1447,UPI,Cancelled
O015557,CUST015558,R015557,8/16/2022,301,COD,Delivered
O015558,CUST015559,R015558,12/7/2020,1979,Card,Delivered
O015559,CUST015560,R015559,3/18/2023,137,COD,Delivered
O015560,CUST015561,R015560,9/27/2025,902,Card,Delivered
O015561,CUST015562,R015561,10/2/2023,308,UPI,Delivered
O015562,CUST015563,R015562,8/3/2019,1026,COD,Delivered
O015563,CUST015564,R015563,12/7/2021,701,Wallet,Delivered
O015564,CUST015565,R015564,9/26/2020,503,Wallet,Delivered
O015565,CUST015566,R015565,6/10/2023,105,Card,Delivered
O015566,CUST015567,R015566,11/14/2019,877,UPI,Delivered
O015567,CUST015568,R015567,8/6/2022,1644,UPI,Delivered
O015568,CUST015569,R015568,8/19/2019,1434,UPI,Delivered
O015569,CUST015570,R015569,2/12/2019,1063,Wallet,Delivered
O015570,CUST015571,R015570,11/11/2024,1994,UPI,Delivered
O015571,CUST015572,R015571,10/22/2019,1639,COD,Delivered
O015572,CUST015573,R015572,11/13/2025,671,COD,Delivered
O015573,CUST015574,R015573,2/2/2025,1958,Card,Delivered
O015574,CUST015575,R015574,12/18/2019,353,Wallet,Delivered
O015575,CUST015576,R015575,11/5/2022,1114,UPI,Delivered
O015576,CUST015577,R015576,2/23/2024,783,Wallet,Delivered
O015577,CUST015578,R015577,10/27/2020,722,Wallet,Delivered
O015578,CUST015579,R015578,11/11/2021,1162,Wallet,Delivered
O015579,CUST015580,R015579,5/1/2020,398,UPI,Delivered
O015580,CUST015581,R015580,8/7/2020,1731,COD,Delivered
O015581,CUST015582,R015581,1/7/2022,1478,UPI,Delivered
O015582,CUST015583,R015582,11/15/2024,1599,UPI,Delivered
O015583,CUST015584,R015583,7/12/2020,1149,UPI,Delivered
O015584,CUST015585,R015584,7/10/2023,1682,Card,Cancelled
O015585,CUST015586,R015585,6/14/2025,331,UPI,Delivered
O015586,CUST015587,R015586,8/11/2025,1750,UPI,Delivered
O015587,CUST015588,R015587,12/12/2019,1870,COD,Cancelled
O015588,CUST015589,R015588,7/27/2024,1916,Card,Delivered
O015589,CUST015590,R015589,8/25/2021,399,COD,Delivered
O015590,CUST015591,R015590,6/21/2022,383,UPI,Delivered
O015591,CUST015592,R015591,1/23/2019,778,COD,Delivered
O015592,CUST015593,R015592,1/23/2022,510,COD,Delivered
O015593,CUST015594,R015593,4/4/2024,458,COD,Cancelled
O015594,CUST015595,R015594,4/2/2024,1139,UPI,Delivered
O015595,CUST015596,R015595,11/9/2024,1390,Card,Delivered
O015596,CUST015597,R015596,12/21/2020,765,Wallet,Delivered
O015597,CUST015598,R015597,4/5/2021,776,COD,Delivered
O015598,CUST015599,R015598,2/8/2020,960,UPI,Delivered
O015599,CUST015600,R015599,9/14/2025,1410,Wallet,Delivered
O015600,CUST015601,R015600,12/9/2021,1486,Wallet,Delivered
O015601,CUST015602,R015601,9/8/2019,1532,UPI,Delivered
O015602,CUST015603,R015602,2/12/2022,699,Wallet,Delivered
O015603,CUST015604,R015603,12/16/2022,1011,UPI,Delivered
O015604,CUST015605,R015604,4/18/2021,438,Card,Delivered
O015605,CUST015606,R015605,5/18/2019,127,Wallet,Delivered
O015606,CUST015607,R015606,10/13/2024,1911,UPI,Delivered
O015607,CUST015608,R015607,4/24/2024,516,Card,Delivered
O015608,CUST015609,R015608,12/1/2021,1816,Card,Delivered
O015609,CUST015610,R015609,1/21/2020,185,COD,Delivered
O015610,CUST015611,R015610,10/23/2025,153,UPI,Delivered
O015611,CUST015612,R015611,3/17/2020,337,Wallet,Delivered
O015612,CUST015613,R015612,3/4/2022,1277,Card,Delivered
O015613,CUST015614,R015613,4/1/2025,1918,COD,Delivered
O015614,CUST015615,R015614,3/27/2023,909,Wallet,Delivered
O015615,CUST015616,R015615,12/3/2024,1454,COD,Delivered
O015616,CUST015617,R015616,4/22/2024,387,Wallet,Delivered
O015617,CUST015618,R015617,6/8/2020,1890,COD,Delivered
O015618,CUST015619,R015618,6/9/2023,559,UPI,Delivered
O015619,CUST015620,R015619,1/10/2019,1527,UPI,Delivered
O015620,CUST015621,R015620,8/7/2021,1143,UPI,Delivered
O015621,CUST015622,R015621,2/10/2023,1432,UPI,Cancelled
O015622,CUST015623,R015622,5/16/2021,293,Wallet,Delivered
O015623,CUST015624,R015623,5/18/2025,825,Wallet,Delivered
O015624,CUST015625,R015624,11/11/2022,132,COD,Delivered
O015625,CUST015626,R015625,7/27/2019,1905,UPI,Delivered
O015626,CUST015627,R015626,10/10/2019,1709,Card,Delivered
O015627,CUST015628,R015627,10/22/2023,569,UPI,Delivered
O015628,CUST015629,R015628,8/25/2019,224,COD,Delivered
O015629,CUST015630,R015629,12/26/2023,1904,COD,Delivered
O015630,CUST015631,R015630,2/3/2022,618,Card,Delivered
O015631,CUST015632,R015631,9/21/2021,176,Wallet,Delivered
O015632,CUST015633,R015632,4/5/2021,1678,Card,Delivered
O015633,CUST015634,R015633,12/2/2025,237,Wallet,Delivered
O015634,CUST015635,R015634,10/5/2025,1049,Wallet,Delivered
O015635,CUST015636,R015635,4/11/2021,1096,COD,Cancelled
O015636,CUST015637,R015636,11/28/2025,440,COD,Delivered
O015637,CUST015638,R015637,10/6/2019,1693,Wallet,Delivered
O015638,CUST015639,R015638,1/13/2020,1522,UPI,Delivered
O015639,CUST015640,R015639,4/12/2019,1326,COD,Delivered
O015640,CUST015641,R015640,10/19/2025,1191,UPI,Delivered
O015641,CUST015642,R015641,4/7/2021,268,Card,Delivered
O015642,CUST015643,R015642,4/21/2025,519,UPI,Delivered
O015643,CUST015644,R015643,8/18/2023,662,COD,Delivered
O015644,CUST015645,R015644,1/22/2019,394,Wallet,Delivered
O015645,CUST015646,R015645,12/6/2019,833,Card,Delivered
O015646,CUST015647,R015646,9/18/2021,325,Wallet,Delivered
O015647,CUST015648,R015647,11/8/2021,1137,COD,Delivered
O015648,CUST015649,R015648,6/26/2025,1139,UPI,Delivered
O015649,CUST015650,R015649,10/10/2025,484,COD,Delivered
O015650,CUST015651,R015650,2/7/2024,849,UPI,Delivered
O015651,CUST015652,R015651,2/2/2021,1610,UPI,Delivered
O015652,CUST015653,R015652,8/12/2023,1860,Wallet,Delivered
O015653,CUST015654,R015653,8/6/2023,1410,Wallet,Delivered
O015654,CUST015655,R015654,9/7/2019,1786,Card,Delivered
O015655,CUST015656,R015655,12/22/2020,1322,Wallet,Delivered
O015656,CUST015657,R015656,11/13/2025,326,Card,Delivered
O015657,CUST015658,R015657,5/16/2023,1911,Card,Cancelled
O015658,CUST015659,R015658,10/18/2019,450,COD,Delivered
O015659,CUST015660,R015659,9/15/2025,1842,Card,Cancelled
O015660,CUST015661,R015660,2/3/2023,1765,Card,Delivered
O015661,CUST015662,R015661,11/21/2023,799,Wallet,Delivered
O015662,CUST015663,R015662,6/4/2020,767,UPI,Delivered
O015663,CUST015664,R015663,11/16/2022,465,Wallet,Delivered
O015664,CUST015665,R015664,10/24/2023,703,Card,Delivered
O015665,CUST015666,R015665,8/7/2020,631,COD,Delivered
O015666,CUST015667,R015666,4/1/2025,1071,Wallet,Delivered
O015667,CUST015668,R015667,1/4/2019,1402,COD,Delivered
O015668,CUST015669,R015668,5/3/2021,937,UPI,Delivered
O015669,CUST015670,R015669,7/7/2021,1844,COD,Delivered
O015670,CUST015671,R015670,8/11/2025,683,UPI,Delivered
O015671,CUST015672,R015671,10/12/2019,241,Card,Delivered
O015672,CUST015673,R015672,5/9/2020,1944,Wallet,Delivered
O015673,CUST015674,R015673,3/12/2025,1556,UPI,Delivered
O015674,CUST015675,R015674,6/16/2025,416,Wallet,Delivered
O015675,CUST015676,R015675,1/27/2020,1439,COD,Delivered
O015676,CUST015677,R015676,12/13/2024,1554,Card,Cancelled
O015677,CUST015678,R015677,12/12/2022,1792,Wallet,Delivered
O015678,CUST015679,R015678,10/13/2024,1721,Card,Cancelled
O015679,CUST015680,R015679,9/25/2022,259,UPI,Delivered
O015680,CUST015681,R015680,1/20/2025,1646,UPI,Cancelled
O015681,CUST015682,R015681,1/19/2021,126,COD,Delivered
O015682,CUST015683,R015682,7/23/2020,937,UPI,Delivered
O015683,CUST015684,R015683,9/14/2020,1772,COD,Delivered
O015684,CUST015685,R015684,4/1/2025,1373,Card,Delivered
O015685,CUST015686,R015685,6/28/2020,287,Card,Delivered
O015686,CUST015687,R015686,3/28/2024,745,Wallet,Delivered
O015687,CUST015688,R015687,8/24/2022,617,Wallet,Delivered
O015688,CUST015689,R015688,10/2/2024,632,Wallet,Delivered
O015689,CUST015690,R015689,9/9/2025,1214,COD,Cancelled
O015690,CUST015691,R015690,8/6/2024,520,COD,Delivered
O015691,CUST015692,R015691,9/7/2024,1512,Card,Delivered
O015692,CUST015693,R015692,5/19/2024,887,Wallet,Delivered
O015693,CUST015694,R015693,3/2/2022,1437,UPI,Cancelled
O015694,CUST015695,R015694,4/14/2023,1688,UPI,Delivered
O015695,CUST015696,R015695,7/18/2020,1566,Wallet,Delivered
O015696,CUST015697,R015696,10/11/2022,1388,Card,Delivered
O015697,CUST015698,R015697,8/23/2021,101,Card,Delivered
O015698,CUST015699,R015698,7/10/2021,1805,Card,Delivered
O015699,CUST015700,R015699,8/1/2023,405,UPI,Delivered
O015700,CUST015701,R015700,4/18/2023,1610,COD,Delivered
O015701,CUST015702,R015701,2/25/2021,249,COD,Delivered
O015702,CUST015703,R015702,5/3/2020,117,COD,Delivered
O015703,CUST015704,R015703,1/16/2022,180,Card,Delivered
O015704,CUST015705,R015704,5/1/2019,1166,COD,Cancelled
O015705,CUST015706,R015705,7/6/2020,994,COD,Delivered
O015706,CUST015707,R015706,11/25/2024,1054,Wallet,Delivered
O015707,CUST015708,R015707,8/11/2023,415,Wallet,Delivered
O015708,CUST015709,R015708,7/27/2020,1225,Wallet,Cancelled
O015709,CUST015710,R015709,3/13/2024,1179,UPI,Cancelled
O015710,CUST015711,R015710,2/4/2022,145,Card,Delivered
O015711,CUST015712,R015711,6/4/2020,122,Card,Delivered
O015712,CUST015713,R015712,7/2/2021,1460,UPI,Delivered
O015713,CUST015714,R015713,9/6/2022,1698,COD,Delivered
O015714,CUST015715,R015714,11/28/2019,294,UPI,Delivered
O015715,CUST015716,R015715,11/19/2021,652,COD,Delivered
O015716,CUST015717,R015716,10/20/2020,224,Card,Delivered
O015717,CUST015718,R015717,1/3/2019,321,COD,Delivered
O015718,CUST015719,R015718,9/21/2023,1083,UPI,Delivered
O015719,CUST015720,R015719,1/4/2020,1098,Card,Delivered
O015720,CUST015721,R015720,10/26/2019,638,Wallet,Cancelled
O015721,CUST015722,R015721,8/28/2020,1269,Wallet,Delivered
O015722,CUST015723,R015722,2/14/2022,378,Wallet,Delivered
O015723,CUST015724,R015723,8/25/2024,1663,UPI,Delivered
O015724,CUST015725,R015724,11/5/2025,1639,Wallet,Delivered
O015725,CUST015726,R015725,7/14/2025,1568,Wallet,Delivered
O015726,CUST015727,R015726,5/1/2023,1315,UPI,Delivered
O015727,CUST015728,R015727,6/23/2019,965,Wallet,Delivered
O015728,CUST015729,R015728,7/13/2023,268,COD,Delivered
O015729,CUST015730,R015729,8/21/2024,1915,Wallet,Delivered
O015730,CUST015731,R015730,6/12/2019,1839,COD,Delivered
O015731,CUST015732,R015731,4/16/2023,176,Card,Cancelled
O015732,CUST015733,R015732,4/27/2022,1769,Card,Delivered
O015733,CUST015734,R015733,2/21/2023,255,COD,Delivered
O015734,CUST015735,R015734,8/25/2022,886,UPI,Delivered
O015735,CUST015736,R015735,12/23/2020,422,COD,Delivered
O015736,CUST015737,R015736,11/20/2019,1317,COD,Delivered
O015737,CUST015738,R015737,3/27/2022,410,COD,Cancelled
O015738,CUST015739,R015738,3/8/2020,1359,UPI,Delivered
O015739,CUST015740,R015739,10/1/2023,931,Card,Delivered
O015740,CUST015741,R015740,12/4/2019,756,COD,Delivered
O015741,CUST015742,R015741,1/8/2025,1829,UPI,Delivered
O015742,CUST015743,R015742,4/15/2019,643,COD,Delivered
O015743,CUST015744,R015743,11/9/2019,1455,Wallet,Delivered
O015744,CUST015745,R015744,12/11/2025,1693,Card,Delivered
O015745,CUST015746,R015745,10/11/2024,1071,COD,Delivered
O015746,CUST015747,R015746,5/16/2025,1011,COD,Delivered
O015747,CUST015748,R015747,2/7/2019,883,COD,Delivered
O015748,CUST015749,R015748,2/6/2019,1133,Card,Delivered
O015749,CUST015750,R015749,4/10/2020,1505,Wallet,Delivered
O015750,CUST015751,R015750,10/25/2019,1122,UPI,Delivered
O015751,CUST015752,R015751,4/19/2024,213,Wallet,Cancelled
O015752,CUST015753,R015752,5/15/2022,759,Wallet,Delivered
O015753,CUST015754,R015753,10/15/2020,1467,UPI,Cancelled
O015754,CUST015755,R015754,1/11/2023,1652,Card,Delivered
O015755,CUST015756,R015755,3/13/2021,1890,UPI,Delivered
O015756,CUST015757,R015756,1/19/2025,309,Card,Delivered
O015757,CUST015758,R015757,4/21/2021,1515,UPI,Cancelled
O015758,CUST015759,R015758,1/22/2023,862,COD,Delivered
O015759,CUST015760,R015759,6/5/2022,1639,Card,Delivered
O015760,CUST015761,R015760,3/17/2019,542,Card,Delivered
O015761,CUST015762,R015761,10/3/2023,749,COD,Delivered
O015762,CUST015763,R015762,12/4/2022,233,Card,Delivered
O015763,CUST015764,R015763,2/22/2019,739,Wallet,Delivered
O015764,CUST015765,R015764,12/14/2019,841,Wallet,Delivered
O015765,CUST015766,R015765,2/24/2024,910,COD,Delivered
O015766,CUST015767,R015766,6/9/2022,1084,COD,Delivered
O015767,CUST015768,R015767,1/5/2023,745,UPI,Cancelled
O015768,CUST015769,R015768,11/8/2023,1500,UPI,Delivered
O015769,CUST015770,R015769,6/22/2022,1112,UPI,Delivered
O015770,CUST015771,R015770,4/3/2021,1176,UPI,Delivered
O015771,CUST015772,R015771,12/16/2023,479,UPI,Delivered
O015772,CUST015773,R015772,12/20/2024,1255,Card,Cancelled
O015773,CUST015774,R015773,2/12/2021,159,Card,Delivered
O015774,CUST015775,R015774,2/26/2025,1422,COD,Delivered
O015775,CUST015776,R015775,9/14/2020,1966,UPI,Delivered
O015776,CUST015777,R015776,10/16/2021,529,UPI,Delivered
O015777,CUST015778,R015777,2/23/2021,457,COD,Delivered
O015778,CUST015779,R015778,10/19/2019,701,Wallet,Delivered
O015779,CUST015780,R015779,6/10/2021,1756,COD,Delivered
O015780,CUST015781,R015780,7/14/2023,789,Card,Delivered
O015781,CUST015782,R015781,4/11/2023,1544,COD,Cancelled
O015782,CUST015783,R015782,8/9/2025,1157,UPI,Delivered
O015783,CUST015784,R015783,5/6/2024,1220,UPI,Delivered
O015784,CUST015785,R015784,12/17/2021,1583,UPI,Cancelled
O015785,CUST015786,R015785,10/8/2022,1267,Card,Delivered
O015786,CUST015787,R015786,6/12/2019,204,Wallet,Delivered
O015787,CUST015788,R015787,7/13/2019,1640,COD,Cancelled
O015788,CUST015789,R015788,9/15/2025,109,COD,Delivered
O015789,CUST015790,R015789,5/25/2023,1629,UPI,Delivered
O015790,CUST015791,R015790,4/16/2025,502,COD,Cancelled
O015791,CUST015792,R015791,6/19/2022,746,Card,Delivered
O015792,CUST015793,R015792,1/28/2025,1800,Card,Cancelled
O015793,CUST015794,R015793,2/16/2023,448,Wallet,Delivered
O015794,CUST015795,R015794,12/5/2025,316,Card,Delivered
O015795,CUST015796,R015795,8/4/2025,1264,Wallet,Delivered
O015796,CUST015797,R015796,1/1/2019,1010,Card,Delivered
O015797,CUST015798,R015797,2/27/2023,1200,Wallet,Delivered
O015798,CUST015799,R015798,1/3/2024,927,COD,Delivered
O015799,CUST015800,R015799,5/17/2019,832,COD,Delivered
O015800,CUST015801,R015800,3/7/2021,1250,Card,Delivered
O015801,CUST015802,R015801,5/12/2022,1626,Wallet,Delivered
O015802,CUST015803,R015802,11/6/2023,1246,UPI,Delivered
O015803,CUST015804,R015803,11/11/2025,162,UPI,Delivered
O015804,CUST015805,R015804,2/14/2024,1373,UPI,Delivered
O015805,CUST015806,R015805,12/23/2020,181,UPI,Cancelled
O015806,CUST015807,R015806,10/10/2025,1967,UPI,Cancelled
O015807,CUST015808,R015807,4/15/2023,106,Card,Delivered
O015808,CUST015809,R015808,2/18/2020,923,Card,Delivered
O015809,CUST015810,R015809,11/2/2023,1638,Card,Delivered
O015810,CUST015811,R015810,2/24/2025,817,COD,Delivered
O015811,CUST015812,R015811,1/25/2024,544,Card,Delivered
O015812,CUST015813,R015812,6/27/2019,491,Card,Delivered
O015813,CUST015814,R015813,7/2/2025,910,COD,Delivered
O015814,CUST015815,R015814,1/6/2024,100,Card,Cancelled
O015815,CUST015816,R015815,10/28/2023,862,COD,Delivered
O015816,CUST015817,R015816,10/27/2024,733,COD,Delivered
O015817,CUST015818,R015817,2/17/2023,605,Wallet,Delivered
O015818,CUST015819,R015818,11/11/2025,1271,Card,Delivered
O015819,CUST015820,R015819,4/11/2024,266,COD,Delivered
O015820,CUST015821,R015820,4/3/2022,1195,Wallet,Delivered
O015821,CUST015822,R015821,10/7/2022,1124,UPI,Delivered
O015822,CUST015823,R015822,4/6/2020,871,Wallet,Delivered
O015823,CUST015824,R015823,6/12/2021,180,Wallet,Delivered
O015824,CUST015825,R015824,12/13/2022,744,Wallet,Delivered
O015825,CUST015826,R015825,2/15/2020,345,UPI,Delivered
O015826,CUST015827,R015826,2/19/2024,1112,Card,Delivered
O015827,CUST015828,R015827,2/9/2019,1661,UPI,Delivered
O015828,CUST015829,R015828,2/19/2022,477,UPI,Delivered
O015829,CUST015830,R015829,9/28/2021,1362,UPI,Delivered
O015830,CUST015831,R015830,3/14/2025,222,COD,Delivered
O015831,CUST015832,R015831,6/6/2025,1943,Card,Delivered
O015832,CUST015833,R015832,9/20/2024,1821,COD,Delivered
O015833,CUST015834,R015833,8/26/2019,812,Card,Delivered
O015834,CUST015835,R015834,6/1/2024,218,Wallet,Delivered
O015835,CUST015836,R015835,3/28/2020,979,COD,Delivered
O015836,CUST015837,R015836,9/7/2023,851,COD,Delivered
O015837,CUST015838,R015837,2/25/2023,360,Wallet,Delivered
O015838,CUST015839,R015838,9/9/2022,1863,Card,Delivered
O015839,CUST015840,R015839,6/12/2024,728,UPI,Delivered
O015840,CUST015841,R015840,5/4/2021,1277,UPI,Delivered
O015841,CUST015842,R015841,2/14/2019,1149,UPI,Delivered
O015842,CUST015843,R015842,2/10/2021,979,Wallet,Delivered
O015843,CUST015844,R015843,3/9/2024,1914,Wallet,Delivered
O015844,CUST015845,R015844,12/15/2025,1558,Card,Delivered
O015845,CUST015846,R015845,8/15/2021,202,Card,Delivered
O015846,CUST015847,R015846,9/23/2021,1484,UPI,Delivered
O015847,CUST015848,R015847,4/10/2022,1735,COD,Delivered
O015848,CUST015849,R015848,4/25/2022,600,Card,Delivered
O015849,CUST015850,R015849,10/16/2025,895,Wallet,Delivered
O015850,CUST015851,R015850,5/20/2025,448,Wallet,Delivered
O015851,CUST015852,R015851,6/10/2025,1018,COD,Delivered
O015852,CUST015853,R015852,8/28/2020,248,UPI,Delivered
O015853,CUST015854,R015853,11/5/2022,1321,COD,Delivered
O015854,CUST015855,R015854,4/2/2022,1368,UPI,Delivered
O015855,CUST015856,R015855,6/11/2024,1494,Wallet,Delivered
O015856,CUST015857,R015856,7/9/2022,1069,Wallet,Delivered
O015857,CUST015858,R015857,10/8/2025,1603,Card,Delivered
O015858,CUST015859,R015858,1/16/2019,247,Wallet,Delivered
O015859,CUST015860,R015859,10/11/2022,1528,UPI,Delivered
O015860,CUST015861,R015860,3/12/2020,1822,COD,Cancelled
O015861,CUST015862,R015861,4/26/2021,1830,Card,Delivered
O015862,CUST015863,R015862,9/24/2024,512,COD,Delivered
O015863,CUST015864,R015863,1/21/2021,239,UPI,Delivered
O015864,CUST015865,R015864,6/19/2025,672,COD,Delivered
O015865,CUST015866,R015865,12/22/2024,399,COD,Delivered
O015866,CUST015867,R015866,11/2/2024,1950,Card,Delivered
O015867,CUST015868,R015867,3/24/2022,985,UPI,Delivered
O015868,CUST015869,R015868,6/8/2019,1110,Card,Delivered
O015869,CUST015870,R015869,11/19/2023,729,Wallet,Delivered
O015870,CUST015871,R015870,6/2/2020,696,COD,Delivered
O015871,CUST015872,R015871,12/10/2019,875,UPI,Delivered
O015872,CUST015873,R015872,11/11/2024,1318,Wallet,Delivered
O015873,CUST015874,R015873,7/6/2024,1439,Wallet,Delivered
O015874,CUST015875,R015874,5/8/2022,1491,UPI,Delivered
O015875,CUST015876,R015875,7/10/2023,620,Wallet,Delivered
O015876,CUST015877,R015876,9/15/2023,867,UPI,Delivered
O015877,CUST015878,R015877,3/16/2022,289,Card,Delivered
O015878,CUST015879,R015878,3/17/2025,1918,UPI,Delivered
O015879,CUST015880,R015879,4/12/2023,1610,Card,Delivered
O015880,CUST015881,R015880,11/18/2024,606,Card,Delivered
O015881,CUST015882,R015881,10/2/2023,1912,Card,Delivered
O015882,CUST015883,R015882,1/21/2025,346,COD,Delivered
O015883,CUST015884,R015883,1/25/2020,356,Card,Delivered
O015884,CUST015885,R015884,11/22/2019,294,COD,Delivered
O015885,CUST015886,R015885,6/2/2024,1186,UPI,Delivered
O015886,CUST015887,R015886,6/27/2021,1828,COD,Delivered
O015887,CUST015888,R015887,3/26/2024,868,Wallet,Delivered
O015888,CUST015889,R015888,8/2/2020,1051,COD,Delivered
O015889,CUST015890,R015889,9/21/2020,243,COD,Delivered
O015890,CUST015891,R015890,9/7/2019,1741,COD,Cancelled
O015891,CUST015892,R015891,1/8/2020,405,Wallet,Delivered
O015892,CUST015893,R015892,5/10/2020,1161,Wallet,Delivered
O015893,CUST015894,R015893,9/10/2023,1038,UPI,Delivered
O015894,CUST015895,R015894,2/8/2025,1290,UPI,Delivered
O015895,CUST015896,R015895,3/14/2020,150,Wallet,Delivered
O015896,CUST015897,R015896,7/16/2024,739,Wallet,Delivered
O015897,CUST015898,R015897,8/13/2025,1812,COD,Delivered
O015898,CUST015899,R015898,9/25/2019,1859,UPI,Delivered
O015899,CUST015900,R015899,3/9/2019,1619,Card,Delivered
O015900,CUST015901,R015900,11/21/2025,483,UPI,Delivered
O015901,CUST015902,R015901,7/24/2022,144,COD,Delivered
O015902,CUST015903,R015902,6/23/2022,1805,COD,Delivered
O015903,CUST015904,R015903,9/2/2019,512,Card,Delivered
O015904,CUST015905,R015904,12/20/2021,1922,COD,Delivered
O015905,CUST015906,R015905,9/4/2024,1268,Card,Delivered
O015906,CUST015907,R015906,3/24/2024,655,Wallet,Delivered
O015907,CUST015908,R015907,9/3/2025,949,Wallet,Delivered
O015908,CUST015909,R015908,11/9/2022,952,COD,Delivered
O015909,CUST015910,R015909,9/26/2019,355,COD,Delivered
O015910,CUST015911,R015910,4/8/2020,1603,Wallet,Delivered
O015911,CUST015912,R015911,7/6/2024,1475,UPI,Delivered
O015912,CUST015913,R015912,11/10/2021,1283,UPI,Delivered
O015913,CUST015914,R015913,8/18/2022,1112,UPI,Delivered
O015914,CUST015915,R015914,1/6/2022,1662,UPI,Delivered
O015915,CUST015916,R015915,10/20/2022,1913,Wallet,Delivered
O015916,CUST015917,R015916,10/11/2019,128,UPI,Delivered
O015917,CUST015918,R015917,4/15/2019,1582,COD,Delivered
O015918,CUST015919,R015918,4/26/2025,424,Card,Delivered
O015919,CUST015920,R015919,12/6/2022,176,Wallet,Delivered
O015920,CUST015921,R015920,1/4/2023,993,COD,Delivered
O015921,CUST015922,R015921,5/25/2020,1039,Wallet,Delivered
O015922,CUST015923,R015922,12/8/2024,444,COD,Delivered
O015923,CUST015924,R015923,12/8/2023,758,Wallet,Delivered
O015924,CUST015925,R015924,9/27/2022,1519,UPI,Delivered
O015925,CUST015926,R015925,12/11/2021,1819,Wallet,Delivered
O015926,CUST015927,R015926,5/6/2019,1200,UPI,Delivered
O015927,CUST015928,R015927,9/6/2025,1706,UPI,Delivered
O015928,CUST015929,R015928,3/20/2020,1236,Wallet,Delivered
O015929,CUST015930,R015929,10/12/2019,172,UPI,Cancelled
O015930,CUST015931,R015930,8/15/2024,1801,Wallet,Delivered
O015931,CUST015932,R015931,5/14/2020,1985,Card,Delivered
O015932,CUST015933,R015932,11/14/2020,1693,Card,Cancelled
O015933,CUST015934,R015933,5/1/2025,1621,Card,Delivered
O015934,CUST015935,R015934,12/19/2022,656,Wallet,Delivered
O015935,CUST015936,R015935,7/3/2024,743,UPI,Delivered
O015936,CUST015937,R015936,6/17/2023,418,Wallet,Delivered
O015937,CUST015938,R015937,1/22/2019,612,Card,Delivered
O015938,CUST015939,R015938,8/5/2022,547,COD,Delivered
O015939,CUST015940,R015939,5/28/2019,991,Wallet,Delivered
O015940,CUST015941,R015940,12/1/2020,1366,COD,Delivered
O015941,CUST015942,R015941,4/2/2022,896,Wallet,Delivered
O015942,CUST015943,R015942,10/6/2021,1690,COD,Delivered
O015943,CUST015944,R015943,8/10/2024,528,Wallet,Delivered
O015944,CUST015945,R015944,6/11/2022,1606,Card,Delivered
O015945,CUST015946,R015945,10/9/2024,1844,COD,Cancelled
O015946,CUST015947,R015946,10/10/2025,1413,UPI,Delivered
O015947,CUST015948,R015947,12/13/2022,273,UPI,Delivered
O015948,CUST015949,R015948,3/25/2019,1545,Wallet,Delivered
O015949,CUST015950,R015949,10/12/2022,1935,COD,Delivered
O015950,CUST015951,R015950,4/17/2021,273,Card,Delivered
O015951,CUST015952,R015951,10/17/2021,163,Card,Delivered
O015952,CUST015953,R015952,6/1/2020,607,UPI,Delivered
O015953,CUST015954,R015953,8/26/2024,1566,UPI,Cancelled
O015954,CUST015955,R015954,7/25/2024,1986,COD,Delivered
O015955,CUST015956,R015955,2/22/2025,1934,UPI,Delivered
O015956,CUST015957,R015956,5/13/2021,1617,Card,Delivered
O015957,CUST015958,R015957,2/27/2022,969,Card,Delivered
O015958,CUST015959,R015958,9/25/2023,144,Card,Delivered
O015959,CUST015960,R015959,9/26/2022,645,COD,Delivered
O015960,CUST015961,R015960,10/22/2020,511,Wallet,Delivered
O015961,CUST015962,R015961,9/28/2025,733,COD,Delivered
O015962,CUST015963,R015962,9/10/2021,1124,COD,Delivered
O015963,CUST015964,R015963,7/5/2024,473,COD,Delivered
O015964,CUST015965,R015964,5/5/2020,1296,Card,Delivered
O015965,CUST015966,R015965,8/17/2019,807,Wallet,Delivered
O015966,CUST015967,R015966,6/1/2021,1358,Wallet,Cancelled
O015967,CUST015968,R015967,11/13/2021,1602,Wallet,Delivered
O015968,CUST015969,R015968,5/17/2019,1518,Wallet,Delivered
O015969,CUST015970,R015969,4/8/2025,1277,Card,Delivered
O015970,CUST015971,R015970,10/22/2024,1598,Card,Delivered
O015971,CUST015972,R015971,12/8/2021,1661,Card,Delivered
O015972,CUST015973,R015972,11/28/2024,261,UPI,Delivered
O015973,CUST015974,R015973,9/17/2024,127,COD,Delivered
O015974,CUST015975,R015974,4/23/2020,394,COD,Delivered
O015975,CUST015976,R015975,8/5/2021,1927,Card,Delivered
O015976,CUST015977,R015976,1/14/2025,1995,Card,Delivered
O015977,CUST015978,R015977,9/28/2023,1086,COD,Delivered
O015978,CUST015979,R015978,9/27/2019,959,COD,Delivered
O015979,CUST015980,R015979,5/23/2021,974,COD,Delivered
O015980,CUST015981,R015980,11/10/2023,329,COD,Delivered
O015981,CUST015982,R015981,12/26/2023,1134,Wallet,Cancelled
O015982,CUST015983,R015982,11/12/2020,894,COD,Cancelled
O015983,CUST015984,R015983,2/4/2022,1258,UPI,Delivered
O015984,CUST015985,R015984,8/3/2023,1451,UPI,Delivered
O015985,CUST015986,R015985,3/22/2021,889,Wallet,Delivered
O015986,CUST015987,R015986,3/26/2024,1122,COD,Delivered
O015987,CUST015988,R015987,11/18/2020,1911,UPI,Delivered
O015988,CUST015989,R015988,9/14/2021,540,COD,Delivered
O015989,CUST015990,R015989,6/17/2025,138,Card,Delivered
O015990,CUST015991,R015990,1/28/2021,242,COD,Delivered
O015991,CUST015992,R015991,3/20/2022,1003,Wallet,Delivered
O015992,CUST015993,R015992,5/3/2023,1056,Card,Delivered
O015993,CUST015994,R015993,10/25/2021,417,Wallet,Delivered
O015994,CUST015995,R015994,4/27/2021,1179,Wallet,Delivered
O015995,CUST015996,R015995,7/13/2023,224,COD,Delivered
O015996,CUST015997,R015996,7/4/2020,1301,UPI,Delivered
O015997,CUST015998,R015997,10/4/2021,1539,COD,Delivered
O015998,CUST015999,R015998,10/13/2024,1425,Wallet,Delivered
O015999,CUST016000,R015999,11/27/2020,1166,UPI,Delivered
O016000,CUST016001,R016000,8/21/2025,1066,Wallet,Delivered
O016001,CUST016002,R016001,9/15/2021,157,COD,Delivered
O016002,CUST016003,R016002,3/19/2020,1700,COD,Delivered
O016003,CUST016004,R016003,10/10/2019,1759,COD,Delivered
O016004,CUST016005,R016004,11/14/2024,1997,Card,Delivered
O016005,CUST016006,R016005,9/26/2020,1684,UPI,Delivered
O016006,CUST016007,R016006,1/20/2023,208,COD,Delivered
O016007,CUST016008,R016007,11/22/2021,839,UPI,Delivered
O016008,CUST016009,R016008,1/22/2023,336,COD,Cancelled
O016009,CUST016010,R016009,9/19/2024,918,Card,Delivered
O016010,CUST016011,R016010,6/26/2023,267,COD,Cancelled
O016011,CUST016012,R016011,5/8/2024,1085,Wallet,Delivered
O016012,CUST016013,R016012,1/28/2022,825,Card,Delivered
O016013,CUST016014,R016013,3/2/2021,856,COD,Delivered
O016014,CUST016015,R016014,5/9/2023,1675,UPI,Delivered
O016015,CUST016016,R016015,3/14/2019,602,COD,Delivered
O016016,CUST016017,R016016,1/5/2021,1419,Card,Delivered
O016017,CUST016018,R016017,3/8/2020,1613,UPI,Delivered
O016018,CUST016019,R016018,7/10/2020,1792,Wallet,Delivered
O016019,CUST016020,R016019,12/14/2023,1726,UPI,Delivered
O016020,CUST016021,R016020,11/19/2023,1467,Wallet,Delivered
O016021,CUST016022,R016021,12/17/2020,1897,UPI,Delivered
O016022,CUST016023,R016022,11/21/2019,1107,Wallet,Delivered
O016023,CUST016024,R016023,3/8/2021,979,Wallet,Delivered
O016024,CUST016025,R016024,7/18/2023,1965,Wallet,Delivered
O016025,CUST016026,R016025,6/11/2023,648,Wallet,Delivered
O016026,CUST016027,R016026,12/13/2020,1612,UPI,Cancelled
O016027,CUST016028,R016027,10/12/2019,1497,Card,Delivered
O016028,CUST016029,R016028,3/11/2024,1740,Wallet,Delivered
O016029,CUST016030,R016029,11/18/2021,229,UPI,Delivered
O016030,CUST016031,R016030,1/20/2019,1480,UPI,Delivered
O016031,CUST016032,R016031,1/20/2024,646,COD,Delivered
O016032,CUST016033,R016032,8/3/2021,1548,Card,Delivered
O016033,CUST016034,R016033,8/16/2022,452,Card,Delivered
O016034,CUST016035,R016034,2/27/2019,708,Card,Delivered
O016035,CUST016036,R016035,12/4/2023,1779,COD,Delivered
O016036,CUST016037,R016036,10/21/2020,595,Wallet,Delivered
O016037,CUST016038,R016037,11/12/2020,692,Wallet,Delivered
O016038,CUST016039,R016038,5/23/2023,756,COD,Delivered
O016039,CUST016040,R016039,12/7/2020,1229,COD,Cancelled
O016040,CUST016041,R016040,1/7/2021,1162,UPI,Cancelled
O016041,CUST016042,R016041,7/6/2020,1356,UPI,Delivered
O016042,CUST016043,R016042,1/19/2023,1033,UPI,Delivered
O016043,CUST016044,R016043,10/1/2024,1096,UPI,Delivered
O016044,CUST016045,R016044,4/15/2019,436,Wallet,Delivered
O016045,CUST016046,R016045,10/13/2025,1208,UPI,Cancelled
O016046,CUST016047,R016046,3/10/2024,1970,UPI,Delivered
O016047,CUST016048,R016047,7/24/2019,1337,Card,Delivered
O016048,CUST016049,R016048,6/13/2023,1886,UPI,Delivered
O016049,CUST016050,R016049,9/16/2024,255,UPI,Delivered
O016050,CUST016051,R016050,5/22/2020,353,COD,Delivered
O016051,CUST016052,R016051,5/18/2023,547,Wallet,Delivered
O016052,CUST016053,R016052,2/9/2022,1856,Card,Delivered
O016053,CUST016054,R016053,2/16/2023,255,UPI,Delivered
O016054,CUST016055,R016054,10/1/2022,1017,Card,Delivered
O016055,CUST016056,R016055,11/1/2021,649,UPI,Delivered
O016056,CUST016057,R016056,11/26/2019,706,UPI,Delivered
O016057,CUST016058,R016057,8/9/2023,1493,UPI,Delivered
O016058,CUST016059,R016058,4/28/2019,1744,UPI,Cancelled
O016059,CUST016060,R016059,7/12/2020,157,Wallet,Delivered
O016060,CUST016061,R016060,9/12/2022,1554,Card,Cancelled
O016061,CUST016062,R016061,1/14/2021,1930,Card,Cancelled
O016062,CUST016063,R016062,8/24/2022,1486,UPI,Cancelled
O016063,CUST016064,R016063,8/23/2023,397,COD,Delivered
O016064,CUST016065,R016064,9/18/2021,634,Card,Delivered
O016065,CUST016066,R016065,5/27/2021,1901,Card,Delivered
O016066,CUST016067,R016066,7/17/2021,300,Wallet,Delivered
O016067,CUST016068,R016067,11/4/2025,172,Card,Cancelled
O016068,CUST016069,R016068,10/2/2019,1164,Wallet,Delivered
O016069,CUST016070,R016069,11/26/2019,794,Card,Delivered
O016070,CUST016071,R016070,10/25/2019,1110,Wallet,Delivered
O016071,CUST016072,R016071,12/28/2022,837,COD,Delivered
O016072,CUST016073,R016072,8/12/2021,790,COD,Delivered
O016073,CUST016074,R016073,8/7/2019,1214,UPI,Delivered
O016074,CUST016075,R016074,1/11/2023,1547,Wallet,Delivered
O016075,CUST016076,R016075,5/5/2020,1102,UPI,Delivered
O016076,CUST016077,R016076,2/10/2024,1914,Wallet,Delivered
O016077,CUST016078,R016077,1/13/2020,1262,Card,Delivered
O016078,CUST016079,R016078,8/22/2022,151,UPI,Cancelled
O016079,CUST016080,R016079,6/11/2021,1818,UPI,Delivered
O016080,CUST016081,R016080,5/13/2019,1863,UPI,Delivered
O016081,CUST016082,R016081,2/24/2023,780,Card,Delivered
O016082,CUST016083,R016082,8/1/2021,1598,UPI,Delivered
O016083,CUST016084,R016083,2/22/2019,770,COD,Delivered
O016084,CUST016085,R016084,8/23/2024,452,Card,Delivered
O016085,CUST016086,R016085,2/24/2024,406,Card,Delivered
O016086,CUST016087,R016086,4/1/2021,831,COD,Delivered
O016087,CUST016088,R016087,8/6/2023,318,COD,Delivered
O016088,CUST016089,R016088,1/27/2022,1247,Wallet,Delivered
O016089,CUST016090,R016089,6/4/2021,1007,Wallet,Delivered
O016090,CUST016091,R016090,7/22/2020,879,Wallet,Delivered
O016091,CUST016092,R016091,8/17/2022,1843,Card,Delivered
O016092,CUST016093,R016092,4/14/2023,160,COD,Delivered
O016093,CUST016094,R016093,7/1/2025,1052,Wallet,Delivered
O016094,CUST016095,R016094,12/5/2021,981,UPI,Delivered
O016095,CUST016096,R016095,10/4/2023,786,Wallet,Delivered
O016096,CUST016097,R016096,9/11/2025,1858,Wallet,Delivered
O016097,CUST016098,R016097,11/11/2025,697,Wallet,Delivered
O016098,CUST016099,R016098,2/12/2022,261,Wallet,Cancelled
O016099,CUST016100,R016099,7/17/2025,1032,UPI,Delivered
O016100,CUST016101,R016100,6/9/2020,1581,UPI,Delivered
O016101,CUST016102,R016101,4/16/2023,436,Wallet,Delivered
O016102,CUST016103,R016102,12/27/2020,1252,Card,Delivered
O016103,CUST016104,R016103,3/13/2024,1969,COD,Delivered
O016104,CUST016105,R016104,7/5/2021,147,Card,Delivered
O016105,CUST016106,R016105,2/19/2022,1677,Card,Delivered
O016106,CUST016107,R016106,10/24/2019,712,UPI,Delivered
O016107,CUST016108,R016107,12/27/2021,1975,Wallet,Delivered
O016108,CUST016109,R016108,5/26/2025,574,COD,Delivered
O016109,CUST016110,R016109,6/5/2023,760,COD,Delivered
O016110,CUST016111,R016110,4/21/2025,314,COD,Delivered
O016111,CUST016112,R016111,9/7/2022,1822,Card,Delivered
O016112,CUST016113,R016112,6/10/2019,648,Wallet,Delivered
O016113,CUST016114,R016113,10/3/2024,1197,UPI,Delivered
O016114,CUST016115,R016114,5/13/2025,1065,UPI,Delivered
O016115,CUST016116,R016115,5/9/2025,868,Wallet,Delivered
O016116,CUST016117,R016116,6/8/2019,1628,Wallet,Delivered
O016117,CUST016118,R016117,9/14/2023,1665,UPI,Delivered
O016118,CUST016119,R016118,10/14/2024,1960,Card,Delivered
O016119,CUST016120,R016119,10/18/2019,1341,UPI,Delivered
O016120,CUST016121,R016120,1/9/2021,1629,COD,Delivered
O016121,CUST016122,R016121,2/23/2022,234,UPI,Delivered
O016122,CUST016123,R016122,12/14/2024,377,COD,Delivered
O016123,CUST016124,R016123,9/18/2025,1831,COD,Delivered
O016124,CUST016125,R016124,4/2/2024,548,Card,Delivered
O016125,CUST016126,R016125,10/20/2019,308,Wallet,Delivered
O016126,CUST016127,R016126,6/25/2019,1242,COD,Delivered
O016127,CUST016128,R016127,2/22/2023,1283,UPI,Delivered
O016128,CUST016129,R016128,9/10/2023,1403,Wallet,Delivered
O016129,CUST016130,R016129,6/9/2025,958,UPI,Delivered
O016130,CUST016131,R016130,9/15/2021,1753,UPI,Delivered
O016131,CUST016132,R016131,6/14/2020,103,Wallet,Delivered
O016132,CUST016133,R016132,5/9/2023,1384,UPI,Delivered
O016133,CUST016134,R016133,1/10/2021,1673,Card,Delivered
O016134,CUST016135,R016134,1/24/2020,1291,Card,Delivered
O016135,CUST016136,R016135,9/23/2020,465,COD,Delivered
O016136,CUST016137,R016136,1/18/2023,153,UPI,Cancelled
O016137,CUST016138,R016137,3/17/2022,593,Card,Delivered
O016138,CUST016139,R016138,2/21/2024,320,Card,Delivered
O016139,CUST016140,R016139,9/27/2022,1914,Card,Delivered
O016140,CUST016141,R016140,6/23/2021,942,Wallet,Delivered
O016141,CUST016142,R016141,10/7/2022,1019,UPI,Delivered
O016142,CUST016143,R016142,12/18/2019,575,Wallet,Delivered
O016143,CUST016144,R016143,6/2/2021,1370,COD,Delivered
O016144,CUST016145,R016144,9/9/2022,774,Wallet,Delivered
O016145,CUST016146,R016145,3/10/2020,1175,Wallet,Delivered
O016146,CUST016147,R016146,9/4/2023,1290,Wallet,Delivered
O016147,CUST016148,R016147,11/5/2025,1081,UPI,Delivered
O016148,CUST016149,R016148,5/17/2022,508,Wallet,Delivered
O016149,CUST016150,R016149,12/13/2020,825,Wallet,Delivered
O016150,CUST016151,R016150,3/14/2024,210,Card,Cancelled
O016151,CUST016152,R016151,2/15/2024,1838,Wallet,Delivered
O016152,CUST016153,R016152,7/10/2022,1524,UPI,Delivered
O016153,CUST016154,R016153,6/18/2025,559,Card,Delivered
O016154,CUST016155,R016154,2/2/2024,1692,Card,Delivered
O016155,CUST016156,R016155,6/20/2019,191,COD,Delivered
O016156,CUST016157,R016156,2/24/2023,462,Card,Delivered
O016157,CUST016158,R016157,5/19/2022,391,Wallet,Delivered
O016158,CUST016159,R016158,6/5/2021,1327,UPI,Delivered
O016159,CUST016160,R016159,1/1/2023,1962,COD,Delivered
O016160,CUST016161,R016160,7/28/2020,697,Wallet,Delivered
O016161,CUST016162,R016161,7/4/2025,896,COD,Delivered
O016162,CUST016163,R016162,6/22/2020,202,COD,Delivered
O016163,CUST016164,R016163,8/6/2019,1531,Card,Delivered
O016164,CUST016165,R016164,8/6/2021,325,Wallet,Delivered
O016165,CUST016166,R016165,7/11/2023,1075,Wallet,Delivered
O016166,CUST016167,R016166,12/9/2022,948,Wallet,Delivered
O016167,CUST016168,R016167,9/7/2024,1243,Wallet,Delivered
O016168,CUST016169,R016168,7/11/2023,107,Wallet,Delivered
O016169,CUST016170,R016169,5/15/2022,851,Wallet,Delivered
O016170,CUST016171,R016170,4/12/2019,1669,Card,Delivered
O016171,CUST016172,R016171,4/24/2023,1715,Wallet,Delivered
O016172,CUST016173,R016172,12/7/2025,1338,Card,Delivered
O016173,CUST016174,R016173,9/19/2021,117,UPI,Delivered
O016174,CUST016175,R016174,2/22/2022,1891,COD,Delivered
O016175,CUST016176,R016175,10/21/2022,1720,Card,Delivered
O016176,CUST016177,R016176,4/28/2021,432,Card,Delivered
O016177,CUST016178,R016177,5/16/2023,1886,COD,Delivered
O016178,CUST016179,R016178,3/6/2025,1227,Card,Delivered
O016179,CUST016180,R016179,10/23/2022,564,Wallet,Delivered
O016180,CUST016181,R016180,5/2/2019,858,Wallet,Delivered
O016181,CUST016182,R016181,4/8/2020,736,COD,Delivered
O016182,CUST016183,R016182,6/25/2022,511,COD,Delivered
O016183,CUST016184,R016183,4/6/2019,1460,Wallet,Cancelled
O016184,CUST016185,R016184,10/5/2024,1326,UPI,Delivered
O016185,CUST016186,R016185,11/9/2022,1129,UPI,Cancelled
O016186,CUST016187,R016186,5/13/2023,746,UPI,Delivered
O016187,CUST016188,R016187,6/4/2020,1551,Card,Delivered
O016188,CUST016189,R016188,11/17/2024,1763,Wallet,Delivered
O016189,CUST016190,R016189,1/9/2022,1949,UPI,Delivered
O016190,CUST016191,R016190,6/13/2025,1503,Card,Delivered
O016191,CUST016192,R016191,10/1/2025,1856,UPI,Delivered
O016192,CUST016193,R016192,3/4/2022,224,COD,Delivered
O016193,CUST016194,R016193,9/24/2023,475,UPI,Delivered
O016194,CUST016195,R016194,10/17/2020,527,UPI,Delivered
O016195,CUST016196,R016195,12/26/2022,128,COD,Delivered
O016196,CUST016197,R016196,7/1/2021,658,Wallet,Delivered
O016197,CUST016198,R016197,8/26/2023,1413,UPI,Delivered
O016198,CUST016199,R016198,3/9/2020,1665,Wallet,Delivered
O016199,CUST016200,R016199,4/4/2024,790,UPI,Delivered
O016200,CUST016201,R016200,11/5/2025,1600,UPI,Cancelled
O016201,CUST016202,R016201,6/19/2024,962,Wallet,Delivered
O016202,CUST016203,R016202,5/10/2019,1994,UPI,Cancelled
O016203,CUST016204,R016203,2/13/2021,1721,Wallet,Delivered
O016204,CUST016205,R016204,12/16/2021,1899,Card,Cancelled
O016205,CUST016206,R016205,9/12/2023,1646,UPI,Delivered
O016206,CUST016207,R016206,9/25/2021,1575,Card,Delivered
O016207,CUST016208,R016207,6/18/2023,571,Wallet,Delivered
O016208,CUST016209,R016208,8/2/2020,662,Wallet,Delivered
O016209,CUST016210,R016209,5/17/2019,274,COD,Delivered
O016210,CUST016211,R016210,11/21/2025,1030,Card,Delivered
O016211,CUST016212,R016211,3/4/2020,436,COD,Delivered
O016212,CUST016213,R016212,12/26/2019,580,Wallet,Delivered
O016213,CUST016214,R016213,3/27/2022,1217,COD,Delivered
O016214,CUST016215,R016214,12/28/2024,753,Wallet,Delivered
O016215,CUST016216,R016215,6/12/2020,1654,COD,Delivered
O016216,CUST016217,R016216,10/8/2023,486,Wallet,Delivered
O016217,CUST016218,R016217,9/13/2025,1515,UPI,Delivered
O016218,CUST016219,R016218,5/6/2025,1754,COD,Cancelled
O016219,CUST016220,R016219,11/9/2019,1191,UPI,Delivered
O016220,CUST016221,R016220,9/13/2025,230,UPI,Delivered
O016221,CUST016222,R016221,7/24/2022,1465,COD,Delivered
O016222,CUST016223,R016222,1/11/2021,1792,COD,Delivered
O016223,CUST016224,R016223,11/16/2025,124,UPI,Delivered
O016224,CUST016225,R016224,3/14/2020,1952,Card,Delivered
O016225,CUST016226,R016225,5/28/2023,240,UPI,Cancelled
O016226,CUST016227,R016226,3/24/2024,1846,Card,Delivered
O016227,CUST016228,R016227,11/22/2024,369,Wallet,Delivered
O016228,CUST016229,R016228,12/27/2021,381,Card,Cancelled
O016229,CUST016230,R016229,7/18/2025,102,Card,Delivered
O016230,CUST016231,R016230,4/7/2020,748,Card,Delivered
O016231,CUST016232,R016231,5/1/2025,1954,UPI,Delivered
O016232,CUST016233,R016232,10/25/2025,559,COD,Delivered
O016233,CUST016234,R016233,4/1/2025,431,Wallet,Delivered
O016234,CUST016235,R016234,12/28/2019,698,COD,Delivered
O016235,CUST016236,R016235,3/9/2025,981,COD,Delivered
O016236,CUST016237,R016236,10/4/2024,323,Card,Delivered
O016237,CUST016238,R016237,9/4/2023,1141,UPI,Delivered
O016238,CUST016239,R016238,5/16/2022,442,Wallet,Delivered
O016239,CUST016240,R016239,11/28/2019,1078,Wallet,Delivered
O016240,CUST016241,R016240,11/10/2023,1458,Wallet,Delivered
O016241,CUST016242,R016241,8/15/2022,1374,Wallet,Delivered
O016242,CUST016243,R016242,6/6/2024,1193,UPI,Delivered
O016243,CUST016244,R016243,3/24/2024,1551,UPI,Delivered
O016244,CUST016245,R016244,9/4/2022,1614,Card,Delivered
O016245,CUST016246,R016245,8/26/2021,175,UPI,Delivered
O016246,CUST016247,R016246,10/15/2020,1949,COD,Delivered
O016247,CUST016248,R016247,12/22/2019,314,Card,Delivered
O016248,CUST016249,R016248,6/4/2020,1646,Card,Delivered
O016249,CUST016250,R016249,12/13/2019,1884,Card,Delivered
O016250,CUST016251,R016250,5/27/2024,933,Card,Delivered
O016251,CUST016252,R016251,2/25/2020,549,COD,Delivered
O016252,CUST016253,R016252,7/22/2021,868,COD,Delivered
O016253,CUST016254,R016253,5/5/2025,229,COD,Delivered
O016254,CUST016255,R016254,2/24/2022,991,UPI,Delivered
O016255,CUST016256,R016255,5/10/2024,809,COD,Delivered
O016256,CUST016257,R016256,9/5/2024,1167,UPI,Delivered
O016257,CUST016258,R016257,6/1/2019,1230,UPI,Delivered
O016258,CUST016259,R016258,11/21/2023,848,Wallet,Delivered
O016259,CUST016260,R016259,8/25/2025,1042,Card,Delivered
O016260,CUST016261,R016260,7/16/2021,1831,Wallet,Delivered
O016261,CUST016262,R016261,8/13/2022,1928,UPI,Delivered
O016262,CUST016263,R016262,3/8/2021,1501,UPI,Delivered
O016263,CUST016264,R016263,12/22/2024,1604,Card,Delivered
O016264,CUST016265,R016264,8/12/2021,170,Wallet,Delivered
O016265,CUST016266,R016265,6/24/2025,912,Card,Delivered
O016266,CUST016267,R016266,3/17/2025,274,Wallet,Delivered
O016267,CUST016268,R016267,5/25/2025,1079,Wallet,Delivered
O016268,CUST016269,R016268,9/10/2022,1908,COD,Delivered
O016269,CUST016270,R016269,2/6/2025,1211,UPI,Delivered
O016270,CUST016271,R016270,10/2/2024,1449,COD,Delivered
O016271,CUST016272,R016271,4/8/2024,1383,Wallet,Delivered
O016272,CUST016273,R016272,7/26/2023,1129,Wallet,Cancelled
O016273,CUST016274,R016273,12/20/2021,986,Wallet,Delivered
O016274,CUST016275,R016274,12/14/2020,1973,COD,Delivered
O016275,CUST016276,R016275,10/18/2024,1546,COD,Delivered
O016276,CUST016277,R016276,2/9/2021,1648,Card,Delivered
O016277,CUST016278,R016277,4/13/2021,258,UPI,Delivered
O016278,CUST016279,R016278,10/24/2023,1541,UPI,Delivered
O016279,CUST016280,R016279,11/18/2021,1966,COD,Delivered
O016280,CUST016281,R016280,1/20/2020,689,UPI,Cancelled
O016281,CUST016282,R016281,6/20/2024,480,Card,Delivered
O016282,CUST016283,R016282,5/1/2020,871,Card,Cancelled
O016283,CUST016284,R016283,10/24/2023,177,COD,Delivered
O016284,CUST016285,R016284,5/5/2019,999,Wallet,Delivered
O016285,CUST016286,R016285,11/27/2025,746,COD,Delivered
O016286,CUST016287,R016286,1/1/2021,647,COD,Delivered
O016287,CUST016288,R016287,12/8/2020,1633,Wallet,Delivered
O016288,CUST016289,R016288,6/13/2019,447,Card,Delivered
O016289,CUST016290,R016289,6/3/2024,1264,UPI,Delivered
O016290,CUST016291,R016290,12/8/2023,1253,UPI,Delivered
O016291,CUST016292,R016291,3/6/2021,1692,Wallet,Delivered
O016292,CUST016293,R016292,7/12/2023,1581,Wallet,Delivered
O016293,CUST016294,R016293,9/17/2024,1318,Wallet,Delivered
O016294,CUST016295,R016294,2/15/2019,1998,COD,Delivered
O016295,CUST016296,R016295,9/23/2020,1500,UPI,Delivered
O016296,CUST016297,R016296,11/6/2024,1742,Card,Delivered
O016297,CUST016298,R016297,9/28/2023,790,Card,Cancelled
O016298,CUST016299,R016298,7/21/2019,1375,Wallet,Delivered
O016299,CUST016300,R016299,1/24/2021,437,UPI,Delivered
O016300,CUST016301,R016300,3/3/2022,1455,Card,Delivered
O016301,CUST016302,R016301,3/11/2020,1693,Wallet,Cancelled
O016302,CUST016303,R016302,1/16/2023,1977,UPI,Delivered
O016303,CUST016304,R016303,6/18/2020,1076,UPI,Delivered
O016304,CUST016305,R016304,9/19/2020,502,COD,Delivered
O016305,CUST016306,R016305,7/3/2024,1448,Card,Delivered
O016306,CUST016307,R016306,9/14/2021,173,Card,Delivered
O016307,CUST016308,R016307,8/25/2023,809,Card,Delivered
O016308,CUST016309,R016308,11/5/2019,1688,COD,Delivered
O016309,CUST016310,R016309,9/17/2024,553,COD,Delivered
O016310,CUST016311,R016310,6/11/2022,657,COD,Delivered
O016311,CUST016312,R016311,4/21/2022,677,COD,Delivered
O016312,CUST016313,R016312,3/6/2020,1143,Card,Cancelled
O016313,CUST016314,R016313,12/6/2022,1072,UPI,Delivered
O016314,CUST016315,R016314,10/5/2022,1310,Wallet,Delivered
O016315,CUST016316,R016315,2/19/2023,747,Wallet,Delivered
O016316,CUST016317,R016316,11/28/2020,691,Wallet,Delivered
O016317,CUST016318,R016317,8/14/2022,293,Wallet,Delivered
O016318,CUST016319,R016318,1/12/2024,1065,UPI,Delivered
O016319,CUST016320,R016319,4/9/2021,1864,UPI,Delivered
O016320,CUST016321,R016320,9/22/2025,1480,Card,Delivered
O016321,CUST016322,R016321,1/14/2021,1731,UPI,Delivered
O016322,CUST016323,R016322,10/14/2019,170,UPI,Delivered
O016323,CUST016324,R016323,4/20/2020,273,COD,Delivered
O016324,CUST016325,R016324,7/16/2024,336,Wallet,Delivered
O016325,CUST016326,R016325,8/3/2020,1815,Card,Delivered
O016326,CUST016327,R016326,5/15/2022,165,Wallet,Delivered
O016327,CUST016328,R016327,10/27/2021,927,Card,Delivered
O016328,CUST016329,R016328,7/28/2024,543,COD,Delivered
O016329,CUST016330,R016329,11/22/2024,351,Wallet,Delivered
O016330,CUST016331,R016330,4/8/2024,922,COD,Delivered
O016331,CUST016332,R016331,11/27/2024,1172,Wallet,Cancelled
O016332,CUST016333,R016332,12/3/2023,1480,COD,Cancelled
O016333,CUST016334,R016333,11/4/2021,1097,Card,Delivered
O016334,CUST016335,R016334,4/9/2023,1820,Card,Cancelled
O016335,CUST016336,R016335,4/15/2019,1401,UPI,Delivered
O016336,CUST016337,R016336,8/21/2025,316,COD,Delivered
O016337,CUST016338,R016337,7/17/2023,554,Card,Delivered
O016338,CUST016339,R016338,5/19/2023,1860,Card,Delivered
O016339,CUST016340,R016339,1/16/2025,253,COD,Delivered
O016340,CUST016341,R016340,7/3/2019,1982,Card,Delivered
O016341,CUST016342,R016341,8/1/2023,1078,Wallet,Delivered
O016342,CUST016343,R016342,7/26/2022,396,Card,Delivered
O016343,CUST016344,R016343,5/24/2025,1010,Wallet,Delivered
O016344,CUST016345,R016344,3/27/2022,1254,COD,Delivered
O016345,CUST016346,R016345,7/11/2023,635,COD,Delivered
O016346,CUST016347,R016346,3/5/2019,1316,UPI,Delivered
O016347,CUST016348,R016347,12/10/2019,1436,COD,Delivered
O016348,CUST016349,R016348,1/3/2023,1060,Wallet,Delivered
O016349,CUST016350,R016349,5/7/2020,1834,Wallet,Delivered
O016350,CUST016351,R016350,3/11/2025,1183,UPI,Delivered
O016351,CUST016352,R016351,10/16/2023,1967,UPI,Delivered
O016352,CUST016353,R016352,5/11/2020,1770,UPI,Delivered
O016353,CUST016354,R016353,4/12/2022,1642,UPI,Delivered
O016354,CUST016355,R016354,4/23/2025,695,UPI,Delivered
O016355,CUST016356,R016355,1/27/2022,1199,UPI,Delivered
O016356,CUST016357,R016356,1/19/2020,625,COD,Delivered
O016357,CUST016358,R016357,2/22/2025,347,COD,Delivered
O016358,CUST016359,R016358,5/23/2023,296,Card,Delivered
O016359,CUST016360,R016359,3/27/2019,932,COD,Delivered
O016360,CUST016361,R016360,1/7/2021,168,COD,Delivered
O016361,CUST016362,R016361,5/26/2019,1104,Wallet,Delivered
O016362,CUST016363,R016362,8/2/2022,605,COD,Delivered
O016363,CUST016364,R016363,12/20/2023,800,UPI,Delivered
O016364,CUST016365,R016364,5/11/2025,1757,Card,Delivered
O016365,CUST016366,R016365,7/12/2025,497,Wallet,Delivered
O016366,CUST016367,R016366,12/7/2023,1433,Wallet,Delivered
O016367,CUST016368,R016367,11/18/2025,1367,Wallet,Delivered
O016368,CUST016369,R016368,7/9/2022,814,COD,Delivered
O016369,CUST016370,R016369,10/16/2024,1715,COD,Cancelled
O016370,CUST016371,R016370,10/17/2020,548,Wallet,Delivered
O016371,CUST016372,R016371,4/12/2020,1877,Wallet,Cancelled
O016372,CUST016373,R016372,9/16/2025,1176,UPI,Delivered
O016373,CUST016374,R016373,6/10/2020,1432,UPI,Delivered
O016374,CUST016375,R016374,4/14/2025,293,Wallet,Delivered
O016375,CUST016376,R016375,6/26/2019,1172,Card,Cancelled
O016376,CUST016377,R016376,7/9/2022,1927,COD,Delivered
O016377,CUST016378,R016377,1/27/2019,100,Card,Delivered
O016378,CUST016379,R016378,9/17/2023,1587,Card,Delivered
O016379,CUST016380,R016379,3/23/2020,622,UPI,Delivered
O016380,CUST016381,R016380,8/26/2024,555,COD,Delivered
O016381,CUST016382,R016381,5/25/2021,538,COD,Delivered
O016382,CUST016383,R016382,9/4/2023,617,COD,Delivered
O016383,CUST016384,R016383,11/19/2022,165,COD,Delivered
O016384,CUST016385,R016384,12/6/2022,1667,Card,Cancelled
O016385,CUST016386,R016385,11/25/2020,792,Wallet,Delivered
O016386,CUST016387,R016386,9/5/2022,1093,Wallet,Delivered
O016387,CUST016388,R016387,9/11/2025,921,Wallet,Cancelled
O016388,CUST016389,R016388,12/7/2019,788,Wallet,Delivered
O016389,CUST016390,R016389,4/6/2019,1543,Wallet,Delivered
O016390,CUST016391,R016390,2/9/2019,1618,UPI,Delivered
O016391,CUST016392,R016391,4/12/2022,1739,UPI,Delivered
O016392,CUST016393,R016392,11/17/2022,1255,Wallet,Cancelled
O016393,CUST016394,R016393,10/8/2019,1549,COD,Delivered
O016394,CUST016395,R016394,1/20/2023,155,Wallet,Delivered
O016395,CUST016396,R016395,2/14/2021,277,Card,Delivered
O016396,CUST016397,R016396,12/16/2024,1725,Card,Delivered
O016397,CUST016398,R016397,9/28/2020,394,COD,Delivered
O016398,CUST016399,R016398,11/19/2022,409,COD,Delivered
O016399,CUST016400,R016399,9/27/2022,709,Card,Delivered
O016400,CUST016401,R016400,10/21/2025,580,Wallet,Delivered
O016401,CUST016402,R016401,4/1/2023,831,COD,Delivered
O016402,CUST016403,R016402,12/28/2021,446,Wallet,Delivered
O016403,CUST016404,R016403,2/3/2019,1235,UPI,Cancelled
O016404,CUST016405,R016404,12/6/2024,1956,Wallet,Cancelled
O016405,CUST016406,R016405,5/5/2020,1343,UPI,Delivered
O016406,CUST016407,R016406,2/8/2024,1594,Card,Delivered
O016407,CUST016408,R016407,1/23/2019,1211,UPI,Delivered
O016408,CUST016409,R016408,12/21/2019,315,Card,Delivered
O016409,CUST016410,R016409,7/18/2024,1769,UPI,Delivered
O016410,CUST016411,R016410,6/17/2023,482,COD,Delivered
O016411,CUST016412,R016411,7/19/2025,421,Card,Delivered
O016412,CUST016413,R016412,1/28/2019,1765,Card,Delivered
O016413,CUST016414,R016413,5/21/2024,799,Wallet,Delivered
O016414,CUST016415,R016414,3/3/2021,920,UPI,Delivered
O016415,CUST016416,R016415,6/16/2022,533,Wallet,Delivered
O016416,CUST016417,R016416,4/24/2024,1278,COD,Delivered
O016417,CUST016418,R016417,12/7/2024,684,Wallet,Delivered
O016418,CUST016419,R016418,10/9/2022,960,Wallet,Delivered
O016419,CUST016420,R016419,9/3/2024,1254,COD,Delivered
O016420,CUST016421,R016420,7/4/2019,1001,UPI,Delivered
O016421,CUST016422,R016421,5/16/2023,423,Wallet,Delivered
O016422,CUST016423,R016422,3/12/2019,671,Wallet,Delivered
O016423,CUST016424,R016423,6/11/2023,2000,Card,Delivered
O016424,CUST016425,R016424,10/14/2020,1987,UPI,Delivered
O016425,CUST016426,R016425,8/12/2022,1381,UPI,Delivered
O016426,CUST016427,R016426,1/16/2025,416,UPI,Delivered
O016427,CUST016428,R016427,7/27/2021,1548,Card,Delivered
O016428,CUST016429,R016428,3/18/2024,149,COD,Delivered
O016429,CUST016430,R016429,8/19/2022,1950,Card,Cancelled
O016430,CUST016431,R016430,6/16/2024,301,COD,Delivered
O016431,CUST016432,R016431,10/3/2022,1242,UPI,Delivered
O016432,CUST016433,R016432,5/26/2025,1882,Card,Delivered
O016433,CUST016434,R016433,6/27/2023,661,Wallet,Delivered
O016434,CUST016435,R016434,10/2/2024,1095,COD,Delivered
O016435,CUST016436,R016435,1/21/2024,288,COD,Delivered
O016436,CUST016437,R016436,6/8/2025,1615,COD,Delivered
O016437,CUST016438,R016437,2/9/2024,714,COD,Delivered
O016438,CUST016439,R016438,5/14/2024,802,Wallet,Delivered
O016439,CUST016440,R016439,12/10/2025,804,Wallet,Delivered
O016440,CUST016441,R016440,11/5/2023,1093,Wallet,Delivered
O016441,CUST016442,R016441,5/9/2023,1882,Wallet,Delivered
O016442,CUST016443,R016442,2/10/2019,804,UPI,Delivered
O016443,CUST016444,R016443,11/8/2019,1622,Card,Cancelled
O016444,CUST016445,R016444,4/22/2019,1630,Wallet,Delivered
O016445,CUST016446,R016445,5/6/2021,1258,UPI,Delivered
O016446,CUST016447,R016446,12/18/2020,1939,UPI,Delivered
O016447,CUST016448,R016447,4/22/2019,472,COD,Delivered
O016448,CUST016449,R016448,1/19/2021,1608,Card,Delivered
O016449,CUST016450,R016449,8/27/2024,277,Card,Delivered
O016450,CUST016451,R016450,6/14/2019,1993,COD,Delivered
O016451,CUST016452,R016451,3/5/2019,1084,UPI,Delivered
O016452,CUST016453,R016452,11/16/2021,464,COD,Delivered
O016453,CUST016454,R016453,3/28/2020,753,Wallet,Delivered
O016454,CUST016455,R016454,6/6/2025,610,COD,Delivered
O016455,CUST016456,R016455,12/19/2024,421,COD,Delivered
O016456,CUST016457,R016456,11/5/2021,1243,Wallet,Cancelled
O016457,CUST016458,R016457,1/4/2021,1289,Wallet,Delivered
O016458,CUST016459,R016458,6/7/2022,1050,Wallet,Cancelled
O016459,CUST016460,R016459,12/12/2020,666,Wallet,Delivered
O016460,CUST016461,R016460,9/3/2020,1466,Card,Delivered
O016461,CUST016462,R016461,5/14/2020,1716,Wallet,Delivered
O016462,CUST016463,R016462,9/9/2024,1839,UPI,Delivered
O016463,CUST016464,R016463,11/11/2019,1609,Card,Delivered
O016464,CUST016465,R016464,11/27/2021,1711,UPI,Delivered
O016465,CUST016466,R016465,2/3/2024,1981,COD,Delivered
O016466,CUST016467,R016466,6/22/2022,370,UPI,Delivered
O016467,CUST016468,R016467,3/15/2023,270,Wallet,Delivered
O016468,CUST016469,R016468,2/20/2020,1937,Card,Delivered
O016469,CUST016470,R016469,3/27/2025,145,COD,Delivered
O016470,CUST016471,R016470,9/26/2023,907,Wallet,Delivered
O016471,CUST016472,R016471,1/2/2022,1201,Card,Cancelled
O016472,CUST016473,R016472,10/24/2020,320,Wallet,Delivered
O016473,CUST016474,R016473,1/25/2023,1510,UPI,Delivered
O016474,CUST016475,R016474,6/11/2022,872,Wallet,Delivered
O016475,CUST016476,R016475,5/9/2020,1883,Card,Cancelled
O016476,CUST016477,R016476,10/13/2024,1696,Wallet,Cancelled
O016477,CUST016478,R016477,4/15/2024,1755,Card,Delivered
O016478,CUST016479,R016478,12/11/2022,1503,UPI,Delivered
O016479,CUST016480,R016479,2/23/2024,1426,UPI,Delivered
O016480,CUST016481,R016480,3/16/2021,488,Wallet,Delivered
O016481,CUST016482,R016481,10/22/2019,552,Wallet,Delivered
O016482,CUST016483,R016482,5/15/2021,190,COD,Cancelled
O016483,CUST016484,R016483,3/19/2025,951,Card,Delivered
O016484,CUST016485,R016484,5/2/2020,355,Card,Delivered
O016485,CUST016486,R016485,6/25/2020,364,Wallet,Delivered
O016486,CUST016487,R016486,6/26/2021,1170,Card,Delivered
O016487,CUST016488,R016487,12/27/2023,662,Wallet,Delivered
O016488,CUST016489,R016488,8/11/2022,1504,COD,Delivered
O016489,CUST016490,R016489,2/7/2021,598,COD,Delivered
O016490,CUST016491,R016490,7/10/2019,1416,UPI,Delivered
O016491,CUST016492,R016491,12/5/2022,1610,Wallet,Delivered
O016492,CUST016493,R016492,1/7/2025,1042,UPI,Delivered
O016493,CUST016494,R016493,12/11/2020,104,UPI,Cancelled
O016494,CUST016495,R016494,10/19/2021,1180,COD,Delivered
O016495,CUST016496,R016495,12/10/2021,1751,Card,Delivered
O016496,CUST016497,R016496,11/13/2020,1944,UPI,Delivered
O016497,CUST016498,R016497,7/11/2022,1873,Card,Cancelled
O016498,CUST016499,R016498,11/2/2024,156,UPI,Delivered
O016499,CUST016500,R016499,12/21/2021,1799,Card,Delivered
O016500,CUST016501,R016500,3/22/2025,322,COD,Cancelled
O016501,CUST016502,R016501,10/25/2019,232,Card,Delivered
O016502,CUST016503,R016502,8/16/2021,215,COD,Cancelled
O016503,CUST016504,R016503,12/7/2019,1032,Card,Delivered
O016504,CUST016505,R016504,3/28/2024,375,Card,Delivered
O016505,CUST016506,R016505,5/1/2022,702,Wallet,Delivered
O016506,CUST016507,R016506,8/5/2022,733,Wallet,Delivered
O016507,CUST016508,R016507,8/28/2020,971,COD,Delivered
O016508,CUST016509,R016508,2/11/2023,939,COD,Delivered
O016509,CUST016510,R016509,9/2/2019,287,COD,Delivered
O016510,CUST016511,R016510,11/2/2021,1062,UPI,Delivered
O016511,CUST016512,R016511,3/18/2021,356,Wallet,Delivered
O016512,CUST016513,R016512,2/27/2025,987,Wallet,Delivered
O016513,CUST016514,R016513,10/10/2019,1411,Wallet,Delivered
O016514,CUST016515,R016514,4/14/2025,1857,UPI,Cancelled
O016515,CUST016516,R016515,11/4/2025,1304,UPI,Delivered
O016516,CUST016517,R016516,11/23/2025,1407,UPI,Delivered
O016517,CUST016518,R016517,8/3/2023,1465,UPI,Delivered
O016518,CUST016519,R016518,6/25/2021,1966,Wallet,Delivered
O016519,CUST016520,R016519,4/9/2024,1867,COD,Delivered
O016520,CUST016521,R016520,7/16/2025,165,Card,Delivered
O016521,CUST016522,R016521,3/2/2024,1567,Card,Delivered
O016522,CUST016523,R016522,2/11/2019,1805,Card,Delivered
O016523,CUST016524,R016523,6/25/2021,722,Card,Delivered
O016524,CUST016525,R016524,9/27/2021,507,COD,Delivered
O016525,CUST016526,R016525,12/21/2024,777,COD,Delivered
O016526,CUST016527,R016526,6/4/2021,139,COD,Delivered
O016527,CUST016528,R016527,2/23/2023,950,UPI,Cancelled
O016528,CUST016529,R016528,9/7/2020,964,Card,Delivered
O016529,CUST016530,R016529,1/4/2020,1023,Wallet,Delivered
O016530,CUST016531,R016530,9/28/2025,1082,UPI,Delivered
O016531,CUST016532,R016531,5/20/2020,694,Wallet,Delivered
O016532,CUST016533,R016532,10/23/2025,1482,Card,Delivered
O016533,CUST016534,R016533,6/11/2022,1726,Wallet,Delivered
O016534,CUST016535,R016534,8/11/2024,1786,UPI,Delivered
O016535,CUST016536,R016535,2/6/2019,1422,UPI,Delivered
O016536,CUST016537,R016536,2/19/2023,1519,UPI,Delivered
O016537,CUST016538,R016537,8/22/2025,123,COD,Delivered
O016538,CUST016539,R016538,8/22/2025,438,Wallet,Delivered
O016539,CUST016540,R016539,9/16/2019,1657,Card,Delivered
O016540,CUST016541,R016540,10/18/2025,566,COD,Delivered
O016541,CUST016542,R016541,12/4/2022,1592,COD,Delivered
O016542,CUST016543,R016542,4/27/2022,1111,UPI,Delivered
O016543,CUST016544,R016543,9/22/2025,1170,COD,Delivered
O016544,CUST016545,R016544,7/7/2024,1228,Wallet,Delivered
O016545,CUST016546,R016545,10/24/2025,1003,Wallet,Delivered
O016546,CUST016547,R016546,11/12/2020,881,Wallet,Delivered
O016547,CUST016548,R016547,12/12/2020,1873,Card,Cancelled
O016548,CUST016549,R016548,5/16/2024,1465,COD,Delivered
O016549,CUST016550,R016549,12/7/2021,1563,Card,Delivered
O016550,CUST016551,R016550,10/15/2023,168,UPI,Delivered
O016551,CUST016552,R016551,4/23/2021,1494,UPI,Delivered
O016552,CUST016553,R016552,8/17/2024,1749,Card,Delivered
O016553,CUST016554,R016553,10/18/2025,610,UPI,Delivered
O016554,CUST016555,R016554,2/19/2025,401,Card,Delivered
O016555,CUST016556,R016555,12/28/2025,728,Card,Cancelled
O016556,CUST016557,R016556,8/24/2023,1972,Card,Delivered
O016557,CUST016558,R016557,12/2/2022,888,Wallet,Delivered
O016558,CUST016559,R016558,1/25/2020,620,Card,Cancelled
O016559,CUST016560,R016559,1/23/2025,498,COD,Cancelled
O016560,CUST016561,R016560,8/7/2022,1489,Wallet,Delivered
O016561,CUST016562,R016561,4/11/2021,236,Card,Delivered
O016562,CUST016563,R016562,8/1/2023,1223,UPI,Delivered
O016563,CUST016564,R016563,10/9/2023,1162,Wallet,Delivered
O016564,CUST016565,R016564,10/4/2021,1601,Wallet,Delivered
O016565,CUST016566,R016565,12/12/2021,1540,Wallet,Delivered
O016566,CUST016567,R016566,1/13/2019,1282,Wallet,Delivered
O016567,CUST016568,R016567,2/13/2025,1919,Card,Delivered
O016568,CUST016569,R016568,12/22/2019,1350,UPI,Delivered
O016569,CUST016570,R016569,10/5/2025,1588,Card,Delivered
O016570,CUST016571,R016570,12/27/2024,505,UPI,Cancelled
O016571,CUST016572,R016571,7/20/2020,1292,Card,Delivered
O016572,CUST016573,R016572,9/18/2020,288,Card,Delivered
O016573,CUST016574,R016573,6/1/2024,216,COD,Delivered
O016574,CUST016575,R016574,10/20/2021,455,UPI,Delivered
O016575,CUST016576,R016575,2/24/2023,840,Wallet,Delivered
O016576,CUST016577,R016576,6/4/2024,1834,Card,Delivered
O016577,CUST016578,R016577,6/1/2025,412,COD,Delivered
O016578,CUST016579,R016578,1/12/2022,1363,Card,Delivered
O016579,CUST016580,R016579,10/13/2022,1994,Card,Delivered
O016580,CUST016581,R016580,11/25/2024,772,Card,Delivered
O016581,CUST016582,R016581,11/4/2020,204,COD,Delivered
O016582,CUST016583,R016582,12/15/2024,399,COD,Delivered
O016583,CUST016584,R016583,6/9/2021,502,Card,Delivered
O016584,CUST016585,R016584,7/18/2024,599,COD,Delivered
O016585,CUST016586,R016585,2/1/2021,1043,Card,Delivered
O016586,CUST016587,R016586,7/4/2023,929,UPI,Delivered
O016587,CUST016588,R016587,4/3/2025,1167,Wallet,Delivered
O016588,CUST016589,R016588,4/17/2022,662,Wallet,Delivered
O016589,CUST016590,R016589,2/2/2025,644,Wallet,Delivered
O016590,CUST016591,R016590,4/12/2024,1973,Wallet,Delivered
O016591,CUST016592,R016591,5/10/2024,980,UPI,Delivered
O016592,CUST016593,R016592,6/8/2024,1784,UPI,Delivered
O016593,CUST016594,R016593,3/19/2021,1401,UPI,Delivered
O016594,CUST016595,R016594,11/14/2020,1690,Card,Delivered
O016595,CUST016596,R016595,4/12/2024,1960,UPI,Delivered
O016596,CUST016597,R016596,12/19/2021,118,Card,Delivered
O016597,CUST016598,R016597,4/15/2021,215,COD,Delivered
O016598,CUST016599,R016598,4/3/2023,1672,UPI,Delivered
O016599,CUST016600,R016599,11/14/2021,589,Wallet,Delivered
O016600,CUST016601,R016600,12/25/2020,820,Card,Delivered
O016601,CUST016602,R016601,5/26/2024,452,COD,Delivered
O016602,CUST016603,R016602,10/24/2020,261,COD,Delivered
O016603,CUST016604,R016603,3/7/2024,875,COD,Delivered
O016604,CUST016605,R016604,8/5/2019,1130,Wallet,Delivered
O016605,CUST016606,R016605,4/2/2019,1400,Card,Cancelled
O016606,CUST016607,R016606,2/3/2021,1018,Wallet,Delivered
O016607,CUST016608,R016607,11/8/2020,1307,UPI,Delivered
O016608,CUST016609,R016608,2/15/2019,687,Wallet,Delivered
O016609,CUST016610,R016609,11/14/2025,1679,UPI,Delivered
O016610,CUST016611,R016610,12/9/2023,1908,UPI,Delivered
O016611,CUST016612,R016611,2/12/2021,1288,UPI,Cancelled
O016612,CUST016613,R016612,7/8/2023,109,Card,Delivered
O016613,CUST016614,R016613,8/26/2020,1876,Card,Cancelled
O016614,CUST016615,R016614,10/26/2022,1224,COD,Delivered
O016615,CUST016616,R016615,11/27/2023,305,Card,Delivered
O016616,CUST016617,R016616,5/22/2020,924,Wallet,Delivered
O016617,CUST016618,R016617,6/26/2019,1174,Card,Delivered
O016618,CUST016619,R016618,9/10/2023,600,COD,Delivered
O016619,CUST016620,R016619,10/3/2024,1236,UPI,Delivered
O016620,CUST016621,R016620,3/9/2025,1350,COD,Delivered
O016621,CUST016622,R016621,5/2/2019,905,Wallet,Delivered
O016622,CUST016623,R016622,3/14/2023,1724,COD,Delivered
O016623,CUST016624,R016623,3/10/2019,1106,UPI,Delivered
O016624,CUST016625,R016624,11/15/2019,1823,UPI,Delivered
O016625,CUST016626,R016625,8/9/2023,1626,Wallet,Delivered
O016626,CUST016627,R016626,6/10/2020,1494,UPI,Delivered
O016627,CUST016628,R016627,5/21/2022,840,UPI,Delivered
O016628,CUST016629,R016628,8/2/2025,977,UPI,Delivered
O016629,CUST016630,R016629,9/16/2024,540,COD,Delivered
O016630,CUST016631,R016630,2/20/2021,268,COD,Cancelled
O016631,CUST016632,R016631,7/19/2021,216,Card,Delivered
O016632,CUST016633,R016632,1/26/2019,890,Card,Delivered
O016633,CUST016634,R016633,12/6/2022,121,Card,Delivered
O016634,CUST016635,R016634,1/24/2021,1014,COD,Delivered
O016635,CUST016636,R016635,1/1/2023,451,COD,Delivered
O016636,CUST016637,R016636,9/20/2019,722,Wallet,Delivered
O016637,CUST016638,R016637,5/10/2021,1483,Card,Delivered
O016638,CUST016639,R016638,10/10/2025,354,Wallet,Delivered
O016639,CUST016640,R016639,6/5/2020,1284,Wallet,Delivered
O016640,CUST016641,R016640,12/16/2024,1468,UPI,Delivered
O016641,CUST016642,R016641,10/11/2020,767,Wallet,Delivered
O016642,CUST016643,R016642,12/11/2019,201,Wallet,Cancelled
O016643,CUST016644,R016643,2/14/2020,896,Card,Delivered
O016644,CUST016645,R016644,7/16/2023,323,UPI,Delivered
O016645,CUST016646,R016645,5/21/2022,1518,UPI,Delivered
O016646,CUST016647,R016646,1/16/2022,1211,UPI,Delivered
O016647,CUST016648,R016647,8/19/2020,246,Wallet,Delivered
O016648,CUST016649,R016648,7/24/2021,1022,UPI,Delivered
O016649,CUST016650,R016649,5/8/2020,1812,COD,Delivered
O016650,CUST016651,R016650,4/26/2020,1859,UPI,Cancelled
O016651,CUST016652,R016651,6/14/2020,1488,Card,Delivered
O016652,CUST016653,R016652,5/21/2019,516,UPI,Delivered
O016653,CUST016654,R016653,11/24/2019,656,COD,Delivered
O016654,CUST016655,R016654,9/27/2019,384,COD,Delivered
O016655,CUST016656,R016655,8/2/2023,401,COD,Delivered
O016656,CUST016657,R016656,6/18/2025,128,COD,Delivered
O016657,CUST016658,R016657,3/4/2024,1587,Card,Delivered
O016658,CUST016659,R016658,2/24/2020,708,Wallet,Delivered
O016659,CUST016660,R016659,4/4/2019,1002,Wallet,Delivered
O016660,CUST016661,R016660,7/7/2019,873,Wallet,Cancelled
O016661,CUST016662,R016661,4/6/2024,682,Wallet,Cancelled
O016662,CUST016663,R016662,5/5/2022,1429,Wallet,Delivered
O016663,CUST016664,R016663,2/7/2025,1475,UPI,Delivered
O016664,CUST016665,R016664,7/11/2022,1589,UPI,Delivered
O016665,CUST016666,R016665,4/16/2023,1144,Wallet,Delivered
O016666,CUST016667,R016666,12/6/2019,317,COD,Delivered
O016667,CUST016668,R016667,9/21/2019,1901,Wallet,Delivered
O016668,CUST016669,R016668,2/11/2023,191,Card,Delivered
O016669,CUST016670,R016669,5/12/2020,1645,Card,Delivered
O016670,CUST016671,R016670,6/27/2019,359,Card,Delivered
O016671,CUST016672,R016671,1/13/2023,368,COD,Delivered
O016672,CUST016673,R016672,12/26/2021,618,Card,Delivered
O016673,CUST016674,R016673,2/19/2021,490,COD,Delivered
O016674,CUST016675,R016674,12/1/2025,790,Card,Delivered
O016675,CUST016676,R016675,12/28/2022,200,COD,Delivered
O016676,CUST016677,R016676,10/2/2020,1091,Wallet,Delivered
O016677,CUST016678,R016677,11/5/2019,1380,COD,Cancelled
O016678,CUST016679,R016678,10/25/2023,761,COD,Delivered
O016679,CUST016680,R016679,12/28/2019,1311,UPI,Delivered
O016680,CUST016681,R016680,12/16/2021,677,UPI,Delivered
O016681,CUST016682,R016681,12/13/2020,236,Card,Delivered
O016682,CUST016683,R016682,6/9/2022,1690,Wallet,Delivered
O016683,CUST016684,R016683,12/14/2020,403,COD,Delivered
O016684,CUST016685,R016684,12/14/2021,902,UPI,Delivered
O016685,CUST016686,R016685,1/27/2023,1718,Card,Delivered
O016686,CUST016687,R016686,6/20/2019,709,COD,Delivered
O016687,CUST016688,R016687,8/1/2021,835,UPI,Delivered
O016688,CUST016689,R016688,2/15/2025,417,COD,Delivered
O016689,CUST016690,R016689,5/3/2020,1178,Card,Delivered
O016690,CUST016691,R016690,3/6/2024,579,Wallet,Delivered
O016691,CUST016692,R016691,5/7/2019,805,Wallet,Delivered
O016692,CUST016693,R016692,4/1/2024,1354,COD,Delivered
O016693,CUST016694,R016693,3/6/2019,721,Wallet,Delivered
O016694,CUST016695,R016694,12/14/2025,324,Wallet,Delivered
O016695,CUST016696,R016695,2/10/2025,592,Wallet,Delivered
O016696,CUST016697,R016696,8/9/2022,1914,Card,Delivered
O016697,CUST016698,R016697,4/9/2025,1897,UPI,Delivered
O016698,CUST016699,R016698,7/9/2023,1335,UPI,Delivered
O016699,CUST016700,R016699,1/15/2019,369,UPI,Delivered
O016700,CUST016701,R016700,9/26/2023,1462,UPI,Delivered
O016701,CUST016702,R016701,7/17/2020,1935,COD,Cancelled
O016702,CUST016703,R016702,11/18/2022,1807,Card,Cancelled
O016703,CUST016704,R016703,8/16/2022,195,COD,Delivered
O016704,CUST016705,R016704,1/2/2021,956,UPI,Delivered
O016705,CUST016706,R016705,8/23/2021,1983,Card,Delivered
O016706,CUST016707,R016706,11/1/2021,513,Wallet,Delivered
O016707,CUST016708,R016707,12/8/2025,952,COD,Delivered
O016708,CUST016709,R016708,3/20/2025,251,COD,Delivered
O016709,CUST016710,R016709,4/6/2019,1574,COD,Delivered
O016710,CUST016711,R016710,12/3/2020,624,Wallet,Delivered
O016711,CUST016712,R016711,4/12/2022,951,Wallet,Delivered
O016712,CUST016713,R016712,9/9/2021,1002,Wallet,Delivered
O016713,CUST016714,R016713,5/8/2019,1122,Wallet,Delivered
O016714,CUST016715,R016714,3/11/2022,142,Wallet,Delivered
O016715,CUST016716,R016715,11/12/2022,901,Wallet,Delivered
O016716,CUST016717,R016716,4/10/2024,1472,Card,Delivered
O016717,CUST016718,R016717,4/21/2022,1519,Wallet,Delivered
O016718,CUST016719,R016718,7/2/2023,1404,UPI,Delivered
O016719,CUST016720,R016719,9/19/2023,1790,UPI,Delivered
O016720,CUST016721,R016720,4/20/2022,328,COD,Delivered
O016721,CUST016722,R016721,11/18/2024,1529,Card,Cancelled
O016722,CUST016723,R016722,6/25/2023,1963,Card,Cancelled
O016723,CUST016724,R016723,8/9/2020,1946,Card,Delivered
O016724,CUST016725,R016724,10/3/2019,992,UPI,Delivered
O016725,CUST016726,R016725,9/15/2025,379,COD,Delivered
O016726,CUST016727,R016726,12/27/2022,674,COD,Delivered
O016727,CUST016728,R016727,8/3/2024,574,COD,Delivered
O016728,CUST016729,R016728,3/18/2024,315,COD,Delivered
O016729,CUST016730,R016729,10/3/2023,1089,COD,Delivered
O016730,CUST016731,R016730,9/2/2022,1136,UPI,Delivered
O016731,CUST016732,R016731,6/6/2023,1020,Wallet,Delivered
O016732,CUST016733,R016732,12/14/2025,560,Wallet,Delivered
O016733,CUST016734,R016733,12/1/2022,1322,Card,Delivered
O016734,CUST016735,R016734,7/12/2019,1573,COD,Delivered
O016735,CUST016736,R016735,3/6/2021,1754,UPI,Cancelled
O016736,CUST016737,R016736,11/4/2022,1561,Card,Delivered
O016737,CUST016738,R016737,9/26/2023,1664,Wallet,Cancelled
O016738,CUST016739,R016738,3/2/2020,1897,Card,Delivered
O016739,CUST016740,R016739,11/21/2022,290,Wallet,Delivered
O016740,CUST016741,R016740,7/14/2024,190,COD,Delivered
O016741,CUST016742,R016741,8/20/2021,1832,Card,Delivered
O016742,CUST016743,R016742,6/26/2024,1761,COD,Delivered
O016743,CUST016744,R016743,9/25/2022,752,Wallet,Delivered
O016744,CUST016745,R016744,2/28/2025,1307,UPI,Cancelled
O016745,CUST016746,R016745,2/24/2020,177,COD,Delivered
O016746,CUST016747,R016746,4/24/2024,983,COD,Delivered
O016747,CUST016748,R016747,12/9/2019,300,COD,Delivered
O016748,CUST016749,R016748,11/1/2023,1370,UPI,Delivered
O016749,CUST016750,R016749,1/28/2020,1178,Wallet,Cancelled
O016750,CUST016751,R016750,3/7/2023,1709,Card,Delivered
O016751,CUST016752,R016751,3/3/2019,1984,UPI,Delivered
O016752,CUST016753,R016752,4/22/2020,1346,UPI,Delivered
O016753,CUST016754,R016753,7/15/2024,408,COD,Delivered
O016754,CUST016755,R016754,1/21/2019,467,Wallet,Delivered
O016755,CUST016756,R016755,7/14/2019,1980,COD,Delivered
O016756,CUST016757,R016756,8/26/2020,839,Card,Delivered
O016757,CUST016758,R016757,2/1/2025,462,Card,Delivered
O016758,CUST016759,R016758,11/27/2025,222,COD,Delivered
O016759,CUST016760,R016759,12/25/2020,1027,Card,Delivered
O016760,CUST016761,R016760,9/25/2022,382,Wallet,Delivered
O016761,CUST016762,R016761,6/9/2023,1457,COD,Delivered
O016762,CUST016763,R016762,5/1/2025,508,COD,Delivered
O016763,CUST016764,R016763,11/8/2019,1326,UPI,Delivered
O016764,CUST016765,R016764,7/4/2024,1568,Wallet,Delivered
O016765,CUST016766,R016765,7/4/2021,1006,Wallet,Delivered
O016766,CUST016767,R016766,3/9/2019,1926,UPI,Delivered
O016767,CUST016768,R016767,5/18/2019,1095,COD,Delivered
O016768,CUST016769,R016768,3/8/2021,1595,Card,Delivered
O016769,CUST016770,R016769,10/13/2023,1467,UPI,Delivered
O016770,CUST016771,R016770,3/11/2025,122,Card,Cancelled
O016771,CUST016772,R016771,5/28/2025,1913,UPI,Delivered
O016772,CUST016773,R016772,7/19/2022,1654,UPI,Delivered
O016773,CUST016774,R016773,1/20/2019,173,COD,Delivered
O016774,CUST016775,R016774,9/4/2025,185,Card,Delivered
O016775,CUST016776,R016775,9/11/2024,168,Card,Delivered
O016776,CUST016777,R016776,12/4/2021,947,Card,Delivered
O016777,CUST016778,R016777,11/26/2021,295,Card,Delivered
O016778,CUST016779,R016778,8/1/2023,623,COD,Delivered
O016779,CUST016780,R016779,10/4/2019,697,Wallet,Delivered
O016780,CUST016781,R016780,11/27/2019,755,COD,Delivered
O016781,CUST016782,R016781,7/10/2019,1212,COD,Delivered
O016782,CUST016783,R016782,6/7/2025,561,UPI,Delivered
O016783,CUST016784,R016783,3/5/2025,1640,Wallet,Delivered
O016784,CUST016785,R016784,8/23/2020,684,COD,Delivered
O016785,CUST016786,R016785,2/3/2024,843,Wallet,Delivered
O016786,CUST016787,R016786,9/14/2021,1263,Wallet,Delivered
O016787,CUST016788,R016787,10/12/2021,1447,Wallet,Delivered
O016788,CUST016789,R016788,9/27/2022,1257,UPI,Delivered
O016789,CUST016790,R016789,3/21/2022,1191,UPI,Delivered
O016790,CUST016791,R016790,8/1/2025,1386,UPI,Delivered
O016791,CUST016792,R016791,5/23/2019,1887,COD,Cancelled
O016792,CUST016793,R016792,7/7/2023,1781,COD,Delivered
O016793,CUST016794,R016793,2/15/2020,118,Card,Delivered
O016794,CUST016795,R016794,1/27/2025,1457,Card,Delivered
O016795,CUST016796,R016795,8/10/2020,1651,Card,Delivered
O016796,CUST016797,R016796,7/24/2024,828,Card,Delivered
O016797,CUST016798,R016797,8/27/2024,363,COD,Delivered
O016798,CUST016799,R016798,9/19/2023,504,COD,Delivered
O016799,CUST016800,R016799,12/2/2024,1935,COD,Delivered
O016800,CUST016801,R016800,4/21/2021,539,UPI,Delivered
O016801,CUST016802,R016801,7/1/2019,873,Card,Delivered
O016802,CUST016803,R016802,8/2/2022,982,Wallet,Delivered
O016803,CUST016804,R016803,3/24/2025,1046,UPI,Delivered
O016804,CUST016805,R016804,12/17/2021,613,COD,Delivered
O016805,CUST016806,R016805,9/22/2020,1397,Card,Delivered
O016806,CUST016807,R016806,9/10/2021,1636,COD,Delivered
O016807,CUST016808,R016807,4/10/2023,1564,UPI,Delivered
O016808,CUST016809,R016808,11/5/2022,1316,UPI,Delivered
O016809,CUST016810,R016809,11/18/2021,1630,UPI,Delivered
O016810,CUST016811,R016810,4/21/2019,1881,COD,Delivered
O016811,CUST016812,R016811,3/21/2023,294,Wallet,Delivered
O016812,CUST016813,R016812,1/12/2025,1551,Card,Delivered
O016813,CUST016814,R016813,8/16/2020,199,Card,Delivered
O016814,CUST016815,R016814,8/26/2021,1502,UPI,Delivered
O016815,CUST016816,R016815,8/25/2022,599,COD,Delivered
O016816,CUST016817,R016816,4/21/2020,661,Card,Delivered
O016817,CUST016818,R016817,9/27/2023,764,Card,Delivered
O016818,CUST016819,R016818,5/16/2022,1058,Wallet,Delivered
O016819,CUST016820,R016819,9/4/2021,363,COD,Delivered
O016820,CUST016821,R016820,11/5/2025,1782,Card,Cancelled
O016821,CUST016822,R016821,5/13/2022,1360,COD,Delivered
O016822,CUST016823,R016822,8/6/2024,1719,UPI,Cancelled
O016823,CUST016824,R016823,10/14/2022,1926,UPI,Delivered
O016824,CUST016825,R016824,7/22/2021,1344,UPI,Delivered
O016825,CUST016826,R016825,6/15/2025,1595,Card,Delivered
O016826,CUST016827,R016826,12/17/2025,244,UPI,Delivered
O016827,CUST016828,R016827,9/14/2023,116,Card,Delivered
O016828,CUST016829,R016828,12/25/2020,642,Card,Delivered
O016829,CUST016830,R016829,11/21/2025,1892,Card,Delivered
O016830,CUST016831,R016830,2/28/2021,809,COD,Delivered
O016831,CUST016832,R016831,6/28/2020,579,COD,Delivered
O016832,CUST016833,R016832,4/22/2025,450,COD,Delivered
O016833,CUST016834,R016833,12/5/2025,1398,Wallet,Delivered
O016834,CUST016835,R016834,6/10/2024,1989,Card,Delivered
O016835,CUST016836,R016835,8/1/2024,1335,UPI,Delivered
O016836,CUST016837,R016836,1/9/2024,696,Wallet,Delivered
O016837,CUST016838,R016837,9/3/2023,1496,Wallet,Delivered
O016838,CUST016839,R016838,2/9/2019,1386,Wallet,Delivered
O016839,CUST016840,R016839,12/11/2025,873,Wallet,Delivered
O016840,CUST016841,R016840,5/8/2024,1813,Card,Delivered
O016841,CUST016842,R016841,6/28/2024,1314,UPI,Delivered
O016842,CUST016843,R016842,5/3/2025,1509,UPI,Delivered
O016843,CUST016844,R016843,6/25/2021,426,UPI,Delivered
O016844,CUST016845,R016844,2/22/2022,1206,UPI,Delivered
O016845,CUST016846,R016845,8/17/2023,1967,Card,Delivered
O016846,CUST016847,R016846,3/28/2020,170,COD,Delivered
O016847,CUST016848,R016847,3/19/2022,370,Card,Delivered
O016848,CUST016849,R016848,4/23/2019,951,Card,Delivered
O016849,CUST016850,R016849,5/3/2020,1690,COD,Delivered
O016850,CUST016851,R016850,12/26/2025,1113,Wallet,Delivered
O016851,CUST016852,R016851,8/11/2019,157,COD,Delivered
O016852,CUST016853,R016852,10/23/2025,488,COD,Cancelled
O016853,CUST016854,R016853,9/2/2021,1429,Card,Delivered
O016854,CUST016855,R016854,12/14/2025,125,Card,Cancelled
O016855,CUST016856,R016855,12/26/2025,363,COD,Delivered
O016856,CUST016857,R016856,8/7/2020,286,Card,Delivered
O016857,CUST016858,R016857,10/19/2021,508,COD,Delivered
O016858,CUST016859,R016858,10/28/2022,953,Card,Delivered
O016859,CUST016860,R016859,7/26/2022,882,UPI,Delivered
O016860,CUST016861,R016860,1/2/2021,1124,Wallet,Delivered
O016861,CUST016862,R016861,8/15/2025,773,COD,Delivered
O016862,CUST016863,R016862,5/1/2025,501,Wallet,Delivered
O016863,CUST016864,R016863,10/11/2022,1824,Wallet,Delivered
O016864,CUST016865,R016864,3/9/2024,868,UPI,Cancelled
O016865,CUST016866,R016865,4/6/2019,1244,UPI,Cancelled
O016866,CUST016867,R016866,11/13/2020,1252,UPI,Cancelled
O016867,CUST016868,R016867,3/12/2020,1547,Card,Delivered
O016868,CUST016869,R016868,2/8/2024,1880,Wallet,Delivered
O016869,CUST016870,R016869,5/17/2022,1977,UPI,Delivered
O016870,CUST016871,R016870,10/16/2023,169,COD,Delivered
O016871,CUST016872,R016871,3/28/2022,1581,UPI,Delivered
O016872,CUST016873,R016872,1/12/2024,503,Wallet,Delivered
O016873,CUST016874,R016873,5/24/2025,741,Card,Delivered
O016874,CUST016875,R016874,9/25/2025,434,COD,Delivered
O016875,CUST016876,R016875,5/23/2024,118,COD,Delivered
O016876,CUST016877,R016876,6/5/2023,725,COD,Delivered
O016877,CUST016878,R016877,12/3/2022,976,Wallet,Cancelled
O016878,CUST016879,R016878,12/28/2021,1035,Card,Delivered
O016879,CUST016880,R016879,4/23/2025,912,Wallet,Delivered
O016880,CUST016881,R016880,11/6/2022,1163,COD,Delivered
O016881,CUST016882,R016881,5/12/2021,607,Wallet,Delivered
O016882,CUST016883,R016882,1/12/2024,1594,UPI,Delivered
O016883,CUST016884,R016883,5/11/2023,1686,Wallet,Delivered
O016884,CUST016885,R016884,4/10/2022,1241,Wallet,Cancelled
O016885,CUST016886,R016885,5/7/2021,1497,UPI,Delivered
O016886,CUST016887,R016886,1/19/2020,1370,UPI,Cancelled
O016887,CUST016888,R016887,8/20/2025,716,COD,Delivered
O016888,CUST016889,R016888,8/18/2019,1673,UPI,Delivered
O016889,CUST016890,R016889,8/15/2019,813,COD,Delivered
O016890,CUST016891,R016890,6/18/2024,1020,Card,Delivered
O016891,CUST016892,R016891,2/8/2024,190,COD,Delivered
O016892,CUST016893,R016892,1/26/2023,956,Wallet,Delivered
O016893,CUST016894,R016893,2/7/2021,1250,COD,Delivered
O016894,CUST016895,R016894,7/28/2024,826,Wallet,Delivered
O016895,CUST016896,R016895,9/12/2020,1639,COD,Cancelled
O016896,CUST016897,R016896,10/12/2020,1015,UPI,Delivered
O016897,CUST016898,R016897,4/11/2022,1776,Wallet,Cancelled
O016898,CUST016899,R016898,4/8/2019,1585,UPI,Delivered
O016899,CUST016900,R016899,11/9/2021,1414,UPI,Delivered
O016900,CUST016901,R016900,1/20/2023,760,Wallet,Delivered
O016901,CUST016902,R016901,7/28/2020,828,UPI,Delivered
O016902,CUST016903,R016902,8/16/2023,430,COD,Delivered
O016903,CUST016904,R016903,9/19/2020,1692,Card,Delivered
O016904,CUST016905,R016904,8/18/2024,1712,Card,Delivered
O016905,CUST016906,R016905,5/20/2020,747,Card,Delivered
O016906,CUST016907,R016906,10/2/2022,1879,Card,Delivered
O016907,CUST016908,R016907,2/23/2024,914,COD,Delivered
O016908,CUST016909,R016908,3/27/2021,409,COD,Delivered
O016909,CUST016910,R016909,4/21/2024,631,Wallet,Delivered
O016910,CUST016911,R016910,5/8/2024,1393,Card,Delivered
O016911,CUST016912,R016911,9/9/2025,313,COD,Delivered
O016912,CUST016913,R016912,2/4/2023,1073,UPI,Delivered
O016913,CUST016914,R016913,5/15/2020,1388,UPI,Delivered
O016914,CUST016915,R016914,1/10/2020,619,Wallet,Delivered
O016915,CUST016916,R016915,7/10/2023,1947,Wallet,Delivered
O016916,CUST016917,R016916,5/14/2022,785,Card,Delivered
O016917,CUST016918,R016917,7/13/2021,1863,UPI,Delivered
O016918,CUST016919,R016918,12/15/2022,1376,UPI,Delivered
O016919,CUST016920,R016919,12/14/2021,1496,UPI,Delivered
O016920,CUST016921,R016920,10/17/2019,524,UPI,Delivered
O016921,CUST016922,R016921,9/1/2025,1926,Card,Delivered
O016922,CUST016923,R016922,8/16/2019,292,COD,Cancelled
O016923,CUST016924,R016923,5/2/2023,295,UPI,Delivered
O016924,CUST016925,R016924,3/18/2025,1402,Card,Delivered
O016925,CUST016926,R016925,5/20/2022,436,UPI,Delivered
O016926,CUST016927,R016926,9/18/2024,621,COD,Delivered
O016927,CUST016928,R016927,4/26/2023,342,Card,Delivered
O016928,CUST016929,R016928,11/1/2022,246,Card,Delivered
O016929,CUST016930,R016929,11/17/2021,1874,COD,Delivered
O016930,CUST016931,R016930,11/3/2020,1053,Card,Delivered
O016931,CUST016932,R016931,9/18/2024,608,Wallet,Delivered
O016932,CUST016933,R016932,11/2/2019,858,Wallet,Delivered
O016933,CUST016934,R016933,5/5/2020,724,Wallet,Delivered
O016934,CUST016935,R016934,6/4/2022,592,Wallet,Delivered
O016935,CUST016936,R016935,11/4/2023,1382,Wallet,Delivered
O016936,CUST016937,R016936,9/6/2021,1433,Wallet,Cancelled
O016937,CUST016938,R016937,3/9/2019,1509,UPI,Delivered
O016938,CUST016939,R016938,1/14/2024,1065,Wallet,Delivered
O016939,CUST016940,R016939,7/5/2024,237,Card,Delivered
O016940,CUST016941,R016940,7/21/2025,1859,Wallet,Delivered
O016941,CUST016942,R016941,2/11/2019,1807,Card,Delivered
O016942,CUST016943,R016942,7/11/2022,1491,Card,Delivered
O016943,CUST016944,R016943,11/26/2020,1855,Card,Delivered
O016944,CUST016945,R016944,11/20/2019,223,COD,Delivered
O016945,CUST016946,R016945,11/25/2023,518,UPI,Delivered
O016946,CUST016947,R016946,4/17/2020,385,COD,Delivered
O016947,CUST016948,R016947,6/26/2022,891,Card,Delivered
O016948,CUST016949,R016948,11/1/2025,108,COD,Delivered
O016949,CUST016950,R016949,1/28/2024,1049,Wallet,Delivered
O016950,CUST016951,R016950,6/4/2021,1170,Card,Delivered
O016951,CUST016952,R016951,10/24/2022,681,Wallet,Delivered
O016952,CUST016953,R016952,3/27/2025,1225,Wallet,Delivered
O016953,CUST016954,R016953,11/15/2022,586,Wallet,Delivered
O016954,CUST016955,R016954,4/12/2021,1599,UPI,Delivered
O016955,CUST016956,R016955,1/6/2022,1151,COD,Delivered
O016956,CUST016957,R016956,5/7/2020,1471,UPI,Delivered
O016957,CUST016958,R016957,8/7/2021,331,UPI,Delivered
O016958,CUST016959,R016958,6/19/2025,1575,Card,Delivered
O016959,CUST016960,R016959,11/12/2020,429,COD,Delivered
O016960,CUST016961,R016960,10/27/2020,978,Wallet,Delivered
O016961,CUST016962,R016961,10/17/2023,327,COD,Delivered
O016962,CUST016963,R016962,5/1/2022,1094,Card,Delivered
O016963,CUST016964,R016963,2/4/2024,499,COD,Delivered
O016964,CUST016965,R016964,3/3/2019,769,Wallet,Delivered
O016965,CUST016966,R016965,3/28/2025,1313,Wallet,Delivered
O016966,CUST016967,R016966,6/5/2025,631,Wallet,Delivered
O016967,CUST016968,R016967,12/13/2024,233,COD,Delivered
O016968,CUST016969,R016968,10/9/2020,311,Wallet,Delivered
O016969,CUST016970,R016969,12/8/2020,1559,UPI,Delivered
O016970,CUST016971,R016970,12/7/2019,1754,Wallet,Delivered
O016971,CUST016972,R016971,12/7/2019,1191,UPI,Delivered
O016972,CUST016973,R016972,3/13/2025,219,UPI,Delivered
O016973,CUST016974,R016973,2/22/2019,1607,UPI,Delivered
O016974,CUST016975,R016974,7/19/2025,1888,Card,Delivered
O016975,CUST016976,R016975,3/15/2022,1722,UPI,Delivered
O016976,CUST016977,R016976,8/13/2024,115,COD,Delivered
O016977,CUST016978,R016977,11/28/2023,876,UPI,Delivered
O016978,CUST016979,R016978,6/23/2020,1942,Card,Cancelled
O016979,CUST016980,R016979,6/27/2025,291,COD,Delivered
O016980,CUST016981,R016980,8/7/2019,861,COD,Delivered
O016981,CUST016982,R016981,12/18/2022,102,COD,Delivered
O016982,CUST016983,R016982,8/2/2022,1176,COD,Delivered
O016983,CUST016984,R016983,7/2/2019,525,UPI,Delivered
O016984,CUST016985,R016984,7/11/2021,845,Wallet,Delivered
O016985,CUST016986,R016985,7/7/2022,848,Wallet,Delivered
O016986,CUST016987,R016986,1/6/2019,1224,Wallet,Delivered
O016987,CUST016988,R016987,7/13/2025,1932,Wallet,Cancelled
O016988,CUST016989,R016988,6/10/2024,1381,UPI,Delivered
O016989,CUST016990,R016989,7/8/2019,1632,Card,Cancelled
O016990,CUST016991,R016990,7/23/2025,1679,Wallet,Delivered
O016991,CUST016992,R016991,4/4/2025,1558,Wallet,Delivered
O016992,CUST016993,R016992,9/22/2020,1982,Wallet,Cancelled
O016993,CUST016994,R016993,5/17/2021,281,Card,Delivered
O016994,CUST016995,R016994,2/20/2024,1380,Card,Cancelled
O016995,CUST016996,R016995,11/24/2024,1564,UPI,Cancelled
O016996,CUST016997,R016996,11/8/2021,1801,Card,Delivered
O016997,CUST016998,R016997,5/2/2020,713,UPI,Delivered
O016998,CUST016999,R016998,11/13/2024,268,COD,Delivered
O016999,CUST017000,R016999,11/25/2021,775,COD,Delivered
O017000,CUST017001,R017000,1/4/2022,424,COD,Delivered
O017001,CUST017002,R017001,6/16/2021,235,COD,Delivered
O017002,CUST017003,R017002,8/27/2023,1053,COD,Cancelled
O017003,CUST017004,R017003,3/28/2025,1056,Wallet,Delivered
O017004,CUST017005,R017004,3/28/2019,934,Wallet,Delivered
O017005,CUST017006,R017005,4/13/2021,470,Wallet,Delivered
O017006,CUST017007,R017006,9/28/2025,1799,Card,Delivered
O017007,CUST017008,R017007,7/11/2020,1531,COD,Delivered
O017008,CUST017009,R017008,4/5/2024,1354,UPI,Cancelled
O017009,CUST017010,R017009,3/2/2025,1418,UPI,Delivered
O017010,CUST017011,R017010,12/24/2022,1516,Wallet,Delivered
O017011,CUST017012,R017011,6/8/2024,1786,Card,Delivered
O017012,CUST017013,R017012,2/20/2023,434,Wallet,Delivered
O017013,CUST017014,R017013,7/16/2024,1942,COD,Delivered
O017014,CUST017015,R017014,9/18/2023,1753,UPI,Delivered
O017015,CUST017016,R017015,12/24/2023,1682,Card,Delivered
O017016,CUST017017,R017016,6/23/2020,710,Wallet,Delivered
O017017,CUST017018,R017017,7/22/2023,1085,UPI,Delivered
O017018,CUST017019,R017018,10/22/2021,1988,COD,Delivered
O017019,CUST017020,R017019,9/23/2025,892,COD,Delivered
O017020,CUST017021,R017020,3/6/2021,258,Card,Delivered
O017021,CUST017022,R017021,10/28/2019,1014,Wallet,Delivered
O017022,CUST017023,R017022,4/27/2020,1035,COD,Delivered
O017023,CUST017024,R017023,10/6/2020,1132,UPI,Delivered
O017024,CUST017025,R017024,6/2/2019,1402,Wallet,Delivered
O017025,CUST017026,R017025,6/14/2020,1062,Wallet,Delivered
O017026,CUST017027,R017026,10/11/2019,1602,COD,Delivered
O017027,CUST017028,R017027,8/12/2023,1797,Wallet,Delivered
O017028,CUST017029,R017028,6/6/2023,1899,Card,Delivered
O017029,CUST017030,R017029,6/24/2020,754,Card,Delivered
O017030,CUST017031,R017030,7/24/2021,415,UPI,Delivered
O017031,CUST017032,R017031,1/24/2024,175,COD,Delivered
O017032,CUST017033,R017032,1/23/2023,941,Card,Delivered
O017033,CUST017034,R017033,6/24/2020,302,COD,Delivered
O017034,CUST017035,R017034,9/8/2024,1059,COD,Delivered
O017035,CUST017036,R017035,7/1/2023,234,COD,Delivered
O017036,CUST017037,R017036,2/6/2025,1219,UPI,Delivered
O017037,CUST017038,R017037,11/2/2020,1414,Wallet,Delivered
O017038,CUST017039,R017038,8/2/2023,1107,Wallet,Delivered
O017039,CUST017040,R017039,6/12/2022,1821,UPI,Delivered
O017040,CUST017041,R017040,8/13/2021,995,COD,Delivered
O017041,CUST017042,R017041,6/6/2023,1516,Card,Delivered
O017042,CUST017043,R017042,12/11/2022,1383,UPI,Delivered
O017043,CUST017044,R017043,4/5/2019,1933,Card,Delivered
O017044,CUST017045,R017044,7/27/2019,1691,UPI,Delivered
O017045,CUST017046,R017045,12/18/2019,1613,UPI,Delivered
O017046,CUST017047,R017046,2/18/2021,1995,COD,Cancelled
O017047,CUST017048,R017047,9/2/2024,1687,Card,Delivered
O017048,CUST017049,R017048,12/10/2023,1919,Card,Delivered
O017049,CUST017050,R017049,1/1/2022,836,Card,Delivered
O017050,CUST017051,R017050,2/25/2022,185,COD,Cancelled
O017051,CUST017052,R017051,12/26/2023,724,COD,Delivered
O017052,CUST017053,R017052,2/6/2024,548,Wallet,Delivered
O017053,CUST017054,R017053,9/25/2021,611,COD,Delivered
O017054,CUST017055,R017054,4/8/2025,1176,COD,Delivered
O017055,CUST017056,R017055,12/5/2022,1043,Wallet,Delivered
O017056,CUST017057,R017056,12/27/2021,1549,UPI,Delivered
O017057,CUST017058,R017057,11/21/2022,593,Wallet,Delivered
O017058,CUST017059,R017058,6/27/2019,1230,Wallet,Delivered
O017059,CUST017060,R017059,9/13/2021,1655,Wallet,Delivered
O017060,CUST017061,R017060,3/17/2025,1794,UPI,Delivered
O017061,CUST017062,R017061,5/4/2020,1536,UPI,Delivered
O017062,CUST017063,R017062,2/26/2024,1037,Wallet,Delivered
O017063,CUST017064,R017063,12/7/2020,1275,Card,Delivered
O017064,CUST017065,R017064,1/22/2022,1861,COD,Cancelled
O017065,CUST017066,R017065,8/9/2023,1637,Card,Cancelled
O017066,CUST017067,R017066,9/13/2020,1876,UPI,Cancelled
O017067,CUST017068,R017067,7/24/2022,1377,Card,Cancelled
O017068,CUST017069,R017068,5/8/2019,1609,COD,Delivered
O017069,CUST017070,R017069,8/16/2024,781,Card,Delivered
O017070,CUST017071,R017070,8/24/2019,273,Card,Delivered
O017071,CUST017072,R017071,2/18/2023,419,COD,Delivered
O017072,CUST017073,R017072,8/1/2020,1854,COD,Delivered
O017073,CUST017074,R017073,3/21/2025,1026,Wallet,Delivered
O017074,CUST017075,R017074,10/27/2019,768,Card,Delivered
O017075,CUST017076,R017075,3/1/2019,828,Wallet,Delivered
O017076,CUST017077,R017076,12/23/2019,891,UPI,Delivered
O017077,CUST017078,R017077,5/17/2019,763,COD,Delivered
O017078,CUST017079,R017078,11/4/2025,1298,Card,Cancelled
O017079,CUST017080,R017079,8/8/2020,1492,COD,Delivered
O017080,CUST017081,R017080,5/8/2022,1415,UPI,Delivered
O017081,CUST017082,R017081,9/3/2023,1225,UPI,Delivered
O017082,CUST017083,R017082,9/13/2019,1410,UPI,Delivered
O017083,CUST017084,R017083,3/19/2019,1834,COD,Delivered
O017084,CUST017085,R017084,3/19/2025,209,Wallet,Delivered
O017085,CUST017086,R017085,5/11/2021,1471,Card,Delivered
O017086,CUST017087,R017086,11/15/2019,120,Card,Delivered
O017087,CUST017088,R017087,5/22/2019,1397,UPI,Delivered
O017088,CUST017089,R017088,11/24/2021,487,COD,Delivered
O017089,CUST017090,R017089,8/19/2023,507,Card,Delivered
O017090,CUST017091,R017090,11/26/2019,871,Card,Delivered
O017091,CUST017092,R017091,9/18/2024,914,COD,Delivered
O017092,CUST017093,R017092,11/3/2022,262,Card,Delivered
O017093,CUST017094,R017093,10/3/2019,1075,UPI,Cancelled
O017094,CUST017095,R017094,11/4/2025,842,Card,Delivered
O017095,CUST017096,R017095,6/22/2024,1200,UPI,Delivered
O017096,CUST017097,R017096,11/14/2021,1456,UPI,Delivered
O017097,CUST017098,R017097,2/14/2022,1308,Wallet,Delivered
O017098,CUST017099,R017098,6/8/2023,1516,Card,Delivered
O017099,CUST017100,R017099,7/16/2022,165,UPI,Delivered
O017100,CUST017101,R017100,12/13/2022,1931,UPI,Delivered
O017101,CUST017102,R017101,12/25/2023,531,UPI,Delivered
O017102,CUST017103,R017102,8/21/2021,1607,Card,Cancelled
O017103,CUST017104,R017103,7/27/2022,916,COD,Delivered
O017104,CUST017105,R017104,7/26/2022,435,COD,Delivered
O017105,CUST017106,R017105,9/18/2020,306,Card,Delivered
O017106,CUST017107,R017106,9/4/2024,1294,COD,Delivered
O017107,CUST017108,R017107,11/8/2021,1942,Card,Delivered
O017108,CUST017109,R017108,10/23/2022,1244,Wallet,Delivered
O017109,CUST017110,R017109,9/7/2021,611,Wallet,Cancelled
O017110,CUST017111,R017110,4/1/2025,1417,Wallet,Delivered
O017111,CUST017112,R017111,9/9/2025,1176,COD,Delivered
O017112,CUST017113,R017112,3/10/2024,830,Wallet,Delivered
O017113,CUST017114,R017113,4/7/2019,1722,Card,Delivered
O017114,CUST017115,R017114,2/26/2025,1160,UPI,Delivered
O017115,CUST017116,R017115,5/2/2019,1398,UPI,Delivered
O017116,CUST017117,R017116,10/22/2024,575,Wallet,Delivered
O017117,CUST017118,R017117,6/21/2025,1063,Card,Delivered
O017118,CUST017119,R017118,10/15/2022,1825,Card,Delivered
O017119,CUST017120,R017119,9/26/2024,1922,COD,Delivered
O017120,CUST017121,R017120,12/18/2021,1730,Card,Delivered
O017121,CUST017122,R017121,10/18/2019,904,Card,Delivered
O017122,CUST017123,R017122,5/1/2023,1606,COD,Delivered
O017123,CUST017124,R017123,4/24/2025,1033,Wallet,Delivered
O017124,CUST017125,R017124,10/10/2020,1978,COD,Delivered
O017125,CUST017126,R017125,12/20/2019,447,COD,Cancelled
O017126,CUST017127,R017126,12/1/2021,1383,COD,Delivered
O017127,CUST017128,R017127,12/13/2024,777,Wallet,Cancelled
O017128,CUST017129,R017128,1/24/2021,1019,UPI,Delivered
O017129,CUST017130,R017129,6/19/2021,1203,Wallet,Delivered
O017130,CUST017131,R017130,7/3/2025,1215,COD,Delivered
O017131,CUST017132,R017131,10/9/2022,1615,UPI,Delivered
O017132,CUST017133,R017132,2/8/2024,732,Wallet,Delivered
O017133,CUST017134,R017133,4/28/2023,715,Wallet,Delivered
O017134,CUST017135,R017134,6/7/2025,727,COD,Delivered
O017135,CUST017136,R017135,4/27/2025,460,UPI,Delivered
O017136,CUST017137,R017136,11/9/2024,1744,Wallet,Delivered
O017137,CUST017138,R017137,6/7/2019,788,UPI,Delivered
O017138,CUST017139,R017138,7/5/2025,1159,UPI,Delivered
O017139,CUST017140,R017139,1/12/2024,1205,UPI,Delivered
O017140,CUST017141,R017140,7/11/2022,121,UPI,Delivered
O017141,CUST017142,R017141,11/7/2022,1731,UPI,Delivered
O017142,CUST017143,R017142,6/16/2025,189,UPI,Delivered
O017143,CUST017144,R017143,1/13/2022,1926,COD,Delivered
O017144,CUST017145,R017144,1/28/2021,1475,UPI,Delivered
O017145,CUST017146,R017145,11/10/2024,392,Wallet,Delivered
O017146,CUST017147,R017146,12/22/2025,332,Card,Delivered
O017147,CUST017148,R017147,8/19/2023,344,Card,Delivered
O017148,CUST017149,R017148,12/21/2020,1977,COD,Delivered
O017149,CUST017150,R017149,5/4/2019,515,COD,Delivered
O017150,CUST017151,R017150,2/1/2021,897,Wallet,Delivered
O017151,CUST017152,R017151,7/27/2025,950,Card,Delivered
O017152,CUST017153,R017152,7/22/2025,821,Wallet,Delivered
O017153,CUST017154,R017153,11/5/2025,1116,COD,Delivered
O017154,CUST017155,R017154,9/9/2024,502,Wallet,Delivered
O017155,CUST017156,R017155,6/10/2025,1706,Wallet,Delivered
O017156,CUST017157,R017156,1/10/2024,1542,Wallet,Delivered
O017157,CUST017158,R017157,3/9/2023,1092,Wallet,Delivered
O017158,CUST017159,R017158,2/5/2019,1910,UPI,Delivered
O017159,CUST017160,R017159,7/17/2025,1004,UPI,Delivered
O017160,CUST017161,R017160,4/14/2025,566,Card,Delivered
O017161,CUST017162,R017161,4/16/2023,1593,Wallet,Delivered
O017162,CUST017163,R017162,10/13/2019,306,Card,Delivered
O017163,CUST017164,R017163,9/24/2021,557,UPI,Delivered
O017164,CUST017165,R017164,12/4/2022,1621,UPI,Delivered
O017165,CUST017166,R017165,9/18/2023,437,Wallet,Delivered
O017166,CUST017167,R017166,7/28/2020,1160,COD,Delivered
O017167,CUST017168,R017167,11/21/2022,547,Wallet,Delivered
O017168,CUST017169,R017168,6/12/2022,1793,COD,Delivered
O017169,CUST017170,R017169,2/11/2023,871,Wallet,Delivered
O017170,CUST017171,R017170,7/10/2021,1628,Wallet,Cancelled
O017171,CUST017172,R017171,10/6/2022,1431,UPI,Delivered
O017172,CUST017173,R017172,9/5/2021,1047,UPI,Delivered
O017173,CUST017174,R017173,12/15/2025,654,Wallet,Delivered
O017174,CUST017175,R017174,7/26/2022,749,Wallet,Delivered
O017175,CUST017176,R017175,6/14/2022,350,Card,Delivered
O017176,CUST017177,R017176,11/17/2025,1606,Card,Delivered
O017177,CUST017178,R017177,5/20/2020,1665,Card,Delivered
O017178,CUST017179,R017178,8/20/2021,526,Card,Delivered
O017179,CUST017180,R017179,3/28/2023,1789,Card,Delivered
O017180,CUST017181,R017180,3/22/2020,828,COD,Delivered
O017181,CUST017182,R017181,4/6/2025,521,Card,Cancelled
O017182,CUST017183,R017182,3/21/2024,532,Wallet,Delivered
O017183,CUST017184,R017183,12/7/2021,1288,Card,Delivered
O017184,CUST017185,R017184,12/8/2024,158,COD,Delivered
O017185,CUST017186,R017185,5/2/2025,663,Wallet,Delivered
O017186,CUST017187,R017186,8/9/2019,1283,UPI,Delivered
O017187,CUST017188,R017187,12/8/2020,409,Wallet,Delivered
O017188,CUST017189,R017188,2/8/2024,1867,Wallet,Delivered
O017189,CUST017190,R017189,3/12/2022,700,UPI,Delivered
O017190,CUST017191,R017190,1/14/2022,1773,UPI,Delivered
O017191,CUST017192,R017191,8/14/2021,1329,UPI,Delivered
O017192,CUST017193,R017192,4/10/2023,1453,UPI,Delivered
O017193,CUST017194,R017193,7/16/2024,444,UPI,Delivered
O017194,CUST017195,R017194,5/28/2019,138,UPI,Delivered
O017195,CUST017196,R017195,2/15/2024,149,COD,Cancelled
O017196,CUST017197,R017196,3/2/2023,1915,Card,Delivered
O017197,CUST017198,R017197,2/17/2021,1719,COD,Delivered
O017198,CUST017199,R017198,1/24/2020,455,Card,Delivered
O017199,CUST017200,R017199,5/18/2025,900,COD,Delivered
O017200,CUST017201,R017200,8/2/2022,626,Card,Delivered
O017201,CUST017202,R017201,1/3/2021,210,Card,Delivered
O017202,CUST017203,R017202,9/21/2022,1834,Wallet,Delivered
O017203,CUST017204,R017203,9/5/2019,962,UPI,Delivered
O017204,CUST017205,R017204,5/17/2025,516,COD,Delivered
O017205,CUST017206,R017205,4/1/2024,642,Wallet,Delivered
O017206,CUST017207,R017206,2/5/2023,689,Wallet,Delivered
O017207,CUST017208,R017207,6/3/2021,704,Wallet,Delivered
O017208,CUST017209,R017208,2/3/2022,1232,Wallet,Delivered
O017209,CUST017210,R017209,8/5/2022,1278,Wallet,Delivered
O017210,CUST017211,R017210,2/5/2020,1399,UPI,Delivered
O017211,CUST017212,R017211,12/13/2024,699,Wallet,Delivered
O017212,CUST017213,R017212,3/27/2023,1988,Card,Delivered
O017213,CUST017214,R017213,10/18/2021,1716,Wallet,Delivered
O017214,CUST017215,R017214,3/9/2025,1728,UPI,Delivered
O017215,CUST017216,R017215,8/9/2019,1450,Card,Delivered
O017216,CUST017217,R017216,5/27/2021,1633,Card,Delivered
O017217,CUST017218,R017217,2/18/2021,133,COD,Delivered
O017218,CUST017219,R017218,12/23/2019,433,UPI,Delivered
O017219,CUST017220,R017219,11/14/2021,305,COD,Delivered
O017220,CUST017221,R017220,9/26/2023,855,UPI,Delivered
O017221,CUST017222,R017221,11/28/2019,1904,COD,Delivered
O017222,CUST017223,R017222,4/27/2024,895,Wallet,Delivered
O017223,CUST017224,R017223,6/2/2020,1015,Card,Cancelled
O017224,CUST017225,R017224,5/22/2024,320,Wallet,Delivered
O017225,CUST017226,R017225,2/22/2020,1648,COD,Delivered
O017226,CUST017227,R017226,6/13/2023,444,Wallet,Delivered
O017227,CUST017228,R017227,10/10/2025,1519,UPI,Delivered
O017228,CUST017229,R017228,3/4/2021,1066,COD,Cancelled
O017229,CUST017230,R017229,7/9/2025,1424,UPI,Cancelled
O017230,CUST017231,R017230,5/13/2023,285,Wallet,Delivered
O017231,CUST017232,R017231,12/18/2019,1062,Wallet,Delivered
O017232,CUST017233,R017232,12/11/2023,1822,COD,Delivered
O017233,CUST017234,R017233,1/20/2020,471,COD,Delivered
O017234,CUST017235,R017234,11/10/2019,1521,COD,Delivered
O017235,CUST017236,R017235,4/21/2024,555,Card,Delivered
O017236,CUST017237,R017236,2/25/2022,344,COD,Delivered
O017237,CUST017238,R017237,12/2/2024,364,Wallet,Delivered
O017238,CUST017239,R017238,6/22/2025,1170,Wallet,Delivered
O017239,CUST017240,R017239,7/1/2024,531,Wallet,Delivered
O017240,CUST017241,R017240,2/11/2023,127,COD,Delivered
O017241,CUST017242,R017241,8/7/2021,221,COD,Delivered
O017242,CUST017243,R017242,12/10/2023,1469,UPI,Delivered
O017243,CUST017244,R017243,11/6/2019,1341,Wallet,Delivered
O017244,CUST017245,R017244,9/6/2022,1149,UPI,Delivered
O017245,CUST017246,R017245,7/12/2021,140,UPI,Cancelled
O017246,CUST017247,R017246,5/21/2025,1528,Wallet,Delivered
O017247,CUST017248,R017247,2/18/2023,1739,Card,Delivered
O017248,CUST017249,R017248,3/23/2022,1611,UPI,Delivered
O017249,CUST017250,R017249,7/13/2020,1905,Card,Delivered
O017250,CUST017251,R017250,1/27/2019,472,UPI,Delivered
O017251,CUST017252,R017251,6/17/2025,1798,Card,Cancelled
O017252,CUST017253,R017252,8/26/2019,147,COD,Delivered
O017253,CUST017254,R017253,1/6/2020,755,Card,Delivered
O017254,CUST017255,R017254,2/16/2021,1782,COD,Cancelled
O017255,CUST017256,R017255,11/4/2023,1085,COD,Delivered
O017256,CUST017257,R017256,7/28/2021,439,Wallet,Delivered
O017257,CUST017258,R017257,6/6/2019,765,Wallet,Delivered
O017258,CUST017259,R017258,10/7/2023,812,Wallet,Delivered
O017259,CUST017260,R017259,7/5/2023,1144,Wallet,Delivered
O017260,CUST017261,R017260,10/12/2024,1846,Wallet,Cancelled
O017261,CUST017262,R017261,11/9/2020,1227,Wallet,Delivered
O017262,CUST017263,R017262,3/7/2022,1522,UPI,Cancelled
O017263,CUST017264,R017263,7/22/2019,1144,Wallet,Delivered
O017264,CUST017265,R017264,12/26/2025,1414,UPI,Delivered
O017265,CUST017266,R017265,12/20/2023,1839,UPI,Delivered
O017266,CUST017267,R017266,7/15/2020,372,COD,Delivered
O017267,CUST017268,R017267,3/19/2021,1573,Card,Delivered
O017268,CUST017269,R017268,2/27/2025,1756,Card,Delivered
O017269,CUST017270,R017269,9/9/2023,1956,Card,Cancelled
O017270,CUST017271,R017270,6/3/2020,634,UPI,Delivered
O017271,CUST017272,R017271,8/16/2021,189,COD,Delivered
O017272,CUST017273,R017272,9/24/2020,558,Card,Delivered
O017273,CUST017274,R017273,12/3/2023,377,COD,Delivered
O017274,CUST017275,R017274,3/15/2022,1982,COD,Delivered
O017275,CUST017276,R017275,1/26/2024,899,Card,Delivered
O017276,CUST017277,R017276,11/28/2021,695,Wallet,Delivered
O017277,CUST017278,R017277,10/25/2022,834,Wallet,Delivered
O017278,CUST017279,R017278,6/11/2020,327,COD,Delivered
O017279,CUST017280,R017279,3/26/2021,1650,UPI,Delivered
O017280,CUST017281,R017280,9/9/2025,1632,COD,Delivered
O017281,CUST017282,R017281,7/7/2022,1133,UPI,Delivered
O017282,CUST017283,R017282,10/1/2020,1377,UPI,Delivered
O017283,CUST017284,R017283,4/22/2022,1436,Wallet,Cancelled
O017284,CUST017285,R017284,2/7/2025,1705,Card,Delivered
O017285,CUST017286,R017285,1/18/2024,349,Wallet,Delivered
O017286,CUST017287,R017286,1/13/2023,1895,COD,Delivered
O017287,CUST017288,R017287,4/17/2022,1642,Wallet,Delivered
O017288,CUST017289,R017288,2/23/2019,1532,UPI,Delivered
O017289,CUST017290,R017289,3/22/2025,311,COD,Delivered
O017290,CUST017291,R017290,11/22/2024,943,UPI,Delivered
O017291,CUST017292,R017291,11/21/2025,1888,COD,Delivered
O017292,CUST017293,R017292,11/20/2023,1309,COD,Delivered
O017293,CUST017294,R017293,7/4/2024,359,Card,Delivered
O017294,CUST017295,R017294,3/2/2024,924,Wallet,Delivered
O017295,CUST017296,R017295,10/23/2020,993,COD,Delivered
O017296,CUST017297,R017296,5/4/2023,1096,Wallet,Delivered
O017297,CUST017298,R017297,9/28/2021,1322,Wallet,Delivered
O017298,CUST017299,R017298,9/13/2019,978,COD,Delivered
O017299,CUST017300,R017299,5/10/2023,1512,Card,Delivered
O017300,CUST017301,R017300,12/11/2024,1749,COD,Delivered
O017301,CUST017302,R017301,11/5/2021,1192,UPI,Delivered
O017302,CUST017303,R017302,11/16/2020,1829,UPI,Delivered
O017303,CUST017304,R017303,10/16/2024,1745,UPI,Delivered
O017304,CUST017305,R017304,7/15/2020,1498,COD,Delivered
O017305,CUST017306,R017305,10/15/2020,830,COD,Delivered
O017306,CUST017307,R017306,7/13/2024,447,COD,Delivered
O017307,CUST017308,R017307,5/10/2020,969,Card,Delivered
O017308,CUST017309,R017308,7/26/2025,148,COD,Delivered
O017309,CUST017310,R017309,12/5/2021,1140,UPI,Delivered
O017310,CUST017311,R017310,8/1/2019,521,Wallet,Delivered
O017311,CUST017312,R017311,2/28/2020,1066,COD,Delivered
O017312,CUST017313,R017312,9/10/2021,1730,Wallet,Cancelled
O017313,CUST017314,R017313,12/12/2024,904,COD,Delivered
O017314,CUST017315,R017314,3/5/2019,1411,UPI,Delivered
O017315,CUST017316,R017315,3/18/2023,1028,UPI,Delivered
O017316,CUST017317,R017316,12/4/2020,1789,UPI,Delivered
O017317,CUST017318,R017317,6/26/2020,1542,Wallet,Delivered
O017318,CUST017319,R017318,2/16/2025,1459,UPI,Delivered
O017319,CUST017320,R017319,8/17/2020,1965,COD,Cancelled
O017320,CUST017321,R017320,8/5/2022,1645,Card,Delivered
O017321,CUST017322,R017321,9/8/2020,1839,Card,Delivered
O017322,CUST017323,R017322,8/27/2023,757,Card,Delivered
O017323,CUST017324,R017323,8/23/2019,106,COD,Delivered
O017324,CUST017325,R017324,6/23/2022,681,COD,Delivered
O017325,CUST017326,R017325,2/5/2020,501,Wallet,Delivered
O017326,CUST017327,R017326,10/24/2024,521,COD,Delivered
O017327,CUST017328,R017327,9/7/2019,1027,COD,Delivered
O017328,CUST017329,R017328,8/4/2025,643,Wallet,Delivered
O017329,CUST017330,R017329,12/27/2024,1449,UPI,Delivered
O017330,CUST017331,R017330,2/20/2022,314,Wallet,Delivered
O017331,CUST017332,R017331,11/25/2023,1075,Wallet,Delivered
O017332,CUST017333,R017332,4/11/2022,1755,Wallet,Delivered
O017333,CUST017334,R017333,10/14/2024,1689,UPI,Delivered
O017334,CUST017335,R017334,12/3/2022,1500,UPI,Delivered
O017335,CUST017336,R017335,1/24/2023,1385,UPI,Delivered
O017336,CUST017337,R017336,2/4/2019,1617,Card,Delivered
O017337,CUST017338,R017337,3/23/2023,298,Wallet,Delivered
O017338,CUST017339,R017338,7/15/2020,118,Card,Cancelled
O017339,CUST017340,R017339,5/19/2024,181,UPI,Cancelled
O017340,CUST017341,R017340,5/1/2021,1227,UPI,Delivered
O017341,CUST017342,R017341,9/7/2022,1210,Card,Delivered
O017342,CUST017343,R017342,11/15/2023,638,UPI,Delivered
O017343,CUST017344,R017343,10/24/2024,168,Card,Delivered
O017344,CUST017345,R017344,4/16/2022,307,COD,Delivered
O017345,CUST017346,R017345,12/27/2023,1955,COD,Delivered
O017346,CUST017347,R017346,8/22/2022,878,Wallet,Delivered
O017347,CUST017348,R017347,10/26/2019,689,Card,Delivered
O017348,CUST017349,R017348,5/28/2020,617,COD,Delivered
O017349,CUST017350,R017349,10/20/2020,849,UPI,Delivered
O017350,CUST017351,R017350,2/11/2022,673,Card,Delivered
O017351,CUST017352,R017351,11/3/2024,1207,UPI,Cancelled
O017352,CUST017353,R017352,5/7/2023,1450,COD,Cancelled
O017353,CUST017354,R017353,5/5/2020,1378,Wallet,Delivered
O017354,CUST017355,R017354,5/2/2024,827,Wallet,Delivered
O017355,CUST017356,R017355,4/12/2023,1266,Wallet,Cancelled
O017356,CUST017357,R017356,6/18/2019,1685,Card,Delivered
O017357,CUST017358,R017357,2/18/2021,1824,Wallet,Delivered
O017358,CUST017359,R017358,12/9/2023,1616,Card,Delivered
O017359,CUST017360,R017359,8/16/2022,1872,Card,Delivered
O017360,CUST017361,R017360,5/20/2021,1316,UPI,Cancelled
O017361,CUST017362,R017361,9/22/2024,407,COD,Delivered
O017362,CUST017363,R017362,1/15/2022,466,Card,Delivered
O017363,CUST017364,R017363,12/20/2020,824,UPI,Delivered
O017364,CUST017365,R017364,5/17/2025,823,COD,Delivered
O017365,CUST017366,R017365,9/1/2020,177,Card,Delivered
O017366,CUST017367,R017366,6/2/2022,996,Wallet,Cancelled
O017367,CUST017368,R017367,6/4/2024,487,Card,Delivered
O017368,CUST017369,R017368,9/21/2023,920,Wallet,Delivered
O017369,CUST017370,R017369,10/12/2022,1301,Wallet,Delivered
O017370,CUST017371,R017370,10/12/2023,727,COD,Delivered
O017371,CUST017372,R017371,12/3/2023,1232,UPI,Cancelled
O017372,CUST017373,R017372,11/11/2024,1532,UPI,Cancelled
O017373,CUST017374,R017373,7/4/2021,1360,UPI,Delivered
O017374,CUST017375,R017374,5/16/2025,452,UPI,Delivered
O017375,CUST017376,R017375,5/12/2022,1522,Card,Delivered
O017376,CUST017377,R017376,11/21/2025,868,COD,Delivered
O017377,CUST017378,R017377,5/25/2025,1923,COD,Delivered
O017378,CUST017379,R017378,11/17/2023,222,Card,Delivered
O017379,CUST017380,R017379,2/3/2025,1214,COD,Delivered
O017380,CUST017381,R017380,10/4/2022,1542,Card,Cancelled
O017381,CUST017382,R017381,5/22/2023,1139,Wallet,Delivered
O017382,CUST017383,R017382,12/5/2020,500,Wallet,Delivered
O017383,CUST017384,R017383,4/28/2024,1262,COD,Delivered
O017384,CUST017385,R017384,9/7/2021,1281,COD,Delivered
O017385,CUST017386,R017385,11/12/2024,687,Wallet,Delivered
O017386,CUST017387,R017386,6/5/2019,1448,UPI,Delivered
O017387,CUST017388,R017387,8/24/2022,1080,UPI,Delivered
O017388,CUST017389,R017388,7/28/2025,1312,UPI,Delivered
O017389,CUST017390,R017389,8/16/2023,484,Wallet,Delivered
O017390,CUST017391,R017390,1/19/2020,1016,Card,Delivered
O017391,CUST017392,R017391,6/12/2023,1783,UPI,Delivered
O017392,CUST017393,R017392,10/25/2020,1842,Card,Delivered
O017393,CUST017394,R017393,5/16/2024,1650,UPI,Delivered
O017394,CUST017395,R017394,1/16/2025,756,UPI,Delivered
O017395,CUST017396,R017395,7/28/2020,117,COD,Delivered
O017396,CUST017397,R017396,7/23/2019,921,Wallet,Delivered
O017397,CUST017398,R017397,7/8/2025,183,Card,Delivered
O017398,CUST017399,R017398,5/21/2024,304,COD,Delivered
O017399,CUST017400,R017399,6/28/2019,1239,COD,Delivered
O017400,CUST017401,R017400,8/6/2022,734,Wallet,Delivered
O017401,CUST017402,R017401,11/22/2022,972,UPI,Delivered
O017402,CUST017403,R017402,9/13/2025,1113,COD,Delivered
O017403,CUST017404,R017403,11/28/2025,1124,Wallet,Delivered
O017404,CUST017405,R017404,6/9/2025,1399,COD,Delivered
O017405,CUST017406,R017405,2/7/2020,1502,UPI,Delivered
O017406,CUST017407,R017406,12/11/2019,1441,Card,Delivered
O017407,CUST017408,R017407,7/18/2025,1384,COD,Delivered
O017408,CUST017409,R017408,1/10/2020,1110,UPI,Delivered
O017409,CUST017410,R017409,11/17/2023,1633,Wallet,Delivered
O017410,CUST017411,R017410,8/18/2025,939,Wallet,Delivered
O017411,CUST017412,R017411,3/6/2021,1016,UPI,Delivered
O017412,CUST017413,R017412,8/10/2025,1061,UPI,Delivered
O017413,CUST017414,R017413,5/9/2022,1873,UPI,Delivered
O017414,CUST017415,R017414,8/5/2021,1685,UPI,Cancelled
O017415,CUST017416,R017415,8/11/2020,1868,UPI,Delivered
O017416,CUST017417,R017416,1/11/2024,1841,COD,Delivered
O017417,CUST017418,R017417,10/26/2025,1396,Wallet,Delivered
O017418,CUST017419,R017418,4/17/2019,313,COD,Delivered
O017419,CUST017420,R017419,2/22/2023,296,UPI,Delivered
O017420,CUST017421,R017420,11/18/2022,237,Card,Delivered
O017421,CUST017422,R017421,4/20/2023,1822,COD,Delivered
O017422,CUST017423,R017422,6/2/2022,361,COD,Delivered
O017423,CUST017424,R017423,2/1/2022,1047,Wallet,Delivered
O017424,CUST017425,R017424,6/1/2023,675,Card,Delivered
O017425,CUST017426,R017425,10/19/2020,678,Wallet,Delivered
O017426,CUST017427,R017426,1/3/2024,967,COD,Delivered
O017427,CUST017428,R017427,2/7/2021,412,Wallet,Delivered
O017428,CUST017429,R017428,4/5/2022,1659,Wallet,Cancelled
O017429,CUST017430,R017429,12/6/2021,1500,Wallet,Delivered
O017430,CUST017431,R017430,3/7/2025,1013,Wallet,Delivered
O017431,CUST017432,R017431,2/4/2025,1830,Wallet,Delivered
O017432,CUST017433,R017432,10/16/2025,918,UPI,Delivered
O017433,CUST017434,R017433,10/13/2019,345,UPI,Delivered
O017434,CUST017435,R017434,7/15/2025,1483,Wallet,Delivered
O017435,CUST017436,R017435,3/12/2020,152,Card,Delivered
O017436,CUST017437,R017436,10/23/2024,662,UPI,Delivered
O017437,CUST017438,R017437,12/3/2025,1477,UPI,Delivered
O017438,CUST017439,R017438,1/14/2022,338,COD,Delivered
O017439,CUST017440,R017439,12/26/2024,627,COD,Delivered
O017440,CUST017441,R017440,1/19/2021,1929,COD,Delivered
O017441,CUST017442,R017441,8/27/2019,1275,Card,Delivered
O017442,CUST017443,R017442,1/3/2023,228,Wallet,Delivered
O017443,CUST017444,R017443,10/2/2025,1164,Wallet,Delivered
O017444,CUST017445,R017444,10/26/2020,1351,Wallet,Delivered
O017445,CUST017446,R017445,8/4/2023,962,UPI,Delivered
O017446,CUST017447,R017446,3/14/2024,564,Wallet,Delivered
O017447,CUST017448,R017447,10/23/2021,638,Wallet,Delivered
O017448,CUST017449,R017448,3/13/2025,244,Card,Cancelled
O017449,CUST017450,R017449,9/16/2023,1718,Card,Cancelled
O017450,CUST017451,R017450,2/19/2021,1522,Card,Delivered
O017451,CUST017452,R017451,2/18/2025,382,UPI,Delivered
O017452,CUST017453,R017452,12/27/2022,1683,Card,Cancelled
O017453,CUST017454,R017453,1/20/2022,287,COD,Delivered
O017454,CUST017455,R017454,12/28/2024,431,Card,Cancelled
O017455,CUST017456,R017455,7/18/2024,447,COD,Cancelled
O017456,CUST017457,R017456,2/2/2023,1207,UPI,Delivered
O017457,CUST017458,R017457,10/6/2020,122,Wallet,Delivered
O017458,CUST017459,R017458,8/1/2025,622,Wallet,Delivered
O017459,CUST017460,R017459,2/8/2024,1193,Wallet,Delivered
O017460,CUST017461,R017460,8/7/2021,253,COD,Delivered
O017461,CUST017462,R017461,7/7/2022,1762,Wallet,Delivered
O017462,CUST017463,R017462,12/11/2025,1379,UPI,Delivered
O017463,CUST017464,R017463,1/13/2021,1630,UPI,Delivered
O017464,CUST017465,R017464,10/12/2020,1179,UPI,Delivered
O017465,CUST017466,R017465,2/8/2024,1299,UPI,Delivered
O017466,CUST017467,R017466,9/14/2024,1980,Wallet,Cancelled
O017467,CUST017468,R017467,5/10/2022,1992,UPI,Delivered
O017468,CUST017469,R017468,3/13/2019,1964,COD,Delivered
O017469,CUST017470,R017469,6/27/2025,1836,Card,Delivered
O017470,CUST017471,R017470,4/15/2020,1640,Card,Delivered
O017471,CUST017472,R017471,3/24/2025,239,UPI,Cancelled
O017472,CUST017473,R017472,8/17/2024,852,Wallet,Delivered
O017473,CUST017474,R017473,12/1/2025,535,COD,Delivered
O017474,CUST017475,R017474,3/2/2023,490,COD,Cancelled
O017475,CUST017476,R017475,9/20/2023,472,Wallet,Delivered
O017476,CUST017477,R017476,4/8/2023,1289,Card,Delivered
O017477,CUST017478,R017477,11/21/2022,839,COD,Delivered
O017478,CUST017479,R017478,2/5/2019,488,COD,Delivered
O017479,CUST017480,R017479,9/9/2024,279,Wallet,Delivered
O017480,CUST017481,R017480,9/25/2021,1185,Wallet,Delivered
O017481,CUST017482,R017481,5/1/2019,1196,COD,Delivered
O017482,CUST017483,R017482,3/2/2022,1199,Wallet,Delivered
O017483,CUST017484,R017483,7/3/2024,1319,Wallet,Delivered
O017484,CUST017485,R017484,3/12/2023,613,Wallet,Delivered
O017485,CUST017486,R017485,4/6/2019,1941,Card,Delivered
O017486,CUST017487,R017486,7/18/2024,1669,COD,Delivered
O017487,CUST017488,R017487,9/7/2019,1579,Card,Delivered
O017488,CUST017489,R017488,9/8/2022,1561,Card,Delivered
O017489,CUST017490,R017489,5/27/2024,1490,UPI,Delivered
O017490,CUST017491,R017490,12/17/2021,1929,COD,Delivered
O017491,CUST017492,R017491,6/21/2023,148,UPI,Delivered
O017492,CUST017493,R017492,6/12/2021,1796,COD,Delivered
O017493,CUST017494,R017493,1/20/2025,706,UPI,Delivered
O017494,CUST017495,R017494,1/24/2021,1825,COD,Delivered
O017495,CUST017496,R017495,10/25/2022,859,COD,Delivered
O017496,CUST017497,R017496,8/28/2019,973,UPI,Cancelled
O017497,CUST017498,R017497,5/21/2025,229,COD,Delivered
O017498,CUST017499,R017498,10/21/2021,1558,COD,Delivered
O017499,CUST017500,R017499,7/12/2023,397,Wallet,Delivered
O017500,CUST017501,R017500,6/9/2021,1239,UPI,Delivered
O017501,CUST017502,R017501,8/3/2024,1177,COD,Cancelled
O017502,CUST017503,R017502,10/8/2024,1281,UPI,Cancelled
O017503,CUST017504,R017503,12/12/2021,136,Wallet,Delivered
O017504,CUST017505,R017504,9/16/2025,950,Wallet,Delivered
O017505,CUST017506,R017505,6/7/2025,1456,COD,Delivered
O017506,CUST017507,R017506,9/14/2020,323,COD,Delivered
O017507,CUST017508,R017507,3/8/2020,1441,Card,Delivered
O017508,CUST017509,R017508,6/20/2024,475,UPI,Delivered
O017509,CUST017510,R017509,7/23/2022,1602,Card,Delivered
O017510,CUST017511,R017510,10/25/2022,1791,COD,Delivered
O017511,CUST017512,R017511,10/15/2021,652,COD,Delivered
O017512,CUST017513,R017512,12/21/2024,1919,Wallet,Delivered
O017513,CUST017514,R017513,10/4/2024,1948,COD,Delivered
O017514,CUST017515,R017514,11/26/2019,377,COD,Delivered
O017515,CUST017516,R017515,6/9/2020,1325,UPI,Delivered
O017516,CUST017517,R017516,2/4/2025,1191,Wallet,Delivered
O017517,CUST017518,R017517,12/4/2025,994,Wallet,Delivered
O017518,CUST017519,R017518,2/10/2023,1501,UPI,Delivered
O017519,CUST017520,R017519,12/15/2023,1422,Wallet,Delivered
O017520,CUST017521,R017520,2/15/2025,1659,Card,Delivered
O017521,CUST017522,R017521,7/20/2024,1531,UPI,Delivered
O017522,CUST017523,R017522,9/11/2019,1821,Card,Cancelled
O017523,CUST017524,R017523,1/27/2025,425,UPI,Delivered
O017524,CUST017525,R017524,9/16/2019,1751,COD,Delivered
O017525,CUST017526,R017525,5/25/2024,1963,COD,Cancelled
O017526,CUST017527,R017526,2/4/2022,676,COD,Delivered
O017527,CUST017528,R017527,9/16/2020,1894,Card,Cancelled
O017528,CUST017529,R017528,9/3/2022,979,Card,Delivered
O017529,CUST017530,R017529,6/27/2022,851,Wallet,Delivered
O017530,CUST017531,R017530,2/5/2020,611,Wallet,Delivered
O017531,CUST017532,R017531,2/4/2023,402,Wallet,Delivered
O017532,CUST017533,R017532,6/25/2023,1038,COD,Delivered
O017533,CUST017534,R017533,8/11/2020,1746,COD,Delivered
O017534,CUST017535,R017534,12/7/2025,1148,Wallet,Delivered
O017535,CUST017536,R017535,9/5/2025,1437,UPI,Delivered
O017536,CUST017537,R017536,2/23/2020,1053,Wallet,Delivered
O017537,CUST017538,R017537,11/25/2021,1367,UPI,Delivered
O017538,CUST017539,R017538,8/20/2025,1624,Wallet,Delivered
O017539,CUST017540,R017539,12/14/2021,293,COD,Cancelled
O017540,CUST017541,R017540,11/17/2022,1684,UPI,Delivered
O017541,CUST017542,R017541,1/26/2019,1607,Card,Delivered
O017542,CUST017543,R017542,7/9/2022,1846,COD,Delivered
O017543,CUST017544,R017543,9/28/2020,763,UPI,Delivered
O017544,CUST017545,R017544,8/13/2023,1925,Wallet,Delivered
O017545,CUST017546,R017545,2/22/2020,654,COD,Delivered
O017546,CUST017547,R017546,4/5/2022,474,Card,Delivered
O017547,CUST017548,R017547,5/17/2024,808,COD,Delivered
O017548,CUST017549,R017548,5/27/2020,857,Card,Delivered
O017549,CUST017550,R017549,7/1/2019,604,Wallet,Delivered
O017550,CUST017551,R017550,10/23/2024,744,COD,Delivered
O017551,CUST017552,R017551,6/10/2020,285,COD,Delivered
O017552,CUST017553,R017552,1/5/2025,1613,Card,Delivered
O017553,CUST017554,R017553,2/8/2021,1552,Card,Cancelled
O017554,CUST017555,R017554,10/6/2021,985,Wallet,Delivered
O017555,CUST017556,R017555,5/28/2024,1223,UPI,Delivered
O017556,CUST017557,R017556,8/22/2024,1150,Wallet,Delivered
O017557,CUST017558,R017557,5/5/2022,1345,Card,Delivered
O017558,CUST017559,R017558,8/12/2024,206,COD,Delivered
O017559,CUST017560,R017559,12/11/2022,1752,COD,Delivered
O017560,CUST017561,R017560,6/15/2021,1556,Wallet,Delivered
O017561,CUST017562,R017561,2/19/2019,1485,UPI,Delivered
O017562,CUST017563,R017562,10/24/2021,265,COD,Delivered
O017563,CUST017564,R017563,3/19/2024,852,UPI,Delivered
O017564,CUST017565,R017564,12/20/2021,1802,COD,Delivered
O017565,CUST017566,R017565,10/20/2019,1229,COD,Delivered
O017566,CUST017567,R017566,5/3/2023,324,Card,Delivered
O017567,CUST017568,R017567,10/28/2021,645,Wallet,Delivered
O017568,CUST017569,R017568,1/22/2019,838,Card,Delivered
O017569,CUST017570,R017569,10/3/2019,941,COD,Delivered
O017570,CUST017571,R017570,7/7/2024,962,Wallet,Cancelled
O017571,CUST017572,R017571,3/7/2023,878,COD,Delivered
O017572,CUST017573,R017572,12/8/2024,1368,Card,Delivered
O017573,CUST017574,R017573,10/9/2025,1600,Card,Delivered
O017574,CUST017575,R017574,1/3/2020,1102,UPI,Delivered
O017575,CUST017576,R017575,10/18/2021,1782,UPI,Delivered
O017576,CUST017577,R017576,6/14/2019,1529,Wallet,Delivered
O017577,CUST017578,R017577,4/14/2024,1418,Card,Delivered
O017578,CUST017579,R017578,6/14/2021,323,Card,Delivered
O017579,CUST017580,R017579,2/12/2021,1841,Card,Delivered
O017580,CUST017581,R017580,7/3/2023,435,UPI,Delivered
O017581,CUST017582,R017581,5/17/2025,1510,Card,Delivered
O017582,CUST017583,R017582,5/25/2021,986,Wallet,Delivered
O017583,CUST017584,R017583,5/21/2024,117,Wallet,Delivered
O017584,CUST017585,R017584,5/23/2020,921,COD,Delivered
O017585,CUST017586,R017585,8/9/2024,1455,Wallet,Delivered
O017586,CUST017587,R017586,2/10/2022,799,COD,Delivered
O017587,CUST017588,R017587,9/3/2022,1320,UPI,Delivered
O017588,CUST017589,R017588,2/19/2019,936,UPI,Delivered
O017589,CUST017590,R017589,4/2/2024,1747,UPI,Delivered
O017590,CUST017591,R017590,9/22/2022,1507,Wallet,Delivered
O017591,CUST017592,R017591,2/15/2024,1379,Card,Delivered
O017592,CUST017593,R017592,11/16/2019,1879,Card,Delivered
O017593,CUST017594,R017593,7/3/2023,1491,UPI,Delivered
O017594,CUST017595,R017594,12/7/2021,1555,Card,Delivered
O017595,CUST017596,R017595,9/26/2024,646,UPI,Delivered
O017596,CUST017597,R017596,9/22/2022,1602,COD,Delivered
O017597,CUST017598,R017597,4/17/2022,538,Card,Delivered
O017598,CUST017599,R017598,4/3/2019,358,COD,Cancelled
O017599,CUST017600,R017599,7/20/2021,416,COD,Cancelled
O017600,CUST017601,R017600,11/5/2025,980,Card,Delivered
O017601,CUST017602,R017601,4/6/2023,553,Wallet,Delivered
O017602,CUST017603,R017602,12/24/2019,1364,UPI,Delivered
O017603,CUST017604,R017603,1/18/2022,234,COD,Cancelled
O017604,CUST017605,R017604,3/25/2024,1039,Wallet,Delivered
O017605,CUST017606,R017605,3/10/2023,1539,Wallet,Delivered
O017606,CUST017607,R017606,1/13/2023,1599,UPI,Delivered
O017607,CUST017608,R017607,12/1/2021,1346,UPI,Delivered
O017608,CUST017609,R017608,5/21/2025,1279,Wallet,Delivered
O017609,CUST017610,R017609,6/4/2024,1262,COD,Cancelled
O017610,CUST017611,R017610,11/22/2024,155,Wallet,Delivered
O017611,CUST017612,R017611,1/12/2024,1875,COD,Delivered
O017612,CUST017613,R017612,7/17/2023,1932,Card,Delivered
O017613,CUST017614,R017613,3/28/2023,1608,Card,Delivered
O017614,CUST017615,R017614,5/16/2023,213,COD,Cancelled
O017615,CUST017616,R017615,11/19/2019,981,UPI,Delivered
O017616,CUST017617,R017616,7/28/2022,515,Card,Delivered
O017617,CUST017618,R017617,7/19/2021,227,COD,Delivered
O017618,CUST017619,R017618,6/5/2025,1915,Card,Delivered
O017619,CUST017620,R017619,3/21/2020,831,Wallet,Delivered
O017620,CUST017621,R017620,6/25/2020,534,Card,Delivered
O017621,CUST017622,R017621,3/26/2025,468,COD,Delivered
O017622,CUST017623,R017622,6/20/2023,451,Wallet,Delivered
O017623,CUST017624,R017623,10/10/2021,399,Card,Delivered
O017624,CUST017625,R017624,1/28/2023,1101,UPI,Delivered
O017625,CUST017626,R017625,3/5/2023,1295,Card,Delivered
O017626,CUST017627,R017626,12/3/2020,1480,Wallet,Delivered
O017627,CUST017628,R017627,8/4/2020,780,Wallet,Cancelled
O017628,CUST017629,R017628,6/7/2025,1224,Wallet,Cancelled
O017629,CUST017630,R017629,9/16/2021,1605,Card,Delivered
O017630,CUST017631,R017630,4/16/2020,1745,Wallet,Delivered
O017631,CUST017632,R017631,7/8/2020,1531,Card,Delivered
O017632,CUST017633,R017632,6/16/2022,447,UPI,Delivered
O017633,CUST017634,R017633,5/20/2024,1205,UPI,Cancelled
O017634,CUST017635,R017634,11/21/2019,259,Card,Delivered
O017635,CUST017636,R017635,6/14/2022,1968,Card,Delivered
O017636,CUST017637,R017636,3/19/2021,680,UPI,Delivered
O017637,CUST017638,R017637,12/23/2019,718,COD,Delivered
O017638,CUST017639,R017638,11/27/2025,1968,Card,Delivered
O017639,CUST017640,R017639,5/28/2020,1096,Wallet,Delivered
O017640,CUST017641,R017640,11/5/2022,401,Card,Delivered
O017641,CUST017642,R017641,1/19/2020,840,COD,Delivered
O017642,CUST017643,R017642,12/11/2023,1266,Wallet,Delivered
O017643,CUST017644,R017643,4/10/2019,647,COD,Delivered
O017644,CUST017645,R017644,3/2/2022,1147,UPI,Cancelled
O017645,CUST017646,R017645,3/10/2020,1441,Wallet,Delivered
O017646,CUST017647,R017646,11/1/2024,1314,Wallet,Delivered
O017647,CUST017648,R017647,5/16/2019,1820,COD,Delivered
O017648,CUST017649,R017648,6/11/2024,695,UPI,Delivered
O017649,CUST017650,R017649,7/14/2025,297,Card,Delivered
O017650,CUST017651,R017650,12/17/2021,1346,COD,Delivered
O017651,CUST017652,R017651,3/9/2023,1584,Card,Delivered
O017652,CUST017653,R017652,8/23/2022,1184,Card,Delivered
O017653,CUST017654,R017653,11/6/2021,1457,Card,Delivered
O017654,CUST017655,R017654,5/20/2025,1060,Wallet,Delivered
O017655,CUST017656,R017655,8/12/2019,421,Wallet,Delivered
O017656,CUST017657,R017656,1/27/2023,1220,COD,Delivered
O017657,CUST017658,R017657,8/5/2022,1234,COD,Delivered
O017658,CUST017659,R017658,7/11/2025,597,COD,Delivered
O017659,CUST017660,R017659,11/4/2020,1358,UPI,Delivered
O017660,CUST017661,R017660,4/24/2024,974,Wallet,Delivered
O017661,CUST017662,R017661,6/27/2021,783,UPI,Delivered
O017662,CUST017663,R017662,12/14/2023,341,Wallet,Delivered
O017663,CUST017664,R017663,8/18/2024,867,Card,Delivered
O017664,CUST017665,R017664,8/10/2021,1628,UPI,Delivered
O017665,CUST017666,R017665,8/23/2022,1986,Card,Delivered
O017666,CUST017667,R017666,12/16/2022,1545,UPI,Delivered
O017667,CUST017668,R017667,5/14/2025,676,UPI,Cancelled
O017668,CUST017669,R017668,2/26/2020,1937,COD,Delivered
O017669,CUST017670,R017669,5/21/2019,836,Wallet,Cancelled
O017670,CUST017671,R017670,12/3/2021,1863,Card,Delivered
O017671,CUST017672,R017671,12/21/2023,257,COD,Delivered
O017672,CUST017673,R017672,7/26/2022,1153,COD,Delivered
O017673,CUST017674,R017673,6/5/2019,591,COD,Cancelled
O017674,CUST017675,R017674,2/22/2023,574,Wallet,Delivered
O017675,CUST017676,R017675,6/9/2023,1013,COD,Delivered
O017676,CUST017677,R017676,2/27/2024,1018,UPI,Delivered
O017677,CUST017678,R017677,9/7/2020,1244,COD,Delivered
O017678,CUST017679,R017678,2/5/2022,1603,UPI,Delivered
O017679,CUST017680,R017679,4/13/2022,1161,UPI,Delivered
O017680,CUST017681,R017680,2/16/2020,1347,UPI,Delivered
O017681,CUST017682,R017681,4/7/2022,1031,Card,Delivered
O017682,CUST017683,R017682,1/15/2021,453,UPI,Delivered
O017683,CUST017684,R017683,10/12/2019,1654,UPI,Delivered
O017684,CUST017685,R017684,8/15/2025,1774,Card,Delivered
O017685,CUST017686,R017685,6/21/2019,1825,Wallet,Delivered
O017686,CUST017687,R017686,12/19/2021,1794,Wallet,Delivered
O017687,CUST017688,R017687,2/16/2023,1286,Wallet,Cancelled
O017688,CUST017689,R017688,11/9/2020,1719,UPI,Delivered
O017689,CUST017690,R017689,7/10/2025,1730,Card,Delivered
O017690,CUST017691,R017690,1/25/2019,1111,Wallet,Delivered
O017691,CUST017692,R017691,8/15/2019,414,COD,Delivered
O017692,CUST017693,R017692,6/23/2020,146,UPI,Delivered
O017693,CUST017694,R017693,5/14/2024,158,Card,Delivered
O017694,CUST017695,R017694,1/19/2021,1787,Card,Delivered
O017695,CUST017696,R017695,12/28/2025,319,COD,Delivered
O017696,CUST017697,R017696,12/23/2025,955,COD,Delivered
O017697,CUST017698,R017697,11/28/2019,584,Card,Delivered
O017698,CUST017699,R017698,6/19/2023,637,Wallet,Delivered
O017699,CUST017700,R017699,1/3/2025,1454,Card,Delivered
O017700,CUST017701,R017700,11/6/2022,1913,Wallet,Delivered
O017701,CUST017702,R017701,3/4/2024,1510,Wallet,Delivered
O017702,CUST017703,R017702,3/5/2020,1347,Wallet,Delivered
O017703,CUST017704,R017703,11/6/2024,902,COD,Delivered
O017704,CUST017705,R017704,11/10/2021,1980,Wallet,Delivered
O017705,CUST017706,R017705,10/18/2024,774,UPI,Delivered
O017706,CUST017707,R017706,5/11/2019,202,UPI,Delivered
O017707,CUST017708,R017707,1/13/2021,1403,Wallet,Delivered
O017708,CUST017709,R017708,1/10/2025,1836,Card,Delivered
O017709,CUST017710,R017709,4/18/2023,615,UPI,Delivered
O017710,CUST017711,R017710,12/1/2020,1388,UPI,Cancelled
O017711,CUST017712,R017711,6/13/2023,253,COD,Delivered
O017712,CUST017713,R017712,9/25/2020,547,Card,Delivered
O017713,CUST017714,R017713,8/16/2024,1573,COD,Delivered
O017714,CUST017715,R017714,11/26/2025,1170,UPI,Delivered
O017715,CUST017716,R017715,8/2/2020,1975,COD,Delivered
O017716,CUST017717,R017716,6/1/2019,1009,COD,Delivered
O017717,CUST017718,R017717,1/25/2024,707,COD,Delivered
O017718,CUST017719,R017718,11/27/2024,435,Wallet,Delivered
O017719,CUST017720,R017719,5/5/2019,1894,Wallet,Delivered
O017720,CUST017721,R017720,3/14/2023,124,Wallet,Delivered
O017721,CUST017722,R017721,5/5/2022,154,Card,Cancelled
O017722,CUST017723,R017722,12/12/2025,1672,Card,Cancelled
O017723,CUST017724,R017723,1/17/2022,1475,UPI,Delivered
O017724,CUST017725,R017724,3/16/2021,297,UPI,Delivered
O017725,CUST017726,R017725,4/26/2025,1603,UPI,Cancelled
O017726,CUST017727,R017726,4/19/2022,208,COD,Delivered
O017727,CUST017728,R017727,2/27/2021,325,Card,Delivered
O017728,CUST017729,R017728,10/17/2023,161,COD,Delivered
O017729,CUST017730,R017729,7/1/2019,1053,UPI,Delivered
O017730,CUST017731,R017730,12/5/2022,229,COD,Delivered
O017731,CUST017732,R017731,7/28/2020,479,Wallet,Delivered
O017732,CUST017733,R017732,5/6/2024,1092,Wallet,Delivered
O017733,CUST017734,R017733,6/5/2022,212,COD,Delivered
O017734,CUST017735,R017734,9/5/2020,1672,Wallet,Delivered
O017735,CUST017736,R017735,6/5/2021,1288,UPI,Delivered
O017736,CUST017737,R017736,9/11/2023,1588,UPI,Delivered
O017737,CUST017738,R017737,2/11/2025,968,Wallet,Delivered
O017738,CUST017739,R017738,10/7/2025,1220,Wallet,Delivered
O017739,CUST017740,R017739,4/13/2022,1900,Wallet,Cancelled
O017740,CUST017741,R017740,8/9/2022,1842,UPI,Delivered
O017741,CUST017742,R017741,2/12/2022,1853,Card,Delivered
O017742,CUST017743,R017742,10/24/2021,1725,Card,Delivered
O017743,CUST017744,R017743,9/14/2021,1746,Card,Delivered
O017744,CUST017745,R017744,8/25/2022,1996,UPI,Cancelled
O017745,CUST017746,R017745,6/16/2019,708,COD,Delivered
O017746,CUST017747,R017746,9/28/2023,256,Card,Delivered
O017747,CUST017748,R017747,8/28/2020,443,COD,Cancelled
O017748,CUST017749,R017748,12/14/2021,381,Wallet,Delivered
O017749,CUST017750,R017749,1/6/2020,1204,Card,Delivered
O017750,CUST017751,R017750,8/21/2025,760,Wallet,Delivered
O017751,CUST017752,R017751,5/2/2025,880,Wallet,Delivered
O017752,CUST017753,R017752,12/8/2024,665,Wallet,Delivered
O017753,CUST017754,R017753,4/3/2025,1458,Wallet,Delivered
O017754,CUST017755,R017754,10/6/2024,1470,COD,Delivered
O017755,CUST017756,R017755,12/8/2019,1342,Wallet,Delivered
O017756,CUST017757,R017756,12/9/2022,1469,Wallet,Delivered
O017757,CUST017758,R017757,10/13/2021,470,Wallet,Delivered
O017758,CUST017759,R017758,6/4/2025,1799,Card,Delivered
O017759,CUST017760,R017759,1/16/2020,1520,COD,Cancelled
O017760,CUST017761,R017760,1/3/2024,1532,UPI,Delivered
O017761,CUST017762,R017761,3/3/2022,1514,UPI,Delivered
O017762,CUST017763,R017762,5/24/2019,1405,UPI,Delivered
O017763,CUST017764,R017763,4/15/2021,1849,Card,Delivered
O017764,CUST017765,R017764,9/21/2024,1969,Wallet,Delivered
O017765,CUST017766,R017765,1/11/2023,1754,COD,Delivered
O017766,CUST017767,R017766,4/19/2024,1182,UPI,Delivered
O017767,CUST017768,R017767,1/23/2020,1670,Card,Delivered
O017768,CUST017769,R017768,12/24/2025,710,COD,Delivered
O017769,CUST017770,R017769,8/25/2023,1085,UPI,Delivered
O017770,CUST017771,R017770,11/23/2022,130,COD,Delivered
O017771,CUST017772,R017771,4/18/2025,1415,COD,Delivered
O017772,CUST017773,R017772,9/10/2022,247,COD,Delivered
O017773,CUST017774,R017773,9/7/2023,1148,UPI,Delivered
O017774,CUST017775,R017774,11/25/2024,1131,COD,Delivered
O017775,CUST017776,R017775,10/6/2024,1065,Wallet,Delivered
O017776,CUST017777,R017776,12/9/2023,1956,Wallet,Delivered
O017777,CUST017778,R017777,1/15/2021,871,COD,Delivered
O017778,CUST017779,R017778,9/5/2024,1371,Card,Delivered
O017779,CUST017780,R017779,11/14/2024,276,Wallet,Delivered
O017780,CUST017781,R017780,2/4/2021,1330,Card,Delivered
O017781,CUST017782,R017781,4/18/2022,326,UPI,Delivered
O017782,CUST017783,R017782,8/22/2025,1714,UPI,Delivered
O017783,CUST017784,R017783,5/25/2022,1648,Card,Delivered
O017784,CUST017785,R017784,7/13/2020,180,Card,Delivered
O017785,CUST017786,R017785,10/19/2024,1808,COD,Delivered
O017786,CUST017787,R017786,5/2/2025,1111,Card,Delivered
O017787,CUST017788,R017787,10/20/2023,1759,Card,Delivered
O017788,CUST017789,R017788,5/1/2019,855,Wallet,Delivered
O017789,CUST017790,R017789,6/4/2025,727,Wallet,Delivered
O017790,CUST017791,R017790,7/24/2021,915,COD,Delivered
O017791,CUST017792,R017791,1/2/2024,1416,UPI,Cancelled
O017792,CUST017793,R017792,3/14/2022,1331,Wallet,Delivered
O017793,CUST017794,R017793,1/15/2021,1374,Card,Delivered
O017794,CUST017795,R017794,3/20/2020,1426,UPI,Delivered
O017795,CUST017796,R017795,2/9/2019,1933,Card,Delivered
O017796,CUST017797,R017796,9/25/2019,281,UPI,Delivered
O017797,CUST017798,R017797,7/14/2019,1602,Card,Delivered
O017798,CUST017799,R017798,10/21/2022,1853,COD,Delivered
O017799,CUST017800,R017799,8/3/2021,310,Card,Delivered
O017800,CUST017801,R017800,5/10/2020,1808,Card,Delivered
O017801,CUST017802,R017801,6/1/2019,899,Card,Delivered
O017802,CUST017803,R017802,9/25/2023,772,Wallet,Delivered
O017803,CUST017804,R017803,3/4/2023,575,COD,Delivered
O017804,CUST017805,R017804,5/3/2022,186,Wallet,Delivered
O017805,CUST017806,R017805,10/23/2019,947,COD,Delivered
O017806,CUST017807,R017806,9/9/2023,1656,COD,Delivered
O017807,CUST017808,R017807,12/1/2025,1043,Wallet,Delivered
O017808,CUST017809,R017808,5/4/2021,1592,UPI,Delivered
O017809,CUST017810,R017809,6/22/2023,910,Wallet,Delivered
O017810,CUST017811,R017810,1/23/2020,1219,Wallet,Delivered
O017811,CUST017812,R017811,2/17/2022,1469,Wallet,Delivered
O017812,CUST017813,R017812,2/12/2021,1827,COD,Cancelled
O017813,CUST017814,R017813,10/12/2024,1468,UPI,Delivered
O017814,CUST017815,R017814,2/24/2021,1528,UPI,Delivered
O017815,CUST017816,R017815,6/7/2021,1766,COD,Delivered
O017816,CUST017817,R017816,11/26/2025,677,Wallet,Delivered
O017817,CUST017818,R017817,2/13/2024,1878,COD,Delivered
O017818,CUST017819,R017818,1/18/2021,608,Card,Delivered
O017819,CUST017820,R017819,9/4/2022,384,COD,Delivered
O017820,CUST017821,R017820,6/16/2019,658,Wallet,Delivered
O017821,CUST017822,R017821,4/27/2023,1208,Card,Delivered
O017822,CUST017823,R017822,7/4/2024,570,Wallet,Delivered
O017823,CUST017824,R017823,7/25/2020,879,COD,Delivered
O017824,CUST017825,R017824,10/12/2024,370,COD,Delivered
O017825,CUST017826,R017825,6/6/2025,1203,UPI,Delivered
O017826,CUST017827,R017826,6/6/2019,1447,Card,Delivered
O017827,CUST017828,R017827,5/2/2021,949,Wallet,Delivered
O017828,CUST017829,R017828,12/25/2025,1142,Wallet,Delivered
O017829,CUST017830,R017829,6/19/2024,1065,COD,Delivered
O017830,CUST017831,R017830,8/4/2021,1255,Card,Cancelled
O017831,CUST017832,R017831,4/12/2023,1886,COD,Cancelled
O017832,CUST017833,R017832,8/10/2025,1710,Card,Cancelled
O017833,CUST017834,R017833,3/14/2019,1413,Wallet,Cancelled
O017834,CUST017835,R017834,10/18/2020,1597,UPI,Delivered
O017835,CUST017836,R017835,5/23/2019,121,COD,Delivered
O017836,CUST017837,R017836,8/16/2024,746,UPI,Delivered
O017837,CUST017838,R017837,10/18/2023,1691,Card,Delivered
O017838,CUST017839,R017838,10/18/2021,820,COD,Delivered
O017839,CUST017840,R017839,4/25/2021,175,Card,Delivered
O017840,CUST017841,R017840,5/27/2023,564,COD,Delivered
O017841,CUST017842,R017841,11/20/2022,802,Card,Delivered
O017842,CUST017843,R017842,11/1/2024,726,COD,Delivered
O017843,CUST017844,R017843,6/8/2023,871,COD,Cancelled
O017844,CUST017845,R017844,11/6/2025,787,Card,Delivered
O017845,CUST017846,R017845,12/4/2022,1326,Card,Delivered
O017846,CUST017847,R017846,6/9/2020,1565,Wallet,Delivered
O017847,CUST017848,R017847,1/1/2019,1214,Wallet,Cancelled
O017848,CUST017849,R017848,1/17/2020,1632,Wallet,Delivered
O017849,CUST017850,R017849,5/13/2021,1374,Wallet,Delivered
O017850,CUST017851,R017850,6/12/2025,1308,Card,Delivered
O017851,CUST017852,R017851,5/13/2021,1492,Card,Delivered
O017852,CUST017853,R017852,10/6/2021,1691,Card,Delivered
O017853,CUST017854,R017853,10/1/2019,355,UPI,Delivered
O017854,CUST017855,R017854,7/15/2023,1431,UPI,Delivered
O017855,CUST017856,R017855,6/24/2024,517,Card,Delivered
O017856,CUST017857,R017856,12/23/2025,1542,COD,Delivered
O017857,CUST017858,R017857,1/15/2020,403,Card,Delivered
O017858,CUST017859,R017858,1/1/2024,943,Wallet,Delivered
O017859,CUST017860,R017859,6/3/2020,292,COD,Delivered
O017860,CUST017861,R017860,4/24/2021,1301,Wallet,Delivered
O017861,CUST017862,R017861,1/18/2020,831,UPI,Delivered
O017862,CUST017863,R017862,7/1/2024,1593,UPI,Delivered
O017863,CUST017864,R017863,9/20/2021,1352,Wallet,Cancelled
O017864,CUST017865,R017864,9/13/2019,1018,Card,Cancelled
O017865,CUST017866,R017865,5/8/2021,1779,Card,Delivered
O017866,CUST017867,R017866,2/1/2023,1412,UPI,Delivered
O017867,CUST017868,R017867,6/5/2025,1475,UPI,Delivered
O017868,CUST017869,R017868,11/24/2022,560,UPI,Delivered
O017869,CUST017870,R017869,12/24/2020,177,COD,Delivered
O017870,CUST017871,R017870,1/17/2025,491,Card,Cancelled
O017871,CUST017872,R017871,9/2/2019,273,COD,Cancelled
O017872,CUST017873,R017872,8/19/2023,335,COD,Cancelled
O017873,CUST017874,R017873,10/4/2021,1092,Card,Delivered
O017874,CUST017875,R017874,2/28/2020,448,Wallet,Delivered
O017875,CUST017876,R017875,7/23/2024,1253,Wallet,Delivered
O017876,CUST017877,R017876,9/17/2023,1980,COD,Delivered
O017877,CUST017878,R017877,11/22/2021,634,Wallet,Delivered
O017878,CUST017879,R017878,6/5/2023,1396,Wallet,Delivered
O017879,CUST017880,R017879,7/11/2022,1499,Wallet,Delivered
O017880,CUST017881,R017880,2/27/2020,1129,UPI,Delivered
O017881,CUST017882,R017881,3/19/2019,1188,Wallet,Delivered
O017882,CUST017883,R017882,6/5/2020,1172,COD,Delivered
O017883,CUST017884,R017883,6/17/2024,108,COD,Delivered
O017884,CUST017885,R017884,10/12/2020,1833,Card,Delivered
O017885,CUST017886,R017885,11/15/2019,1853,Card,Delivered
O017886,CUST017887,R017886,6/27/2022,1721,UPI,Delivered
O017887,CUST017888,R017887,12/14/2020,1965,COD,Cancelled
O017888,CUST017889,R017888,10/18/2019,869,Card,Delivered
O017889,CUST017890,R017889,6/27/2025,230,Card,Delivered
O017890,CUST017891,R017890,7/17/2023,251,COD,Cancelled
O017891,CUST017892,R017891,6/27/2023,298,COD,Cancelled
O017892,CUST017893,R017892,3/5/2023,1115,UPI,Delivered
O017893,CUST017894,R017893,7/1/2024,920,UPI,Delivered
O017894,CUST017895,R017894,1/3/2019,421,COD,Delivered
O017895,CUST017896,R017895,6/28/2020,360,Wallet,Delivered
O017896,CUST017897,R017896,10/8/2023,313,Card,Delivered
O017897,CUST017898,R017897,5/28/2020,1021,UPI,Delivered
O017898,CUST017899,R017898,6/4/2024,1086,COD,Delivered
O017899,CUST017900,R017899,7/2/2025,1400,Wallet,Delivered
O017900,CUST017901,R017900,11/3/2019,630,COD,Delivered
O017901,CUST017902,R017901,10/6/2021,1070,Wallet,Delivered
O017902,CUST017903,R017902,6/15/2024,1495,UPI,Cancelled
O017903,CUST017904,R017903,12/13/2020,1385,Wallet,Delivered
O017904,CUST017905,R017904,3/2/2020,1387,UPI,Delivered
O017905,CUST017906,R017905,9/14/2024,303,UPI,Delivered
O017906,CUST017907,R017906,7/17/2022,1121,UPI,Delivered
O017907,CUST017908,R017907,11/19/2023,1939,Card,Delivered
O017908,CUST017909,R017908,12/16/2019,1921,Card,Delivered
O017909,CUST017910,R017909,12/17/2025,595,UPI,Delivered
O017910,CUST017911,R017910,1/22/2022,639,Card,Delivered
O017911,CUST017912,R017911,6/27/2024,1888,Card,Delivered
O017912,CUST017913,R017912,10/25/2019,1054,Wallet,Delivered
O017913,CUST017914,R017913,10/4/2023,290,COD,Delivered
O017914,CUST017915,R017914,9/18/2021,687,COD,Delivered
O017915,CUST017916,R017915,5/10/2024,1111,COD,Delivered
O017916,CUST017917,R017916,12/10/2022,111,COD,Delivered
O017917,CUST017918,R017917,9/25/2022,1047,UPI,Delivered
O017918,CUST017919,R017918,5/8/2019,1298,Wallet,Delivered
O017919,CUST017920,R017919,4/27/2021,1165,Wallet,Cancelled
O017920,CUST017921,R017920,7/14/2025,1729,COD,Delivered
O017921,CUST017922,R017921,4/11/2022,648,UPI,Delivered
O017922,CUST017923,R017922,3/12/2020,256,UPI,Delivered
O017923,CUST017924,R017923,4/15/2021,1267,Card,Cancelled
O017924,CUST017925,R017924,11/8/2024,1504,UPI,Cancelled
O017925,CUST017926,R017925,7/22/2023,671,UPI,Delivered
O017926,CUST017927,R017926,1/27/2025,919,UPI,Delivered
O017927,CUST017928,R017927,4/13/2021,347,COD,Delivered
O017928,CUST017929,R017928,1/4/2019,1744,COD,Delivered
O017929,CUST017930,R017929,2/19/2024,821,COD,Delivered
O017930,CUST017931,R017930,5/19/2024,1091,COD,Delivered
O017931,CUST017932,R017931,8/9/2022,497,Wallet,Delivered
O017932,CUST017933,R017932,1/2/2019,1252,UPI,Delivered
O017933,CUST017934,R017933,7/21/2020,884,Wallet,Delivered
O017934,CUST017935,R017934,11/1/2019,693,UPI,Delivered
O017935,CUST017936,R017935,11/13/2023,300,Wallet,Delivered
O017936,CUST017937,R017936,3/16/2019,1354,Card,Delivered
O017937,CUST017938,R017937,12/8/2024,1548,Card,Delivered
O017938,CUST017939,R017938,11/22/2021,1902,UPI,Delivered
O017939,CUST017940,R017939,7/15/2019,1455,UPI,Delivered
O017940,CUST017941,R017940,8/14/2019,564,UPI,Delivered
O017941,CUST017942,R017941,7/20/2024,1832,Card,Delivered
O017942,CUST017943,R017942,6/20/2022,438,Wallet,Delivered
O017943,CUST017944,R017943,12/2/2020,1720,Card,Delivered
O017944,CUST017945,R017944,2/19/2022,107,COD,Delivered
O017945,CUST017946,R017945,12/25/2022,868,Card,Delivered
O017946,CUST017947,R017946,8/3/2020,544,COD,Delivered
O017947,CUST017948,R017947,11/23/2019,483,Wallet,Cancelled
O017948,CUST017949,R017948,7/7/2025,927,COD,Cancelled
O017949,CUST017950,R017949,12/26/2020,938,UPI,Delivered
O017950,CUST017951,R017950,3/3/2019,1209,COD,Delivered
O017951,CUST017952,R017951,9/3/2019,1562,UPI,Delivered
O017952,CUST017953,R017952,7/12/2021,1070,UPI,Delivered
O017953,CUST017954,R017953,6/15/2023,1193,Wallet,Delivered
O017954,CUST017955,R017954,12/7/2025,1449,UPI,Delivered
O017955,CUST017956,R017955,1/15/2022,1999,UPI,Delivered
O017956,CUST017957,R017956,6/11/2020,1510,UPI,Delivered
O017957,CUST017958,R017957,6/13/2019,1625,Card,Delivered
O017958,CUST017959,R017958,8/19/2024,1672,Card,Delivered
O017959,CUST017960,R017959,8/26/2020,844,Card,Cancelled
O017960,CUST017961,R017960,2/18/2020,148,UPI,Delivered
O017961,CUST017962,R017961,1/19/2020,544,Card,Delivered
O017962,CUST017963,R017962,8/20/2021,555,Card,Delivered
O017963,CUST017964,R017963,12/7/2019,1837,Wallet,Delivered
O017964,CUST017965,R017964,12/26/2021,372,COD,Delivered
O017965,CUST017966,R017965,6/23/2024,1826,UPI,Delivered
O017966,CUST017967,R017966,6/13/2020,1905,Card,Delivered
O017967,CUST017968,R017967,7/17/2022,1638,UPI,Delivered
O017968,CUST017969,R017968,3/25/2021,1821,COD,Delivered
O017969,CUST017970,R017969,11/22/2021,855,COD,Delivered
O017970,CUST017971,R017970,1/26/2025,479,UPI,Delivered
O017971,CUST017972,R017971,12/17/2019,482,COD,Delivered
O017972,CUST017973,R017972,8/28/2025,1555,Card,Delivered
O017973,CUST017974,R017973,6/8/2021,1872,COD,Delivered
O017974,CUST017975,R017974,10/2/2019,1300,Wallet,Delivered
O017975,CUST017976,R017975,2/3/2025,1267,Wallet,Delivered
O017976,CUST017977,R017976,12/4/2023,816,Wallet,Delivered
O017977,CUST017978,R017977,10/9/2022,1889,Wallet,Delivered
O017978,CUST017979,R017978,2/17/2025,728,Wallet,Delivered
O017979,CUST017980,R017979,1/8/2020,155,UPI,Delivered
O017980,CUST017981,R017980,2/12/2024,1253,COD,Delivered
O017981,CUST017982,R017981,5/9/2021,1437,Card,Delivered
O017982,CUST017983,R017982,7/16/2023,472,UPI,Delivered
O017983,CUST017984,R017983,2/28/2025,1108,UPI,Cancelled
O017984,CUST017985,R017984,8/11/2021,142,COD,Delivered
O017985,CUST017986,R017985,12/23/2022,648,Card,Delivered
O017986,CUST017987,R017986,12/17/2022,1489,COD,Delivered
O017987,CUST017988,R017987,10/25/2019,1091,UPI,Delivered
O017988,CUST017989,R017988,5/26/2020,1938,COD,Delivered
O017989,CUST017990,R017989,4/26/2020,967,COD,Delivered
O017990,CUST017991,R017990,4/24/2024,617,COD,Delivered
O017991,CUST017992,R017991,11/26/2024,344,Wallet,Delivered
O017992,CUST017993,R017992,2/4/2022,1677,Card,Delivered
O017993,CUST017994,R017993,8/14/2021,1925,Card,Delivered
O017994,CUST017995,R017994,1/3/2023,1229,UPI,Delivered
O017995,CUST017996,R017995,7/11/2022,1101,UPI,Delivered
O017996,CUST017997,R017996,7/10/2025,898,Wallet,Delivered
O017997,CUST017998,R017997,12/6/2020,1659,UPI,Delivered
O017998,CUST017999,R017998,3/18/2024,1748,Card,Delivered
O017999,CUST018000,R017999,4/14/2022,1960,COD,Delivered
O018000,CUST018001,R018000,2/25/2024,245,Card,Delivered
O018001,CUST018002,R018001,8/16/2019,1982,COD,Delivered
O018002,CUST018003,R018002,4/28/2025,1012,UPI,Delivered
O018003,CUST018004,R018003,1/27/2023,705,COD,Delivered
O018004,CUST018005,R018004,3/27/2021,388,Wallet,Delivered
O018005,CUST018006,R018005,2/5/2022,1007,COD,Delivered
O018006,CUST018007,R018006,10/1/2024,1970,Card,Delivered
O018007,CUST018008,R018007,4/5/2019,1316,COD,Delivered
O018008,CUST018009,R018008,9/4/2020,1182,UPI,Delivered
O018009,CUST018010,R018009,8/10/2025,1433,Wallet,Delivered
O018010,CUST018011,R018010,9/9/2025,815,Wallet,Delivered
O018011,CUST018012,R018011,9/5/2025,1364,Wallet,Delivered
O018012,CUST018013,R018012,4/15/2019,1620,Wallet,Delivered
O018013,CUST018014,R018013,11/6/2024,1762,UPI,Delivered
O018014,CUST018015,R018014,4/10/2020,1774,Card,Delivered
O018015,CUST018016,R018015,4/22/2025,1640,Card,Delivered
O018016,CUST018017,R018016,2/9/2024,1698,Card,Delivered
O018017,CUST018018,R018017,3/22/2025,1949,UPI,Delivered
O018018,CUST018019,R018018,8/14/2022,624,COD,Delivered
O018019,CUST018020,R018019,2/26/2024,177,Card,Delivered
O018020,CUST018021,R018020,12/27/2021,1944,COD,Delivered
O018021,CUST018022,R018021,6/14/2022,799,Wallet,Delivered
O018022,CUST018023,R018022,4/5/2020,1094,Card,Delivered
O018023,CUST018024,R018023,7/18/2023,605,COD,Delivered
O018024,CUST018025,R018024,5/28/2020,986,COD,Delivered
O018025,CUST018026,R018025,8/10/2023,521,Wallet,Delivered
O018026,CUST018027,R018026,8/9/2019,1423,Wallet,Delivered
O018027,CUST018028,R018027,4/4/2020,1390,Wallet,Delivered
O018028,CUST018029,R018028,2/6/2025,1256,UPI,Delivered
O018029,CUST018030,R018029,11/3/2022,1806,UPI,Delivered
O018030,CUST018031,R018030,3/19/2020,677,Wallet,Delivered
O018031,CUST018032,R018031,3/9/2022,284,UPI,Delivered
O018032,CUST018033,R018032,10/21/2019,1868,Card,Delivered
O018033,CUST018034,R018033,2/8/2023,1133,UPI,Delivered
O018034,CUST018035,R018034,2/8/2024,1366,Wallet,Delivered
O018035,CUST018036,R018035,2/21/2023,1294,UPI,Delivered
O018036,CUST018037,R018036,8/14/2022,1738,Card,Cancelled
O018037,CUST018038,R018037,5/18/2021,174,Wallet,Delivered
O018038,CUST018039,R018038,5/13/2020,1612,COD,Delivered
O018039,CUST018040,R018039,10/17/2022,1039,UPI,Delivered
O018040,CUST018041,R018040,10/21/2019,1628,Card,Delivered
O018041,CUST018042,R018041,10/22/2019,488,COD,Delivered
O018042,CUST018043,R018042,10/19/2021,995,UPI,Delivered
O018043,CUST018044,R018043,4/22/2022,1941,COD,Delivered
O018044,CUST018045,R018044,2/25/2021,1373,COD,Delivered
O018045,CUST018046,R018045,8/9/2025,211,Card,Delivered
O018046,CUST018047,R018046,12/6/2022,750,Wallet,Delivered
O018047,CUST018048,R018047,5/24/2021,982,COD,Delivered
O018048,CUST018049,R018048,1/5/2024,910,Wallet,Delivered
O018049,CUST018050,R018049,12/9/2019,1845,COD,Delivered
O018050,CUST018051,R018050,8/13/2023,847,COD,Delivered
O018051,CUST018052,R018051,5/7/2020,1228,Card,Delivered
O018052,CUST018053,R018052,6/11/2024,131,Wallet,Delivered
O018053,CUST018054,R018053,12/2/2021,1245,UPI,Delivered
O018054,CUST018055,R018054,1/17/2020,280,UPI,Delivered
O018055,CUST018056,R018055,5/14/2021,1667,UPI,Delivered
O018056,CUST018057,R018056,5/22/2024,1562,Card,Delivered
O018057,CUST018058,R018057,4/12/2024,100,Card,Delivered
O018058,CUST018059,R018058,2/19/2025,1729,Card,Delivered
O018059,CUST018060,R018059,7/1/2022,901,Card,Delivered
O018060,CUST018061,R018060,1/18/2023,1653,Card,Delivered
O018061,CUST018062,R018061,10/27/2022,701,COD,Delivered
O018062,CUST018063,R018062,8/3/2021,573,COD,Delivered
O018063,CUST018064,R018063,6/23/2021,638,Card,Delivered
O018064,CUST018065,R018064,8/2/2022,887,Wallet,Cancelled
O018065,CUST018066,R018065,10/6/2021,760,Wallet,Delivered
O018066,CUST018067,R018066,7/6/2023,862,Card,Delivered
O018067,CUST018068,R018067,12/11/2020,908,UPI,Delivered
O018068,CUST018069,R018068,4/26/2021,1711,UPI,Cancelled
O018069,CUST018070,R018069,1/24/2024,240,Wallet,Delivered
O018070,CUST018071,R018070,8/13/2022,1523,Card,Delivered
O018071,CUST018072,R018071,10/19/2021,1773,Card,Delivered
O018072,CUST018073,R018072,11/2/2020,224,Card,Delivered
O018073,CUST018074,R018073,7/7/2021,1698,Card,Cancelled
O018074,CUST018075,R018074,9/1/2020,789,Card,Delivered
O018075,CUST018076,R018075,2/24/2023,618,Wallet,Delivered
O018076,CUST018077,R018076,4/2/2019,681,COD,Delivered
O018077,CUST018078,R018077,8/5/2020,1943,Wallet,Delivered
O018078,CUST018079,R018078,7/22/2024,848,COD,Delivered
O018079,CUST018080,R018079,3/7/2019,1377,COD,Delivered
O018080,CUST018081,R018080,2/27/2024,951,Wallet,Delivered
O018081,CUST018082,R018081,4/26/2021,1501,UPI,Delivered
O018082,CUST018083,R018082,9/18/2025,869,Wallet,Delivered
O018083,CUST018084,R018083,1/23/2020,1183,UPI,Delivered
O018084,CUST018085,R018084,10/16/2023,1389,COD,Delivered
O018085,CUST018086,R018085,1/11/2022,1742,Card,Delivered
O018086,CUST018087,R018086,1/11/2023,1315,UPI,Delivered
O018087,CUST018088,R018087,9/23/2020,1418,UPI,Delivered
O018088,CUST018089,R018088,2/6/2024,282,COD,Delivered
O018089,CUST018090,R018089,8/25/2023,789,Wallet,Delivered
O018090,CUST018091,R018090,2/15/2021,1735,COD,Cancelled
O018091,CUST018092,R018091,7/16/2024,465,Card,Delivered
O018092,CUST018093,R018092,6/2/2021,278,Card,Delivered
O018093,CUST018094,R018093,7/22/2022,611,Wallet,Delivered
O018094,CUST018095,R018094,12/21/2023,1118,Card,Delivered
O018095,CUST018096,R018095,11/2/2024,485,Wallet,Delivered
O018096,CUST018097,R018096,2/23/2022,798,COD,Delivered
O018097,CUST018098,R018097,9/11/2020,160,COD,Delivered
O018098,CUST018099,R018098,9/5/2024,1402,Card,Delivered
O018099,CUST018100,R018099,1/5/2023,1597,Card,Delivered
O018100,CUST018101,R018100,2/4/2020,1033,Wallet,Delivered
O018101,CUST018102,R018101,7/28/2020,1277,Wallet,Cancelled
O018102,CUST018103,R018102,11/20/2025,1221,COD,Delivered
O018103,CUST018104,R018103,1/9/2020,1111,Card,Delivered
O018104,CUST018105,R018104,5/10/2021,1736,COD,Delivered
O018105,CUST018106,R018105,6/8/2025,1555,Card,Delivered
O018106,CUST018107,R018106,5/12/2019,1890,Wallet,Cancelled
O018107,CUST018108,R018107,5/12/2025,1550,UPI,Delivered
O018108,CUST018109,R018108,5/21/2021,1936,COD,Cancelled
O018109,CUST018110,R018109,11/14/2019,666,Wallet,Delivered
O018110,CUST018111,R018110,1/17/2022,1612,UPI,Cancelled
O018111,CUST018112,R018111,2/25/2019,779,COD,Delivered
O018112,CUST018113,R018112,7/24/2020,127,UPI,Delivered
O018113,CUST018114,R018113,9/26/2019,410,COD,Delivered
O018114,CUST018115,R018114,1/19/2024,654,Card,Delivered
O018115,CUST018116,R018115,12/28/2025,838,COD,Delivered
O018116,CUST018117,R018116,9/8/2025,771,COD,Delivered
O018117,CUST018118,R018117,9/4/2025,507,Card,Delivered
O018118,CUST018119,R018118,2/2/2020,1172,UPI,Delivered
O018119,CUST018120,R018119,5/6/2019,1155,Wallet,Delivered
O018120,CUST018121,R018120,11/22/2025,1172,Wallet,Delivered
O018121,CUST018122,R018121,4/16/2025,1596,Wallet,Delivered
O018122,CUST018123,R018122,12/11/2021,1295,COD,Delivered
O018123,CUST018124,R018123,1/11/2022,1229,UPI,Delivered
O018124,CUST018125,R018124,8/11/2021,1406,Card,Delivered
O018125,CUST018126,R018125,9/6/2024,1644,Card,Delivered
O018126,CUST018127,R018126,7/28/2021,1971,Wallet,Delivered
O018127,CUST018128,R018127,12/13/2024,1282,Card,Delivered
O018128,CUST018129,R018128,8/22/2020,628,Card,Delivered
O018129,CUST018130,R018129,1/2/2021,1399,Card,Delivered
O018130,CUST018131,R018130,10/14/2025,298,Card,Delivered
O018131,CUST018132,R018131,6/27/2020,832,COD,Delivered
O018132,CUST018133,R018132,1/1/2021,1782,Card,Delivered
O018133,CUST018134,R018133,7/18/2022,788,COD,Delivered
O018134,CUST018135,R018134,12/10/2019,324,COD,Delivered
O018135,CUST018136,R018135,5/21/2019,955,UPI,Delivered
O018136,CUST018137,R018136,2/12/2024,882,COD,Delivered
O018137,CUST018138,R018137,12/6/2025,927,Card,Delivered
O018138,CUST018139,R018138,5/28/2019,1689,Card,Cancelled
O018139,CUST018140,R018139,3/28/2024,1301,UPI,Delivered
O018140,CUST018141,R018140,10/2/2020,1369,Card,Delivered
O018141,CUST018142,R018141,3/23/2025,672,Wallet,Delivered
O018142,CUST018143,R018142,3/23/2019,1935,COD,Delivered
O018143,CUST018144,R018143,6/15/2021,342,Card,Delivered
O018144,CUST018145,R018144,6/28/2025,1888,COD,Delivered
O018145,CUST018146,R018145,6/17/2019,1870,COD,Delivered
O018146,CUST018147,R018146,6/26/2020,1007,Card,Delivered
O018147,CUST018148,R018147,6/26/2021,368,Wallet,Delivered
O018148,CUST018149,R018148,9/22/2024,1173,Wallet,Delivered
O018149,CUST018150,R018149,10/13/2023,1939,Card,Delivered
O018150,CUST018151,R018150,2/21/2021,588,UPI,Delivered
O018151,CUST018152,R018151,6/3/2022,1306,COD,Delivered
O018152,CUST018153,R018152,8/10/2024,1413,Wallet,Delivered
O018153,CUST018154,R018153,6/26/2024,986,UPI,Delivered
O018154,CUST018155,R018154,6/18/2020,1345,Wallet,Delivered
O018155,CUST018156,R018155,1/4/2024,1028,COD,Delivered
O018156,CUST018157,R018156,9/16/2023,1859,COD,Delivered
O018157,CUST018158,R018157,1/10/2022,1678,Card,Delivered
O018158,CUST018159,R018158,2/11/2021,1487,Card,Delivered
O018159,CUST018160,R018159,1/21/2020,1679,UPI,Delivered
O018160,CUST018161,R018160,12/12/2022,1885,COD,Delivered
O018161,CUST018162,R018161,1/16/2021,789,Card,Delivered
O018162,CUST018163,R018162,8/25/2024,146,Card,Delivered
O018163,CUST018164,R018163,9/16/2021,204,COD,Cancelled
O018164,CUST018165,R018164,9/26/2024,1977,Card,Cancelled
O018165,CUST018166,R018165,12/4/2021,1030,Wallet,Delivered
O018166,CUST018167,R018166,8/28/2019,777,Card,Delivered
O018167,CUST018168,R018167,3/27/2025,961,COD,Delivered
O018168,CUST018169,R018168,4/27/2019,682,Wallet,Delivered
O018169,CUST018170,R018169,5/13/2020,630,COD,Delivered
O018170,CUST018171,R018170,9/4/2024,1295,UPI,Delivered
O018171,CUST018172,R018171,6/8/2021,1104,Card,Delivered
O018172,CUST018173,R018172,6/3/2020,1294,Wallet,Delivered
O018173,CUST018174,R018173,10/1/2021,1117,COD,Delivered
O018174,CUST018175,R018174,12/4/2020,990,Wallet,Delivered
O018175,CUST018176,R018175,11/13/2021,1410,UPI,Delivered
O018176,CUST018177,R018176,6/14/2022,1293,Wallet,Delivered
O018177,CUST018178,R018177,2/1/2023,1340,UPI,Delivered
O018178,CUST018179,R018178,7/21/2020,262,UPI,Delivered
O018179,CUST018180,R018179,12/16/2023,977,UPI,Delivered
O018180,CUST018181,R018180,8/18/2024,149,UPI,Delivered
O018181,CUST018182,R018181,11/15/2020,1772,UPI,Delivered
O018182,CUST018183,R018182,10/17/2024,311,UPI,Delivered
O018183,CUST018184,R018183,7/21/2021,528,Card,Delivered
O018184,CUST018185,R018184,6/24/2020,1483,Card,Delivered
O018185,CUST018186,R018185,2/19/2021,911,Wallet,Delivered
O018186,CUST018187,R018186,12/3/2023,211,Card,Delivered
O018187,CUST018188,R018187,5/14/2025,650,COD,Delivered
O018188,CUST018189,R018188,7/7/2022,1069,Card,Cancelled
O018189,CUST018190,R018189,8/11/2020,1922,COD,Delivered
O018190,CUST018191,R018190,10/24/2024,957,Wallet,Delivered
O018191,CUST018192,R018191,5/7/2020,891,Wallet,Delivered
O018192,CUST018193,R018192,1/26/2023,1128,Wallet,Cancelled
O018193,CUST018194,R018193,12/12/2021,1841,COD,Delivered
O018194,CUST018195,R018194,7/10/2022,500,Wallet,Delivered
O018195,CUST018196,R018195,9/11/2024,101,UPI,Delivered
O018196,CUST018197,R018196,9/22/2023,1155,UPI,Delivered
O018197,CUST018198,R018197,3/6/2022,1143,UPI,Delivered
O018198,CUST018199,R018198,3/16/2023,528,UPI,Delivered
O018199,CUST018200,R018199,12/25/2023,839,UPI,Delivered
O018200,CUST018201,R018200,6/11/2020,261,Card,Delivered
O018201,CUST018202,R018201,6/2/2019,1697,Card,Delivered
O018202,CUST018203,R018202,9/21/2020,172,Card,Delivered
O018203,CUST018204,R018203,10/18/2024,573,Card,Delivered
O018204,CUST018205,R018204,1/2/2021,1884,COD,Delivered
O018205,CUST018206,R018205,12/20/2025,744,UPI,Delivered
O018206,CUST018207,R018206,9/15/2023,1040,COD,Delivered
O018207,CUST018208,R018207,10/21/2020,587,UPI,Delivered
O018208,CUST018209,R018208,2/12/2022,145,Wallet,Delivered
O018209,CUST018210,R018209,8/15/2022,1199,UPI,Delivered
O018210,CUST018211,R018210,7/7/2020,1188,UPI,Delivered
O018211,CUST018212,R018211,6/17/2019,1627,UPI,Cancelled
O018212,CUST018213,R018212,2/12/2019,1310,UPI,Delivered
O018213,CUST018214,R018213,6/11/2020,479,Wallet,Delivered
O018214,CUST018215,R018214,8/18/2022,1742,Card,Delivered
O018215,CUST018216,R018215,5/22/2023,391,COD,Delivered
O018216,CUST018217,R018216,3/25/2022,1678,Card,Delivered
O018217,CUST018218,R018217,11/17/2020,1928,Card,Delivered
O018218,CUST018219,R018218,8/24/2023,789,COD,Delivered
O018219,CUST018220,R018219,3/2/2024,656,Card,Delivered
O018220,CUST018221,R018220,9/23/2025,203,Wallet,Cancelled
O018221,CUST018222,R018221,6/7/2021,817,COD,Cancelled
O018222,CUST018223,R018222,1/24/2022,785,UPI,Delivered
O018223,CUST018224,R018223,7/1/2019,804,COD,Delivered
O018224,CUST018225,R018224,12/26/2019,1417,Wallet,Delivered
O018225,CUST018226,R018225,1/7/2023,970,UPI,Delivered
O018226,CUST018227,R018226,8/13/2022,1152,Wallet,Delivered
O018227,CUST018228,R018227,6/5/2022,1359,UPI,Delivered
O018228,CUST018229,R018228,1/16/2025,1908,UPI,Delivered
O018229,CUST018230,R018229,9/9/2024,1294,UPI,Delivered
O018230,CUST018231,R018230,2/12/2022,1589,Card,Delivered
O018231,CUST018232,R018231,8/18/2023,1592,Card,Delivered
O018232,CUST018233,R018232,11/24/2019,758,Card,Cancelled
O018233,CUST018234,R018233,1/17/2022,1895,UPI,Delivered
O018234,CUST018235,R018234,12/16/2021,434,Card,Delivered
O018235,CUST018236,R018235,8/19/2022,445,Card,Delivered
O018236,CUST018237,R018236,2/5/2022,1432,Card,Delivered
O018237,CUST018238,R018237,10/21/2021,1034,Wallet,Delivered
O018238,CUST018239,R018238,1/4/2025,587,Card,Cancelled
O018239,CUST018240,R018239,1/23/2020,768,Card,Cancelled
O018240,CUST018241,R018240,2/27/2024,1018,UPI,Delivered
O018241,CUST018242,R018241,5/10/2022,1730,Card,Cancelled
O018242,CUST018243,R018242,5/4/2019,771,COD,Delivered
O018243,CUST018244,R018243,8/23/2025,400,UPI,Delivered
O018244,CUST018245,R018244,3/16/2021,445,COD,Delivered
O018245,CUST018246,R018245,7/27/2020,1513,UPI,Delivered
O018246,CUST018247,R018246,9/7/2021,1718,COD,Delivered
O018247,CUST018248,R018247,10/1/2025,1145,Wallet,Delivered
O018248,CUST018249,R018248,11/2/2021,1161,COD,Delivered
O018249,CUST018250,R018249,5/3/2021,286,Wallet,Delivered
O018250,CUST018251,R018250,1/3/2020,1746,Wallet,Delivered
O018251,CUST018252,R018251,7/15/2022,584,Wallet,Delivered
O018252,CUST018253,R018252,3/5/2019,1907,UPI,Delivered
O018253,CUST018254,R018253,1/10/2019,1206,Wallet,Delivered
O018254,CUST018255,R018254,12/9/2019,1391,Card,Delivered
O018255,CUST018256,R018255,11/14/2023,387,Wallet,Delivered
O018256,CUST018257,R018256,2/26/2020,1027,Wallet,Delivered
O018257,CUST018258,R018257,7/10/2024,1963,COD,Delivered
O018258,CUST018259,R018258,10/22/2021,241,Card,Delivered
O018259,CUST018260,R018259,7/16/2019,1378,Card,Delivered
O018260,CUST018261,R018260,6/23/2020,935,UPI,Delivered
O018261,CUST018262,R018261,3/24/2025,1789,Card,Delivered
O018262,CUST018263,R018262,1/26/2023,569,COD,Delivered
O018263,CUST018264,R018263,8/26/2020,517,COD,Delivered
O018264,CUST018265,R018264,1/24/2022,238,COD,Delivered
O018265,CUST018266,R018265,12/2/2023,1523,Card,Cancelled
O018266,CUST018267,R018266,3/12/2021,1835,Card,Delivered
O018267,CUST018268,R018267,4/5/2019,1007,UPI,Delivered
O018268,CUST018269,R018268,2/9/2025,1058,UPI,Delivered
O018269,CUST018270,R018269,11/7/2020,818,Wallet,Delivered
O018270,CUST018271,R018270,3/5/2019,1580,Wallet,Delivered
O018271,CUST018272,R018271,10/17/2021,1235,UPI,Delivered
O018272,CUST018273,R018272,10/11/2021,1485,Card,Delivered
O018273,CUST018274,R018273,5/18/2024,1607,Wallet,Cancelled
O018274,CUST018275,R018274,1/8/2025,1406,Card,Delivered
O018275,CUST018276,R018275,1/20/2022,185,UPI,Delivered
O018276,CUST018277,R018276,8/20/2022,561,COD,Delivered
O018277,CUST018278,R018277,9/25/2022,282,Wallet,Delivered
O018278,CUST018279,R018278,4/3/2021,722,COD,Delivered
O018279,CUST018280,R018279,9/27/2023,1879,Card,Delivered
O018280,CUST018281,R018280,8/6/2024,1231,COD,Delivered
O018281,CUST018282,R018281,12/25/2023,1103,UPI,Delivered
O018282,CUST018283,R018282,10/9/2025,1398,Wallet,Delivered
O018283,CUST018284,R018283,4/8/2022,735,Wallet,Delivered
O018284,CUST018285,R018284,12/4/2025,1279,Wallet,Delivered
O018285,CUST018286,R018285,8/14/2023,1529,Wallet,Delivered
O018286,CUST018287,R018286,7/6/2020,1652,UPI,Delivered
O018287,CUST018288,R018287,4/9/2021,1494,UPI,Delivered
O018288,CUST018289,R018288,5/21/2020,1241,UPI,Delivered
O018289,CUST018290,R018289,6/7/2020,1555,Card,Cancelled
O018290,CUST018291,R018290,4/20/2024,1800,UPI,Delivered
O018291,CUST018292,R018291,9/13/2019,513,COD,Cancelled
O018292,CUST018293,R018292,12/22/2025,320,Card,Delivered
O018293,CUST018294,R018293,12/28/2021,1859,COD,Delivered
O018294,CUST018295,R018294,6/11/2024,720,Wallet,Delivered
O018295,CUST018296,R018295,10/3/2025,1014,UPI,Delivered
O018296,CUST018297,R018296,5/18/2022,389,Wallet,Delivered
O018297,CUST018298,R018297,4/26/2021,939,COD,Delivered
O018298,CUST018299,R018298,4/8/2024,431,Wallet,Delivered
O018299,CUST018300,R018299,1/7/2020,1269,Wallet,Delivered
O018300,CUST018301,R018300,12/4/2023,1284,COD,Delivered
O018301,CUST018302,R018301,9/3/2021,901,UPI,Delivered
O018302,CUST018303,R018302,2/2/2022,1663,Wallet,Delivered
O018303,CUST018304,R018303,9/17/2024,528,Wallet,Delivered
O018304,CUST018305,R018304,4/7/2021,129,Card,Delivered
O018305,CUST018306,R018305,8/19/2022,1838,COD,Delivered
O018306,CUST018307,R018306,1/10/2021,1520,Card,Delivered
O018307,CUST018308,R018307,6/6/2024,1714,UPI,Delivered
O018308,CUST018309,R018308,6/25/2020,1642,Card,Delivered
O018309,CUST018310,R018309,2/18/2019,180,Card,Delivered
O018310,CUST018311,R018310,7/21/2023,128,Wallet,Delivered
O018311,CUST018312,R018311,9/18/2023,1565,Card,Cancelled
O018312,CUST018313,R018312,11/16/2025,953,Wallet,Delivered
O018313,CUST018314,R018313,8/20/2024,1485,UPI,Delivered
O018314,CUST018315,R018314,1/21/2020,1991,COD,Delivered
O018315,CUST018316,R018315,12/18/2025,895,UPI,Delivered
O018316,CUST018317,R018316,6/20/2021,1660,Card,Cancelled
O018317,CUST018318,R018317,5/23/2023,1218,COD,Delivered
O018318,CUST018319,R018318,8/7/2020,312,Card,Delivered
O018319,CUST018320,R018319,11/6/2025,708,Wallet,Delivered
O018320,CUST018321,R018320,1/22/2023,945,Wallet,Delivered
O018321,CUST018322,R018321,4/3/2019,830,Wallet,Delivered
O018322,CUST018323,R018322,2/7/2025,1761,Wallet,Delivered
O018323,CUST018324,R018323,3/12/2020,756,COD,Delivered
O018324,CUST018325,R018324,8/6/2021,1180,Card,Delivered
O018325,CUST018326,R018325,10/11/2022,1625,Wallet,Delivered
O018326,CUST018327,R018326,1/1/2024,1102,UPI,Delivered
O018327,CUST018328,R018327,1/16/2020,1782,Wallet,Delivered
O018328,CUST018329,R018328,8/13/2020,1517,UPI,Delivered
O018329,CUST018330,R018329,12/22/2025,1451,Card,Cancelled
O018330,CUST018331,R018330,8/18/2025,1891,Card,Delivered
O018331,CUST018332,R018331,6/16/2025,1830,Card,Delivered
O018332,CUST018333,R018332,12/3/2020,751,Card,Delivered
O018333,CUST018334,R018333,12/17/2025,1574,Card,Delivered
O018334,CUST018335,R018334,7/26/2021,491,COD,Delivered
O018335,CUST018336,R018335,1/1/2024,532,COD,Delivered
O018336,CUST018337,R018336,9/21/2020,546,Card,Delivered
O018337,CUST018338,R018337,12/1/2025,797,COD,Delivered
O018338,CUST018339,R018338,6/5/2024,719,Wallet,Delivered
O018339,CUST018340,R018339,3/3/2024,762,Wallet,Delivered
O018340,CUST018341,R018340,9/10/2021,508,Wallet,Delivered
O018341,CUST018342,R018341,3/25/2022,1134,Wallet,Cancelled
O018342,CUST018343,R018342,8/16/2020,1559,COD,Delivered
O018343,CUST018344,R018343,6/5/2025,1507,Card,Cancelled
O018344,CUST018345,R018344,9/11/2020,1495,Card,Delivered
O018345,CUST018346,R018345,4/25/2024,1982,Card,Delivered
O018346,CUST018347,R018346,5/26/2025,1618,Card,Cancelled
O018347,CUST018348,R018347,3/26/2024,710,UPI,Delivered
O018348,CUST018349,R018348,10/17/2021,575,Wallet,Delivered
O018349,CUST018350,R018349,10/25/2019,634,Card,Delivered
O018350,CUST018351,R018350,9/4/2023,1853,COD,Delivered
O018351,CUST018352,R018351,12/21/2025,763,COD,Delivered
O018352,CUST018353,R018352,11/6/2022,1296,Card,Cancelled
O018353,CUST018354,R018353,2/26/2020,596,Wallet,Delivered
O018354,CUST018355,R018354,7/25/2020,1222,Wallet,Delivered
O018355,CUST018356,R018355,4/17/2023,714,COD,Delivered
O018356,CUST018357,R018356,8/20/2021,1028,UPI,Delivered
O018357,CUST018358,R018357,9/12/2020,1539,COD,Delivered
O018358,CUST018359,R018358,1/13/2020,1642,Card,Delivered
O018359,CUST018360,R018359,12/9/2021,1235,UPI,Delivered
O018360,CUST018361,R018360,11/21/2019,1332,UPI,Delivered
O018361,CUST018362,R018361,1/4/2024,192,COD,Delivered
O018362,CUST018363,R018362,6/19/2021,742,Wallet,Delivered
O018363,CUST018364,R018363,2/14/2021,1513,COD,Cancelled
O018364,CUST018365,R018364,8/15/2020,379,Card,Delivered
O018365,CUST018366,R018365,10/1/2024,198,UPI,Delivered
O018366,CUST018367,R018366,10/21/2021,213,COD,Delivered
O018367,CUST018368,R018367,2/20/2020,1013,Card,Delivered
O018368,CUST018369,R018368,2/1/2023,373,Wallet,Delivered
O018369,CUST018370,R018369,6/22/2025,644,COD,Delivered
O018370,CUST018371,R018370,10/9/2022,267,Card,Delivered
O018371,CUST018372,R018371,12/7/2020,1259,Card,Delivered
O018372,CUST018373,R018372,3/4/2023,1322,Card,Delivered
O018373,CUST018374,R018373,12/2/2021,992,Wallet,Delivered
O018374,CUST018375,R018374,8/26/2019,1187,UPI,Delivered
O018375,CUST018376,R018375,6/14/2021,1371,COD,Delivered
O018376,CUST018377,R018376,10/8/2023,1309,Card,Delivered
O018377,CUST018378,R018377,7/10/2024,1940,COD,Delivered
O018378,CUST018379,R018378,4/10/2024,1716,UPI,Delivered
O018379,CUST018380,R018379,2/14/2021,1731,Wallet,Delivered
O018380,CUST018381,R018380,10/15/2022,1401,UPI,Delivered
O018381,CUST018382,R018381,4/20/2024,1651,Card,Cancelled
O018382,CUST018383,R018382,8/13/2022,556,Wallet,Delivered
O018383,CUST018384,R018383,5/15/2022,1719,UPI,Cancelled
O018384,CUST018385,R018384,7/26/2024,635,Card,Delivered
O018385,CUST018386,R018385,6/22/2022,1884,UPI,Cancelled
O018386,CUST018387,R018386,2/22/2025,369,COD,Delivered
O018387,CUST018388,R018387,6/17/2021,607,COD,Delivered
O018388,CUST018389,R018388,2/22/2023,746,COD,Delivered
O018389,CUST018390,R018389,5/5/2022,685,COD,Delivered
O018390,CUST018391,R018390,6/3/2021,428,Card,Delivered
O018391,CUST018392,R018391,9/2/2019,1136,UPI,Delivered
O018392,CUST018393,R018392,8/5/2025,255,COD,Delivered
O018393,CUST018394,R018393,10/20/2019,1017,Wallet,Delivered
O018394,CUST018395,R018394,12/14/2019,1443,Wallet,Cancelled
O018395,CUST018396,R018395,8/8/2022,1184,COD,Delivered
O018396,CUST018397,R018396,8/10/2024,1378,Wallet,Cancelled
O018397,CUST018398,R018397,4/13/2019,1263,Card,Cancelled
O018398,CUST018399,R018398,11/4/2022,1501,Card,Delivered
O018399,CUST018400,R018399,12/26/2025,1886,Wallet,Delivered
O018400,CUST018401,R018400,10/12/2023,1234,UPI,Cancelled
O018401,CUST018402,R018401,1/17/2020,406,Card,Delivered
O018402,CUST018403,R018402,1/28/2024,1314,Card,Delivered
O018403,CUST018404,R018403,3/13/2019,219,UPI,Delivered
O018404,CUST018405,R018404,5/24/2021,752,Card,Delivered
O018405,CUST018406,R018405,7/28/2022,1741,COD,Delivered
O018406,CUST018407,R018406,10/17/2021,678,COD,Delivered
O018407,CUST018408,R018407,12/9/2019,170,COD,Delivered
O018408,CUST018409,R018408,6/20/2022,805,Wallet,Delivered
O018409,CUST018410,R018409,7/11/2021,994,Card,Delivered
O018410,CUST018411,R018410,7/8/2021,924,UPI,Delivered
O018411,CUST018412,R018411,11/26/2022,1118,UPI,Cancelled
O018412,CUST018413,R018412,8/20/2020,787,COD,Delivered
O018413,CUST018414,R018413,4/21/2020,851,Card,Delivered
O018414,CUST018415,R018414,9/11/2022,626,Wallet,Delivered
O018415,CUST018416,R018415,6/10/2022,1893,Card,Delivered
O018416,CUST018417,R018416,8/13/2024,262,UPI,Delivered
O018417,CUST018418,R018417,10/27/2021,1808,Card,Delivered
O018418,CUST018419,R018418,9/16/2025,1786,COD,Delivered
O018419,CUST018420,R018419,8/26/2024,722,UPI,Delivered
O018420,CUST018421,R018420,9/25/2022,257,COD,Delivered
O018421,CUST018422,R018421,6/20/2022,1024,Wallet,Delivered
O018422,CUST018423,R018422,11/12/2019,150,Card,Delivered
O018423,CUST018424,R018423,12/24/2022,445,UPI,Delivered
O018424,CUST018425,R018424,10/27/2020,1199,COD,Delivered
O018425,CUST018426,R018425,6/8/2025,1302,Wallet,Delivered
O018426,CUST018427,R018426,1/24/2025,896,UPI,Delivered
O018427,CUST018428,R018427,5/12/2025,1254,Wallet,Delivered
O018428,CUST018429,R018428,8/2/2019,1509,COD,Delivered
O018429,CUST018430,R018429,7/15/2019,1823,COD,Delivered
O018430,CUST018431,R018430,4/8/2021,1599,UPI,Delivered
O018431,CUST018432,R018431,9/10/2025,1402,Card,Delivered
O018432,CUST018433,R018432,4/20/2019,1524,UPI,Delivered
O018433,CUST018434,R018433,1/19/2019,1774,COD,Delivered
O018434,CUST018435,R018434,9/15/2024,685,UPI,Delivered
O018435,CUST018436,R018435,1/24/2025,258,UPI,Delivered
O018436,CUST018437,R018436,8/18/2024,1961,COD,Cancelled
O018437,CUST018438,R018437,7/24/2024,1828,Card,Delivered
O018438,CUST018439,R018438,10/3/2020,919,Wallet,Delivered
O018439,CUST018440,R018439,2/27/2025,556,Card,Delivered
O018440,CUST018441,R018440,11/21/2025,875,COD,Delivered
O018441,CUST018442,R018441,12/25/2023,602,Wallet,Delivered
O018442,CUST018443,R018442,3/9/2021,551,Card,Delivered
O018443,CUST018444,R018443,11/3/2021,1259,UPI,Delivered
O018444,CUST018445,R018444,9/7/2020,1061,COD,Delivered
O018445,CUST018446,R018445,11/1/2023,1631,Wallet,Delivered
O018446,CUST018447,R018446,7/6/2020,1391,Wallet,Delivered
O018447,CUST018448,R018447,9/10/2024,1313,Wallet,Delivered
O018448,CUST018449,R018448,4/19/2019,1818,UPI,Delivered
O018449,CUST018450,R018449,7/19/2021,1150,Wallet,Delivered
O018450,CUST018451,R018450,1/5/2024,1191,UPI,Delivered
O018451,CUST018452,R018451,1/19/2024,108,UPI,Delivered
O018452,CUST018453,R018452,2/15/2024,930,Wallet,Delivered
O018453,CUST018454,R018453,2/10/2019,107,UPI,Cancelled
O018454,CUST018455,R018454,12/13/2022,1693,UPI,Delivered
O018455,CUST018456,R018455,9/14/2023,231,UPI,Delivered
O018456,CUST018457,R018456,10/19/2020,442,UPI,Delivered
O018457,CUST018458,R018457,12/24/2021,1262,UPI,Delivered
O018458,CUST018459,R018458,5/18/2022,864,Wallet,Delivered
O018459,CUST018460,R018459,5/1/2024,1958,Card,Delivered
O018460,CUST018461,R018460,6/13/2021,501,COD,Delivered
O018461,CUST018462,R018461,7/7/2025,1181,Card,Delivered
O018462,CUST018463,R018462,1/8/2019,1822,COD,Delivered
O018463,CUST018464,R018463,4/21/2021,851,Wallet,Delivered
O018464,CUST018465,R018464,7/5/2025,736,Wallet,Delivered
O018465,CUST018466,R018465,4/24/2019,718,Wallet,Delivered
O018466,CUST018467,R018466,2/7/2020,1625,COD,Cancelled
O018467,CUST018468,R018467,7/8/2022,463,Wallet,Delivered
O018468,CUST018469,R018468,5/9/2025,1922,UPI,Cancelled
O018469,CUST018470,R018469,7/20/2023,1070,UPI,Delivered
O018470,CUST018471,R018470,6/5/2021,1053,UPI,Delivered
O018471,CUST018472,R018471,5/12/2022,481,UPI,Delivered
O018472,CUST018473,R018472,8/24/2019,733,UPI,Cancelled
O018473,CUST018474,R018473,3/9/2025,117,COD,Delivered
O018474,CUST018475,R018474,3/1/2020,1810,Card,Delivered
O018475,CUST018476,R018475,4/20/2025,1930,Card,Delivered
O018476,CUST018477,R018476,7/16/2023,467,Card,Delivered
O018477,CUST018478,R018477,11/28/2024,396,COD,Delivered
O018478,CUST018479,R018478,12/18/2021,335,Wallet,Delivered
O018479,CUST018480,R018479,8/9/2021,527,Card,Delivered
O018480,CUST018481,R018480,12/17/2022,1980,Wallet,Delivered
O018481,CUST018482,R018481,4/4/2021,1582,Card,Delivered
O018482,CUST018483,R018482,1/7/2025,731,UPI,Delivered
O018483,CUST018484,R018483,6/27/2021,670,UPI,Delivered
O018484,CUST018485,R018484,6/9/2024,1536,UPI,Cancelled
O018485,CUST018486,R018485,6/12/2024,1269,Wallet,Delivered
O018486,CUST018487,R018486,2/11/2023,206,UPI,Delivered
O018487,CUST018488,R018487,8/17/2022,1854,Card,Delivered
O018488,CUST018489,R018488,8/21/2023,241,COD,Delivered
O018489,CUST018490,R018489,2/24/2023,1523,Card,Delivered
O018490,CUST018491,R018490,1/16/2020,1818,COD,Delivered
O018491,CUST018492,R018491,3/19/2024,423,COD,Delivered
O018492,CUST018493,R018492,10/24/2024,570,Card,Delivered
O018493,CUST018494,R018493,12/20/2020,123,Wallet,Delivered
O018494,CUST018495,R018494,8/4/2019,738,COD,Delivered
O018495,CUST018496,R018495,2/23/2019,1266,Wallet,Delivered
O018496,CUST018497,R018496,10/28/2019,757,COD,Delivered
O018497,CUST018498,R018497,4/25/2022,1327,Wallet,Delivered
O018498,CUST018499,R018498,2/6/2019,886,UPI,Delivered
O018499,CUST018500,R018499,8/12/2023,1008,Wallet,Cancelled
O018500,CUST018501,R018500,11/12/2023,1513,UPI,Delivered
O018501,CUST018502,R018501,12/15/2019,1802,Wallet,Delivered
O018502,CUST018503,R018502,12/8/2023,1140,UPI,Delivered
O018503,CUST018504,R018503,1/10/2020,1435,UPI,Delivered
O018504,CUST018505,R018504,3/16/2019,1056,Card,Delivered
O018505,CUST018506,R018505,10/19/2021,658,Card,Delivered
O018506,CUST018507,R018506,8/15/2022,1816,UPI,Delivered
O018507,CUST018508,R018507,5/14/2025,354,Card,Delivered
O018508,CUST018509,R018508,10/17/2021,359,UPI,Delivered
O018509,CUST018510,R018509,12/5/2020,1385,Card,Delivered
O018510,CUST018511,R018510,7/20/2024,988,COD,Delivered
O018511,CUST018512,R018511,6/3/2019,502,Card,Cancelled
O018512,CUST018513,R018512,2/22/2023,624,Wallet,Delivered
O018513,CUST018514,R018513,2/26/2020,1130,Card,Delivered
O018514,CUST018515,R018514,3/10/2021,530,Wallet,Cancelled
O018515,CUST018516,R018515,12/2/2023,1291,Wallet,Delivered
O018516,CUST018517,R018516,9/4/2022,1050,COD,Delivered
O018517,CUST018518,R018517,5/26/2021,847,COD,Delivered
O018518,CUST018519,R018518,6/13/2022,1370,UPI,Delivered
O018519,CUST018520,R018519,9/17/2022,1682,COD,Delivered
O018520,CUST018521,R018520,12/27/2024,1103,COD,Delivered
O018521,CUST018522,R018521,9/28/2022,1070,COD,Delivered
O018522,CUST018523,R018522,4/5/2024,196,COD,Delivered
O018523,CUST018524,R018523,1/2/2021,1699,COD,Cancelled
O018524,CUST018525,R018524,4/14/2025,368,Wallet,Delivered
O018525,CUST018526,R018525,7/4/2022,1827,UPI,Cancelled
O018526,CUST018527,R018526,4/9/2019,1319,Wallet,Delivered
O018527,CUST018528,R018527,7/7/2024,1242,UPI,Cancelled
O018528,CUST018529,R018528,9/14/2022,276,Wallet,Delivered
O018529,CUST018530,R018529,9/23/2023,917,Wallet,Cancelled
O018530,CUST018531,R018530,7/8/2020,1559,COD,Delivered
O018531,CUST018532,R018531,10/16/2019,1998,UPI,Delivered
O018532,CUST018533,R018532,9/14/2019,1298,Card,Delivered
O018533,CUST018534,R018533,11/22/2020,720,UPI,Delivered
O018534,CUST018535,R018534,4/22/2024,1743,Card,Delivered
O018535,CUST018536,R018535,4/27/2024,478,Card,Delivered
O018536,CUST018537,R018536,9/25/2023,431,COD,Delivered
O018537,CUST018538,R018537,6/23/2020,158,COD,Delivered
O018538,CUST018539,R018538,10/27/2024,1488,Card,Cancelled
O018539,CUST018540,R018539,10/10/2019,1947,COD,Delivered
O018540,CUST018541,R018540,7/4/2019,858,UPI,Delivered
O018541,CUST018542,R018541,6/8/2021,904,Wallet,Delivered
O018542,CUST018543,R018542,7/7/2023,534,COD,Delivered
O018543,CUST018544,R018543,2/3/2019,1219,Wallet,Delivered
O018544,CUST018545,R018544,6/11/2021,1091,UPI,Delivered
O018545,CUST018546,R018545,1/9/2023,1341,UPI,Delivered
O018546,CUST018547,R018546,7/16/2022,1523,Wallet,Delivered
O018547,CUST018548,R018547,9/4/2022,1359,UPI,Delivered
O018548,CUST018549,R018548,7/22/2019,138,Wallet,Delivered
O018549,CUST018550,R018549,4/18/2019,1949,Card,Delivered
O018550,CUST018551,R018550,1/18/2022,1677,Card,Delivered
O018551,CUST018552,R018551,3/24/2024,215,Wallet,Delivered
O018552,CUST018553,R018552,11/20/2019,1601,Card,Delivered
O018553,CUST018554,R018553,11/27/2022,945,COD,Delivered
O018554,CUST018555,R018554,12/17/2021,949,Wallet,Delivered
O018555,CUST018556,R018555,3/7/2019,1243,Wallet,Delivered
O018556,CUST018557,R018556,7/4/2024,374,Wallet,Delivered
O018557,CUST018558,R018557,6/27/2024,1179,UPI,Delivered
O018558,CUST018559,R018558,10/12/2021,1386,Wallet,Cancelled
O018559,CUST018560,R018559,1/4/2023,1567,Wallet,Delivered
O018560,CUST018561,R018560,6/7/2020,1403,UPI,Cancelled
O018561,CUST018562,R018561,8/23/2025,1194,UPI,Delivered
O018562,CUST018563,R018562,1/6/2022,136,Card,Cancelled
O018563,CUST018564,R018563,10/18/2025,1721,UPI,Delivered
O018564,CUST018565,R018564,5/12/2020,433,COD,Delivered
O018565,CUST018566,R018565,11/21/2019,235,UPI,Cancelled
O018566,CUST018567,R018566,11/28/2020,1749,Card,Delivered
O018567,CUST018568,R018567,3/18/2024,609,Wallet,Delivered
O018568,CUST018569,R018568,11/2/2021,865,UPI,Delivered
O018569,CUST018570,R018569,1/16/2020,1891,Wallet,Delivered
O018570,CUST018571,R018570,2/21/2019,796,COD,Delivered
O018571,CUST018572,R018571,5/7/2021,157,Wallet,Delivered
O018572,CUST018573,R018572,3/5/2025,1226,Wallet,Delivered
O018573,CUST018574,R018573,3/1/2025,1194,COD,Delivered
O018574,CUST018575,R018574,1/4/2019,811,UPI,Delivered
O018575,CUST018576,R018575,1/28/2022,1621,COD,Cancelled
O018576,CUST018577,R018576,1/13/2020,491,Wallet,Delivered
O018577,CUST018578,R018577,9/6/2024,1950,Card,Delivered
O018578,CUST018579,R018578,12/18/2021,1753,COD,Delivered
O018579,CUST018580,R018579,8/9/2025,1365,Card,Delivered
O018580,CUST018581,R018580,9/5/2025,225,UPI,Cancelled
O018581,CUST018582,R018581,10/25/2025,1536,UPI,Delivered
O018582,CUST018583,R018582,3/17/2022,1682,COD,Delivered
O018583,CUST018584,R018583,1/16/2019,412,Wallet,Cancelled
O018584,CUST018585,R018584,11/16/2021,1843,COD,Delivered
O018585,CUST018586,R018585,3/28/2022,1270,UPI,Delivered
O018586,CUST018587,R018586,6/24/2020,1866,UPI,Cancelled
O018587,CUST018588,R018587,6/1/2019,427,COD,Delivered
O018588,CUST018589,R018588,9/22/2024,809,UPI,Delivered
O018589,CUST018590,R018589,6/19/2024,1580,Card,Cancelled
O018590,CUST018591,R018590,3/23/2023,1183,COD,Delivered
O018591,CUST018592,R018591,3/6/2025,1997,Card,Delivered
O018592,CUST018593,R018592,2/4/2024,553,Wallet,Delivered
O018593,CUST018594,R018593,5/21/2019,791,COD,Delivered
O018594,CUST018595,R018594,7/28/2022,726,COD,Delivered
O018595,CUST018596,R018595,2/6/2025,1406,COD,Delivered
O018596,CUST018597,R018596,6/6/2025,612,COD,Delivered
O018597,CUST018598,R018597,6/4/2022,1031,Card,Delivered
O018598,CUST018599,R018598,12/9/2021,1471,COD,Delivered
O018599,CUST018600,R018599,7/27/2022,1055,Wallet,Cancelled
O018600,CUST018601,R018600,12/18/2024,1565,Wallet,Delivered
O018601,CUST018602,R018601,5/11/2024,1438,UPI,Delivered
O018602,CUST018603,R018602,7/20/2025,1372,UPI,Cancelled
O018603,CUST018604,R018603,3/17/2022,1811,Card,Delivered
O018604,CUST018605,R018604,4/16/2025,1788,UPI,Delivered
O018605,CUST018606,R018605,6/27/2023,704,UPI,Delivered
O018606,CUST018607,R018606,1/15/2021,1420,UPI,Delivered
O018607,CUST018608,R018607,12/25/2022,342,Card,Delivered
O018608,CUST018609,R018608,10/28/2020,132,COD,Delivered
O018609,CUST018610,R018609,3/16/2020,272,Card,Delivered
O018610,CUST018611,R018610,2/27/2024,692,COD,Delivered
O018611,CUST018612,R018611,12/3/2021,564,Wallet,Delivered
O018612,CUST018613,R018612,10/1/2024,670,Wallet,Delivered
O018613,CUST018614,R018613,4/12/2021,467,COD,Delivered
O018614,CUST018615,R018614,5/20/2024,1098,Wallet,Delivered
O018615,CUST018616,R018615,6/14/2025,1479,COD,Delivered
O018616,CUST018617,R018616,9/4/2024,1421,UPI,Cancelled
O018617,CUST018618,R018617,8/10/2022,1404,UPI,Delivered
O018618,CUST018619,R018618,7/24/2025,1333,UPI,Delivered
O018619,CUST018620,R018619,6/25/2019,1080,UPI,Delivered
O018620,CUST018621,R018620,8/19/2024,132,Wallet,Delivered
O018621,CUST018622,R018621,6/10/2021,1650,Wallet,Delivered
O018622,CUST018623,R018622,5/18/2022,491,Card,Delivered
O018623,CUST018624,R018623,9/22/2024,1748,COD,Delivered
O018624,CUST018625,R018624,2/19/2024,652,Wallet,Delivered
O018625,CUST018626,R018625,3/4/2024,1397,Card,Delivered
O018626,CUST018627,R018626,6/28/2024,512,Wallet,Delivered
O018627,CUST018628,R018627,6/24/2021,1142,Wallet,Delivered
O018628,CUST018629,R018628,6/15/2023,677,COD,Delivered
O018629,CUST018630,R018629,7/19/2022,1509,UPI,Delivered
O018630,CUST018631,R018630,12/11/2020,1449,COD,Delivered
O018631,CUST018632,R018631,1/12/2019,1552,Card,Delivered
O018632,CUST018633,R018632,4/5/2024,1129,UPI,Delivered
O018633,CUST018634,R018633,3/20/2024,1232,Wallet,Delivered
O018634,CUST018635,R018634,9/2/2025,1695,COD,Delivered
O018635,CUST018636,R018635,1/18/2025,599,Wallet,Delivered
O018636,CUST018637,R018636,4/12/2020,1364,Card,Delivered
O018637,CUST018638,R018637,6/13/2022,268,Card,Delivered
O018638,CUST018639,R018638,6/27/2019,169,UPI,Delivered
O018639,CUST018640,R018639,6/22/2024,128,COD,Cancelled
O018640,CUST018641,R018640,2/18/2022,933,UPI,Delivered
O018641,CUST018642,R018641,8/25/2025,294,COD,Delivered
O018642,CUST018643,R018642,4/21/2024,603,COD,Delivered
O018643,CUST018644,R018643,4/8/2020,220,Card,Delivered
O018644,CUST018645,R018644,9/6/2021,1167,UPI,Delivered
O018645,CUST018646,R018645,1/2/2021,1236,Card,Delivered
O018646,CUST018647,R018646,9/1/2024,849,COD,Delivered
O018647,CUST018648,R018647,4/25/2025,1354,Wallet,Delivered
O018648,CUST018649,R018648,9/13/2020,1264,COD,Delivered
O018649,CUST018650,R018649,8/6/2024,1154,Card,Delivered
O018650,CUST018651,R018650,2/8/2024,1786,COD,Delivered
O018651,CUST018652,R018651,3/8/2025,1861,UPI,Delivered
O018652,CUST018653,R018652,3/24/2019,1688,Wallet,Delivered
O018653,CUST018654,R018653,1/12/2024,1561,UPI,Delivered
O018654,CUST018655,R018654,8/21/2020,1812,COD,Delivered
O018655,CUST018656,R018655,3/15/2023,711,Wallet,Delivered
O018656,CUST018657,R018656,5/18/2020,1736,UPI,Delivered
O018657,CUST018658,R018657,8/1/2025,588,Card,Delivered
O018658,CUST018659,R018658,9/25/2023,1800,UPI,Cancelled
O018659,CUST018660,R018659,7/20/2019,225,Card,Delivered
O018660,CUST018661,R018660,10/16/2022,207,COD,Delivered
O018661,CUST018662,R018661,4/19/2024,641,Card,Delivered
O018662,CUST018663,R018662,8/4/2021,575,COD,Delivered
O018663,CUST018664,R018663,5/1/2019,273,Card,Cancelled
O018664,CUST018665,R018664,9/27/2021,1242,Wallet,Delivered
O018665,CUST018666,R018665,4/7/2025,176,COD,Delivered
O018666,CUST018667,R018666,12/19/2020,982,Wallet,Delivered
O018667,CUST018668,R018667,6/12/2022,1363,Wallet,Delivered
O018668,CUST018669,R018668,9/6/2020,1098,Wallet,Delivered
O018669,CUST018670,R018669,1/8/2020,1287,Wallet,Cancelled
O018670,CUST018671,R018670,2/20/2022,1217,UPI,Cancelled
O018671,CUST018672,R018671,12/3/2023,1460,UPI,Cancelled
O018672,CUST018673,R018672,2/24/2021,1742,Wallet,Delivered
O018673,CUST018674,R018673,2/11/2019,836,UPI,Cancelled
O018674,CUST018675,R018674,4/16/2019,258,Card,Delivered
O018675,CUST018676,R018675,3/27/2021,1204,Card,Delivered
O018676,CUST018677,R018676,6/11/2020,1834,UPI,Delivered
O018677,CUST018678,R018677,1/22/2025,858,Card,Delivered
O018678,CUST018679,R018678,12/2/2020,1598,Card,Delivered
O018679,CUST018680,R018679,12/13/2020,598,COD,Delivered
O018680,CUST018681,R018680,9/7/2024,128,COD,Delivered
O018681,CUST018682,R018681,4/18/2023,758,Wallet,Delivered
O018682,CUST018683,R018682,10/1/2019,904,Card,Delivered
O018683,CUST018684,R018683,12/7/2021,833,UPI,Delivered
O018684,CUST018685,R018684,7/25/2025,1076,UPI,Delivered
O018685,CUST018686,R018685,8/19/2023,513,COD,Delivered
O018686,CUST018687,R018686,7/20/2019,453,Wallet,Delivered
O018687,CUST018688,R018687,4/10/2019,1950,COD,Delivered
O018688,CUST018689,R018688,9/8/2021,1310,UPI,Delivered
O018689,CUST018690,R018689,10/5/2023,1624,Wallet,Delivered
O018690,CUST018691,R018690,4/17/2020,1531,Card,Delivered
O018691,CUST018692,R018691,9/11/2025,1214,Wallet,Cancelled
O018692,CUST018693,R018692,7/17/2022,642,UPI,Delivered
O018693,CUST018694,R018693,7/23/2022,172,COD,Delivered
O018694,CUST018695,R018694,3/19/2021,803,Wallet,Delivered
O018695,CUST018696,R018695,1/2/2022,103,Card,Delivered
O018696,CUST018697,R018696,2/22/2025,359,UPI,Delivered
O018697,CUST018698,R018697,8/26/2025,1120,COD,Delivered
O018698,CUST018699,R018698,10/7/2019,1223,COD,Delivered
O018699,CUST018700,R018699,11/21/2022,540,UPI,Delivered
O018700,CUST018701,R018700,8/11/2024,1148,COD,Delivered
O018701,CUST018702,R018701,12/1/2022,1355,Card,Delivered
O018702,CUST018703,R018702,8/13/2022,1669,COD,Delivered
O018703,CUST018704,R018703,3/7/2022,1575,UPI,Delivered
O018704,CUST018705,R018704,9/12/2023,1302,Card,Delivered
O018705,CUST018706,R018705,7/18/2022,1444,Wallet,Delivered
O018706,CUST018707,R018706,3/17/2024,1690,Card,Delivered
O018707,CUST018708,R018707,3/13/2020,594,UPI,Cancelled
O018708,CUST018709,R018708,7/12/2022,210,UPI,Cancelled
O018709,CUST018710,R018709,1/17/2021,1920,Card,Delivered
O018710,CUST018711,R018710,8/23/2020,1749,Card,Delivered
O018711,CUST018712,R018711,10/1/2019,840,COD,Delivered
O018712,CUST018713,R018712,5/25/2024,151,Card,Delivered
O018713,CUST018714,R018713,5/21/2019,764,COD,Delivered
O018714,CUST018715,R018714,3/24/2024,1015,Wallet,Delivered
O018715,CUST018716,R018715,8/8/2021,397,Card,Delivered
O018716,CUST018717,R018716,11/1/2023,1365,Wallet,Delivered
O018717,CUST018718,R018717,7/7/2025,918,COD,Delivered
O018718,CUST018719,R018718,8/28/2022,1532,Wallet,Delivered
O018719,CUST018720,R018719,1/4/2024,1350,Wallet,Delivered
O018720,CUST018721,R018720,11/8/2022,1222,UPI,Delivered
O018721,CUST018722,R018721,4/9/2019,1727,UPI,Delivered
O018722,CUST018723,R018722,2/18/2023,1537,Wallet,Delivered
O018723,CUST018724,R018723,1/5/2025,1409,UPI,Delivered
O018724,CUST018725,R018724,5/24/2021,455,UPI,Delivered
O018725,CUST018726,R018725,9/20/2021,953,Wallet,Delivered
O018726,CUST018727,R018726,1/15/2021,1855,UPI,Cancelled
O018727,CUST018728,R018727,3/19/2024,1582,Card,Delivered
O018728,CUST018729,R018728,12/11/2025,125,Wallet,Delivered
O018729,CUST018730,R018729,6/17/2024,554,UPI,Delivered
O018730,CUST018731,R018730,12/25/2024,1119,UPI,Delivered
O018731,CUST018732,R018731,11/16/2019,721,COD,Delivered
O018732,CUST018733,R018732,2/28/2023,1550,Card,Delivered
O018733,CUST018734,R018733,5/11/2023,454,COD,Delivered
O018734,CUST018735,R018734,3/25/2025,1091,Card,Delivered
O018735,CUST018736,R018735,5/6/2020,1737,Card,Delivered
O018736,CUST018737,R018736,1/21/2024,771,Wallet,Delivered
O018737,CUST018738,R018737,8/12/2022,700,COD,Delivered
O018738,CUST018739,R018738,7/23/2025,677,COD,Delivered
O018739,CUST018740,R018739,9/6/2025,1471,Card,Cancelled
O018740,CUST018741,R018740,3/7/2023,308,Wallet,Delivered
O018741,CUST018742,R018741,9/8/2022,1642,UPI,Delivered
O018742,CUST018743,R018742,4/19/2019,1226,Wallet,Cancelled
O018743,CUST018744,R018743,9/7/2022,910,UPI,Delivered
O018744,CUST018745,R018744,7/10/2021,331,UPI,Delivered
O018745,CUST018746,R018745,6/22/2020,643,UPI,Delivered
O018746,CUST018747,R018746,1/5/2025,1972,Card,Delivered
O018747,CUST018748,R018747,10/20/2025,1763,UPI,Delivered
O018748,CUST018749,R018748,4/18/2020,1844,Card,Delivered
O018749,CUST018750,R018749,11/15/2019,387,UPI,Delivered
O018750,CUST018751,R018750,2/27/2023,317,Card,Delivered
O018751,CUST018752,R018751,2/18/2025,294,Wallet,Delivered
O018752,CUST018753,R018752,12/7/2020,241,Card,Delivered
O018753,CUST018754,R018753,4/16/2025,1826,COD,Delivered
O018754,CUST018755,R018754,5/2/2024,1434,Card,Delivered
O018755,CUST018756,R018755,1/1/2024,843,Wallet,Delivered
O018756,CUST018757,R018756,12/2/2024,569,Wallet,Delivered
O018757,CUST018758,R018757,4/7/2024,1003,Wallet,Delivered
O018758,CUST018759,R018758,12/3/2020,687,COD,Delivered
O018759,CUST018760,R018759,5/2/2025,1588,UPI,Cancelled
O018760,CUST018761,R018760,4/1/2025,1384,Card,Delivered
O018761,CUST018762,R018761,3/13/2024,1932,COD,Delivered
O018762,CUST018763,R018762,1/16/2020,1444,UPI,Delivered
O018763,CUST018764,R018763,8/15/2024,1739,Card,Delivered
O018764,CUST018765,R018764,6/18/2023,337,Card,Delivered
O018765,CUST018766,R018765,10/23/2020,460,Card,Delivered
O018766,CUST018767,R018766,4/17/2023,1914,COD,Delivered
O018767,CUST018768,R018767,1/3/2020,589,COD,Delivered
O018768,CUST018769,R018768,4/22/2022,1377,Wallet,Delivered
O018769,CUST018770,R018769,1/2/2024,613,Card,Delivered
O018770,CUST018771,R018770,1/23/2021,1048,Wallet,Delivered
O018771,CUST018772,R018771,8/4/2023,775,UPI,Delivered
O018772,CUST018773,R018772,3/10/2023,917,Wallet,Delivered
O018773,CUST018774,R018773,4/1/2025,1428,UPI,Delivered
O018774,CUST018775,R018774,7/13/2022,1723,Wallet,Delivered
O018775,CUST018776,R018775,2/4/2022,1104,UPI,Delivered
O018776,CUST018777,R018776,4/9/2019,1392,Wallet,Delivered
O018777,CUST018778,R018777,3/15/2020,965,UPI,Delivered
O018778,CUST018779,R018778,6/18/2022,568,UPI,Delivered
O018779,CUST018780,R018779,8/14/2023,1530,UPI,Delivered
O018780,CUST018781,R018780,2/13/2020,248,Card,Delivered
O018781,CUST018782,R018781,3/16/2024,471,UPI,Delivered
O018782,CUST018783,R018782,3/4/2019,1242,Card,Delivered
O018783,CUST018784,R018783,1/18/2021,839,COD,Delivered
O018784,CUST018785,R018784,11/27/2025,391,Card,Delivered
O018785,CUST018786,R018785,12/20/2025,577,COD,Delivered
O018786,CUST018787,R018786,10/16/2019,1045,Card,Delivered
O018787,CUST018788,R018787,7/8/2022,451,Wallet,Delivered
O018788,CUST018789,R018788,2/1/2024,1211,Wallet,Delivered
O018789,CUST018790,R018789,3/4/2023,1009,Card,Delivered
O018790,CUST018791,R018790,8/24/2020,626,UPI,Delivered
O018791,CUST018792,R018791,6/12/2022,184,COD,Delivered
O018792,CUST018793,R018792,10/16/2025,437,Wallet,Cancelled
O018793,CUST018794,R018793,6/7/2024,1765,UPI,Delivered
O018794,CUST018795,R018794,6/11/2019,131,Wallet,Delivered
O018795,CUST018796,R018795,5/16/2024,859,COD,Delivered
O018796,CUST018797,R018796,9/12/2022,1550,COD,Cancelled
O018797,CUST018798,R018797,7/12/2020,213,COD,Delivered
O018798,CUST018799,R018798,3/3/2024,1461,UPI,Delivered
O018799,CUST018800,R018799,12/27/2023,911,Wallet,Delivered
O018800,CUST018801,R018800,7/5/2019,1162,UPI,Delivered
O018801,CUST018802,R018801,12/11/2024,196,COD,Cancelled
O018802,CUST018803,R018802,11/21/2022,832,COD,Delivered
O018803,CUST018804,R018803,10/8/2024,1512,Card,Cancelled
O018804,CUST018805,R018804,3/23/2020,1951,UPI,Cancelled
O018805,CUST018806,R018805,6/13/2024,1149,Card,Delivered
O018806,CUST018807,R018806,1/20/2023,577,UPI,Delivered
O018807,CUST018808,R018807,12/21/2023,1855,Card,Delivered
O018808,CUST018809,R018808,2/27/2023,198,Card,Delivered
O018809,CUST018810,R018809,7/23/2023,320,COD,Delivered
O018810,CUST018811,R018810,1/21/2020,1906,COD,Delivered
O018811,CUST018812,R018811,2/25/2024,1078,Card,Delivered
O018812,CUST018813,R018812,2/1/2025,1905,COD,Delivered
O018813,CUST018814,R018813,1/28/2021,822,UPI,Delivered
O018814,CUST018815,R018814,8/6/2019,825,Wallet,Delivered
O018815,CUST018816,R018815,1/5/2020,448,COD,Delivered
O018816,CUST018817,R018816,5/2/2019,1128,Wallet,Delivered
O018817,CUST018818,R018817,5/10/2024,1567,Wallet,Cancelled
O018818,CUST018819,R018818,10/8/2019,1300,UPI,Delivered
O018819,CUST018820,R018819,12/15/2023,1379,Wallet,Delivered
O018820,CUST018821,R018820,5/3/2023,1470,UPI,Delivered
O018821,CUST018822,R018821,6/21/2020,1890,Wallet,Delivered
O018822,CUST018823,R018822,8/4/2023,1838,Card,Delivered
O018823,CUST018824,R018823,7/16/2020,1566,Card,Delivered
O018824,CUST018825,R018824,3/22/2019,1711,COD,Delivered
O018825,CUST018826,R018825,3/10/2020,1521,UPI,Delivered
O018826,CUST018827,R018826,1/25/2023,439,Card,Delivered
O018827,CUST018828,R018827,1/16/2025,485,COD,Delivered
O018828,CUST018829,R018828,9/27/2022,599,Card,Delivered
O018829,CUST018830,R018829,3/24/2024,1756,Wallet,Delivered
O018830,CUST018831,R018830,11/19/2024,1089,UPI,Delivered
O018831,CUST018832,R018831,9/2/2019,1345,COD,Cancelled
O018832,CUST018833,R018832,10/3/2019,1466,Wallet,Delivered
O018833,CUST018834,R018833,10/6/2023,1515,UPI,Delivered
O018834,CUST018835,R018834,11/22/2025,1045,UPI,Delivered
O018835,CUST018836,R018835,8/5/2019,1883,Card,Delivered
O018836,CUST018837,R018836,12/17/2025,1609,Wallet,Delivered
O018837,CUST018838,R018837,8/10/2024,1799,COD,Delivered
O018838,CUST018839,R018838,8/11/2025,1993,UPI,Delivered
O018839,CUST018840,R018839,10/26/2019,1669,Card,Delivered
O018840,CUST018841,R018840,5/16/2022,523,COD,Cancelled
O018841,CUST018842,R018841,4/28/2022,818,Wallet,Delivered
O018842,CUST018843,R018842,12/12/2021,1845,COD,Cancelled
O018843,CUST018844,R018843,7/20/2020,705,COD,Delivered
O018844,CUST018845,R018844,6/6/2024,1972,Wallet,Delivered
O018845,CUST018846,R018845,3/5/2022,1083,Wallet,Delivered
O018846,CUST018847,R018846,1/1/2025,1175,Card,Delivered
O018847,CUST018848,R018847,8/3/2023,705,Wallet,Delivered
O018848,CUST018849,R018848,4/27/2021,1466,COD,Cancelled
O018849,CUST018850,R018849,4/11/2022,336,Wallet,Delivered
O018850,CUST018851,R018850,4/4/2019,1590,Card,Delivered
O018851,CUST018852,R018851,3/6/2025,1653,Card,Delivered
O018852,CUST018853,R018852,3/7/2019,1285,UPI,Delivered
O018853,CUST018854,R018853,7/3/2019,139,UPI,Delivered
O018854,CUST018855,R018854,12/23/2023,1446,UPI,Delivered
O018855,CUST018856,R018855,2/19/2023,1461,Card,Delivered
O018856,CUST018857,R018856,10/15/2022,370,Wallet,Cancelled
O018857,CUST018858,R018857,8/15/2019,1763,COD,Delivered
O018858,CUST018859,R018858,11/27/2023,1191,UPI,Delivered
O018859,CUST018860,R018859,1/23/2025,1978,Card,Delivered
O018860,CUST018861,R018860,11/26/2025,321,COD,Delivered
O018861,CUST018862,R018861,8/22/2020,1126,Card,Delivered
O018862,CUST018863,R018862,2/23/2022,1854,COD,Cancelled
O018863,CUST018864,R018863,4/27/2019,1206,COD,Delivered
O018864,CUST018865,R018864,3/3/2020,380,Card,Delivered
O018865,CUST018866,R018865,9/9/2023,517,Wallet,Delivered
O018866,CUST018867,R018866,3/25/2021,384,COD,Delivered
O018867,CUST018868,R018867,1/25/2019,635,COD,Delivered
O018868,CUST018869,R018868,1/7/2021,1314,COD,Delivered
O018869,CUST018870,R018869,6/3/2023,570,Card,Delivered
O018870,CUST018871,R018870,3/4/2025,996,UPI,Delivered
O018871,CUST018872,R018871,12/7/2020,1392,Wallet,Delivered
O018872,CUST018873,R018872,10/26/2022,1160,Wallet,Delivered
O018873,CUST018874,R018873,11/17/2019,1411,Wallet,Delivered
O018874,CUST018875,R018874,8/10/2025,1328,UPI,Delivered
O018875,CUST018876,R018875,7/19/2019,1087,UPI,Delivered
O018876,CUST018877,R018876,3/15/2025,1406,Card,Delivered
O018877,CUST018878,R018877,4/6/2024,1644,UPI,Delivered
O018878,CUST018879,R018878,8/25/2022,561,UPI,Delivered
O018879,CUST018880,R018879,2/14/2025,1378,Card,Delivered
O018880,CUST018881,R018880,2/22/2020,294,Card,Delivered
O018881,CUST018882,R018881,5/2/2025,1943,Card,Delivered
O018882,CUST018883,R018882,4/15/2023,187,Card,Delivered
O018883,CUST018884,R018883,2/26/2025,612,COD,Delivered
O018884,CUST018885,R018884,3/2/2022,1051,Wallet,Delivered
O018885,CUST018886,R018885,9/28/2019,820,COD,Delivered
O018886,CUST018887,R018886,7/11/2021,313,COD,Delivered
O018887,CUST018888,R018887,5/19/2024,944,Wallet,Delivered
O018888,CUST018889,R018888,3/13/2021,1373,COD,Delivered
O018889,CUST018890,R018889,12/25/2020,1066,UPI,Delivered
O018890,CUST018891,R018890,11/28/2019,1261,Wallet,Cancelled
O018891,CUST018892,R018891,1/22/2022,1190,Wallet,Cancelled
O018892,CUST018893,R018892,7/23/2025,994,Wallet,Delivered
O018893,CUST018894,R018893,6/17/2019,1812,Wallet,Delivered
O018894,CUST018895,R018894,6/12/2025,1603,COD,Delivered
O018895,CUST018896,R018895,9/15/2022,1879,UPI,Delivered
O018896,CUST018897,R018896,10/20/2020,1240,Card,Delivered
O018897,CUST018898,R018897,5/12/2024,144,COD,Delivered
O018898,CUST018899,R018898,12/23/2021,929,Card,Delivered
O018899,CUST018900,R018899,5/20/2019,1874,COD,Delivered
O018900,CUST018901,R018900,6/16/2019,987,Wallet,Delivered
O018901,CUST018902,R018901,3/14/2021,528,COD,Delivered
O018902,CUST018903,R018902,3/18/2024,1111,UPI,Delivered
O018903,CUST018904,R018903,3/1/2022,1349,COD,Delivered
O018904,CUST018905,R018904,3/10/2025,1271,Card,Delivered
O018905,CUST018906,R018905,2/3/2025,1038,UPI,Delivered
O018906,CUST018907,R018906,10/18/2024,1142,Wallet,Delivered
O018907,CUST018908,R018907,2/12/2021,1648,COD,Delivered
O018908,CUST018909,R018908,8/17/2020,557,COD,Delivered
O018909,CUST018910,R018909,8/10/2023,1284,Card,Delivered
O018910,CUST018911,R018910,9/12/2022,189,Card,Delivered
O018911,CUST018912,R018911,12/26/2024,1985,UPI,Delivered
O018912,CUST018913,R018912,4/21/2024,1918,COD,Cancelled
O018913,CUST018914,R018913,1/17/2025,647,UPI,Delivered
O018914,CUST018915,R018914,9/23/2021,146,COD,Delivered
O018915,CUST018916,R018915,9/19/2024,204,COD,Delivered
O018916,CUST018917,R018916,11/24/2024,1976,Card,Delivered
O018917,CUST018918,R018917,2/5/2022,1062,UPI,Delivered
O018918,CUST018919,R018918,3/28/2020,1126,Card,Delivered
O018919,CUST018920,R018919,8/27/2022,758,COD,Delivered
O018920,CUST018921,R018920,8/27/2023,1269,Wallet,Delivered
O018921,CUST018922,R018921,12/11/2024,1185,COD,Delivered
O018922,CUST018923,R018922,11/5/2025,945,UPI,Delivered
O018923,CUST018924,R018923,9/7/2022,1706,COD,Delivered
O018924,CUST018925,R018924,6/7/2024,1775,UPI,Delivered
O018925,CUST018926,R018925,8/23/2022,1534,Wallet,Delivered
O018926,CUST018927,R018926,9/12/2020,1451,Wallet,Delivered
O018927,CUST018928,R018927,4/18/2021,1706,Card,Cancelled
O018928,CUST018929,R018928,4/14/2019,311,Card,Delivered
O018929,CUST018930,R018929,5/7/2019,1593,UPI,Delivered
O018930,CUST018931,R018930,10/27/2024,679,Card,Delivered
O018931,CUST018932,R018931,9/23/2020,1755,UPI,Delivered
O018932,CUST018933,R018932,11/22/2024,418,COD,Delivered
O018933,CUST018934,R018933,12/21/2020,362,COD,Delivered
O018934,CUST018935,R018934,6/20/2024,562,Card,Delivered
O018935,CUST018936,R018935,4/6/2024,496,Card,Delivered
O018936,CUST018937,R018936,10/26/2019,231,Card,Cancelled
O018937,CUST018938,R018937,8/26/2023,1195,Wallet,Delivered
O018938,CUST018939,R018938,12/6/2019,1923,COD,Delivered
O018939,CUST018940,R018939,5/17/2021,827,COD,Delivered
O018940,CUST018941,R018940,2/12/2025,1082,COD,Delivered
O018941,CUST018942,R018941,9/5/2023,743,COD,Delivered
O018942,CUST018943,R018942,11/26/2023,1144,Wallet,Delivered
O018943,CUST018944,R018943,8/18/2019,1068,UPI,Delivered
O018944,CUST018945,R018944,1/1/2022,1305,UPI,Delivered
O018945,CUST018946,R018945,7/20/2023,1695,COD,Delivered
O018946,CUST018947,R018946,1/13/2024,795,Card,Delivered
O018947,CUST018948,R018947,8/14/2019,178,Card,Delivered
O018948,CUST018949,R018948,10/25/2021,1123,Card,Delivered
O018949,CUST018950,R018949,5/10/2021,1749,UPI,Cancelled
O018950,CUST018951,R018950,11/21/2025,812,Card,Delivered
O018951,CUST018952,R018951,7/1/2019,173,Card,Delivered
O018952,CUST018953,R018952,1/12/2022,448,COD,Delivered
O018953,CUST018954,R018953,7/6/2022,1885,Card,Delivered
O018954,CUST018955,R018954,3/14/2024,360,Wallet,Delivered
O018955,CUST018956,R018955,12/1/2023,804,UPI,Delivered
O018956,CUST018957,R018956,2/5/2020,727,Wallet,Delivered
O018957,CUST018958,R018957,11/23/2021,921,Wallet,Delivered
O018958,CUST018959,R018958,8/17/2025,423,COD,Delivered
O018959,CUST018960,R018959,11/22/2022,411,Wallet,Delivered
O018960,CUST018961,R018960,11/9/2021,1739,COD,Delivered
O018961,CUST018962,R018961,12/6/2023,1231,UPI,Delivered
O018962,CUST018963,R018962,1/4/2023,1540,UPI,Delivered
O018963,CUST018964,R018963,11/15/2025,1440,UPI,Delivered
O018964,CUST018965,R018964,12/10/2019,1167,Card,Delivered
O018965,CUST018966,R018965,6/14/2019,108,Wallet,Delivered
O018966,CUST018967,R018966,12/15/2022,1502,UPI,Delivered
O018967,CUST018968,R018967,7/11/2024,1878,Wallet,Delivered
O018968,CUST018969,R018968,8/23/2025,1427,Card,Delivered
O018969,CUST018970,R018969,11/14/2022,771,UPI,Delivered
O018970,CUST018971,R018970,2/18/2022,1010,COD,Delivered
O018971,CUST018972,R018971,2/5/2019,1324,COD,Delivered
O018972,CUST018973,R018972,3/23/2020,455,Wallet,Delivered
O018973,CUST018974,R018973,7/9/2019,1068,COD,Delivered
O018974,CUST018975,R018974,11/7/2021,1319,Card,Delivered
O018975,CUST018976,R018975,2/11/2025,1628,COD,Delivered
O018976,CUST018977,R018976,6/6/2021,1484,UPI,Delivered
O018977,CUST018978,R018977,1/11/2019,1211,UPI,Delivered
O018978,CUST018979,R018978,3/17/2025,1165,Wallet,Delivered
O018979,CUST018980,R018979,3/16/2025,1590,Card,Delivered
O018980,CUST018981,R018980,11/12/2021,194,UPI,Delivered
O018981,CUST018982,R018981,6/10/2023,1962,UPI,Cancelled
O018982,CUST018983,R018982,3/15/2020,1766,Card,Delivered
O018983,CUST018984,R018983,10/19/2025,1638,Card,Delivered
O018984,CUST018985,R018984,5/28/2021,989,COD,Delivered
O018985,CUST018986,R018985,6/27/2024,1972,Card,Delivered
O018986,CUST018987,R018986,12/19/2019,685,COD,Delivered
O018987,CUST018988,R018987,9/22/2021,936,COD,Delivered
O018988,CUST018989,R018988,5/6/2020,354,Card,Delivered
O018989,CUST018990,R018989,10/28/2019,1144,Wallet,Delivered
O018990,CUST018991,R018990,9/5/2021,828,COD,Delivered
O018991,CUST018992,R018991,1/27/2023,1447,COD,Delivered
O018992,CUST018993,R018992,11/11/2020,1206,COD,Delivered
O018993,CUST018994,R018993,10/7/2025,866,Wallet,Delivered
O018994,CUST018995,R018994,7/7/2025,1623,UPI,Delivered
O018995,CUST018996,R018995,9/17/2020,1382,Wallet,Delivered
O018996,CUST018997,R018996,8/3/2019,1254,UPI,Delivered
O018997,CUST018998,R018997,9/22/2025,605,UPI,Delivered
O018998,CUST018999,R018998,9/22/2019,743,UPI,Delivered
O018999,CUST019000,R018999,12/13/2019,302,Card,Delivered
O019000,CUST019001,R019000,5/16/2023,1924,COD,Cancelled
O019001,CUST019002,R019001,7/15/2022,462,Card,Delivered
O019002,CUST019003,R019002,6/23/2021,935,UPI,Delivered
O019003,CUST019004,R019003,4/28/2021,1500,UPI,Delivered
O019004,CUST019005,R019004,9/21/2025,635,COD,Delivered
O019005,CUST019006,R019005,6/26/2019,1406,UPI,Cancelled
O019006,CUST019007,R019006,8/10/2022,1957,COD,Delivered
O019007,CUST019008,R019007,5/24/2022,811,Card,Delivered
O019008,CUST019009,R019008,8/5/2019,1626,Card,Cancelled
O019009,CUST019010,R019009,4/19/2019,617,COD,Delivered
O019010,CUST019011,R019010,8/10/2024,807,COD,Delivered
O019011,CUST019012,R019011,10/25/2021,534,COD,Delivered
O019012,CUST019013,R019012,7/2/2025,1434,Card,Delivered
O019013,CUST019014,R019013,1/5/2024,267,UPI,Delivered
O019014,CUST019015,R019014,11/6/2021,1552,UPI,Delivered
O019015,CUST019016,R019015,10/13/2022,1136,Wallet,Cancelled
O019016,CUST019017,R019016,6/6/2025,693,Wallet,Delivered
O019017,CUST019018,R019017,12/10/2025,295,Wallet,Delivered
O019018,CUST019019,R019018,2/21/2021,500,Wallet,Cancelled
O019019,CUST019020,R019019,7/4/2022,1573,Card,Delivered
O019020,CUST019021,R019020,1/18/2024,1613,UPI,Delivered
O019021,CUST019022,R019021,11/15/2023,1733,Card,Delivered
O019022,CUST019023,R019022,7/14/2021,277,UPI,Delivered
O019023,CUST019024,R019023,6/25/2023,423,Card,Delivered
O019024,CUST019025,R019024,6/19/2023,149,Wallet,Delivered
O019025,CUST019026,R019025,10/6/2022,161,UPI,Delivered
O019026,CUST019027,R019026,2/14/2024,1785,COD,Delivered
O019027,CUST019028,R019027,11/28/2021,1212,Card,Delivered
O019028,CUST019029,R019028,4/23/2022,751,COD,Delivered
O019029,CUST019030,R019029,10/28/2022,484,COD,Delivered
O019030,CUST019031,R019030,8/4/2020,924,Wallet,Delivered
O019031,CUST019032,R019031,7/3/2019,651,Wallet,Delivered
O019032,CUST019033,R019032,8/1/2024,1227,Wallet,Cancelled
O019033,CUST019034,R019033,3/28/2019,1230,Wallet,Cancelled
O019034,CUST019035,R019034,11/11/2025,1350,Card,Delivered
O019035,CUST019036,R019035,1/15/2021,905,Wallet,Delivered
O019036,CUST019037,R019036,7/7/2024,1983,UPI,Delivered
O019037,CUST019038,R019037,5/14/2025,1667,Card,Delivered
O019038,CUST019039,R019038,3/15/2022,381,Card,Delivered
O019039,CUST019040,R019039,1/9/2024,1829,COD,Delivered
O019040,CUST019041,R019040,10/2/2019,541,Card,Cancelled
O019041,CUST019042,R019041,11/24/2022,1330,Wallet,Delivered
O019042,CUST019043,R019042,2/1/2020,529,Card,Delivered
O019043,CUST019044,R019043,6/22/2021,968,Wallet,Delivered
O019044,CUST019045,R019044,11/3/2024,695,Wallet,Delivered
O019045,CUST019046,R019045,10/10/2024,382,Wallet,Delivered
O019046,CUST019047,R019046,7/28/2024,1318,Wallet,Delivered
O019047,CUST019048,R019047,7/12/2021,1569,Wallet,Delivered
O019048,CUST019049,R019048,3/3/2025,954,Wallet,Delivered
O019049,CUST019050,R019049,7/7/2023,1504,Wallet,Delivered
O019050,CUST019051,R019050,5/15/2023,866,UPI,Delivered
O019051,CUST019052,R019051,12/16/2025,424,UPI,Delivered
O019052,CUST019053,R019052,10/12/2022,1445,UPI,Delivered
O019053,CUST019054,R019053,5/11/2023,157,Card,Delivered
O019054,CUST019055,R019054,5/11/2024,947,UPI,Delivered
O019055,CUST019056,R019055,2/2/2019,1201,UPI,Delivered
O019056,CUST019057,R019056,2/16/2023,758,COD,Cancelled
O019057,CUST019058,R019057,3/26/2021,311,UPI,Cancelled
O019058,CUST019059,R019058,3/19/2024,173,COD,Delivered
O019059,CUST019060,R019059,2/23/2024,934,Card,Delivered
O019060,CUST019061,R019060,10/7/2023,339,COD,Delivered
O019061,CUST019062,R019061,11/28/2021,1062,Wallet,Delivered
O019062,CUST019063,R019062,3/2/2025,1121,Card,Delivered
O019063,CUST019064,R019063,7/27/2021,483,UPI,Delivered
O019064,CUST019065,R019064,3/11/2020,1979,COD,Delivered
O019065,CUST019066,R019065,8/14/2019,216,Wallet,Delivered
O019066,CUST019067,R019066,1/5/2025,1675,UPI,Delivered
O019067,CUST019068,R019067,5/5/2023,1942,UPI,Delivered
O019068,CUST019069,R019068,8/11/2019,816,UPI,Delivered
O019069,CUST019070,R019069,8/11/2025,418,Wallet,Delivered
O019070,CUST019071,R019070,4/23/2023,940,Wallet,Delivered
O019071,CUST019072,R019071,3/13/2024,281,UPI,Delivered
O019072,CUST019073,R019072,8/10/2025,1562,COD,Delivered
O019073,CUST019074,R019073,12/16/2025,1051,UPI,Delivered
O019074,CUST019075,R019074,2/23/2023,1818,COD,Cancelled
O019075,CUST019076,R019075,4/19/2022,944,COD,Delivered
O019076,CUST019077,R019076,9/9/2020,1368,Card,Delivered
O019077,CUST019078,R019077,1/21/2021,1802,UPI,Delivered
O019078,CUST019079,R019078,4/12/2023,1102,UPI,Delivered
O019079,CUST019080,R019079,2/16/2022,530,UPI,Delivered
O019080,CUST019081,R019080,7/15/2022,1769,UPI,Cancelled
O019081,CUST019082,R019081,11/24/2020,118,Card,Delivered
O019082,CUST019083,R019082,10/22/2024,241,Card,Delivered
O019083,CUST019084,R019083,3/21/2025,1695,Card,Delivered
O019084,CUST019085,R019084,5/24/2023,1035,Card,Delivered
O019085,CUST019086,R019085,6/28/2021,1750,COD,Delivered
O019086,CUST019087,R019086,2/27/2024,668,Wallet,Delivered
O019087,CUST019088,R019087,9/5/2020,720,Wallet,Delivered
O019088,CUST019089,R019088,4/1/2023,603,COD,Delivered
O019089,CUST019090,R019089,1/3/2024,984,COD,Cancelled
O019090,CUST019091,R019090,7/8/2023,1419,Wallet,Cancelled
O019091,CUST019092,R019091,3/6/2023,1146,UPI,Delivered
O019092,CUST019093,R019092,3/13/2024,1157,Wallet,Delivered
O019093,CUST019094,R019093,4/25/2024,1429,UPI,Delivered
O019094,CUST019095,R019094,6/19/2022,1811,COD,Delivered
O019095,CUST019096,R019095,8/3/2022,1759,UPI,Delivered
O019096,CUST019097,R019096,11/15/2020,1480,UPI,Delivered
O019097,CUST019098,R019097,5/19/2020,1664,Card,Delivered
O019098,CUST019099,R019098,7/9/2021,1411,Card,Delivered
O019099,CUST019100,R019099,7/24/2024,284,Card,Delivered
O019100,CUST019101,R019100,2/14/2020,335,Wallet,Delivered
O019101,CUST019102,R019101,8/26/2025,711,Card,Delivered
O019102,CUST019103,R019102,4/26/2019,1657,COD,Delivered
O019103,CUST019104,R019103,4/17/2021,1079,Wallet,Delivered
O019104,CUST019105,R019104,11/28/2025,762,Card,Delivered
O019105,CUST019106,R019105,4/22/2019,948,COD,Delivered
O019106,CUST019107,R019106,12/20/2019,1046,UPI,Delivered
O019107,CUST019108,R019107,1/14/2022,582,UPI,Delivered
O019108,CUST019109,R019108,7/24/2024,1802,Card,Delivered
O019109,CUST019110,R019109,11/16/2020,1524,Wallet,Delivered
O019110,CUST019111,R019110,11/9/2023,1709,Card,Cancelled
O019111,CUST019112,R019111,3/10/2024,1946,UPI,Delivered
O019112,CUST019113,R019112,6/25/2022,1389,Card,Delivered
O019113,CUST019114,R019113,3/15/2020,379,Wallet,Delivered
O019114,CUST019115,R019114,12/27/2023,930,Wallet,Delivered
O019115,CUST019116,R019115,10/14/2020,1701,COD,Delivered
O019116,CUST019117,R019116,4/18/2019,599,Card,Delivered
O019117,CUST019118,R019117,12/1/2019,1861,COD,Delivered
O019118,CUST019119,R019118,3/2/2024,993,Wallet,Delivered
O019119,CUST019120,R019119,1/23/2022,1090,Card,Delivered
O019120,CUST019121,R019120,3/1/2025,625,Wallet,Delivered
O019121,CUST019122,R019121,2/25/2023,1953,COD,Delivered
O019122,CUST019123,R019122,7/10/2021,296,COD,Delivered
O019123,CUST019124,R019123,11/3/2023,1499,Card,Delivered
O019124,CUST019125,R019124,11/4/2019,1562,Card,Delivered
O019125,CUST019126,R019125,8/6/2024,1179,UPI,Delivered
O019126,CUST019127,R019126,6/10/2022,1941,UPI,Delivered
O019127,CUST019128,R019127,12/21/2023,1558,Wallet,Delivered
O019128,CUST019129,R019128,5/18/2022,1311,Card,Delivered
O019129,CUST019130,R019129,8/13/2023,216,Wallet,Delivered
O019130,CUST019131,R019130,10/13/2019,1478,COD,Cancelled
O019131,CUST019132,R019131,10/25/2024,541,UPI,Delivered
O019132,CUST019133,R019132,9/17/2024,1892,UPI,Delivered
O019133,CUST019134,R019133,2/24/2020,241,COD,Cancelled
O019134,CUST019135,R019134,10/20/2025,1047,Card,Delivered
O019135,CUST019136,R019135,11/20/2020,1813,Card,Cancelled
O019136,CUST019137,R019136,7/26/2025,1159,COD,Delivered
O019137,CUST019138,R019137,7/1/2023,289,Card,Delivered
O019138,CUST019139,R019138,10/8/2019,796,Wallet,Delivered
O019139,CUST019140,R019139,3/25/2022,668,Wallet,Delivered
O019140,CUST019141,R019140,1/3/2023,1218,Wallet,Delivered
O019141,CUST019142,R019141,9/13/2019,1462,COD,Delivered
O019142,CUST019143,R019142,4/7/2024,417,Card,Delivered
O019143,CUST019144,R019143,10/8/2019,841,UPI,Delivered
O019144,CUST019145,R019144,9/13/2022,746,COD,Delivered
O019145,CUST019146,R019145,9/21/2023,1124,Wallet,Delivered
O019146,CUST019147,R019146,7/14/2019,1332,Wallet,Delivered
O019147,CUST019148,R019147,2/8/2022,1248,Wallet,Delivered
O019148,CUST019149,R019148,9/17/2025,1001,Wallet,Delivered
O019149,CUST019150,R019149,3/14/2021,1359,Card,Delivered
O019150,CUST019151,R019150,12/5/2020,1423,UPI,Delivered
O019151,CUST019152,R019151,1/24/2022,476,UPI,Delivered
O019152,CUST019153,R019152,3/13/2020,1234,COD,Delivered
O019153,CUST019154,R019153,9/19/2023,406,Card,Delivered
O019154,CUST019155,R019154,3/1/2025,1838,Card,Delivered
O019155,CUST019156,R019155,10/13/2020,1978,UPI,Delivered
O019156,CUST019157,R019156,9/24/2025,457,COD,Delivered
O019157,CUST019158,R019157,12/28/2019,363,Wallet,Delivered
O019158,CUST019159,R019158,12/22/2025,741,COD,Delivered
O019159,CUST019160,R019159,1/9/2019,103,COD,Delivered
O019160,CUST019161,R019160,7/17/2022,902,Wallet,Delivered
O019161,CUST019162,R019161,1/11/2022,1283,Card,Delivered
O019162,CUST019163,R019162,8/23/2021,976,UPI,Delivered
O019163,CUST019164,R019163,12/27/2020,1214,Wallet,Delivered
O019164,CUST019165,R019164,4/19/2024,1147,Wallet,Cancelled
O019165,CUST019166,R019165,12/22/2021,851,Card,Delivered
O019166,CUST019167,R019166,9/16/2025,1924,COD,Delivered
O019167,CUST019168,R019167,1/10/2023,1454,Card,Delivered
O019168,CUST019169,R019168,7/15/2022,1593,UPI,Delivered
O019169,CUST019170,R019169,9/19/2022,1129,Card,Delivered
O019170,CUST019171,R019170,5/9/2019,1358,COD,Delivered
O019171,CUST019172,R019171,11/17/2025,785,UPI,Delivered
O019172,CUST019173,R019172,7/19/2019,1794,Card,Delivered
O019173,CUST019174,R019173,7/12/2019,518,COD,Delivered
O019174,CUST019175,R019174,9/6/2024,1955,UPI,Delivered
O019175,CUST019176,R019175,6/10/2020,593,UPI,Delivered
O019176,CUST019177,R019176,8/22/2022,835,COD,Delivered
O019177,CUST019178,R019177,11/3/2020,1192,UPI,Delivered
O019178,CUST019179,R019178,9/24/2023,939,UPI,Delivered
O019179,CUST019180,R019179,5/17/2021,1254,COD,Delivered
O019180,CUST019181,R019180,5/11/2021,1498,COD,Delivered
O019181,CUST019182,R019181,12/15/2023,402,COD,Delivered
O019182,CUST019183,R019182,11/6/2025,1174,Card,Cancelled
O019183,CUST019184,R019183,8/11/2022,1445,UPI,Delivered
O019184,CUST019185,R019184,8/20/2023,1840,UPI,Delivered
O019185,CUST019186,R019185,7/19/2019,1838,COD,Delivered
O019186,CUST019187,R019186,3/15/2024,563,UPI,Delivered
O019187,CUST019188,R019187,10/22/2025,2000,Card,Delivered
O019188,CUST019189,R019188,3/21/2020,680,Card,Delivered
O019189,CUST019190,R019189,8/22/2022,1891,Card,Cancelled
O019190,CUST019191,R019190,3/3/2024,983,UPI,Delivered
O019191,CUST019192,R019191,5/25/2019,1047,Card,Delivered
O019192,CUST019193,R019192,6/27/2021,907,COD,Delivered
O019193,CUST019194,R019193,7/26/2024,1158,Wallet,Delivered
O019194,CUST019195,R019194,8/10/2025,1031,Card,Delivered
O019195,CUST019196,R019195,3/3/2025,790,UPI,Delivered
O019196,CUST019197,R019196,4/5/2024,1061,COD,Delivered
O019197,CUST019198,R019197,12/2/2024,1500,UPI,Delivered
O019198,CUST019199,R019198,10/21/2021,1455,Wallet,Delivered
O019199,CUST019200,R019199,3/10/2024,1366,Wallet,Delivered
O019200,CUST019201,R019200,6/16/2020,1615,Card,Cancelled
O019201,CUST019202,R019201,7/16/2024,264,Card,Delivered
O019202,CUST019203,R019202,9/4/2022,1552,UPI,Delivered
O019203,CUST019204,R019203,3/26/2024,599,Card,Delivered
O019204,CUST019205,R019204,6/22/2021,1674,UPI,Delivered
O019205,CUST019206,R019205,10/21/2025,524,Card,Delivered
O019206,CUST019207,R019206,10/21/2019,1787,COD,Delivered
O019207,CUST019208,R019207,1/20/2023,691,COD,Delivered
O019208,CUST019209,R019208,5/5/2020,586,COD,Delivered
O019209,CUST019210,R019209,8/27/2021,1689,Card,Delivered
O019210,CUST019211,R019210,8/24/2025,1292,Wallet,Delivered
O019211,CUST019212,R019211,4/16/2021,226,COD,Delivered
O019212,CUST019213,R019212,9/19/2024,785,COD,Delivered
O019213,CUST019214,R019213,6/9/2021,992,Card,Delivered
O019214,CUST019215,R019214,1/7/2021,653,COD,Delivered
O019215,CUST019216,R019215,11/26/2024,929,Wallet,Delivered
O019216,CUST019217,R019216,4/17/2021,1031,UPI,Delivered
O019217,CUST019218,R019217,6/28/2025,1225,UPI,Delivered
O019218,CUST019219,R019218,10/19/2022,1802,COD,Delivered
O019219,CUST019220,R019219,8/12/2021,640,Card,Delivered
O019220,CUST019221,R019220,7/10/2020,1968,UPI,Cancelled
O019221,CUST019222,R019221,3/24/2019,1018,UPI,Delivered
O019222,CUST019223,R019222,5/8/2023,1067,UPI,Delivered
O019223,CUST019224,R019223,6/15/2020,668,UPI,Delivered
O019224,CUST019225,R019224,9/27/2025,1925,Card,Delivered
O019225,CUST019226,R019225,6/10/2023,401,COD,Delivered
O019226,CUST019227,R019226,9/4/2022,1664,Card,Delivered
O019227,CUST019228,R019227,11/16/2019,270,COD,Delivered
O019228,CUST019229,R019228,12/26/2025,719,UPI,Delivered
O019229,CUST019230,R019229,1/27/2022,647,Wallet,Delivered
O019230,CUST019231,R019230,9/22/2020,886,Wallet,Delivered
O019231,CUST019232,R019231,3/16/2022,573,Card,Delivered
O019232,CUST019233,R019232,2/21/2021,256,Wallet,Delivered
O019233,CUST019234,R019233,4/7/2024,1584,COD,Delivered
O019234,CUST019235,R019234,8/5/2019,1126,UPI,Delivered
O019235,CUST019236,R019235,12/3/2023,727,Wallet,Delivered
O019236,CUST019237,R019236,2/9/2022,1296,UPI,Delivered
O019237,CUST019238,R019237,11/8/2020,1018,Card,Delivered
O019238,CUST019239,R019238,8/12/2025,1919,Wallet,Delivered
O019239,CUST019240,R019239,6/14/2021,1455,UPI,Delivered
O019240,CUST019241,R019240,2/11/2021,1835,COD,Delivered
O019241,CUST019242,R019241,4/21/2022,1347,UPI,Delivered
O019242,CUST019243,R019242,7/13/2023,264,COD,Delivered
O019243,CUST019244,R019243,8/17/2020,502,Card,Delivered
O019244,CUST019245,R019244,4/26/2023,680,Card,Delivered
O019245,CUST019246,R019245,6/16/2020,1817,Wallet,Delivered
O019246,CUST019247,R019246,12/2/2019,914,COD,Delivered
O019247,CUST019248,R019247,8/28/2019,1170,UPI,Cancelled
O019248,CUST019249,R019248,10/10/2021,945,COD,Delivered
O019249,CUST019250,R019249,7/26/2020,1384,UPI,Delivered
O019250,CUST019251,R019250,3/9/2025,1106,Wallet,Delivered
O019251,CUST019252,R019251,9/15/2021,1075,Wallet,Delivered
O019252,CUST019253,R019252,10/14/2025,1499,UPI,Cancelled
O019253,CUST019254,R019253,7/14/2021,1880,UPI,Delivered
O019254,CUST019255,R019254,2/9/2025,1927,UPI,Delivered
O019255,CUST019256,R019255,3/14/2019,1686,Card,Delivered
O019256,CUST019257,R019256,1/18/2025,1552,Card,Delivered
O019257,CUST019258,R019257,4/27/2022,898,COD,Delivered
O019258,CUST019259,R019258,5/24/2025,1862,UPI,Delivered
O019259,CUST019260,R019259,1/18/2020,574,Card,Cancelled
O019260,CUST019261,R019260,10/21/2024,786,COD,Delivered
O019261,CUST019262,R019261,9/5/2023,1573,Card,Delivered
O019262,CUST019263,R019262,8/23/2022,1001,Wallet,Delivered
O019263,CUST019264,R019263,10/4/2024,723,COD,Delivered
O019264,CUST019265,R019264,3/24/2021,1161,COD,Delivered
O019265,CUST019266,R019265,2/9/2022,1115,COD,Delivered
O019266,CUST019267,R019266,3/8/2023,782,Wallet,Delivered
O019267,CUST019268,R019267,1/3/2025,1543,UPI,Delivered
O019268,CUST019269,R019268,11/15/2021,1346,UPI,Delivered
O019269,CUST019270,R019269,7/1/2020,1212,UPI,Delivered
O019270,CUST019271,R019270,12/21/2024,516,Wallet,Delivered
O019271,CUST019272,R019271,9/21/2025,589,UPI,Delivered
O019272,CUST019273,R019272,9/12/2022,196,Card,Delivered
O019273,CUST019274,R019273,9/16/2021,1458,Card,Cancelled
O019274,CUST019275,R019274,3/14/2023,1681,Card,Delivered
O019275,CUST019276,R019275,7/17/2022,792,UPI,Delivered
O019276,CUST019277,R019276,6/26/2019,1350,Card,Delivered
O019277,CUST019278,R019277,7/19/2020,952,Wallet,Delivered
O019278,CUST019279,R019278,12/11/2024,1787,Card,Cancelled
O019279,CUST019280,R019279,12/18/2021,398,COD,Delivered
O019280,CUST019281,R019280,2/28/2020,1159,UPI,Delivered
O019281,CUST019282,R019281,3/9/2024,1546,Card,Cancelled
O019282,CUST019283,R019282,10/24/2022,401,Wallet,Delivered
O019283,CUST019284,R019283,3/9/2021,760,COD,Delivered
O019284,CUST019285,R019284,7/24/2022,443,COD,Delivered
O019285,CUST019286,R019285,4/28/2023,1285,Card,Delivered
O019286,CUST019287,R019286,9/4/2019,124,Wallet,Delivered
O019287,CUST019288,R019287,1/3/2020,913,UPI,Delivered
O019288,CUST019289,R019288,1/12/2021,1030,Wallet,Delivered
O019289,CUST019290,R019289,4/4/2025,539,Wallet,Delivered
O019290,CUST019291,R019290,7/7/2019,141,Wallet,Delivered
O019291,CUST019292,R019291,1/19/2021,976,Wallet,Cancelled
O019292,CUST019293,R019292,7/6/2020,1531,Card,Delivered
O019293,CUST019294,R019293,4/16/2019,1533,UPI,Cancelled
O019294,CUST019295,R019294,12/12/2021,1654,UPI,Delivered
O019295,CUST019296,R019295,2/12/2019,192,UPI,Delivered
O019296,CUST019297,R019296,4/19/2021,375,Card,Delivered
O019297,CUST019298,R019297,6/18/2019,102,COD,Delivered
O019298,CUST019299,R019298,11/4/2025,1914,UPI,Delivered
O019299,CUST019300,R019299,7/13/2025,1641,Card,Delivered
O019300,CUST019301,R019300,2/28/2022,529,Card,Delivered
O019301,CUST019302,R019301,10/22/2023,646,COD,Delivered
O019302,CUST019303,R019302,12/26/2020,199,COD,Delivered
O019303,CUST019304,R019303,6/2/2019,770,COD,Delivered
O019304,CUST019305,R019304,7/28/2021,757,Wallet,Cancelled
O019305,CUST019306,R019305,11/1/2024,1147,COD,Delivered
O019306,CUST019307,R019306,5/26/2019,1194,Wallet,Delivered
O019307,CUST019308,R019307,5/9/2021,1271,Card,Delivered
O019308,CUST019309,R019308,3/13/2020,820,UPI,Delivered
O019309,CUST019310,R019309,11/5/2020,1893,UPI,Delivered
O019310,CUST019311,R019310,2/13/2021,1621,UPI,Delivered
O019311,CUST019312,R019311,4/14/2023,1574,Wallet,Cancelled
O019312,CUST019313,R019312,2/7/2019,1257,Card,Delivered
O019313,CUST019314,R019313,6/22/2019,1332,UPI,Cancelled
O019314,CUST019315,R019314,6/16/2025,754,COD,Delivered
O019315,CUST019316,R019315,6/21/2020,1891,Card,Delivered
O019316,CUST019317,R019316,7/12/2019,857,Wallet,Delivered
O019317,CUST019318,R019317,7/1/2021,801,Wallet,Delivered
O019318,CUST019319,R019318,2/11/2022,303,COD,Delivered
O019319,CUST019320,R019319,1/27/2022,1238,Wallet,Delivered
O019320,CUST019321,R019320,4/11/2019,1352,Wallet,Cancelled
O019321,CUST019322,R019321,1/1/2025,907,UPI,Delivered
O019322,CUST019323,R019322,4/6/2024,1414,COD,Delivered
O019323,CUST019324,R019323,10/14/2024,776,UPI,Delivered
O019324,CUST019325,R019324,8/15/2021,382,UPI,Delivered
O019325,CUST019326,R019325,5/9/2025,1345,Wallet,Delivered
O019326,CUST019327,R019326,8/10/2022,1376,UPI,Delivered
O019327,CUST019328,R019327,12/9/2021,798,UPI,Delivered
O019328,CUST019329,R019328,5/1/2025,1046,UPI,Delivered
O019329,CUST019330,R019329,12/15/2019,473,COD,Delivered
O019330,CUST019331,R019330,10/24/2023,462,UPI,Cancelled
O019331,CUST019332,R019331,12/20/2020,1995,COD,Delivered
O019332,CUST019333,R019332,9/21/2024,854,Card,Delivered
O019333,CUST019334,R019333,8/5/2023,254,COD,Delivered
O019334,CUST019335,R019334,4/24/2020,1016,Wallet,Delivered
O019335,CUST019336,R019335,10/1/2024,1074,COD,Delivered
O019336,CUST019337,R019336,8/25/2024,397,Wallet,Delivered
O019337,CUST019338,R019337,12/9/2025,1899,Card,Delivered
O019338,CUST019339,R019338,12/13/2020,1974,COD,Cancelled
O019339,CUST019340,R019339,3/5/2022,1036,UPI,Delivered
O019340,CUST019341,R019340,8/4/2023,1470,UPI,Delivered
O019341,CUST019342,R019341,12/10/2022,662,Wallet,Delivered
O019342,CUST019343,R019342,8/9/2021,264,Wallet,Delivered
O019343,CUST019344,R019343,10/18/2023,1090,Wallet,Delivered
O019344,CUST019345,R019344,3/15/2022,180,Card,Delivered
O019345,CUST019346,R019345,11/8/2021,1482,UPI,Delivered
O019346,CUST019347,R019346,2/14/2023,1772,COD,Delivered
O019347,CUST019348,R019347,8/20/2020,632,UPI,Delivered
O019348,CUST019349,R019348,7/26/2023,1702,UPI,Delivered
O019349,CUST019350,R019349,7/20/2021,1958,Card,Delivered
O019350,CUST019351,R019350,8/4/2020,1723,UPI,Delivered
O019351,CUST019352,R019351,9/22/2025,959,Wallet,Delivered
O019352,CUST019353,R019352,5/15/2021,1742,UPI,Delivered
O019353,CUST019354,R019353,2/15/2024,1658,Card,Delivered
O019354,CUST019355,R019354,9/21/2021,1909,Card,Delivered
O019355,CUST019356,R019355,2/20/2025,1988,Card,Delivered
O019356,CUST019357,R019356,3/18/2020,1801,Card,Delivered
O019357,CUST019358,R019357,8/26/2021,892,Card,Delivered
O019358,CUST019359,R019358,3/26/2020,337,Card,Delivered
O019359,CUST019360,R019359,8/25/2020,626,Wallet,Delivered
O019360,CUST019361,R019360,10/3/2019,628,Wallet,Delivered
O019361,CUST019362,R019361,3/23/2022,513,Card,Delivered
O019362,CUST019363,R019362,9/3/2020,943,COD,Delivered
O019363,CUST019364,R019363,7/2/2022,1383,Wallet,Delivered
O019364,CUST019365,R019364,11/5/2024,1066,Wallet,Delivered
O019365,CUST019366,R019365,2/12/2025,469,Wallet,Delivered
O019366,CUST019367,R019366,7/24/2024,1275,Wallet,Cancelled
O019367,CUST019368,R019367,2/18/2021,1526,COD,Delivered
O019368,CUST019369,R019368,3/2/2025,1653,UPI,Delivered
O019369,CUST019370,R019369,7/13/2024,1592,UPI,Delivered
O019370,CUST019371,R019370,4/20/2023,1521,Card,Delivered
O019371,CUST019372,R019371,1/7/2025,1331,Card,Delivered
O019372,CUST019373,R019372,11/20/2022,242,UPI,Delivered
O019373,CUST019374,R019373,1/13/2023,288,COD,Delivered
O019374,CUST019375,R019374,4/20/2024,621,UPI,Delivered
O019375,CUST019376,R019375,9/25/2019,1572,COD,Delivered
O019376,CUST019377,R019376,1/16/2024,998,COD,Delivered
O019377,CUST019378,R019377,11/28/2021,726,UPI,Cancelled
O019378,CUST019379,R019378,7/21/2025,130,COD,Delivered
O019379,CUST019380,R019379,7/18/2024,892,Wallet,Delivered
O019380,CUST019381,R019380,10/13/2023,426,COD,Delivered
O019381,CUST019382,R019381,1/3/2022,1269,UPI,Delivered
O019382,CUST019383,R019382,10/8/2019,1252,Card,Delivered
O019383,CUST019384,R019383,6/4/2021,1137,Card,Cancelled
O019384,CUST019385,R019384,8/2/2020,1369,UPI,Delivered
O019385,CUST019386,R019385,8/17/2019,1298,Card,Delivered
O019386,CUST019387,R019386,8/7/2025,333,Wallet,Delivered
O019387,CUST019388,R019387,7/22/2020,709,Wallet,Delivered
O019388,CUST019389,R019388,11/13/2023,1615,COD,Delivered
O019389,CUST019390,R019389,8/17/2022,519,UPI,Delivered
O019390,CUST019391,R019390,3/28/2025,1782,COD,Delivered
O019391,CUST019392,R019391,5/2/2021,348,COD,Delivered
O019392,CUST019393,R019392,4/22/2022,979,Card,Delivered
O019393,CUST019394,R019393,8/28/2021,471,Wallet,Delivered
O019394,CUST019395,R019394,4/24/2019,1805,COD,Delivered
O019395,CUST019396,R019395,6/8/2022,407,COD,Delivered
O019396,CUST019397,R019396,5/5/2019,1224,Card,Delivered
O019397,CUST019398,R019397,9/2/2020,1457,Card,Delivered
O019398,CUST019399,R019398,10/4/2022,1089,UPI,Delivered
O019399,CUST019400,R019399,4/8/2021,1851,UPI,Delivered
O019400,CUST019401,R019400,3/16/2022,1516,Wallet,Delivered
O019401,CUST019402,R019401,3/14/2019,1275,Card,Delivered
O019402,CUST019403,R019402,4/11/2024,136,UPI,Delivered
O019403,CUST019404,R019403,5/12/2024,1399,Card,Delivered
O019404,CUST019405,R019404,1/24/2023,455,UPI,Delivered
O019405,CUST019406,R019405,8/17/2020,1607,UPI,Delivered
O019406,CUST019407,R019406,11/23/2023,131,COD,Cancelled
O019407,CUST019408,R019407,3/18/2019,898,Card,Delivered
O019408,CUST019409,R019408,12/18/2022,1924,Card,Delivered
O019409,CUST019410,R019409,10/28/2023,1015,COD,Delivered
O019410,CUST019411,R019410,12/25/2022,185,Card,Cancelled
O019411,CUST019412,R019411,4/6/2022,749,Wallet,Delivered
O019412,CUST019413,R019412,10/22/2022,577,Wallet,Delivered
O019413,CUST019414,R019413,5/25/2024,1132,Wallet,Delivered
O019414,CUST019415,R019414,4/11/2021,1383,COD,Delivered
O019415,CUST019416,R019415,11/6/2024,808,COD,Delivered
O019416,CUST019417,R019416,1/7/2019,1053,UPI,Delivered
O019417,CUST019418,R019417,5/19/2020,1084,Wallet,Delivered
O019418,CUST019419,R019418,2/26/2020,1398,COD,Delivered
O019419,CUST019420,R019419,10/17/2023,1649,Wallet,Delivered
O019420,CUST019421,R019420,6/13/2021,1142,Card,Delivered
O019421,CUST019422,R019421,1/16/2021,1113,Wallet,Delivered
O019422,CUST019423,R019422,9/16/2022,1216,UPI,Delivered
O019423,CUST019424,R019423,6/3/2024,1274,UPI,Delivered
O019424,CUST019425,R019424,10/22/2021,365,UPI,Delivered
O019425,CUST019426,R019425,1/11/2023,1710,Card,Delivered
O019426,CUST019427,R019426,4/13/2023,322,Card,Delivered
O019427,CUST019428,R019427,7/27/2025,1758,Card,Delivered
O019428,CUST019429,R019428,8/9/2021,1897,UPI,Cancelled
O019429,CUST019430,R019429,4/23/2019,416,UPI,Delivered
O019430,CUST019431,R019430,3/27/2025,316,COD,Delivered
O019431,CUST019432,R019431,12/21/2024,587,COD,Delivered
O019432,CUST019433,R019432,3/8/2022,1854,COD,Delivered
O019433,CUST019434,R019433,12/16/2020,758,Wallet,Delivered
O019434,CUST019435,R019434,4/11/2023,1265,Card,Cancelled
O019435,CUST019436,R019435,7/25/2020,833,UPI,Delivered
O019436,CUST019437,R019436,2/25/2019,1064,Wallet,Delivered
O019437,CUST019438,R019437,8/17/2020,993,Wallet,Cancelled
O019438,CUST019439,R019438,7/20/2023,804,Card,Delivered
O019439,CUST019440,R019439,11/8/2023,1883,COD,Delivered
O019440,CUST019441,R019440,1/8/2025,1374,Card,Delivered
O019441,CUST019442,R019441,10/13/2024,1514,Wallet,Cancelled
O019442,CUST019443,R019442,12/18/2021,1045,UPI,Delivered
O019443,CUST019444,R019443,7/9/2023,1834,COD,Delivered
O019444,CUST019445,R019444,3/16/2019,737,Wallet,Delivered
O019445,CUST019446,R019445,4/17/2024,1645,Card,Delivered
O019446,CUST019447,R019446,8/11/2022,375,COD,Delivered
O019447,CUST019448,R019447,4/5/2023,166,UPI,Delivered
O019448,CUST019449,R019448,10/20/2022,487,Wallet,Delivered
O019449,CUST019450,R019449,6/20/2022,724,UPI,Delivered
O019450,CUST019451,R019450,6/1/2020,610,Wallet,Delivered
O019451,CUST019452,R019451,1/22/2023,421,Wallet,Delivered
O019452,CUST019453,R019452,12/5/2025,609,Card,Delivered
O019453,CUST019454,R019453,7/3/2020,1034,Card,Cancelled
O019454,CUST019455,R019454,6/7/2019,323,COD,Delivered
O019455,CUST019456,R019455,9/27/2019,1089,UPI,Cancelled
O019456,CUST019457,R019456,11/9/2021,1354,UPI,Delivered
O019457,CUST019458,R019457,3/17/2019,1793,Wallet,Delivered
O019458,CUST019459,R019458,4/19/2022,1733,Card,Cancelled
O019459,CUST019460,R019459,8/14/2025,419,UPI,Delivered
O019460,CUST019461,R019460,6/20/2019,210,Card,Delivered
O019461,CUST019462,R019461,2/20/2022,531,Card,Delivered
O019462,CUST019463,R019462,5/21/2020,1781,Card,Delivered
O019463,CUST019464,R019463,9/2/2023,698,Wallet,Delivered
O019464,CUST019465,R019464,5/23/2021,642,Card,Delivered
O019465,CUST019466,R019465,10/21/2023,828,COD,Delivered
O019466,CUST019467,R019466,11/4/2025,1079,Wallet,Delivered
O019467,CUST019468,R019467,9/8/2022,995,Card,Delivered
O019468,CUST019469,R019468,6/2/2024,748,Wallet,Delivered
O019469,CUST019470,R019469,9/4/2020,971,COD,Delivered
O019470,CUST019471,R019470,1/1/2019,1411,UPI,Delivered
O019471,CUST019472,R019471,10/20/2022,1349,Wallet,Delivered
O019472,CUST019473,R019472,12/9/2020,1091,UPI,Delivered
O019473,CUST019474,R019473,10/15/2023,1727,UPI,Delivered
O019474,CUST019475,R019474,10/15/2024,116,UPI,Delivered
O019475,CUST019476,R019475,2/2/2019,1398,UPI,Delivered
O019476,CUST019477,R019476,5/24/2025,488,Card,Delivered
O019477,CUST019478,R019477,4/18/2025,1313,UPI,Delivered
O019478,CUST019479,R019478,6/15/2025,445,Card,Delivered
O019479,CUST019480,R019479,9/19/2025,1707,COD,Cancelled
O019480,CUST019481,R019480,3/18/2022,605,Card,Cancelled
O019481,CUST019482,R019481,10/3/2021,364,Card,Delivered
O019482,CUST019483,R019482,12/27/2022,1643,Card,Delivered
O019483,CUST019484,R019483,1/23/2019,1201,Wallet,Delivered
O019484,CUST019485,R019484,6/15/2024,1977,COD,Delivered
O019485,CUST019486,R019485,8/18/2020,881,Wallet,Delivered
O019486,CUST019487,R019486,1/10/2025,1388,COD,Delivered
O019487,CUST019488,R019487,10/9/2023,788,Wallet,Delivered
O019488,CUST019489,R019488,3/27/2020,1013,COD,Delivered
O019489,CUST019490,R019489,9/19/2022,876,UPI,Delivered
O019490,CUST019491,R019490,3/1/2025,691,UPI,Delivered
O019491,CUST019492,R019491,5/14/2020,1766,COD,Cancelled
O019492,CUST019493,R019492,3/9/2022,560,Card,Delivered
O019493,CUST019494,R019493,5/8/2021,1883,UPI,Delivered
O019494,CUST019495,R019494,5/22/2025,928,Wallet,Delivered
O019495,CUST019496,R019495,7/4/2022,1020,UPI,Delivered
O019496,CUST019497,R019496,2/14/2023,626,UPI,Delivered
O019497,CUST019498,R019497,6/26/2022,1845,Card,Delivered
O019498,CUST019499,R019498,2/9/2024,259,COD,Delivered
O019499,CUST019500,R019499,4/3/2020,1776,UPI,Delivered
O019500,CUST019501,R019500,9/15/2019,164,COD,Delivered
O019501,CUST019502,R019501,12/26/2021,433,UPI,Delivered
O019502,CUST019503,R019502,1/24/2024,493,Wallet,Delivered
O019503,CUST019504,R019503,1/20/2020,481,Wallet,Delivered
O019504,CUST019505,R019504,1/8/2022,493,Card,Delivered
O019505,CUST019506,R019505,12/19/2024,220,UPI,Delivered
O019506,CUST019507,R019506,6/5/2023,1543,COD,Delivered
O019507,CUST019508,R019507,2/3/2023,1035,Wallet,Delivered
O019508,CUST019509,R019508,8/1/2024,635,Wallet,Delivered
O019509,CUST019510,R019509,6/9/2020,1255,Wallet,Cancelled
O019510,CUST019511,R019510,7/8/2022,1506,Card,Delivered
O019511,CUST019512,R019511,8/11/2024,1776,Wallet,Delivered
O019512,CUST019513,R019512,9/12/2020,1561,UPI,Delivered
O019513,CUST019514,R019513,1/10/2023,1681,Card,Delivered
O019514,CUST019515,R019514,8/20/2023,1237,Wallet,Delivered
O019515,CUST019516,R019515,8/19/2024,153,COD,Delivered
O019516,CUST019517,R019516,9/15/2022,1998,Card,Delivered
O019517,CUST019518,R019517,2/20/2022,536,UPI,Delivered
O019518,CUST019519,R019518,8/14/2025,1738,COD,Delivered
O019519,CUST019520,R019519,1/28/2023,271,Card,Delivered
O019520,CUST019521,R019520,10/26/2025,695,Wallet,Cancelled
O019521,CUST019522,R019521,10/6/2023,426,UPI,Delivered
O019522,CUST019523,R019522,12/18/2020,872,Wallet,Delivered
O019523,CUST019524,R019523,7/2/2022,599,Wallet,Cancelled
O019524,CUST019525,R019524,11/6/2019,974,Wallet,Delivered
O019525,CUST019526,R019525,10/13/2020,1649,UPI,Cancelled
O019526,CUST019527,R019526,10/13/2021,1726,UPI,Delivered
O019527,CUST019528,R019527,2/8/2024,1772,UPI,Delivered
O019528,CUST019529,R019528,10/12/2021,202,UPI,Delivered
O019529,CUST019530,R019529,4/16/2022,1197,Card,Delivered
O019530,CUST019531,R019530,7/21/2020,756,COD,Delivered
O019531,CUST019532,R019531,11/22/2022,1782,UPI,Delivered
O019532,CUST019533,R019532,3/16/2019,489,Card,Cancelled
O019533,CUST019534,R019533,11/27/2019,739,COD,Delivered
O019534,CUST019535,R019534,9/7/2021,1526,Card,Delivered
O019535,CUST019536,R019535,1/21/2023,916,Wallet,Delivered
O019536,CUST019537,R019536,11/3/2020,642,Card,Delivered
O019537,CUST019538,R019537,2/24/2024,1082,COD,Delivered
O019538,CUST019539,R019538,1/8/2022,1266,COD,Delivered
O019539,CUST019540,R019539,10/7/2020,497,Wallet,Delivered
O019540,CUST019541,R019540,9/2/2019,1388,UPI,Delivered
O019541,CUST019542,R019541,8/14/2025,1197,UPI,Delivered
O019542,CUST019543,R019542,10/25/2022,814,UPI,Delivered
O019543,CUST019544,R019543,1/16/2020,416,Wallet,Cancelled
O019544,CUST019545,R019544,11/18/2024,547,UPI,Delivered
O019545,CUST019546,R019545,7/10/2023,105,UPI,Delivered
O019546,CUST019547,R019546,5/14/2021,1368,Card,Delivered
O019547,CUST019548,R019547,6/16/2019,1634,UPI,Delivered
O019548,CUST019549,R019548,4/16/2025,575,UPI,Delivered
O019549,CUST019550,R019549,10/25/2022,1271,Card,Delivered
O019550,CUST019551,R019550,10/18/2019,873,Wallet,Delivered
O019551,CUST019552,R019551,7/10/2022,1894,Card,Delivered
O019552,CUST019553,R019552,11/17/2021,287,COD,Cancelled
O019553,CUST019554,R019553,9/25/2023,1048,Card,Delivered
O019554,CUST019555,R019554,4/8/2020,1826,COD,Cancelled
O019555,CUST019556,R019555,2/22/2022,430,Wallet,Delivered
O019556,CUST019557,R019556,9/10/2022,1043,COD,Delivered
O019557,CUST019558,R019557,8/28/2019,591,COD,Delivered
O019558,CUST019559,R019558,2/4/2025,1239,Card,Delivered
O019559,CUST019560,R019559,4/8/2021,1934,Wallet,Delivered
O019560,CUST019561,R019560,6/4/2025,827,UPI,Delivered
O019561,CUST019562,R019561,5/11/2025,950,COD,Delivered
O019562,CUST019563,R019562,2/1/2019,503,Wallet,Delivered
O019563,CUST019564,R019563,2/6/2023,1963,Wallet,Cancelled
O019564,CUST019565,R019564,4/18/2020,1082,Wallet,Delivered
O019565,CUST019566,R019565,11/5/2023,1376,Card,Delivered
O019566,CUST019567,R019566,1/16/2022,1249,Wallet,Delivered
O019567,CUST019568,R019567,1/12/2022,1549,UPI,Delivered
O019568,CUST019569,R019568,2/10/2021,1693,UPI,Delivered
O019569,CUST019570,R019569,3/13/2021,232,Card,Delivered
O019570,CUST019571,R019570,8/16/2024,1855,COD,Delivered
O019571,CUST019572,R019571,7/28/2022,1867,UPI,Cancelled
O019572,CUST019573,R019572,9/12/2025,1594,COD,Delivered
O019573,CUST019574,R019573,3/1/2022,444,Card,Delivered
O019574,CUST019575,R019574,10/20/2019,567,COD,Delivered
O019575,CUST019576,R019575,7/25/2019,120,COD,Delivered
O019576,CUST019577,R019576,5/1/2025,727,Wallet,Delivered
O019577,CUST019578,R019577,6/27/2022,1233,COD,Cancelled
O019578,CUST019579,R019578,7/27/2025,993,COD,Delivered
O019579,CUST019580,R019579,10/25/2020,1040,Wallet,Delivered
O019580,CUST019581,R019580,9/6/2024,1165,Wallet,Delivered
O019581,CUST019582,R019581,2/12/2023,464,Wallet,Delivered
O019582,CUST019583,R019582,9/28/2023,1750,UPI,Delivered
O019583,CUST019584,R019583,7/11/2024,1472,UPI,Delivered
O019584,CUST019585,R019584,6/12/2022,1483,Wallet,Delivered
O019585,CUST019586,R019585,1/6/2022,1210,UPI,Delivered
O019586,CUST019587,R019586,6/24/2024,1116,UPI,Delivered
O019587,CUST019588,R019587,10/14/2025,675,Card,Delivered
O019588,CUST019589,R019588,3/20/2021,1811,Wallet,Delivered
O019589,CUST019590,R019589,6/10/2020,344,COD,Delivered
O019590,CUST019591,R019590,9/22/2024,327,UPI,Delivered
O019591,CUST019592,R019591,8/2/2025,1665,COD,Delivered
O019592,CUST019593,R019592,6/19/2022,661,Wallet,Delivered
O019593,CUST019594,R019593,5/3/2021,1209,Card,Delivered
O019594,CUST019595,R019594,8/22/2023,509,UPI,Delivered
O019595,CUST019596,R019595,12/1/2019,1838,COD,Delivered
O019596,CUST019597,R019596,12/11/2022,670,UPI,Delivered
O019597,CUST019598,R019597,11/13/2024,228,Wallet,Delivered
O019598,CUST019599,R019598,5/7/2020,1255,Wallet,Delivered
O019599,CUST019600,R019599,12/12/2025,1335,UPI,Delivered
O019600,CUST019601,R019600,9/15/2023,762,Wallet,Delivered
O019601,CUST019602,R019601,8/27/2021,966,UPI,Delivered
O019602,CUST019603,R019602,3/14/2025,388,COD,Delivered
O019603,CUST019604,R019603,5/23/2020,371,UPI,Delivered
O019604,CUST019605,R019604,3/20/2021,1709,Card,Delivered
O019605,CUST019606,R019605,2/20/2022,749,UPI,Delivered
O019606,CUST019607,R019606,9/4/2019,111,Card,Delivered
O019607,CUST019608,R019607,4/22/2019,617,Wallet,Cancelled
O019608,CUST019609,R019608,8/23/2020,925,Card,Cancelled
O019609,CUST019610,R019609,9/21/2024,286,Wallet,Cancelled
O019610,CUST019611,R019610,2/8/2025,1789,Card,Delivered
O019611,CUST019612,R019611,4/11/2020,1883,COD,Cancelled
O019612,CUST019613,R019612,7/6/2020,951,UPI,Delivered
O019613,CUST019614,R019613,6/2/2025,1390,UPI,Delivered
O019614,CUST019615,R019614,9/9/2021,627,Wallet,Delivered
O019615,CUST019616,R019615,3/8/2025,1949,Wallet,Delivered
O019616,CUST019617,R019616,1/17/2022,999,Wallet,Delivered
O019617,CUST019618,R019617,7/14/2025,1991,Card,Delivered
O019618,CUST019619,R019618,10/15/2024,1378,UPI,Delivered
O019619,CUST019620,R019619,2/14/2024,1672,UPI,Delivered
O019620,CUST019621,R019620,4/19/2021,232,UPI,Delivered
O019621,CUST019622,R019621,6/25/2024,1553,UPI,Delivered
O019622,CUST019623,R019622,9/18/2019,1804,COD,Delivered
O019623,CUST019624,R019623,2/2/2025,517,Card,Delivered
O019624,CUST019625,R019624,4/21/2020,1548,Card,Delivered
O019625,CUST019626,R019625,11/28/2024,567,Card,Cancelled
O019626,CUST019627,R019626,2/25/2020,484,Card,Delivered
O019627,CUST019628,R019627,9/3/2021,734,Card,Delivered
O019628,CUST019629,R019628,6/3/2020,1946,Card,Delivered
O019629,CUST019630,R019629,10/15/2023,1754,UPI,Cancelled
O019630,CUST019631,R019630,9/25/2024,802,Card,Delivered
O019631,CUST019632,R019631,8/25/2021,188,Card,Delivered
O019632,CUST019633,R019632,4/24/2023,482,COD,Delivered
O019633,CUST019634,R019633,10/2/2022,2000,Wallet,Delivered
O019634,CUST019635,R019634,6/22/2022,408,Card,Delivered
O019635,CUST019636,R019635,3/1/2023,789,COD,Delivered
O019636,CUST019637,R019636,2/28/2022,1228,Wallet,Delivered
O019637,CUST019638,R019637,3/3/2021,1216,Wallet,Delivered
O019638,CUST019639,R019638,9/12/2023,434,Wallet,Delivered
O019639,CUST019640,R019639,6/22/2022,1195,UPI,Cancelled
O019640,CUST019641,R019640,4/16/2020,1440,COD,Delivered
O019641,CUST019642,R019641,2/28/2019,1562,Card,Delivered
O019642,CUST019643,R019642,10/12/2025,1371,UPI,Delivered
O019643,CUST019644,R019643,4/20/2024,1474,Card,Delivered
O019644,CUST019645,R019644,2/6/2021,1182,UPI,Delivered
O019645,CUST019646,R019645,3/18/2025,1999,Wallet,Delivered
O019646,CUST019647,R019646,4/12/2022,1791,COD,Delivered
O019647,CUST019648,R019647,1/17/2021,516,UPI,Delivered
O019648,CUST019649,R019648,11/23/2025,1460,Card,Delivered
O019649,CUST019650,R019649,4/14/2019,844,COD,Delivered
O019650,CUST019651,R019650,11/25/2023,833,UPI,Cancelled
O019651,CUST019652,R019651,11/23/2021,1951,COD,Delivered
O019652,CUST019653,R019652,9/17/2024,855,Wallet,Delivered
O019653,CUST019654,R019653,8/10/2024,211,COD,Delivered
O019654,CUST019655,R019654,3/1/2020,1179,UPI,Delivered
O019655,CUST019656,R019655,10/7/2025,1162,Card,Delivered
O019656,CUST019657,R019656,10/1/2024,1095,UPI,Delivered
O019657,CUST019658,R019657,1/1/2025,1333,COD,Delivered
O019658,CUST019659,R019658,4/15/2020,727,COD,Delivered
O019659,CUST019660,R019659,3/6/2022,1407,Card,Delivered
O019660,CUST019661,R019660,2/14/2023,131,COD,Delivered
O019661,CUST019662,R019661,1/5/2022,1077,COD,Delivered
O019662,CUST019663,R019662,7/9/2021,932,UPI,Delivered
O019663,CUST019664,R019663,11/20/2023,1889,Card,Delivered
O019664,CUST019665,R019664,10/3/2019,268,COD,Delivered
O019665,CUST019666,R019665,10/18/2024,899,Card,Delivered
O019666,CUST019667,R019666,5/27/2020,430,COD,Delivered
O019667,CUST019668,R019667,9/22/2023,1758,COD,Delivered
O019668,CUST019669,R019668,2/7/2023,316,Card,Delivered
O019669,CUST019670,R019669,3/4/2024,1139,UPI,Delivered
O019670,CUST019671,R019670,5/2/2022,1378,Card,Delivered
O019671,CUST019672,R019671,5/4/2021,815,COD,Delivered
O019672,CUST019673,R019672,7/7/2020,1489,UPI,Delivered
O019673,CUST019674,R019673,2/15/2023,1362,Wallet,Delivered
O019674,CUST019675,R019674,12/13/2020,1121,Card,Delivered
O019675,CUST019676,R019675,3/10/2024,1927,UPI,Delivered
O019676,CUST019677,R019676,8/8/2019,1548,Card,Delivered
O019677,CUST019678,R019677,8/26/2021,312,Wallet,Delivered
O019678,CUST019679,R019678,10/14/2019,1528,UPI,Delivered
O019679,CUST019680,R019679,4/21/2020,1947,COD,Cancelled
O019680,CUST019681,R019680,12/17/2025,485,Card,Cancelled
O019681,CUST019682,R019681,11/17/2025,1877,Card,Delivered
O019682,CUST019683,R019682,11/26/2019,931,COD,Delivered
O019683,CUST019684,R019683,5/24/2022,105,Card,Cancelled
O019684,CUST019685,R019684,7/5/2023,605,COD,Delivered
O019685,CUST019686,R019685,7/2/2024,216,Wallet,Cancelled
O019686,CUST019687,R019686,8/24/2023,1022,COD,Delivered
O019687,CUST019688,R019687,4/10/2020,1229,COD,Delivered
O019688,CUST019689,R019688,11/4/2019,659,COD,Cancelled
O019689,CUST019690,R019689,4/5/2023,1164,UPI,Delivered
O019690,CUST019691,R019690,11/21/2023,984,Wallet,Delivered
O019691,CUST019692,R019691,8/24/2024,1319,Wallet,Delivered
O019692,CUST019693,R019692,12/15/2022,1563,Wallet,Delivered
O019693,CUST019694,R019693,10/11/2023,1479,Card,Delivered
O019694,CUST019695,R019694,8/14/2023,1494,UPI,Delivered
O019695,CUST019696,R019695,6/21/2019,1603,UPI,Delivered
O019696,CUST019697,R019696,3/8/2023,1622,Wallet,Delivered
O019697,CUST019698,R019697,11/27/2020,285,COD,Delivered
O019698,CUST019699,R019698,1/16/2025,1307,Card,Delivered
O019699,CUST019700,R019699,6/13/2020,211,Card,Delivered
O019700,CUST019701,R019700,11/26/2019,1472,Card,Delivered
O019701,CUST019702,R019701,5/7/2025,1748,UPI,Delivered
O019702,CUST019703,R019702,4/21/2022,528,UPI,Delivered
O019703,CUST019704,R019703,1/24/2025,173,COD,Delivered
O019704,CUST019705,R019704,9/20/2023,545,COD,Delivered
O019705,CUST019706,R019705,1/6/2022,1807,COD,Delivered
O019706,CUST019707,R019706,7/14/2020,668,Wallet,Delivered
O019707,CUST019708,R019707,4/5/2020,1174,UPI,Cancelled
O019708,CUST019709,R019708,3/24/2023,790,Wallet,Delivered
O019709,CUST019710,R019709,1/25/2022,854,Wallet,Delivered
O019710,CUST019711,R019710,11/16/2019,914,COD,Cancelled
O019711,CUST019712,R019711,2/19/2020,400,UPI,Delivered
O019712,CUST019713,R019712,2/7/2022,1728,COD,Delivered
O019713,CUST019714,R019713,1/8/2021,1263,Card,Delivered
O019714,CUST019715,R019714,2/9/2020,1409,Wallet,Delivered
O019715,CUST019716,R019715,4/15/2021,1156,UPI,Delivered
O019716,CUST019717,R019716,7/10/2019,1690,Card,Delivered
O019717,CUST019718,R019717,1/14/2020,588,Wallet,Delivered
O019718,CUST019719,R019718,2/16/2023,1424,Card,Delivered
O019719,CUST019720,R019719,2/9/2020,328,COD,Delivered
O019720,CUST019721,R019720,12/27/2022,1981,Wallet,Delivered
O019721,CUST019722,R019721,7/19/2020,407,Wallet,Delivered
O019722,CUST019723,R019722,9/19/2023,645,UPI,Delivered
O019723,CUST019724,R019723,3/25/2024,574,COD,Delivered
O019724,CUST019725,R019724,4/21/2022,1960,COD,Delivered
O019725,CUST019726,R019725,4/4/2021,455,Card,Delivered
O019726,CUST019727,R019726,8/2/2023,880,UPI,Cancelled
O019727,CUST019728,R019727,6/6/2020,1517,Card,Delivered
O019728,CUST019729,R019728,4/25/2022,816,Wallet,Delivered
O019729,CUST019730,R019729,11/5/2023,783,Wallet,Delivered
O019730,CUST019731,R019730,9/8/2022,1217,Wallet,Cancelled
O019731,CUST019732,R019731,1/10/2022,1215,Card,Cancelled
O019732,CUST019733,R019732,10/4/2022,372,UPI,Delivered
O019733,CUST019734,R019733,5/15/2020,168,Card,Delivered
O019734,CUST019735,R019734,3/18/2024,452,Card,Delivered
O019735,CUST019736,R019735,5/20/2019,1701,UPI,Cancelled
O019736,CUST019737,R019736,12/1/2022,612,COD,Delivered
O019737,CUST019738,R019737,12/22/2022,595,Card,Delivered
O019738,CUST019739,R019738,1/20/2024,543,Card,Delivered
O019739,CUST019740,R019739,4/3/2019,924,COD,Delivered
O019740,CUST019741,R019740,10/7/2025,845,Card,Delivered
O019741,CUST019742,R019741,12/26/2020,860,Wallet,Delivered
O019742,CUST019743,R019742,10/6/2021,871,Wallet,Delivered
O019743,CUST019744,R019743,7/27/2023,1305,UPI,Delivered
O019744,CUST019745,R019744,12/18/2021,1258,Wallet,Delivered
O019745,CUST019746,R019745,3/7/2022,1000,Wallet,Delivered
O019746,CUST019747,R019746,1/9/2022,1686,UPI,Delivered
O019747,CUST019748,R019747,9/13/2024,1124,UPI,Delivered
O019748,CUST019749,R019748,11/1/2020,1317,UPI,Delivered
O019749,CUST019750,R019749,4/23/2019,403,Wallet,Delivered
O019750,CUST019751,R019750,7/16/2024,1223,UPI,Delivered
O019751,CUST019752,R019751,1/14/2024,334,UPI,Delivered
O019752,CUST019753,R019752,8/26/2021,1601,COD,Cancelled
O019753,CUST019754,R019753,12/16/2020,462,COD,Cancelled
O019754,CUST019755,R019754,6/2/2022,477,Card,Delivered
O019755,CUST019756,R019755,10/28/2021,1500,Card,Delivered
O019756,CUST019757,R019756,10/22/2025,921,Wallet,Delivered
O019757,CUST019758,R019757,4/13/2019,1930,COD,Delivered
O019758,CUST019759,R019758,8/16/2022,791,Wallet,Delivered
O019759,CUST019760,R019759,12/4/2022,1303,COD,Delivered
O019760,CUST019761,R019760,5/7/2019,707,Wallet,Delivered
O019761,CUST019762,R019761,10/24/2023,977,Wallet,Delivered
O019762,CUST019763,R019762,12/17/2021,1075,Wallet,Delivered
O019763,CUST019764,R019763,10/28/2022,840,UPI,Delivered
O019764,CUST019765,R019764,3/16/2019,1851,COD,Cancelled
O019765,CUST019766,R019765,10/12/2024,1217,UPI,Delivered
O019766,CUST019767,R019766,3/11/2022,1784,UPI,Delivered
O019767,CUST019768,R019767,6/24/2022,1040,Wallet,Delivered
O019768,CUST019769,R019768,2/6/2023,870,UPI,Delivered
O019769,CUST019770,R019769,12/12/2024,472,UPI,Delivered
O019770,CUST019771,R019770,8/19/2021,1735,Card,Delivered
O019771,CUST019772,R019771,2/7/2024,212,Card,Cancelled
O019772,CUST019773,R019772,11/25/2019,1690,UPI,Cancelled
O019773,CUST019774,R019773,12/13/2021,1985,COD,Delivered
O019774,CUST019775,R019774,2/24/2020,354,UPI,Delivered
O019775,CUST019776,R019775,3/24/2021,452,COD,Delivered
O019776,CUST019777,R019776,4/19/2019,259,Wallet,Delivered
O019777,CUST019778,R019777,5/7/2025,338,Card,Delivered
O019778,CUST019779,R019778,2/18/2019,1973,UPI,Delivered
O019779,CUST019780,R019779,1/2/2024,1400,COD,Delivered
O019780,CUST019781,R019780,5/3/2024,1190,Wallet,Delivered
O019781,CUST019782,R019781,10/3/2020,530,Wallet,Delivered
O019782,CUST019783,R019782,8/7/2019,1101,Wallet,Cancelled
O019783,CUST019784,R019783,6/5/2021,1351,Card,Delivered
O019784,CUST019785,R019784,4/9/2019,1734,Wallet,Delivered
O019785,CUST019786,R019785,8/7/2021,1350,UPI,Cancelled
O019786,CUST019787,R019786,8/7/2023,1602,Card,Delivered
O019787,CUST019788,R019787,2/18/2020,1157,Wallet,Delivered
O019788,CUST019789,R019788,11/18/2023,1969,Card,Delivered
O019789,CUST019790,R019789,8/14/2025,1951,UPI,Delivered
O019790,CUST019791,R019790,6/17/2025,490,UPI,Delivered
O019791,CUST019792,R019791,1/12/2019,1589,COD,Delivered
O019792,CUST019793,R019792,2/27/2019,127,Card,Delivered
O019793,CUST019794,R019793,9/25/2021,807,Wallet,Delivered
O019794,CUST019795,R019794,8/5/2022,147,UPI,Delivered
O019795,CUST019796,R019795,6/16/2024,761,COD,Delivered
O019796,CUST019797,R019796,2/28/2023,444,COD,Cancelled
O019797,CUST019798,R019797,8/3/2023,461,COD,Delivered
O019798,CUST019799,R019798,4/1/2023,1142,Wallet,Delivered
O019799,CUST019800,R019799,3/2/2023,1262,Wallet,Cancelled
O019800,CUST019801,R019800,7/27/2020,1302,Wallet,Delivered
O019801,CUST019802,R019801,1/5/2020,112,Wallet,Delivered
O019802,CUST019803,R019802,4/8/2020,1107,Card,Delivered
O019803,CUST019804,R019803,7/20/2021,534,Card,Delivered
O019804,CUST019805,R019804,7/21/2024,1676,UPI,Delivered
O019805,CUST019806,R019805,7/15/2022,345,Card,Delivered
O019806,CUST019807,R019806,2/26/2019,851,Card,Delivered
O019807,CUST019808,R019807,4/6/2025,1378,UPI,Delivered
O019808,CUST019809,R019808,5/17/2022,804,Wallet,Delivered
O019809,CUST019810,R019809,9/1/2023,531,COD,Delivered
O019810,CUST019811,R019810,2/22/2020,678,COD,Delivered
O019811,CUST019812,R019811,12/2/2019,1186,Card,Delivered
O019812,CUST019813,R019812,12/6/2021,416,Wallet,Delivered
O019813,CUST019814,R019813,3/28/2020,1346,UPI,Delivered
O019814,CUST019815,R019814,10/12/2024,784,COD,Delivered
O019815,CUST019816,R019815,10/24/2021,723,UPI,Delivered
O019816,CUST019817,R019816,3/14/2023,330,Wallet,Cancelled
O019817,CUST019818,R019817,11/15/2021,403,Wallet,Delivered
O019818,CUST019819,R019818,10/10/2024,1907,UPI,Delivered
O019819,CUST019820,R019819,11/12/2025,1480,Card,Delivered
O019820,CUST019821,R019820,9/15/2025,1484,UPI,Delivered
O019821,CUST019822,R019821,7/14/2021,421,UPI,Delivered
O019822,CUST019823,R019822,5/23/2025,1160,UPI,Delivered
O019823,CUST019824,R019823,9/17/2019,338,Wallet,Delivered
O019824,CUST019825,R019824,2/4/2021,1813,Card,Delivered
O019825,CUST019826,R019825,2/15/2023,207,COD,Delivered
O019826,CUST019827,R019826,11/23/2022,963,Card,Delivered
O019827,CUST019828,R019827,5/7/2024,1779,COD,Delivered
O019828,CUST019829,R019828,1/19/2023,383,Wallet,Delivered
O019829,CUST019830,R019829,7/9/2020,958,COD,Delivered
O019830,CUST019831,R019830,9/27/2022,512,COD,Delivered
O019831,CUST019832,R019831,10/4/2024,1523,COD,Delivered
O019832,CUST019833,R019832,2/7/2020,1134,UPI,Delivered
O019833,CUST019834,R019833,1/9/2022,1144,UPI,Delivered
O019834,CUST019835,R019834,9/16/2023,1224,COD,Delivered
O019835,CUST019836,R019835,3/5/2023,777,Wallet,Delivered
O019836,CUST019837,R019836,5/11/2021,1601,Wallet,Delivered
O019837,CUST019838,R019837,10/7/2019,1046,Wallet,Delivered
O019838,CUST019839,R019838,1/3/2022,1297,UPI,Delivered
O019839,CUST019840,R019839,7/13/2019,1164,Wallet,Delivered
O019840,CUST019841,R019840,3/10/2021,1458,Wallet,Cancelled
O019841,CUST019842,R019841,1/9/2024,1472,UPI,Delivered
O019842,CUST019843,R019842,11/12/2024,191,Card,Delivered
O019843,CUST019844,R019843,1/15/2025,1776,COD,Delivered
O019844,CUST019845,R019844,3/27/2023,1723,UPI,Delivered
O019845,CUST019846,R019845,8/10/2019,1700,COD,Delivered
O019846,CUST019847,R019846,8/26/2021,334,Card,Delivered
O019847,CUST019848,R019847,5/19/2025,456,Card,Delivered
O019848,CUST019849,R019848,7/23/2022,1871,COD,Delivered
O019849,CUST019850,R019849,1/27/2022,328,Wallet,Delivered
O019850,CUST019851,R019850,4/22/2020,1090,COD,Delivered
O019851,CUST019852,R019851,8/26/2022,957,COD,Delivered
O019852,CUST019853,R019852,12/23/2019,823,COD,Delivered
O019853,CUST019854,R019853,12/4/2020,1074,Wallet,Cancelled
O019854,CUST019855,R019854,7/14/2021,374,Wallet,Delivered
O019855,CUST019856,R019855,11/7/2024,1708,UPI,Delivered
O019856,CUST019857,R019856,4/10/2020,1435,Wallet,Delivered
O019857,CUST019858,R019857,10/11/2025,1339,UPI,Delivered
O019858,CUST019859,R019858,4/5/2021,1317,UPI,Delivered
O019859,CUST019860,R019859,1/23/2021,962,UPI,Delivered
O019860,CUST019861,R019860,1/14/2020,563,Card,Delivered
O019861,CUST019862,R019861,6/18/2025,1531,Wallet,Delivered
O019862,CUST019863,R019862,7/8/2022,1846,COD,Delivered
O019863,CUST019864,R019863,4/16/2020,183,Wallet,Delivered
O019864,CUST019865,R019864,10/28/2024,1579,Card,Delivered
O019865,CUST019866,R019865,11/18/2023,614,COD,Delivered
O019866,CUST019867,R019866,3/27/2021,735,UPI,Delivered
O019867,CUST019868,R019867,4/23/2019,1892,COD,Delivered
O019868,CUST019869,R019868,5/21/2025,1324,Card,Delivered
O019869,CUST019870,R019869,3/4/2022,162,UPI,Delivered
O019870,CUST019871,R019870,1/6/2020,1919,UPI,Delivered
O019871,CUST019872,R019871,4/27/2021,1405,COD,Cancelled
O019872,CUST019873,R019872,3/11/2024,1180,UPI,Delivered
O019873,CUST019874,R019873,2/14/2019,607,Wallet,Delivered
O019874,CUST019875,R019874,4/26/2024,861,Wallet,Delivered
O019875,CUST019876,R019875,10/9/2025,1934,COD,Delivered
O019876,CUST019877,R019876,8/17/2025,227,Card,Delivered
O019877,CUST019878,R019877,1/18/2022,1624,Card,Cancelled
O019878,CUST019879,R019878,4/18/2021,659,UPI,Delivered
O019879,CUST019880,R019879,3/2/2025,1791,UPI,Delivered
O019880,CUST019881,R019880,4/24/2024,575,Wallet,Cancelled
O019881,CUST019882,R019881,5/22/2025,845,Card,Cancelled
O019882,CUST019883,R019882,5/20/2025,207,Wallet,Cancelled
O019883,CUST019884,R019883,9/7/2023,1710,Card,Delivered
O019884,CUST019885,R019884,9/8/2019,131,COD,Delivered
O019885,CUST019886,R019885,7/6/2023,840,Wallet,Delivered
O019886,CUST019887,R019886,8/1/2021,1236,Wallet,Delivered
O019887,CUST019888,R019887,2/7/2022,478,Wallet,Delivered
O019888,CUST019889,R019888,10/6/2020,1550,Wallet,Delivered
O019889,CUST019890,R019889,7/12/2022,899,Wallet,Delivered
O019890,CUST019891,R019890,9/12/2024,1712,Card,Delivered
O019891,CUST019892,R019891,3/13/2021,1287,Wallet,Delivered
O019892,CUST019893,R019892,9/11/2025,1581,UPI,Delivered
O019893,CUST019894,R019893,8/19/2021,191,UPI,Delivered
O019894,CUST019895,R019894,1/23/2020,1518,UPI,Delivered
O019895,CUST019896,R019895,9/17/2025,1724,COD,Delivered
O019896,CUST019897,R019896,5/1/2025,431,COD,Delivered
O019897,CUST019898,R019897,4/19/2021,1649,Card,Delivered
O019898,CUST019899,R019898,3/28/2025,457,Card,Cancelled
O019899,CUST019900,R019899,3/24/2021,896,Wallet,Delivered
O019900,CUST019901,R019900,10/2/2024,584,COD,Delivered
O019901,CUST019902,R019901,9/1/2022,452,Wallet,Delivered
O019902,CUST019903,R019902,1/21/2022,516,COD,Cancelled
O019903,CUST019904,R019903,4/7/2024,1502,UPI,Delivered
O019904,CUST019905,R019904,4/7/2022,946,Card,Cancelled
O019905,CUST019906,R019905,1/6/2021,391,COD,Delivered
O019906,CUST019907,R019906,8/16/2023,1915,COD,Delivered
O019907,CUST019908,R019907,5/21/2022,328,Card,Delivered
O019908,CUST019909,R019908,6/28/2024,578,COD,Delivered
O019909,CUST019910,R019909,1/26/2024,1186,Wallet,Delivered
O019910,CUST019911,R019910,6/2/2020,1126,COD,Delivered
O019911,CUST019912,R019911,9/10/2022,279,COD,Delivered
O019912,CUST019913,R019912,3/21/2025,1089,UPI,Cancelled
O019913,CUST019914,R019913,3/13/2024,1340,COD,Cancelled
O019914,CUST019915,R019914,9/26/2019,1164,UPI,Cancelled
O019915,CUST019916,R019915,11/6/2019,1227,Wallet,Cancelled
O019916,CUST019917,R019916,6/17/2023,1324,Card,Delivered
O019917,CUST019918,R019917,12/4/2023,1658,UPI,Delivered
O019918,CUST019919,R019918,11/17/2020,1953,Wallet,Delivered
O019919,CUST019920,R019919,12/13/2025,1706,COD,Delivered
O019920,CUST019921,R019920,1/15/2024,435,UPI,Delivered
O019921,CUST019922,R019921,10/22/2021,1381,Card,Delivered
O019922,CUST019923,R019922,4/21/2019,803,COD,Delivered
O019923,CUST019924,R019923,6/24/2020,786,UPI,Delivered
O019924,CUST019925,R019924,7/22/2022,1796,COD,Delivered
O019925,CUST019926,R019925,7/16/2022,706,COD,Delivered
O019926,CUST019927,R019926,4/10/2019,1969,Card,Delivered
O019927,CUST019928,R019927,10/28/2019,824,UPI,Delivered
O019928,CUST019929,R019928,7/1/2021,881,Card,Delivered
O019929,CUST019930,R019929,8/27/2025,941,UPI,Delivered
O019930,CUST019931,R019930,8/27/2025,1179,COD,Delivered
O019931,CUST019932,R019931,10/11/2020,680,COD,Delivered
O019932,CUST019933,R019932,3/8/2020,1365,Card,Cancelled
O019933,CUST019934,R019933,5/12/2019,1953,Card,Delivered
O019934,CUST019935,R019934,4/4/2021,998,UPI,Cancelled
O019935,CUST019936,R019935,2/8/2025,420,UPI,Delivered
O019936,CUST019937,R019936,9/19/2022,1413,UPI,Delivered
O019937,CUST019938,R019937,1/24/2019,1456,Card,Delivered
O019938,CUST019939,R019938,2/10/2024,323,UPI,Delivered
O019939,CUST019940,R019939,1/19/2025,1759,Card,Delivered
O019940,CUST019941,R019940,6/23/2021,1359,COD,Delivered
O019941,CUST019942,R019941,3/2/2021,211,Card,Delivered
O019942,CUST019943,R019942,5/2/2023,1029,UPI,Delivered
O019943,CUST019944,R019943,4/27/2021,1223,Card,Delivered
O019944,CUST019945,R019944,5/1/2024,729,COD,Delivered
O019945,CUST019946,R019945,3/9/2020,1409,Wallet,Delivered
O019946,CUST019947,R019946,4/13/2024,1152,Wallet,Delivered
O019947,CUST019948,R019947,5/11/2024,1042,Card,Delivered
O019948,CUST019949,R019948,6/9/2023,1841,UPI,Delivered
O019949,CUST019950,R019949,12/7/2022,1457,UPI,Delivered
O019950,CUST019951,R019950,5/25/2024,265,Wallet,Cancelled
O019951,CUST019952,R019951,6/11/2020,1422,UPI,Delivered
O019952,CUST019953,R019952,6/20/2022,1803,Card,Cancelled
O019953,CUST019954,R019953,5/16/2021,1987,Card,Cancelled
O019954,CUST019955,R019954,8/11/2021,1729,UPI,Delivered
O019955,CUST019956,R019955,12/25/2023,645,Card,Delivered
O019956,CUST019957,R019956,7/22/2023,1895,Card,Delivered
O019957,CUST019958,R019957,3/3/2021,520,Card,Delivered
O019958,CUST019959,R019958,11/3/2022,137,Wallet,Cancelled
O019959,CUST019960,R019959,2/22/2022,943,COD,Delivered
O019960,CUST019961,R019960,8/6/2019,1187,COD,Delivered
O019961,CUST019962,R019961,10/3/2020,612,Wallet,Delivered
O019962,CUST019963,R019962,12/4/2024,1074,UPI,Delivered
O019963,CUST019964,R019963,5/19/2024,894,Wallet,Delivered
O019964,CUST019965,R019964,4/23/2020,1038,Wallet,Delivered
O019965,CUST019966,R019965,12/15/2025,1463,COD,Delivered
O019966,CUST019967,R019966,1/10/2023,1081,Card,Delivered
O019967,CUST019968,R019967,2/13/2021,1345,UPI,Delivered
O019968,CUST019969,R019968,8/19/2025,1447,Card,Delivered
O019969,CUST019970,R019969,9/4/2025,1511,UPI,Delivered
O019970,CUST019971,R019970,6/26/2022,863,Wallet,Delivered
O019971,CUST019972,R019971,9/18/2021,1655,COD,Delivered
O019972,CUST019973,R019972,10/17/2024,558,Card,Delivered
O019973,CUST019974,R019973,5/3/2023,1815,UPI,Delivered
O019974,CUST019975,R019974,11/13/2020,1702,UPI,Delivered
O019975,CUST019976,R019975,7/27/2024,307,UPI,Delivered
O019976,CUST019977,R019976,2/22/2021,1988,COD,Delivered
O019977,CUST019978,R019977,6/18/2021,401,Card,Delivered
O019978,CUST019979,R019978,11/3/2023,1664,Card,Delivered
O019979,CUST019980,R019979,9/14/2025,313,UPI,Delivered
O019980,CUST019981,R019980,7/3/2020,1068,UPI,Delivered
O019981,CUST019982,R019981,6/22/2025,636,Wallet,Delivered
O019982,CUST019983,R019982,1/22/2024,700,COD,Delivered
O019983,CUST019984,R019983,10/14/2019,1064,Card,Delivered
O019984,CUST019985,R019984,2/21/2025,886,UPI,Delivered
O019985,CUST019986,R019985,5/5/2025,1648,COD,Delivered
O019986,CUST019987,R019986,2/5/2020,1179,Card,Delivered
O019987,CUST019988,R019987,8/7/2023,1318,Wallet,Delivered
O019988,CUST019989,R019988,7/15/2023,1109,Wallet,Cancelled
O019989,CUST019990,R019989,1/17/2025,1648,Card,Delivered
O019990,CUST019991,R019990,2/13/2023,509,Wallet,Delivered
O019991,CUST019992,R019991,2/15/2022,1280,UPI,Delivered
O019992,CUST019993,R019992,5/8/2020,1824,COD,Delivered
O019993,CUST019994,R019993,6/26/2024,1696,Wallet,Delivered
O019994,CUST019995,R019994,9/17/2020,297,Wallet,Delivered
O019995,CUST019996,R019995,1/17/2024,491,UPI,Delivered
O019996,CUST019997,R019996,3/23/2019,680,COD,Delivered
O019997,CUST019998,R019997,7/23/2020,1880,COD,Delivered
O019998,CUST019999,R019998,8/28/2019,419,Card,Delivered
O019999,CUST020000,R019999,2/28/2020,839,UPI,Cancelled
O020000,CUST020001,R020000,8/4/2025,1425,Card,Delivered
O020001,CUST020002,R020001,9/24/2025,725,Wallet,Delivered
O020002,CUST020003,R020002,7/4/2019,1265,Wallet,Cancelled
O020003,CUST020004,R020003,9/8/2023,1181,COD,Cancelled
O020004,CUST020005,R020004,9/9/2023,1071,Wallet,Cancelled
O020005,CUST020006,R020005,9/2/2024,1441,Wallet,Delivered
O020006,CUST020007,R020006,12/8/2024,1488,Wallet,Delivered
O020007,CUST020008,R020007,3/19/2020,1814,Card,Delivered
O020008,CUST020009,R020008,4/12/2019,1168,UPI,Delivered
O020009,CUST020010,R020009,12/20/2023,724,COD,Delivered
O020010,CUST020011,R020010,3/17/2022,452,Card,Delivered
O020011,CUST020012,R020011,7/18/2021,464,Card,Delivered
O020012,CUST020013,R020012,2/1/2024,882,COD,Delivered
O020013,CUST020014,R020013,9/5/2020,624,Card,Delivered
O020014,CUST020015,R020014,1/25/2023,770,Wallet,Delivered
O020015,CUST020016,R020015,3/5/2022,786,Wallet,Delivered
O020016,CUST020017,R020016,11/23/2019,1225,Wallet,Delivered
O020017,CUST020018,R020017,11/17/2024,1158,Card,Delivered
O020018,CUST020019,R020018,6/6/2022,640,Wallet,Delivered
O020019,CUST020020,R020019,8/8/2020,1532,UPI,Delivered
O020020,CUST020021,R020020,6/12/2025,968,UPI,Delivered
O020021,CUST020022,R020021,2/27/2024,1212,Wallet,Delivered
O020022,CUST020023,R020022,11/21/2021,384,Wallet,Delivered
O020023,CUST020024,R020023,11/18/2025,1080,UPI,Delivered
O020024,CUST020025,R020024,3/12/2023,248,UPI,Cancelled
O020025,CUST020026,R020025,6/23/2021,1510,COD,Delivered
O020026,CUST020027,R020026,2/15/2020,415,Card,Delivered
O020027,CUST020028,R020027,9/22/2019,430,UPI,Delivered
O020028,CUST020029,R020028,11/27/2024,1414,Card,Delivered
O020029,CUST020030,R020029,2/20/2021,841,COD,Delivered
O020030,CUST020031,R020030,7/12/2025,1787,Card,Delivered
O020031,CUST020032,R020031,10/15/2020,256,COD,Delivered
O020032,CUST020033,R020032,3/3/2021,1191,Card,Delivered
O020033,CUST020034,R020033,10/6/2022,553,Wallet,Delivered
O020034,CUST020035,R020034,10/22/2019,829,Wallet,Delivered
O020035,CUST020036,R020035,11/16/2021,1187,COD,Delivered
O020036,CUST020037,R020036,12/28/2025,739,UPI,Delivered
O020037,CUST020038,R020037,1/14/2020,1809,COD,Delivered
O020038,CUST020039,R020038,12/10/2023,1127,Card,Delivered
O020039,CUST020040,R020039,2/9/2020,1933,Card,Delivered
O020040,CUST020041,R020040,9/19/2021,1063,UPI,Delivered
O020041,CUST020042,R020041,8/9/2019,1074,UPI,Delivered
O020042,CUST020043,R020042,10/15/2023,633,Wallet,Delivered
O020043,CUST020044,R020043,5/21/2024,1895,UPI,Delivered
O020044,CUST020045,R020044,6/10/2022,1708,Card,Cancelled
O020045,CUST020046,R020045,6/22/2022,1580,UPI,Cancelled
O020046,CUST020047,R020046,9/12/2024,1875,Wallet,Delivered
O020047,CUST020048,R020047,7/22/2021,205,Wallet,Delivered
O020048,CUST020049,R020048,3/21/2023,563,Card,Delivered
O020049,CUST020050,R020049,6/21/2024,116,Wallet,Delivered
O020050,CUST020051,R020050,2/5/2024,297,Card,Delivered
O020051,CUST020052,R020051,7/16/2023,548,UPI,Delivered
O020052,CUST020053,R020052,8/28/2024,1309,COD,Delivered
O020053,CUST020054,R020053,9/25/2025,1105,COD,Cancelled
O020054,CUST020055,R020054,2/28/2023,451,Wallet,Delivered
O020055,CUST020056,R020055,3/6/2025,1065,Wallet,Delivered
O020056,CUST020057,R020056,9/4/2020,1309,UPI,Delivered
O020057,CUST020058,R020057,3/8/2021,1324,Wallet,Delivered
O020058,CUST020059,R020058,4/6/2022,1197,Wallet,Cancelled
O020059,CUST020060,R020059,8/7/2024,1491,Card,Delivered
O020060,CUST020061,R020060,10/17/2023,877,Wallet,Delivered
O020061,CUST020062,R020061,2/16/2025,179,Card,Delivered
O020062,CUST020063,R020062,2/16/2019,1808,UPI,Delivered
O020063,CUST020064,R020063,12/15/2022,341,UPI,Delivered
O020064,CUST020065,R020064,10/11/2025,1541,Card,Delivered
O020065,CUST020066,R020065,7/23/2021,1981,Card,Delivered
O020066,CUST020067,R020066,5/19/2020,722,Wallet,Delivered
O020067,CUST020068,R020067,12/3/2023,1968,UPI,Delivered
O020068,CUST020069,R020068,9/15/2025,680,COD,Delivered
O020069,CUST020070,R020069,8/27/2024,925,Card,Cancelled
O020070,CUST020071,R020070,11/2/2023,1996,COD,Delivered
O020071,CUST020072,R020071,4/28/2022,987,COD,Delivered
O020072,CUST020073,R020072,4/1/2019,1112,COD,Cancelled
O020073,CUST020074,R020073,12/26/2025,1159,COD,Delivered
O020074,CUST020075,R020074,5/11/2020,1741,COD,Delivered
O020075,CUST020076,R020075,2/10/2019,536,Wallet,Delivered
O020076,CUST020077,R020076,12/11/2024,1858,UPI,Delivered
O020077,CUST020078,R020077,2/12/2024,1158,UPI,Delivered
O020078,CUST020079,R020078,6/7/2021,124,Card,Delivered
O020079,CUST020080,R020079,12/14/2020,810,Card,Delivered
O020080,CUST020081,R020080,4/4/2020,1297,UPI,Delivered
O020081,CUST020082,R020081,9/16/2025,725,COD,Delivered
O020082,CUST020083,R020082,12/28/2022,447,Card,Delivered
O020083,CUST020084,R020083,12/18/2024,631,COD,Delivered
O020084,CUST020085,R020084,3/1/2020,1074,Card,Delivered
O020085,CUST020086,R020085,9/4/2019,267,COD,Delivered
O020086,CUST020087,R020086,4/27/2023,1203,UPI,Delivered
O020087,CUST020088,R020087,5/11/2023,896,COD,Delivered
O020088,CUST020089,R020088,11/26/2022,617,UPI,Delivered
O020089,CUST020090,R020089,1/12/2024,1946,COD,Delivered
O020090,CUST020091,R020090,6/13/2022,313,Wallet,Delivered
O020091,CUST020092,R020091,2/7/2024,1816,UPI,Delivered
O020092,CUST020093,R020092,4/15/2025,1437,UPI,Delivered
O020093,CUST020094,R020093,8/14/2021,1448,Wallet,Delivered
O020094,CUST020095,R020094,10/13/2020,342,UPI,Delivered
O020095,CUST020096,R020095,12/22/2022,1075,UPI,Delivered
O020096,CUST020097,R020096,12/15/2019,247,COD,Delivered
O020097,CUST020098,R020097,2/3/2024,1703,UPI,Delivered
O020098,CUST020099,R020098,10/14/2019,1829,COD,Delivered
O020099,CUST020100,R020099,4/21/2023,820,Card,Delivered
O020100,CUST020101,R020100,1/5/2025,1890,Card,Delivered
O020101,CUST020102,R020101,3/21/2019,234,Wallet,Cancelled
O020102,CUST020103,R020102,4/7/2025,848,COD,Delivered
O020103,CUST020104,R020103,11/23/2020,401,COD,Delivered
O020104,CUST020105,R020104,10/2/2019,1437,COD,Delivered
O020105,CUST020106,R020105,6/1/2022,1054,UPI,Delivered
O020106,CUST020107,R020106,4/8/2023,1065,UPI,Delivered
O020107,CUST020108,R020107,10/14/2019,1013,Wallet,Delivered
O020108,CUST020109,R020108,6/3/2022,734,Wallet,Delivered
O020109,CUST020110,R020109,9/10/2024,1938,UPI,Delivered
O020110,CUST020111,R020110,7/12/2024,1320,UPI,Delivered
O020111,CUST020112,R020111,10/9/2019,1620,UPI,Delivered
O020112,CUST020113,R020112,7/16/2025,1491,Wallet,Delivered
O020113,CUST020114,R020113,3/15/2020,1569,UPI,Cancelled
O020114,CUST020115,R020114,4/17/2021,1324,Wallet,Delivered
O020115,CUST020116,R020115,5/10/2021,1937,UPI,Delivered
O020116,CUST020117,R020116,3/14/2019,1490,COD,Delivered
O020117,CUST020118,R020117,7/26/2020,1681,UPI,Delivered
O020118,CUST020119,R020118,4/4/2019,1621,COD,Delivered
O020119,CUST020120,R020119,7/24/2019,254,UPI,Delivered
O020120,CUST020121,R020120,7/17/2023,370,Card,Delivered
O020121,CUST020122,R020121,9/20/2023,1824,Card,Delivered
O020122,CUST020123,R020122,4/26/2023,282,COD,Delivered
O020123,CUST020124,R020123,9/21/2021,1000,COD,Delivered
O020124,CUST020125,R020124,9/25/2024,808,COD,Delivered
O020125,CUST020126,R020125,12/22/2022,680,Wallet,Delivered
O020126,CUST020127,R020126,10/3/2019,1230,Wallet,Cancelled
O020127,CUST020128,R020127,2/13/2025,1996,Wallet,Delivered
O020128,CUST020129,R020128,1/4/2022,1553,UPI,Delivered
O020129,CUST020130,R020129,7/8/2023,1280,Wallet,Delivered
O020130,CUST020131,R020130,1/7/2020,1298,Wallet,Delivered
O020131,CUST020132,R020131,11/27/2019,1281,Wallet,Delivered
O020132,CUST020133,R020132,8/21/2021,882,UPI,Delivered
O020133,CUST020134,R020133,11/11/2020,478,Card,Delivered
O020134,CUST020135,R020134,9/17/2025,1441,COD,Delivered
O020135,CUST020136,R020135,2/8/2021,1799,COD,Delivered
O020136,CUST020137,R020136,12/16/2023,664,Wallet,Delivered
O020137,CUST020138,R020137,8/26/2021,1436,Card,Delivered
O020138,CUST020139,R020138,8/16/2024,471,COD,Delivered
O020139,CUST020140,R020139,10/26/2019,846,UPI,Delivered
O020140,CUST020141,R020140,2/23/2025,1786,COD,Delivered
O020141,CUST020142,R020141,5/27/2021,1213,Card,Cancelled
O020142,CUST020143,R020142,3/2/2024,1909,Wallet,Delivered
O020143,CUST020144,R020143,5/4/2020,1087,Wallet,Delivered
O020144,CUST020145,R020144,6/22/2021,897,Card,Cancelled
O020145,CUST020146,R020145,5/3/2024,542,Wallet,Delivered
O020146,CUST020147,R020146,7/6/2022,139,Wallet,Delivered
O020147,CUST020148,R020147,2/18/2024,343,Wallet,Delivered
O020148,CUST020149,R020148,10/2/2023,1843,COD,Delivered
O020149,CUST020150,R020149,12/16/2023,185,UPI,Cancelled
O020150,CUST020151,R020150,5/14/2025,1524,Card,Delivered
O020151,CUST020152,R020151,4/17/2020,515,UPI,Delivered
O020152,CUST020153,R020152,6/1/2024,1896,UPI,Delivered
O020153,CUST020154,R020153,3/23/2025,420,COD,Delivered
O020154,CUST020155,R020154,7/20/2019,369,Card,Delivered
O020155,CUST020156,R020155,4/18/2019,1997,Wallet,Delivered
O020156,CUST020157,R020156,9/4/2025,1305,Card,Delivered
O020157,CUST020158,R020157,8/2/2019,1953,Card,Delivered
O020158,CUST020159,R020158,9/3/2021,761,Wallet,Cancelled
O020159,CUST020160,R020159,11/7/2025,1195,Wallet,Delivered
O020160,CUST020161,R020160,4/5/2020,430,COD,Delivered
O020161,CUST020162,R020161,3/5/2023,1459,Wallet,Delivered
O020162,CUST020163,R020162,8/11/2025,814,COD,Delivered
O020163,CUST020164,R020163,9/11/2025,1632,UPI,Delivered
O020164,CUST020165,R020164,7/12/2022,1186,UPI,Delivered
O020165,CUST020166,R020165,8/10/2019,1556,Wallet,Delivered
O020166,CUST020167,R020166,11/18/2020,1938,UPI,Delivered
O020167,CUST020168,R020167,1/22/2019,1363,UPI,Delivered
O020168,CUST020169,R020168,12/13/2021,1618,COD,Delivered
O020169,CUST020170,R020169,8/27/2022,1977,Card,Delivered
O020170,CUST020171,R020170,6/13/2019,1570,Card,Delivered
O020171,CUST020172,R020171,9/26/2021,377,Card,Delivered
O020172,CUST020173,R020172,4/22/2020,810,COD,Cancelled
O020173,CUST020174,R020173,8/28/2019,537,Card,Delivered
O020174,CUST020175,R020174,6/28/2025,231,COD,Delivered
O020175,CUST020176,R020175,6/20/2023,431,COD,Delivered
O020176,CUST020177,R020176,5/6/2020,1422,COD,Delivered
O020177,CUST020178,R020177,9/21/2024,803,Wallet,Cancelled
O020178,CUST020179,R020178,11/5/2021,1348,Wallet,Delivered
O020179,CUST020180,R020179,3/15/2020,709,UPI,Delivered
O020180,CUST020181,R020180,7/3/2019,979,COD,Delivered
O020181,CUST020182,R020181,8/10/2024,1235,COD,Delivered
O020182,CUST020183,R020182,2/9/2022,788,Wallet,Delivered
O020183,CUST020184,R020183,1/8/2019,851,COD,Delivered
O020184,CUST020185,R020184,11/8/2020,237,COD,Delivered
O020185,CUST020186,R020185,1/19/2019,999,UPI,Delivered
O020186,CUST020187,R020186,10/11/2025,1250,Card,Delivered
O020187,CUST020188,R020187,9/25/2020,1117,UPI,Delivered
O020188,CUST020189,R020188,3/3/2022,1185,Wallet,Delivered
O020189,CUST020190,R020189,10/16/2019,1245,UPI,Delivered
O020190,CUST020191,R020190,3/3/2022,1515,UPI,Delivered
O020191,CUST020192,R020191,5/16/2025,159,Wallet,Delivered
O020192,CUST020193,R020192,10/13/2024,1420,Card,Delivered
O020193,CUST020194,R020193,1/14/2020,324,UPI,Delivered
O020194,CUST020195,R020194,11/20/2023,1232,Card,Delivered
O020195,CUST020196,R020195,8/19/2019,404,COD,Delivered
O020196,CUST020197,R020196,3/19/2025,641,UPI,Delivered
O020197,CUST020198,R020197,8/18/2022,1755,Card,Delivered
O020198,CUST020199,R020198,9/13/2020,659,Card,Delivered
O020199,CUST020200,R020199,3/8/2025,1878,Card,Delivered
O020200,CUST020201,R020200,3/2/2024,738,Wallet,Delivered
O020201,CUST020202,R020201,12/28/2019,802,Card,Delivered
O020202,CUST020203,R020202,11/26/2019,905,UPI,Delivered
O020203,CUST020204,R020203,3/26/2022,1100,COD,Delivered
O020204,CUST020205,R020204,1/10/2020,786,COD,Delivered
O020205,CUST020206,R020205,7/7/2023,1211,Card,Delivered
O020206,CUST020207,R020206,9/9/2022,1842,Card,Delivered
O020207,CUST020208,R020207,3/2/2022,892,UPI,Cancelled
O020208,CUST020209,R020208,2/6/2020,1921,UPI,Delivered
O020209,CUST020210,R020209,7/13/2022,1270,UPI,Delivered
O020210,CUST020211,R020210,3/22/2025,1372,Card,Delivered
O020211,CUST020212,R020211,3/8/2020,276,Wallet,Delivered
O020212,CUST020213,R020212,4/17/2025,1537,Card,Delivered
O020213,CUST020214,R020213,7/24/2021,846,Card,Delivered
O020214,CUST020215,R020214,8/22/2020,1605,UPI,Delivered
O020215,CUST020216,R020215,11/20/2019,522,UPI,Delivered
O020216,CUST020217,R020216,6/21/2024,753,COD,Delivered
O020217,CUST020218,R020217,8/22/2022,874,COD,Delivered
O020218,CUST020219,R020218,3/1/2025,1256,Wallet,Delivered
O020219,CUST020220,R020219,9/12/2025,997,COD,Delivered
O020220,CUST020221,R020220,2/10/2020,936,Card,Delivered
O020221,CUST020222,R020221,4/7/2019,1120,UPI,Delivered
O020222,CUST020223,R020222,9/1/2025,1315,UPI,Cancelled
O020223,CUST020224,R020223,11/23/2020,117,Wallet,Delivered
O020224,CUST020225,R020224,8/9/2025,1331,UPI,Delivered
O020225,CUST020226,R020225,4/18/2025,1756,Card,Delivered
O020226,CUST020227,R020226,6/26/2019,1946,Card,Delivered
O020227,CUST020228,R020227,2/10/2022,1649,UPI,Delivered
O020228,CUST020229,R020228,8/24/2024,565,Card,Delivered
O020229,CUST020230,R020229,6/21/2024,1809,Card,Delivered
O020230,CUST020231,R020230,1/2/2020,491,Card,Delivered
O020231,CUST020232,R020231,6/2/2021,1928,COD,Delivered
O020232,CUST020233,R020232,3/21/2025,793,Card,Delivered
O020233,CUST020234,R020233,6/4/2023,1043,COD,Delivered
O020234,CUST020235,R020234,12/1/2020,214,Wallet,Delivered
O020235,CUST020236,R020235,4/24/2025,975,Wallet,Delivered
O020236,CUST020237,R020236,6/17/2022,788,COD,Delivered
O020237,CUST020238,R020237,7/21/2022,948,Wallet,Delivered
O020238,CUST020239,R020238,12/12/2020,1373,COD,Delivered
O020239,CUST020240,R020239,4/12/2019,1562,Card,Delivered
O020240,CUST020241,R020240,10/11/2023,1308,Wallet,Delivered
O020241,CUST020242,R020241,12/18/2021,1368,UPI,Delivered
O020242,CUST020243,R020242,12/3/2024,1426,UPI,Delivered
O020243,CUST020244,R020243,1/25/2020,773,COD,Delivered
O020244,CUST020245,R020244,12/12/2021,1543,COD,Delivered
O020245,CUST020246,R020245,2/16/2022,453,Card,Delivered
O020246,CUST020247,R020246,6/1/2025,1672,Card,Delivered
O020247,CUST020248,R020247,10/11/2019,1731,Card,Delivered
O020248,CUST020249,R020248,5/21/2020,585,Card,Delivered
O020249,CUST020250,R020249,3/27/2024,404,Wallet,Delivered
O020250,CUST020251,R020250,5/23/2024,608,Card,Delivered
O020251,CUST020252,R020251,12/7/2020,100,Card,Delivered
O020252,CUST020253,R020252,10/21/2019,227,Wallet,Delivered
O020253,CUST020254,R020253,12/27/2022,988,UPI,Delivered
O020254,CUST020255,R020254,4/22/2025,601,Wallet,Delivered
O020255,CUST020256,R020255,8/21/2021,659,Wallet,Delivered
O020256,CUST020257,R020256,1/13/2019,973,Card,Delivered
O020257,CUST020258,R020257,6/20/2021,732,UPI,Delivered
O020258,CUST020259,R020258,2/4/2020,1543,COD,Cancelled
O020259,CUST020260,R020259,3/5/2021,904,UPI,Delivered
O020260,CUST020261,R020260,4/6/2024,919,Wallet,Delivered
O020261,CUST020262,R020261,1/9/2021,960,Wallet,Delivered
O020262,CUST020263,R020262,3/15/2023,1494,Card,Delivered
O020263,CUST020264,R020263,8/11/2021,399,COD,Delivered
O020264,CUST020265,R020264,4/10/2024,1238,UPI,Delivered
O020265,CUST020266,R020265,6/9/2019,1745,Card,Delivered
O020266,CUST020267,R020266,1/24/2024,1617,Wallet,Delivered
O020267,CUST020268,R020267,4/16/2025,217,COD,Delivered
O020268,CUST020269,R020268,11/16/2023,274,UPI,Delivered
O020269,CUST020270,R020269,3/23/2022,633,Card,Delivered
O020270,CUST020271,R020270,8/22/2023,1727,Card,Delivered
O020271,CUST020272,R020271,1/26/2020,270,Card,Delivered
O020272,CUST020273,R020272,11/27/2022,694,Wallet,Delivered
O020273,CUST020274,R020273,3/1/2021,1070,Card,Delivered
O020274,CUST020275,R020274,6/18/2021,620,COD,Delivered
O020275,CUST020276,R020275,1/2/2023,1111,COD,Cancelled
O020276,CUST020277,R020276,4/6/2023,1026,COD,Delivered
O020277,CUST020278,R020277,1/7/2021,855,Wallet,Delivered
O020278,CUST020279,R020278,9/4/2021,1405,Wallet,Delivered
O020279,CUST020280,R020279,10/5/2022,1408,Wallet,Cancelled
O020280,CUST020281,R020280,5/17/2019,1728,UPI,Delivered
O020281,CUST020282,R020281,3/10/2020,1077,Wallet,Delivered
O020282,CUST020283,R020282,11/17/2024,250,Card,Delivered
O020283,CUST020284,R020283,3/17/2023,1878,Card,Delivered
O020284,CUST020285,R020284,12/10/2020,1787,UPI,Delivered
O020285,CUST020286,R020285,10/22/2024,311,COD,Delivered
O020286,CUST020287,R020286,3/26/2023,226,Card,Delivered
O020287,CUST020288,R020287,1/13/2021,664,Wallet,Delivered
O020288,CUST020289,R020288,5/3/2021,309,Wallet,Delivered
O020289,CUST020290,R020289,2/21/2021,1070,Wallet,Delivered
O020290,CUST020291,R020290,11/15/2019,1074,Card,Delivered
O020291,CUST020292,R020291,5/5/2024,560,Wallet,Delivered
O020292,CUST020293,R020292,10/7/2020,1495,Wallet,Delivered
O020293,CUST020294,R020293,4/10/2025,927,UPI,Delivered
O020294,CUST020295,R020294,5/26/2023,1122,UPI,Delivered
O020295,CUST020296,R020295,11/20/2020,294,Wallet,Delivered
O020296,CUST020297,R020296,7/17/2021,1038,UPI,Delivered
O020297,CUST020298,R020297,7/12/2020,1875,UPI,Cancelled
O020298,CUST020299,R020298,2/22/2022,1368,Card,Cancelled
O020299,CUST020300,R020299,9/13/2025,1917,Card,Delivered
O020300,CUST020301,R020300,12/21/2019,280,UPI,Delivered
O020301,CUST020302,R020301,9/25/2019,1303,COD,Cancelled
O020302,CUST020303,R020302,5/16/2023,731,COD,Delivered
O020303,CUST020304,R020303,11/10/2019,1702,Card,Cancelled
O020304,CUST020305,R020304,3/17/2025,176,COD,Delivered
O020305,CUST020306,R020305,2/1/2024,1111,Card,Delivered
O020306,CUST020307,R020306,7/5/2020,1035,Wallet,Delivered
O020307,CUST020308,R020307,5/20/2023,782,Wallet,Delivered
O020308,CUST020309,R020308,7/14/2022,1096,COD,Delivered
O020309,CUST020310,R020309,9/27/2023,654,UPI,Delivered
O020310,CUST020311,R020310,9/13/2022,1666,Card,Delivered
O020311,CUST020312,R020311,6/4/2021,1028,UPI,Delivered
O020312,CUST020313,R020312,5/8/2019,1571,UPI,Delivered
O020313,CUST020314,R020313,8/18/2023,908,Wallet,Delivered
O020314,CUST020315,R020314,3/7/2019,920,UPI,Delivered
O020315,CUST020316,R020315,9/13/2023,347,UPI,Delivered
O020316,CUST020317,R020316,12/19/2019,143,UPI,Delivered
O020317,CUST020318,R020317,2/11/2020,1868,Card,Delivered
O020318,CUST020319,R020318,10/23/2019,1740,UPI,Delivered
O020319,CUST020320,R020319,4/14/2025,128,Wallet,Delivered
O020320,CUST020321,R020320,1/22/2024,398,UPI,Delivered
O020321,CUST020322,R020321,4/24/2024,516,Card,Delivered
O020322,CUST020323,R020322,9/23/2025,1932,COD,Delivered
O020323,CUST020324,R020323,7/4/2024,154,UPI,Delivered
O020324,CUST020325,R020324,11/15/2024,403,Wallet,Delivered
O020325,CUST020326,R020325,3/27/2025,948,Card,Delivered
O020326,CUST020327,R020326,12/24/2025,821,COD,Delivered
O020327,CUST020328,R020327,1/26/2021,297,Wallet,Delivered
O020328,CUST020329,R020328,4/4/2020,915,COD,Delivered
O020329,CUST020330,R020329,2/10/2025,1421,UPI,Delivered
O020330,CUST020331,R020330,9/10/2024,1289,COD,Delivered
O020331,CUST020332,R020331,10/4/2019,1117,Wallet,Delivered
O020332,CUST020333,R020332,10/5/2022,1405,Card,Delivered
O020333,CUST020334,R020333,1/15/2025,786,Wallet,Delivered
O020334,CUST020335,R020334,10/15/2021,133,UPI,Delivered
O020335,CUST020336,R020335,3/15/2020,1592,UPI,Delivered
O020336,CUST020337,R020336,1/13/2025,261,UPI,Delivered
O020337,CUST020338,R020337,3/10/2021,1398,UPI,Delivered
O020338,CUST020339,R020338,11/22/2020,1577,Card,Delivered
O020339,CUST020340,R020339,7/19/2025,611,COD,Delivered
O020340,CUST020341,R020340,10/28/2023,1857,UPI,Delivered
O020341,CUST020342,R020341,5/13/2022,531,COD,Delivered
O020342,CUST020343,R020342,8/25/2019,1038,Card,Delivered
O020343,CUST020344,R020343,9/4/2024,1917,COD,Delivered
O020344,CUST020345,R020344,1/27/2021,771,COD,Delivered
O020345,CUST020346,R020345,2/27/2019,1065,COD,Cancelled
O020346,CUST020347,R020346,7/24/2025,1069,COD,Delivered
O020347,CUST020348,R020347,10/10/2021,1650,COD,Delivered
O020348,CUST020349,R020348,11/9/2022,493,Wallet,Delivered
O020349,CUST020350,R020349,7/8/2020,1822,UPI,Delivered
O020350,CUST020351,R020350,5/11/2023,1015,Wallet,Delivered
O020351,CUST020352,R020351,1/5/2025,1193,UPI,Delivered
O020352,CUST020353,R020352,3/13/2020,227,UPI,Delivered
O020353,CUST020354,R020353,7/25/2020,584,Wallet,Delivered
O020354,CUST020355,R020354,8/8/2024,192,COD,Delivered
O020355,CUST020356,R020355,8/19/2019,131,Card,Delivered
O020356,CUST020357,R020356,3/14/2024,487,COD,Delivered
O020357,CUST020358,R020357,2/27/2021,989,Card,Delivered
O020358,CUST020359,R020358,2/28/2024,221,COD,Delivered
O020359,CUST020360,R020359,10/26/2021,1156,Wallet,Delivered
O020360,CUST020361,R020360,1/5/2023,810,COD,Delivered
O020361,CUST020362,R020361,9/25/2020,537,UPI,Delivered
O020362,CUST020363,R020362,4/12/2025,1867,COD,Delivered
O020363,CUST020364,R020363,8/12/2019,213,COD,Delivered
O020364,CUST020365,R020364,5/6/2023,1280,UPI,Delivered
O020365,CUST020366,R020365,8/13/2021,1283,UPI,Delivered
O020366,CUST020367,R020366,9/12/2024,1295,Wallet,Delivered
O020367,CUST020368,R020367,4/9/2020,236,Wallet,Delivered
O020368,CUST020369,R020368,7/21/2024,1230,Card,Delivered
O020369,CUST020370,R020369,8/17/2024,103,COD,Cancelled
O020370,CUST020371,R020370,4/1/2023,1618,UPI,Delivered
O020371,CUST020372,R020371,4/12/2023,1738,Card,Delivered
O020372,CUST020373,R020372,6/20/2023,772,Card,Delivered
O020373,CUST020374,R020373,12/28/2020,470,Card,Delivered
O020374,CUST020375,R020374,5/19/2022,155,Wallet,Cancelled
O020375,CUST020376,R020375,4/6/2025,768,Card,Delivered
O020376,CUST020377,R020376,2/22/2019,315,Card,Delivered
O020377,CUST020378,R020377,4/1/2020,1071,Card,Delivered
O020378,CUST020379,R020378,9/23/2021,944,Wallet,Delivered
O020379,CUST020380,R020379,9/7/2024,911,UPI,Delivered
O020380,CUST020381,R020380,11/13/2022,864,Wallet,Delivered
O020381,CUST020382,R020381,4/2/2024,846,Wallet,Delivered
O020382,CUST020383,R020382,11/12/2019,1665,UPI,Delivered
O020383,CUST020384,R020383,1/10/2021,1278,Wallet,Delivered
O020384,CUST020385,R020384,12/6/2024,1528,Card,Delivered
O020385,CUST020386,R020385,10/14/2020,1400,UPI,Delivered
O020386,CUST020387,R020386,6/9/2020,1956,UPI,Delivered
O020387,CUST020388,R020387,11/14/2022,1715,UPI,Delivered
O020388,CUST020389,R020388,9/15/2025,384,Card,Delivered
O020389,CUST020390,R020389,10/19/2023,1832,Card,Delivered
O020390,CUST020391,R020390,6/3/2022,1272,UPI,Delivered
O020391,CUST020392,R020391,7/10/2021,132,COD,Delivered
O020392,CUST020393,R020392,3/23/2022,148,UPI,Delivered
O020393,CUST020394,R020393,5/16/2021,227,Card,Cancelled
O020394,CUST020395,R020394,4/18/2023,1937,Card,Delivered
O020395,CUST020396,R020395,2/28/2022,139,COD,Delivered
O020396,CUST020397,R020396,8/27/2020,893,COD,Delivered
O020397,CUST020398,R020397,8/23/2020,761,Card,Delivered
O020398,CUST020399,R020398,12/20/2024,590,Wallet,Delivered
O020399,CUST020400,R020399,9/25/2023,1145,Wallet,Delivered
O020400,CUST020401,R020400,9/11/2020,1915,COD,Delivered
O020401,CUST020402,R020401,12/4/2025,1517,Wallet,Delivered
O020402,CUST020403,R020402,10/7/2022,1065,COD,Delivered
O020403,CUST020404,R020403,7/6/2024,889,Wallet,Delivered
O020404,CUST020405,R020404,7/26/2020,1126,Wallet,Delivered
O020405,CUST020406,R020405,8/18/2019,776,Wallet,Delivered
O020406,CUST020407,R020406,8/11/2023,379,UPI,Delivered
O020407,CUST020408,R020407,8/15/2023,1553,COD,Delivered
O020408,CUST020409,R020408,8/9/2023,1650,Card,Delivered
O020409,CUST020410,R020409,10/14/2023,510,Wallet,Delivered
O020410,CUST020411,R020410,10/25/2022,1390,Card,Delivered
O020411,CUST020412,R020411,7/15/2024,250,COD,Delivered
O020412,CUST020413,R020412,5/20/2025,761,UPI,Delivered
O020413,CUST020414,R020413,6/20/2021,1706,COD,Delivered
O020414,CUST020415,R020414,8/26/2020,1134,Card,Cancelled
O020415,CUST020416,R020415,5/2/2022,1868,Card,Delivered
O020416,CUST020417,R020416,8/3/2019,1039,COD,Delivered
O020417,CUST020418,R020417,11/20/2024,742,Card,Delivered
O020418,CUST020419,R020418,6/1/2019,393,Wallet,Delivered
O020419,CUST020420,R020419,8/5/2023,1896,COD,Delivered
O020420,CUST020421,R020420,5/17/2025,323,COD,Delivered
O020421,CUST020422,R020421,12/4/2019,1310,Card,Cancelled
O020422,CUST020423,R020422,6/8/2025,1505,Wallet,Cancelled
O020423,CUST020424,R020423,7/6/2020,1006,Card,Cancelled
O020424,CUST020425,R020424,3/9/2019,1946,UPI,Delivered
O020425,CUST020426,R020425,5/15/2022,1860,UPI,Delivered
O020426,CUST020427,R020426,1/15/2023,341,COD,Delivered
O020427,CUST020428,R020427,2/19/2023,289,Card,Delivered
O020428,CUST020429,R020428,7/17/2025,1911,COD,Delivered
O020429,CUST020430,R020429,9/4/2021,1083,Card,Delivered
O020430,CUST020431,R020430,4/1/2022,1843,Card,Delivered
O020431,CUST020432,R020431,2/2/2022,612,Wallet,Delivered
O020432,CUST020433,R020432,12/6/2021,1050,Wallet,Delivered
O020433,CUST020434,R020433,3/5/2023,542,COD,Delivered
O020434,CUST020435,R020434,11/5/2024,1355,Wallet,Delivered
O020435,CUST020436,R020435,2/9/2021,703,Wallet,Delivered
O020436,CUST020437,R020436,4/9/2025,1477,UPI,Delivered
O020437,CUST020438,R020437,3/10/2019,1101,UPI,Delivered
O020438,CUST020439,R020438,11/5/2025,1477,Wallet,Delivered
O020439,CUST020440,R020439,5/16/2019,1902,Wallet,Delivered
O020440,CUST020441,R020440,3/20/2024,1844,UPI,Delivered
O020441,CUST020442,R020441,11/12/2022,1528,Card,Delivered
O020442,CUST020443,R020442,4/26/2023,1887,Card,Delivered
O020443,CUST020444,R020443,2/10/2020,1459,UPI,Delivered
O020444,CUST020445,R020444,5/25/2024,271,UPI,Delivered
O020445,CUST020446,R020445,9/20/2023,667,Wallet,Delivered
O020446,CUST020447,R020446,11/27/2025,650,Card,Delivered
O020447,CUST020448,R020447,4/2/2024,1983,COD,Delivered
O020448,CUST020449,R020448,3/18/2021,319,COD,Delivered
O020449,CUST020450,R020449,3/4/2022,1137,Card,Delivered
O020450,CUST020451,R020450,9/19/2019,718,Wallet,Delivered
O020451,CUST020452,R020451,11/27/2025,1268,COD,Delivered
O020452,CUST020453,R020452,1/10/2020,629,UPI,Cancelled
O020453,CUST020454,R020453,12/2/2019,937,Wallet,Delivered
O020454,CUST020455,R020454,11/8/2024,1188,COD,Delivered
O020455,CUST020456,R020455,2/7/2021,1503,UPI,Delivered
O020456,CUST020457,R020456,2/7/2022,1571,UPI,Delivered
O020457,CUST020458,R020457,9/19/2021,899,UPI,Delivered
O020458,CUST020459,R020458,10/2/2023,327,UPI,Delivered
O020459,CUST020460,R020459,11/21/2025,266,Card,Delivered
O020460,CUST020461,R020460,9/11/2025,967,UPI,Delivered
O020461,CUST020462,R020461,6/1/2024,1031,Wallet,Delivered
O020462,CUST020463,R020462,6/15/2021,1134,UPI,Delivered
O020463,CUST020464,R020463,4/9/2023,1474,UPI,Delivered
O020464,CUST020465,R020464,1/10/2024,1979,COD,Delivered
O020465,CUST020466,R020465,1/10/2020,1340,Card,Delivered
O020466,CUST020467,R020466,3/12/2025,240,UPI,Cancelled
O020467,CUST020468,R020467,1/20/2021,1011,UPI,Cancelled
O020468,CUST020469,R020468,11/18/2020,357,COD,Delivered
O020469,CUST020470,R020469,1/18/2023,556,Wallet,Delivered
O020470,CUST020471,R020470,9/17/2025,1612,Card,Delivered
O020471,CUST020472,R020471,4/13/2020,516,COD,Delivered
O020472,CUST020473,R020472,8/4/2024,126,Card,Delivered
O020473,CUST020474,R020473,2/1/2019,627,Wallet,Delivered
O020474,CUST020475,R020474,7/26/2019,648,UPI,Delivered
O020475,CUST020476,R020475,3/24/2019,751,UPI,Delivered
O020476,CUST020477,R020476,10/24/2024,1261,COD,Cancelled
O020477,CUST020478,R020477,7/5/2019,750,COD,Delivered
O020478,CUST020479,R020478,9/5/2021,1132,UPI,Delivered
O020479,CUST020480,R020479,2/6/2025,1757,Card,Cancelled
O020480,CUST020481,R020480,6/1/2021,801,Wallet,Cancelled
O020481,CUST020482,R020481,3/13/2024,1874,Wallet,Delivered
O020482,CUST020483,R020482,4/13/2025,1229,UPI,Delivered
O020483,CUST020484,R020483,8/21/2025,1228,UPI,Cancelled
O020484,CUST020485,R020484,12/7/2021,132,UPI,Delivered
O020485,CUST020486,R020485,3/16/2019,1644,UPI,Delivered
O020486,CUST020487,R020486,5/24/2020,735,Card,Delivered
O020487,CUST020488,R020487,2/21/2019,1320,UPI,Delivered
O020488,CUST020489,R020488,11/18/2021,372,Wallet,Delivered
O020489,CUST020490,R020489,2/18/2021,354,Card,Delivered
O020490,CUST020491,R020490,1/14/2019,367,Card,Delivered
O020491,CUST020492,R020491,4/28/2021,792,COD,Delivered
O020492,CUST020493,R020492,3/3/2020,527,Card,Delivered
O020493,CUST020494,R020493,9/1/2019,417,UPI,Delivered
O020494,CUST020495,R020494,9/27/2025,1030,Wallet,Delivered
O020495,CUST020496,R020495,1/22/2023,1273,UPI,Cancelled
O020496,CUST020497,R020496,7/22/2023,1806,Wallet,Delivered
O020497,CUST020498,R020497,12/8/2021,1188,UPI,Delivered
O020498,CUST020499,R020498,7/17/2024,1863,UPI,Cancelled
O020499,CUST020500,R020499,1/24/2023,1792,Card,Delivered
O020500,CUST020501,R020500,4/8/2022,1538,UPI,Delivered
O020501,CUST020502,R020501,7/19/2021,460,Card,Delivered
O020502,CUST020503,R020502,6/19/2019,1411,Card,Delivered
O020503,CUST020504,R020503,8/24/2023,411,Card,Delivered
O020504,CUST020505,R020504,8/28/2019,1842,COD,Delivered
O020505,CUST020506,R020505,8/20/2025,572,Card,Delivered
O020506,CUST020507,R020506,8/3/2024,997,Card,Delivered
O020507,CUST020508,R020507,5/28/2021,123,Wallet,Delivered
O020508,CUST020509,R020508,6/22/2021,889,Wallet,Delivered
O020509,CUST020510,R020509,6/17/2025,708,COD,Delivered
O020510,CUST020511,R020510,1/18/2022,848,Wallet,Delivered
O020511,CUST020512,R020511,7/11/2024,1523,COD,Delivered
O020512,CUST020513,R020512,7/11/2025,1407,Card,Delivered
O020513,CUST020514,R020513,2/10/2019,1154,Wallet,Delivered
O020514,CUST020515,R020514,7/16/2023,1089,UPI,Delivered
O020515,CUST020516,R020515,11/1/2024,1071,UPI,Delivered
O020516,CUST020517,R020516,4/19/2025,629,COD,Delivered
O020517,CUST020518,R020517,10/10/2021,1458,Card,Delivered
O020518,CUST020519,R020518,4/14/2020,363,Card,Delivered
O020519,CUST020520,R020519,8/25/2024,1625,UPI,Cancelled
O020520,CUST020521,R020520,6/10/2021,1689,COD,Delivered
O020521,CUST020522,R020521,2/19/2025,505,Card,Delivered
O020522,CUST020523,R020522,12/26/2025,325,COD,Delivered
O020523,CUST020524,R020523,11/22/2022,465,COD,Cancelled
O020524,CUST020525,R020524,10/6/2019,250,Card,Delivered
O020525,CUST020526,R020525,9/21/2022,1067,UPI,Delivered
O020526,CUST020527,R020526,10/4/2021,1262,Card,Delivered
O020527,CUST020528,R020527,5/26/2021,879,Wallet,Delivered
O020528,CUST020529,R020528,7/23/2019,687,COD,Delivered
O020529,CUST020530,R020529,3/14/2021,873,Card,Delivered
O020530,CUST020531,R020530,4/24/2023,691,UPI,Delivered
O020531,CUST020532,R020531,7/2/2024,1453,Card,Delivered
O020532,CUST020533,R020532,10/3/2021,813,UPI,Delivered
O020533,CUST020534,R020533,12/8/2024,877,Wallet,Delivered
O020534,CUST020535,R020534,9/8/2023,750,Wallet,Delivered
O020535,CUST020536,R020535,3/14/2022,1415,Card,Delivered
O020536,CUST020537,R020536,11/10/2020,313,Wallet,Delivered
O020537,CUST020538,R020537,3/9/2025,1339,UPI,Delivered
O020538,CUST020539,R020538,9/9/2021,1634,UPI,Delivered
O020539,CUST020540,R020539,9/21/2025,1506,Wallet,Delivered
O020540,CUST020541,R020540,4/14/2020,1968,COD,Delivered
O020541,CUST020542,R020541,2/14/2025,1776,UPI,Delivered
O020542,CUST020543,R020542,12/17/2025,490,Card,Delivered
O020543,CUST020544,R020543,9/20/2020,307,Card,Delivered
O020544,CUST020545,R020544,3/24/2019,223,Card,Delivered
O020545,CUST020546,R020545,2/25/2025,604,Wallet,Delivered
O020546,CUST020547,R020546,7/2/2019,986,UPI,Delivered
O020547,CUST020548,R020547,6/17/2022,541,COD,Delivered
O020548,CUST020549,R020548,6/9/2024,1074,COD,Delivered
O020549,CUST020550,R020549,3/4/2024,985,COD,Delivered
O020550,CUST020551,R020550,4/6/2020,956,Wallet,Delivered
O020551,CUST020552,R020551,9/3/2020,1251,Wallet,Cancelled
O020552,CUST020553,R020552,7/5/2025,1127,Wallet,Cancelled
O020553,CUST020554,R020553,10/16/2024,1628,Wallet,Delivered
O020554,CUST020555,R020554,10/8/2020,679,Wallet,Delivered
O020555,CUST020556,R020555,12/11/2025,106,UPI,Delivered
O020556,CUST020557,R020556,5/15/2022,1728,UPI,Delivered
O020557,CUST020558,R020557,5/6/2023,1740,UPI,Cancelled
O020558,CUST020559,R020558,5/20/2020,265,UPI,Delivered
O020559,CUST020560,R020559,12/27/2019,1614,UPI,Cancelled
O020560,CUST020561,R020560,2/12/2023,156,COD,Delivered
O020561,CUST020562,R020561,8/24/2021,1702,Card,Delivered
O020562,CUST020563,R020562,4/14/2024,602,Wallet,Delivered
O020563,CUST020564,R020563,10/8/2020,616,Card,Delivered
O020564,CUST020565,R020564,4/26/2022,405,Wallet,Delivered
O020565,CUST020566,R020565,7/5/2025,1346,Wallet,Delivered
O020566,CUST020567,R020566,2/17/2022,784,UPI,Delivered
O020567,CUST020568,R020567,11/25/2021,767,Wallet,Delivered
O020568,CUST020569,R020568,9/14/2023,188,Wallet,Delivered
O020569,CUST020570,R020569,5/15/2022,883,Wallet,Delivered
O020570,CUST020571,R020570,2/9/2021,1785,UPI,Delivered
O020571,CUST020572,R020571,1/21/2023,1321,Card,Delivered
O020572,CUST020573,R020572,9/16/2022,1701,Card,Delivered
O020573,CUST020574,R020573,3/19/2021,200,UPI,Delivered
O020574,CUST020575,R020574,12/24/2019,1224,Card,Delivered
O020575,CUST020576,R020575,12/15/2020,646,Wallet,Delivered
O020576,CUST020577,R020576,9/9/2025,1846,UPI,Delivered
O020577,CUST020578,R020577,10/14/2020,1966,COD,Delivered
O020578,CUST020579,R020578,3/28/2020,963,Card,Delivered
O020579,CUST020580,R020579,12/3/2021,892,Wallet,Delivered
O020580,CUST020581,R020580,7/19/2023,382,Wallet,Delivered
O020581,CUST020582,R020581,8/9/2020,816,COD,Delivered
O020582,CUST020583,R020582,11/24/2022,544,UPI,Delivered
O020583,CUST020584,R020583,8/11/2021,1576,Card,Delivered
O020584,CUST020585,R020584,7/2/2023,942,UPI,Delivered
O020585,CUST020586,R020585,1/10/2019,1492,UPI,Delivered
O020586,CUST020587,R020586,6/14/2023,873,Wallet,Delivered
O020587,CUST020588,R020587,10/6/2024,840,Card,Delivered
O020588,CUST020589,R020588,12/12/2022,262,UPI,Cancelled
O020589,CUST020590,R020589,4/18/2022,1954,UPI,Cancelled
O020590,CUST020591,R020590,10/11/2022,1583,Card,Delivered
O020591,CUST020592,R020591,10/23/2020,1635,UPI,Delivered
O020592,CUST020593,R020592,5/12/2021,1885,COD,Delivered
O020593,CUST020594,R020593,5/20/2020,1900,UPI,Cancelled
O020594,CUST020595,R020594,2/18/2020,608,Card,Delivered
O020595,CUST020596,R020595,6/19/2022,160,Wallet,Delivered
O020596,CUST020597,R020596,11/6/2023,346,Card,Delivered
O020597,CUST020598,R020597,9/16/2019,558,Wallet,Delivered
O020598,CUST020599,R020598,9/4/2021,869,Card,Delivered
O020599,CUST020600,R020599,8/26/2021,741,COD,Delivered
O020600,CUST020601,R020600,11/25/2021,254,COD,Delivered
O020601,CUST020602,R020601,3/3/2021,694,Wallet,Delivered
O020602,CUST020603,R020602,10/9/2019,1331,UPI,Delivered
O020603,CUST020604,R020603,3/9/2025,1134,COD,Delivered
O020604,CUST020605,R020604,2/28/2022,1011,Wallet,Delivered
O020605,CUST020606,R020605,10/4/2019,1305,Wallet,Delivered
O020606,CUST020607,R020606,4/14/2024,388,Wallet,Delivered
O020607,CUST020608,R020607,12/9/2022,1885,UPI,Delivered
O020608,CUST020609,R020608,5/13/2019,1437,UPI,Delivered
O020609,CUST020610,R020609,11/12/2020,150,UPI,Delivered
O020610,CUST020611,R020610,10/8/2023,1880,UPI,Delivered
O020611,CUST020612,R020611,7/23/2023,1497,UPI,Cancelled
O020612,CUST020613,R020612,2/16/2025,531,COD,Delivered
O020613,CUST020614,R020613,8/26/2024,1772,UPI,Delivered
O020614,CUST020615,R020614,4/12/2021,485,COD,Delivered
O020615,CUST020616,R020615,5/4/2019,991,Card,Delivered
O020616,CUST020617,R020616,10/3/2019,1767,COD,Delivered
O020617,CUST020618,R020617,11/25/2019,627,COD,Delivered
O020618,CUST020619,R020618,6/26/2020,922,Card,Cancelled
O020619,CUST020620,R020619,9/24/2023,539,COD,Delivered
O020620,CUST020621,R020620,8/4/2024,1544,COD,Delivered
O020621,CUST020622,R020621,2/7/2024,339,Wallet,Delivered
O020622,CUST020623,R020622,7/6/2022,1668,UPI,Cancelled
O020623,CUST020624,R020623,4/10/2023,973,Wallet,Delivered
O020624,CUST020625,R020624,8/5/2023,1156,UPI,Delivered
O020625,CUST020626,R020625,6/11/2022,147,Wallet,Delivered
O020626,CUST020627,R020626,9/23/2019,500,Wallet,Delivered
O020627,CUST020628,R020627,3/7/2021,101,Card,Delivered
O020628,CUST020629,R020628,11/19/2020,1618,UPI,Delivered
O020629,CUST020630,R020629,7/13/2022,1918,Card,Delivered
O020630,CUST020631,R020630,6/20/2021,419,Wallet,Delivered
O020631,CUST020632,R020631,5/21/2020,1551,Card,Delivered
O020632,CUST020633,R020632,5/18/2024,324,Wallet,Delivered
O020633,CUST020634,R020633,1/6/2021,699,COD,Delivered
O020634,CUST020635,R020634,3/17/2025,427,Wallet,Delivered
O020635,CUST020636,R020635,8/9/2025,1712,COD,Delivered
O020636,CUST020637,R020636,8/10/2021,128,COD,Delivered
O020637,CUST020638,R020637,8/8/2021,1201,UPI,Delivered
O020638,CUST020639,R020638,5/12/2020,1248,UPI,Delivered
O020639,CUST020640,R020639,3/10/2020,1079,Wallet,Delivered
O020640,CUST020641,R020640,7/8/2019,145,UPI,Delivered
O020641,CUST020642,R020641,12/19/2020,1139,UPI,Cancelled
O020642,CUST020643,R020642,12/14/2019,1963,COD,Delivered
O020643,CUST020644,R020643,4/28/2024,1518,UPI,Delivered
O020644,CUST020645,R020644,12/11/2024,1594,Card,Delivered
O020645,CUST020646,R020645,5/19/2024,368,Card,Delivered
O020646,CUST020647,R020646,3/27/2019,316,Card,Delivered
O020647,CUST020648,R020647,11/18/2020,1945,Wallet,Delivered
O020648,CUST020649,R020648,11/4/2020,488,Card,Delivered
O020649,CUST020650,R020649,10/19/2023,427,Card,Delivered
O020650,CUST020651,R020650,4/3/2023,992,Card,Delivered
O020651,CUST020652,R020651,3/21/2025,864,Wallet,Delivered
O020652,CUST020653,R020652,6/5/2022,869,Wallet,Delivered
O020653,CUST020654,R020653,5/9/2024,817,Wallet,Delivered
O020654,CUST020655,R020654,5/1/2020,756,COD,Delivered
O020655,CUST020656,R020655,4/11/2019,1580,Wallet,Delivered
O020656,CUST020657,R020656,10/10/2024,1134,Wallet,Delivered
O020657,CUST020658,R020657,11/6/2020,1254,UPI,Delivered
O020658,CUST020659,R020658,1/13/2019,1040,UPI,Delivered
O020659,CUST020660,R020659,1/8/2024,1802,UPI,Delivered
O020660,CUST020661,R020660,6/12/2022,1560,UPI,Delivered
O020661,CUST020662,R020661,1/13/2022,278,UPI,Delivered
O020662,CUST020663,R020662,1/14/2025,1988,COD,Delivered
O020663,CUST020664,R020663,10/4/2023,1620,UPI,Delivered
O020664,CUST020665,R020664,9/8/2020,474,COD,Delivered
O020665,CUST020666,R020665,10/27/2019,485,Card,Delivered
O020666,CUST020667,R020666,3/21/2025,434,Card,Cancelled
O020667,CUST020668,R020667,12/24/2020,416,Card,Delivered
O020668,CUST020669,R020668,12/5/2021,1954,COD,Delivered
O020669,CUST020670,R020669,12/26/2023,814,Card,Delivered
O020670,CUST020671,R020670,11/22/2019,618,UPI,Delivered
O020671,CUST020672,R020671,9/17/2021,229,COD,Delivered
O020672,CUST020673,R020672,12/24/2023,1033,Card,Delivered
O020673,CUST020674,R020673,1/10/2023,1761,COD,Delivered
O020674,CUST020675,R020674,12/2/2021,1369,Wallet,Delivered
O020675,CUST020676,R020675,9/5/2022,1177,COD,Delivered
O020676,CUST020677,R020676,2/8/2020,852,Wallet,Delivered
O020677,CUST020678,R020677,5/24/2020,1607,Wallet,Delivered
O020678,CUST020679,R020678,9/15/2025,686,Wallet,Delivered
O020679,CUST020680,R020679,7/9/2021,288,UPI,Delivered
O020680,CUST020681,R020680,12/12/2019,1511,COD,Delivered
O020681,CUST020682,R020681,1/8/2020,1614,Card,Delivered
O020682,CUST020683,R020682,6/12/2024,431,Wallet,Delivered
O020683,CUST020684,R020683,5/23/2019,1246,UPI,Delivered
O020684,CUST020685,R020684,10/14/2023,1746,Card,Delivered
O020685,CUST020686,R020685,5/19/2021,650,UPI,Delivered
O020686,CUST020687,R020686,2/20/2024,1422,COD,Delivered
O020687,CUST020688,R020687,12/24/2021,985,UPI,Delivered
O020688,CUST020689,R020688,5/27/2024,1979,Card,Delivered
O020689,CUST020690,R020689,6/2/2024,896,COD,Delivered
O020690,CUST020691,R020690,8/19/2022,701,COD,Delivered
O020691,CUST020692,R020691,12/27/2023,346,Wallet,Delivered
O020692,CUST020693,R020692,3/3/2023,1805,COD,Delivered
O020693,CUST020694,R020693,9/11/2020,238,Card,Delivered
O020694,CUST020695,R020694,8/3/2022,1231,UPI,Cancelled
O020695,CUST020696,R020695,1/7/2024,1103,Wallet,Delivered
O020696,CUST020697,R020696,10/5/2019,900,Wallet,Cancelled
O020697,CUST020698,R020697,2/8/2020,1536,Wallet,Delivered
O020698,CUST020699,R020698,1/13/2023,1279,Wallet,Cancelled
O020699,CUST020700,R020699,2/14/2023,1703,Card,Delivered
O020700,CUST020701,R020700,3/19/2022,1656,UPI,Cancelled
O020701,CUST020702,R020701,2/9/2024,1595,Card,Delivered
O020702,CUST020703,R020702,7/27/2019,940,UPI,Delivered
O020703,CUST020704,R020703,2/21/2022,1757,Card,Delivered
O020704,CUST020705,R020704,11/1/2021,390,Wallet,Delivered
O020705,CUST020706,R020705,10/4/2023,1003,Wallet,Delivered
O020706,CUST020707,R020706,11/27/2023,457,Card,Delivered
O020707,CUST020708,R020707,4/4/2025,1275,Wallet,Delivered
O020708,CUST020709,R020708,5/8/2022,623,Wallet,Delivered
O020709,CUST020710,R020709,6/6/2019,1435,Wallet,Cancelled
O020710,CUST020711,R020710,6/9/2025,736,Wallet,Delivered
O020711,CUST020712,R020711,11/4/2025,1323,Wallet,Delivered
O020712,CUST020713,R020712,6/15/2021,1752,Wallet,Delivered
O020713,CUST020714,R020713,8/19/2022,1700,UPI,Delivered
O020714,CUST020715,R020714,1/10/2022,1684,Card,Delivered
O020715,CUST020716,R020715,3/28/2022,1743,Card,Delivered
O020716,CUST020717,R020716,4/8/2025,1373,UPI,Delivered
O020717,CUST020718,R020717,8/23/2020,180,UPI,Delivered
O020718,CUST020719,R020718,4/13/2023,620,Wallet,Delivered
O020719,CUST020720,R020719,6/22/2023,608,Card,Delivered
O020720,CUST020721,R020720,5/28/2020,1902,COD,Delivered
O020721,CUST020722,R020721,7/17/2024,239,Card,Delivered
O020722,CUST020723,R020722,6/3/2021,1052,Card,Delivered
O020723,CUST020724,R020723,11/18/2023,352,Wallet,Delivered
O020724,CUST020725,R020724,2/27/2019,982,COD,Delivered
O020725,CUST020726,R020725,10/9/2025,480,Wallet,Cancelled
O020726,CUST020727,R020726,2/28/2022,794,Wallet,Delivered
O020727,CUST020728,R020727,1/4/2022,1300,COD,Delivered
O020728,CUST020729,R020728,4/10/2022,1397,UPI,Delivered
O020729,CUST020730,R020729,12/5/2022,1460,Wallet,Delivered
O020730,CUST020731,R020730,4/17/2021,809,UPI,Delivered
O020731,CUST020732,R020731,2/28/2023,237,COD,Delivered
O020732,CUST020733,R020732,2/16/2025,224,COD,Delivered
O020733,CUST020734,R020733,9/10/2021,1562,Card,Delivered
O020734,CUST020735,R020734,3/12/2019,1757,Card,Delivered
O020735,CUST020736,R020735,6/25/2021,1855,Wallet,Delivered
O020736,CUST020737,R020736,1/20/2025,1869,UPI,Delivered
O020737,CUST020738,R020737,6/21/2023,1868,COD,Cancelled
O020738,CUST020739,R020738,11/19/2025,1236,Card,Delivered
O020739,CUST020740,R020739,8/11/2019,1997,Wallet,Delivered
O020740,CUST020741,R020740,8/17/2021,1122,UPI,Delivered
O020741,CUST020742,R020741,2/20/2023,208,COD,Delivered
O020742,CUST020743,R020742,10/16/2021,272,Wallet,Delivered
O020743,CUST020744,R020743,3/15/2024,1565,Card,Delivered
O020744,CUST020745,R020744,4/11/2022,430,Card,Delivered
O020745,CUST020746,R020745,12/26/2019,1948,Card,Delivered
O020746,CUST020747,R020746,4/27/2019,548,Wallet,Delivered
O020747,CUST020748,R020747,4/23/2023,612,UPI,Delivered
O020748,CUST020749,R020748,6/23/2025,709,COD,Delivered
O020749,CUST020750,R020749,2/23/2021,1171,Card,Cancelled
O020750,CUST020751,R020750,8/3/2022,596,Card,Delivered
O020751,CUST020752,R020751,9/4/2022,852,UPI,Delivered
O020752,CUST020753,R020752,11/6/2021,1657,Card,Cancelled
O020753,CUST020754,R020753,9/27/2023,913,Wallet,Delivered
O020754,CUST020755,R020754,10/14/2025,1726,Wallet,Delivered
O020755,CUST020756,R020755,10/10/2021,1074,Wallet,Cancelled
O020756,CUST020757,R020756,5/17/2019,1180,UPI,Delivered
O020757,CUST020758,R020757,3/6/2019,1991,Card,Delivered
O020758,CUST020759,R020758,11/10/2019,1565,UPI,Delivered
O020759,CUST020760,R020759,4/22/2019,656,UPI,Delivered
O020760,CUST020761,R020760,5/20/2025,1234,Wallet,Cancelled
O020761,CUST020762,R020761,5/18/2022,325,COD,Delivered
O020762,CUST020763,R020762,5/18/2022,1843,Card,Delivered
O020763,CUST020764,R020763,6/13/2020,213,Card,Delivered
O020764,CUST020765,R020764,5/26/2024,642,COD,Delivered
O020765,CUST020766,R020765,10/28/2023,384,Card,Delivered
O020766,CUST020767,R020766,7/1/2025,573,COD,Delivered
O020767,CUST020768,R020767,8/1/2025,497,COD,Delivered
O020768,CUST020769,R020768,3/20/2021,690,Wallet,Delivered
O020769,CUST020770,R020769,2/14/2023,1224,COD,Delivered
O020770,CUST020771,R020770,11/28/2020,719,UPI,Delivered
O020771,CUST020772,R020771,5/5/2019,1225,UPI,Cancelled
O020772,CUST020773,R020772,12/16/2021,1711,UPI,Cancelled
O020773,CUST020774,R020773,3/7/2023,1452,Wallet,Delivered
O020774,CUST020775,R020774,10/18/2020,370,UPI,Delivered
O020775,CUST020776,R020775,2/18/2025,1364,COD,Delivered
O020776,CUST020777,R020776,12/21/2025,305,Card,Delivered
O020777,CUST020778,R020777,6/27/2024,1698,COD,Cancelled
O020778,CUST020779,R020778,4/18/2019,429,COD,Delivered
O020779,CUST020780,R020779,3/2/2021,1109,Card,Delivered
O020780,CUST020781,R020780,7/2/2023,540,COD,Delivered
O020781,CUST020782,R020781,4/21/2023,778,Wallet,Delivered
O020782,CUST020783,R020782,6/14/2021,554,COD,Delivered
O020783,CUST020784,R020783,5/16/2022,763,Wallet,Delivered
O020784,CUST020785,R020784,10/6/2024,1443,COD,Delivered
O020785,CUST020786,R020785,5/4/2019,1371,Card,Delivered
O020786,CUST020787,R020786,4/8/2025,1113,Wallet,Delivered
O020787,CUST020788,R020787,2/15/2020,998,Wallet,Delivered
O020788,CUST020789,R020788,7/28/2025,980,UPI,Delivered
O020789,CUST020790,R020789,8/18/2022,413,COD,Delivered
O020790,CUST020791,R020790,6/9/2024,1359,Card,Delivered
O020791,CUST020792,R020791,4/13/2019,219,Card,Delivered
O020792,CUST020793,R020792,11/24/2023,1731,UPI,Cancelled
O020793,CUST020794,R020793,9/12/2025,1534,COD,Delivered
O020794,CUST020795,R020794,12/15/2025,395,UPI,Delivered
O020795,CUST020796,R020795,11/24/2019,214,COD,Delivered
O020796,CUST020797,R020796,12/20/2024,379,COD,Delivered
O020797,CUST020798,R020797,9/28/2019,170,Card,Cancelled
O020798,CUST020799,R020798,11/19/2020,988,UPI,Delivered
O020799,CUST020800,R020799,11/3/2025,1221,UPI,Delivered
O020800,CUST020801,R020800,8/25/2020,657,Wallet,Delivered
O020801,CUST020802,R020801,11/22/2022,596,Wallet,Delivered
O020802,CUST020803,R020802,4/12/2024,1216,Card,Delivered
O020803,CUST020804,R020803,6/3/2024,975,UPI,Delivered
O020804,CUST020805,R020804,7/8/2021,1780,COD,Delivered
O020805,CUST020806,R020805,5/8/2025,1391,Wallet,Delivered
O020806,CUST020807,R020806,11/13/2020,724,Wallet,Delivered
O020807,CUST020808,R020807,4/12/2025,595,Wallet,Delivered
O020808,CUST020809,R020808,10/12/2024,1309,Card,Cancelled
O020809,CUST020810,R020809,2/8/2025,1684,Wallet,Cancelled
O020810,CUST020811,R020810,6/3/2023,1260,Wallet,Delivered
O020811,CUST020812,R020811,3/7/2024,1555,UPI,Delivered
O020812,CUST020813,R020812,10/19/2023,1420,Wallet,Delivered
O020813,CUST020814,R020813,4/13/2023,1921,Card,Delivered
O020814,CUST020815,R020814,6/11/2021,1730,UPI,Delivered
O020815,CUST020816,R020815,5/15/2019,405,Card,Delivered
O020816,CUST020817,R020816,10/19/2023,163,Card,Delivered
O020817,CUST020818,R020817,3/24/2022,1980,Card,Delivered
O020818,CUST020819,R020818,12/24/2024,580,Wallet,Delivered
O020819,CUST020820,R020819,2/1/2023,875,UPI,Delivered
O020820,CUST020821,R020820,1/15/2022,386,COD,Delivered
O020821,CUST020822,R020821,2/7/2021,925,COD,Cancelled
O020822,CUST020823,R020822,10/3/2019,586,COD,Delivered
O020823,CUST020824,R020823,1/26/2023,920,Wallet,Delivered
O020824,CUST020825,R020824,10/1/2019,1208,UPI,Cancelled
O020825,CUST020826,R020825,5/3/2019,1037,Wallet,Delivered
O020826,CUST020827,R020826,5/14/2024,1538,Wallet,Delivered
O020827,CUST020828,R020827,10/8/2021,457,Wallet,Delivered
O020828,CUST020829,R020828,8/10/2021,1965,UPI,Delivered
O020829,CUST020830,R020829,9/13/2025,1649,UPI,Delivered
O020830,CUST020831,R020830,8/5/2022,1597,UPI,Delivered
O020831,CUST020832,R020831,12/19/2024,371,UPI,Delivered
O020832,CUST020833,R020832,5/24/2025,1502,Wallet,Cancelled
O020833,CUST020834,R020833,1/10/2019,1946,Card,Delivered
O020834,CUST020835,R020834,8/21/2023,1554,Card,Delivered
O020835,CUST020836,R020835,8/12/2025,203,COD,Delivered
O020836,CUST020837,R020836,8/2/2025,536,UPI,Delivered
O020837,CUST020838,R020837,10/24/2023,1837,COD,Delivered
O020838,CUST020839,R020838,1/25/2020,697,COD,Delivered
O020839,CUST020840,R020839,4/8/2024,266,Wallet,Delivered
O020840,CUST020841,R020840,4/17/2021,253,Wallet,Delivered
O020841,CUST020842,R020841,12/5/2025,108,COD,Delivered
O020842,CUST020843,R020842,12/8/2020,848,UPI,Delivered
O020843,CUST020844,R020843,9/8/2025,1641,UPI,Delivered
O020844,CUST020845,R020844,4/19/2022,1426,UPI,Cancelled
O020845,CUST020846,R020845,1/14/2025,1546,UPI,Delivered
O020846,CUST020847,R020846,11/18/2024,1991,UPI,Delivered
O020847,CUST020848,R020847,12/23/2019,1642,Card,Delivered
O020848,CUST020849,R020848,12/13/2023,246,Wallet,Delivered
O020849,CUST020850,R020849,8/3/2025,1766,UPI,Delivered
O020850,CUST020851,R020850,12/12/2019,1882,COD,Cancelled
O020851,CUST020852,R020851,4/26/2023,916,UPI,Delivered
O020852,CUST020853,R020852,2/24/2020,844,COD,Delivered
O020853,CUST020854,R020853,4/18/2021,297,COD,Delivered
O020854,CUST020855,R020854,9/8/2023,737,COD,Delivered
O020855,CUST020856,R020855,6/24/2021,464,Wallet,Delivered
O020856,CUST020857,R020856,6/10/2020,1295,COD,Delivered
O020857,CUST020858,R020857,6/1/2024,1086,UPI,Delivered
O020858,CUST020859,R020858,9/9/2020,1338,UPI,Delivered
O020859,CUST020860,R020859,11/12/2024,719,Wallet,Delivered
O020860,CUST020861,R020860,5/4/2019,734,Card,Delivered
O020861,CUST020862,R020861,6/8/2025,1807,UPI,Cancelled
O020862,CUST020863,R020862,2/12/2025,1811,Wallet,Cancelled
O020863,CUST020864,R020863,4/9/2019,1498,Card,Delivered
O020864,CUST020865,R020864,12/21/2025,1544,UPI,Delivered
O020865,CUST020866,R020865,4/11/2024,460,COD,Delivered
O020866,CUST020867,R020866,5/23/2025,1859,UPI,Cancelled
O020867,CUST020868,R020867,7/17/2021,528,Card,Delivered
O020868,CUST020869,R020868,2/18/2023,1981,Wallet,Delivered
O020869,CUST020870,R020869,10/5/2024,197,Card,Delivered
O020870,CUST020871,R020870,9/24/2019,703,Wallet,Delivered
O020871,CUST020872,R020871,4/4/2020,998,Card,Delivered
O020872,CUST020873,R020872,9/24/2024,831,COD,Delivered
O020873,CUST020874,R020873,9/26/2023,351,Wallet,Delivered
O020874,CUST020875,R020874,7/5/2020,535,Wallet,Delivered
O020875,CUST020876,R020875,9/7/2025,1471,Wallet,Delivered
O020876,CUST020877,R020876,6/10/2021,917,COD,Delivered
O020877,CUST020878,R020877,5/26/2024,920,Wallet,Delivered
O020878,CUST020879,R020878,10/2/2021,1215,Wallet,Delivered
O020879,CUST020880,R020879,3/13/2020,346,Wallet,Delivered
O020880,CUST020881,R020880,8/9/2025,1848,UPI,Cancelled
O020881,CUST020882,R020881,9/12/2022,1358,Wallet,Delivered
O020882,CUST020883,R020882,2/10/2019,1966,UPI,Delivered
O020883,CUST020884,R020883,5/7/2021,1981,UPI,Delivered
O020884,CUST020885,R020884,10/22/2024,1386,UPI,Delivered
O020885,CUST020886,R020885,7/16/2023,251,COD,Delivered
O020886,CUST020887,R020886,10/24/2020,1629,Wallet,Delivered
O020887,CUST020888,R020887,2/10/2020,1987,COD,Delivered
O020888,CUST020889,R020888,3/26/2022,841,Card,Delivered
O020889,CUST020890,R020889,4/2/2020,1720,Card,Delivered
O020890,CUST020891,R020890,8/21/2019,581,COD,Delivered
O020891,CUST020892,R020891,10/24/2021,832,Card,Delivered
O020892,CUST020893,R020892,1/25/2020,453,COD,Delivered
O020893,CUST020894,R020893,7/3/2020,1465,Card,Delivered
O020894,CUST020895,R020894,12/7/2024,129,Wallet,Delivered
O020895,CUST020896,R020895,2/5/2019,1626,UPI,Delivered
O020896,CUST020897,R020896,7/8/2023,1073,Wallet,Delivered
O020897,CUST020898,R020897,12/4/2019,1002,Wallet,Delivered
O020898,CUST020899,R020898,3/10/2025,1944,Wallet,Delivered
O020899,CUST020900,R020899,5/19/2020,400,Wallet,Delivered
O020900,CUST020901,R020900,10/5/2022,1603,Card,Delivered
O020901,CUST020902,R020901,5/13/2025,1469,UPI,Delivered
O020902,CUST020903,R020902,9/11/2020,1765,Card,Delivered
O020903,CUST020904,R020903,12/18/2019,197,Wallet,Delivered
O020904,CUST020905,R020904,1/19/2022,1508,UPI,Delivered
O020905,CUST020906,R020905,5/20/2024,244,COD,Delivered
O020906,CUST020907,R020906,8/4/2022,193,Card,Delivered
O020907,CUST020908,R020907,9/16/2022,1821,COD,Delivered
O020908,CUST020909,R020908,5/28/2021,1242,Card,Delivered
O020909,CUST020910,R020909,11/3/2021,1745,Wallet,Delivered
O020910,CUST020911,R020910,1/1/2021,1047,Wallet,Delivered
O020911,CUST020912,R020911,2/4/2025,1099,UPI,Delivered
O020912,CUST020913,R020912,11/9/2023,934,Wallet,Delivered
O020913,CUST020914,R020913,6/6/2022,1691,UPI,Cancelled
O020914,CUST020915,R020914,9/13/2023,1558,UPI,Delivered
O020915,CUST020916,R020915,5/12/2023,1809,COD,Delivered
O020916,CUST020917,R020916,11/26/2024,1427,Wallet,Delivered
O020917,CUST020918,R020917,11/7/2021,1553,Card,Delivered
O020918,CUST020919,R020918,5/21/2022,332,UPI,Delivered
O020919,CUST020920,R020919,2/25/2024,237,Card,Cancelled
O020920,CUST020921,R020920,2/16/2020,1859,COD,Delivered
O020921,CUST020922,R020921,10/3/2021,397,COD,Delivered
O020922,CUST020923,R020922,1/19/2024,380,Card,Delivered
O020923,CUST020924,R020923,4/2/2024,707,Card,Delivered
O020924,CUST020925,R020924,4/20/2021,714,Wallet,Delivered
O020925,CUST020926,R020925,10/4/2025,725,COD,Delivered
O020926,CUST020927,R020926,8/8/2024,419,Wallet,Delivered
O020927,CUST020928,R020927,2/23/2021,651,Wallet,Delivered
O020928,CUST020929,R020928,6/8/2025,1468,Wallet,Delivered
O020929,CUST020930,R020929,1/7/2019,1043,Wallet,Delivered
O020930,CUST020931,R020930,11/4/2023,1170,UPI,Delivered
O020931,CUST020932,R020931,4/15/2022,961,UPI,Delivered
O020932,CUST020933,R020932,3/7/2024,387,UPI,Delivered
O020933,CUST020934,R020933,6/11/2024,1519,UPI,Delivered
O020934,CUST020935,R020934,4/12/2021,189,Card,Delivered
O020935,CUST020936,R020935,1/13/2024,1898,Card,Delivered
O020936,CUST020937,R020936,6/4/2019,1514,UPI,Delivered
O020937,CUST020938,R020937,3/15/2025,374,COD,Delivered
O020938,CUST020939,R020938,6/26/2020,342,UPI,Delivered
O020939,CUST020940,R020939,10/19/2022,1936,COD,Delivered
O020940,CUST020941,R020940,10/18/2023,267,Card,Delivered
O020941,CUST020942,R020941,10/3/2024,195,COD,Cancelled
O020942,CUST020943,R020942,4/2/2021,1131,COD,Delivered
O020943,CUST020944,R020943,11/26/2022,960,UPI,Delivered
O020944,CUST020945,R020944,10/24/2022,576,COD,Delivered
O020945,CUST020946,R020945,7/1/2021,954,UPI,Delivered
O020946,CUST020947,R020946,2/12/2025,1720,COD,Delivered
O020947,CUST020948,R020947,7/28/2025,1322,Wallet,Delivered
O020948,CUST020949,R020948,5/4/2023,1086,COD,Delivered
O020949,CUST020950,R020949,11/6/2025,703,Wallet,Delivered
O020950,CUST020951,R020950,1/23/2023,1465,Wallet,Delivered
O020951,CUST020952,R020951,5/15/2024,586,COD,Delivered
O020952,CUST020953,R020952,10/7/2021,1653,UPI,Cancelled
O020953,CUST020954,R020953,5/6/2024,1356,COD,Delivered
O020954,CUST020955,R020954,8/6/2021,1460,Card,Cancelled
O020955,CUST020956,R020955,7/18/2025,320,Wallet,Delivered
O020956,CUST020957,R020956,12/22/2021,1204,Wallet,Cancelled
O020957,CUST020958,R020957,5/15/2021,1666,Card,Delivered
O020958,CUST020959,R020958,7/17/2020,571,Wallet,Delivered
O020959,CUST020960,R020959,8/18/2020,1336,Card,Delivered
O020960,CUST020961,R020960,10/23/2020,937,Card,Delivered
O020961,CUST020962,R020961,4/27/2020,1758,Card,Delivered
O020962,CUST020963,R020962,7/1/2020,811,COD,Delivered
O020963,CUST020964,R020963,1/18/2023,558,COD,Delivered
O020964,CUST020965,R020964,10/24/2024,202,COD,Delivered
O020965,CUST020966,R020965,9/2/2025,1444,COD,Cancelled
O020966,CUST020967,R020966,12/10/2019,128,Card,Delivered
O020967,CUST020968,R020967,7/1/2021,1076,UPI,Delivered
O020968,CUST020969,R020968,1/5/2020,953,Wallet,Delivered
O020969,CUST020970,R020969,2/3/2024,820,Wallet,Delivered
O020970,CUST020971,R020970,8/10/2023,1327,Wallet,Cancelled
O020971,CUST020972,R020971,6/11/2020,1199,Wallet,Cancelled
O020972,CUST020973,R020972,4/12/2022,1618,UPI,Delivered
O020973,CUST020974,R020973,7/18/2025,1566,UPI,Delivered
O020974,CUST020975,R020974,10/8/2020,1549,UPI,Delivered
O020975,CUST020976,R020975,2/24/2020,471,Wallet,Delivered
O020976,CUST020977,R020976,3/19/2025,1185,Card,Delivered
O020977,CUST020978,R020977,7/21/2021,1719,Card,Delivered
O020978,CUST020979,R020978,5/25/2019,172,Wallet,Delivered
O020979,CUST020980,R020979,5/20/2024,1645,Card,Delivered
O020980,CUST020981,R020980,10/24/2023,1163,Wallet,Delivered
O020981,CUST020982,R020981,2/6/2019,474,Wallet,Delivered
O020982,CUST020983,R020982,6/4/2021,1548,Wallet,Cancelled
O020983,CUST020984,R020983,4/11/2019,656,Wallet,Delivered
O020984,CUST020985,R020984,4/27/2023,1281,Wallet,Delivered
O020985,CUST020986,R020985,4/13/2022,1705,Wallet,Delivered
O020986,CUST020987,R020986,3/17/2023,1611,UPI,Delivered
O020987,CUST020988,R020987,6/9/2023,1593,Card,Delivered
O020988,CUST020989,R020988,11/27/2025,1526,UPI,Delivered
O020989,CUST020990,R020989,3/7/2022,1273,UPI,Delivered
O020990,CUST020991,R020990,11/22/2019,1939,Wallet,Delivered
O020991,CUST020992,R020991,11/12/2021,216,COD,Delivered
O020992,CUST020993,R020992,9/20/2022,453,UPI,Delivered
O020993,CUST020994,R020993,11/24/2022,1792,COD,Delivered
O020994,CUST020995,R020994,2/16/2020,135,COD,Delivered
O020995,CUST020996,R020995,10/1/2021,1164,UPI,Delivered
O020996,CUST020997,R020996,10/20/2019,272,COD,Delivered
O020997,CUST020998,R020997,12/24/2020,897,COD,Delivered
O020998,CUST020999,R020998,7/8/2024,433,Wallet,Delivered
O020999,CUST021000,R020999,8/27/2021,1271,Wallet,Delivered
O021000,CUST021001,R021000,2/3/2025,1214,COD,Delivered
O021001,CUST021002,R021001,1/8/2020,1317,UPI,Delivered
O021002,CUST021003,R021002,11/2/2023,1381,Wallet,Delivered
O021003,CUST021004,R021003,6/17/2019,709,COD,Delivered
O021004,CUST021005,R021004,5/27/2022,1776,COD,Delivered
O021005,CUST021006,R021005,6/15/2021,1971,COD,Delivered
O021006,CUST021007,R021006,9/8/2023,1409,Card,Delivered
O021007,CUST021008,R021007,2/10/2019,1652,UPI,Delivered
O021008,CUST021009,R021008,2/24/2023,1835,Card,Delivered
O021009,CUST021010,R021009,8/22/2023,1789,COD,Delivered
O021010,CUST021011,R021010,8/19/2022,689,Wallet,Cancelled
O021011,CUST021012,R021011,4/17/2022,1951,Wallet,Delivered
O021012,CUST021013,R021012,4/21/2023,854,Card,Delivered
O021013,CUST021014,R021013,1/26/2022,1886,UPI,Delivered
O021014,CUST021015,R021014,9/3/2022,129,Card,Delivered
O021015,CUST021016,R021015,3/27/2023,192,Wallet,Delivered
O021016,CUST021017,R021016,6/14/2023,1415,UPI,Cancelled
O021017,CUST021018,R021017,10/10/2023,587,Card,Delivered
O021018,CUST021019,R021018,3/26/2020,1838,Card,Delivered
O021019,CUST021020,R021019,9/26/2020,394,COD,Delivered
O021020,CUST021021,R021020,4/20/2025,462,UPI,Delivered
O021021,CUST021022,R021021,5/21/2021,820,COD,Delivered
O021022,CUST021023,R021022,6/5/2022,1071,Card,Delivered
O021023,CUST021024,R021023,2/1/2019,555,Card,Delivered
O021024,CUST021025,R021024,11/2/2021,761,UPI,Delivered
O021025,CUST021026,R021025,2/4/2023,1566,Card,Delivered
O021026,CUST021027,R021026,6/26/2019,698,Wallet,Delivered
O021027,CUST021028,R021027,10/14/2019,1690,Wallet,Delivered
O021028,CUST021029,R021028,6/9/2022,994,Wallet,Delivered
O021029,CUST021030,R021029,4/16/2020,1031,Wallet,Cancelled
O021030,CUST021031,R021030,6/4/2025,1582,UPI,Cancelled
O021031,CUST021032,R021031,1/7/2025,1454,UPI,Delivered
O021032,CUST021033,R021032,12/21/2022,550,UPI,Delivered
O021033,CUST021034,R021033,1/17/2022,1090,Wallet,Delivered
O021034,CUST021035,R021034,12/15/2023,437,COD,Delivered
O021035,CUST021036,R021035,4/19/2022,1700,UPI,Delivered
O021036,CUST021037,R021036,3/11/2019,170,UPI,Delivered
O021037,CUST021038,R021037,4/25/2020,421,Card,Delivered
O021038,CUST021039,R021038,10/26/2025,294,Card,Delivered
O021039,CUST021040,R021039,6/23/2023,488,COD,Delivered
O021040,CUST021041,R021040,6/8/2021,416,COD,Delivered
O021041,CUST021042,R021041,3/19/2024,654,COD,Delivered
O021042,CUST021043,R021042,5/13/2022,1183,Card,Delivered
O021043,CUST021044,R021043,6/27/2025,309,COD,Delivered
O021044,CUST021045,R021044,2/4/2020,1070,Wallet,Delivered
O021045,CUST021046,R021045,4/15/2025,1178,Wallet,Cancelled
O021046,CUST021047,R021046,2/27/2022,751,COD,Delivered
O021047,CUST021048,R021047,12/10/2022,1955,UPI,Delivered
O021048,CUST021049,R021048,12/14/2024,787,COD,Delivered
O021049,CUST021050,R021049,1/13/2023,215,Card,Delivered
O021050,CUST021051,R021050,12/19/2021,1652,COD,Cancelled
O021051,CUST021052,R021051,11/14/2020,382,Card,Cancelled
O021052,CUST021053,R021052,11/24/2021,1023,Card,Delivered
O021053,CUST021054,R021053,11/1/2019,460,COD,Delivered
O021054,CUST021055,R021054,7/20/2022,699,Wallet,Delivered
O021055,CUST021056,R021055,8/14/2025,338,Card,Delivered
O021056,CUST021057,R021056,8/14/2021,396,Wallet,Delivered
O021057,CUST021058,R021057,2/5/2020,1288,Card,Delivered
O021058,CUST021059,R021058,6/3/2022,1223,UPI,Delivered
O021059,CUST021060,R021059,4/7/2019,970,Wallet,Delivered
O021060,CUST021061,R021060,12/11/2020,1153,Wallet,Delivered
O021061,CUST021062,R021061,10/1/2022,875,Card,Delivered
O021062,CUST021063,R021062,10/16/2021,259,COD,Delivered
O021063,CUST021064,R021063,5/7/2023,1268,Card,Delivered
O021064,CUST021065,R021064,11/11/2021,1904,Card,Delivered
O021065,CUST021066,R021065,10/18/2025,1695,UPI,Delivered
O021066,CUST021067,R021066,5/10/2019,1455,Card,Delivered
O021067,CUST021068,R021067,7/14/2022,315,UPI,Delivered
O021068,CUST021069,R021068,2/23/2025,128,Card,Cancelled
O021069,CUST021070,R021069,6/16/2020,1914,COD,Delivered
O021070,CUST021071,R021070,5/28/2022,1961,UPI,Delivered
O021071,CUST021072,R021071,4/17/2021,839,UPI,Delivered
O021072,CUST021073,R021072,12/1/2020,1076,UPI,Delivered
O021073,CUST021074,R021073,6/23/2023,769,COD,Delivered
O021074,CUST021075,R021074,1/24/2024,492,Wallet,Delivered
O021075,CUST021076,R021075,10/10/2021,931,Card,Delivered
O021076,CUST021077,R021076,1/1/2025,884,UPI,Delivered
O021077,CUST021078,R021077,3/5/2025,1695,COD,Delivered
O021078,CUST021079,R021078,3/28/2025,1312,UPI,Delivered
O021079,CUST021080,R021079,5/12/2025,1115,Wallet,Delivered
O021080,CUST021081,R021080,7/11/2024,981,Wallet,Delivered
O021081,CUST021082,R021081,6/17/2022,1646,Card,Delivered
O021082,CUST021083,R021082,7/13/2022,121,COD,Cancelled
O021083,CUST021084,R021083,2/9/2020,1577,Wallet,Delivered
O021084,CUST021085,R021084,7/12/2023,1972,UPI,Delivered
O021085,CUST021086,R021085,3/18/2019,1277,Wallet,Delivered
O021086,CUST021087,R021086,6/11/2021,133,Card,Delivered
O021087,CUST021088,R021087,4/12/2020,1581,Wallet,Cancelled
O021088,CUST021089,R021088,2/14/2025,293,Card,Delivered
O021089,CUST021090,R021089,10/25/2025,116,Card,Delivered
O021090,CUST021091,R021090,3/21/2024,1896,Card,Delivered
O021091,CUST021092,R021091,11/18/2022,500,COD,Delivered
O021092,CUST021093,R021092,5/28/2024,794,UPI,Delivered
O021093,CUST021094,R021093,8/15/2023,170,COD,Delivered
O021094,CUST021095,R021094,5/6/2021,879,Card,Delivered
O021095,CUST021096,R021095,10/1/2019,496,Card,Delivered
O021096,CUST021097,R021096,2/25/2025,770,COD,Delivered
O021097,CUST021098,R021097,3/28/2024,1065,Wallet,Delivered
O021098,CUST021099,R021098,4/27/2020,938,Wallet,Delivered
O021099,CUST021100,R021099,12/13/2021,1650,COD,Delivered
O021100,CUST021101,R021100,5/9/2022,308,Wallet,Delivered
O021101,CUST021102,R021101,12/8/2024,1811,UPI,Delivered
O021102,CUST021103,R021102,4/12/2020,745,UPI,Delivered
O021103,CUST021104,R021103,8/3/2022,1556,UPI,Delivered
O021104,CUST021105,R021104,7/13/2023,291,UPI,Delivered
O021105,CUST021106,R021105,9/22/2021,1423,Wallet,Delivered
O021106,CUST021107,R021106,4/9/2025,1862,Card,Delivered
O021107,CUST021108,R021107,12/1/2021,1507,UPI,Delivered
O021108,CUST021109,R021108,11/11/2019,155,COD,Delivered
O021109,CUST021110,R021109,5/1/2023,387,UPI,Delivered
O021110,CUST021111,R021110,11/23/2019,1694,Card,Delivered
O021111,CUST021112,R021111,8/24/2020,554,COD,Delivered
O021112,CUST021113,R021112,3/8/2023,415,COD,Delivered
O021113,CUST021114,R021113,7/19/2025,1869,COD,Delivered
O021114,CUST021115,R021114,7/2/2025,1428,Card,Delivered
O021115,CUST021116,R021115,4/6/2020,266,Wallet,Delivered
O021116,CUST021117,R021116,3/26/2024,1171,Wallet,Delivered
O021117,CUST021118,R021117,1/8/2019,962,UPI,Delivered
O021118,CUST021119,R021118,7/6/2021,1467,UPI,Delivered
O021119,CUST021120,R021119,9/10/2024,1906,Wallet,Delivered
O021120,CUST021121,R021120,3/21/2025,1550,Card,Delivered
O021121,CUST021122,R021121,11/12/2019,199,COD,Delivered
O021122,CUST021123,R021122,4/2/2021,1487,UPI,Delivered
O021123,CUST021124,R021123,5/10/2020,1738,COD,Delivered
O021124,CUST021125,R021124,12/25/2024,772,Card,Delivered
O021125,CUST021126,R021125,1/23/2021,950,COD,Delivered
O021126,CUST021127,R021126,6/20/2022,187,COD,Delivered
O021127,CUST021128,R021127,11/4/2021,626,COD,Delivered
O021128,CUST021129,R021128,6/22/2023,315,Wallet,Delivered
O021129,CUST021130,R021129,3/8/2024,1216,Card,Delivered
O021130,CUST021131,R021130,3/23/2022,1007,Wallet,Delivered
O021131,CUST021132,R021131,10/7/2024,1127,UPI,Delivered
O021132,CUST021133,R021132,1/10/2022,676,Wallet,Delivered
O021133,CUST021134,R021133,9/3/2022,644,UPI,Delivered
O021134,CUST021135,R021134,7/6/2020,1717,UPI,Delivered
O021135,CUST021136,R021135,2/12/2019,1769,Wallet,Delivered
O021136,CUST021137,R021136,8/5/2022,1397,Card,Delivered
O021137,CUST021138,R021137,4/19/2021,1400,UPI,Delivered
O021138,CUST021139,R021138,7/10/2023,567,COD,Delivered
O021139,CUST021140,R021139,12/21/2023,1704,UPI,Delivered
O021140,CUST021141,R021140,9/16/2022,242,Card,Delivered
O021141,CUST021142,R021141,5/17/2020,1876,COD,Delivered
O021142,CUST021143,R021142,11/2/2019,118,Card,Delivered
O021143,CUST021144,R021143,3/18/2022,624,Wallet,Delivered
O021144,CUST021145,R021144,6/2/2019,912,Card,Delivered
O021145,CUST021146,R021145,10/20/2025,784,COD,Delivered
O021146,CUST021147,R021146,12/26/2024,304,Card,Delivered
O021147,CUST021148,R021147,12/3/2020,445,Wallet,Delivered
O021148,CUST021149,R021148,10/6/2021,1385,UPI,Delivered
O021149,CUST021150,R021149,6/10/2024,1014,COD,Delivered
O021150,CUST021151,R021150,5/1/2021,1061,Wallet,Delivered
O021151,CUST021152,R021151,6/4/2023,227,Wallet,Delivered
O021152,CUST021153,R021152,8/16/2024,431,COD,Delivered
O021153,CUST021154,R021153,1/10/2025,1694,Wallet,Delivered
O021154,CUST021155,R021154,1/11/2022,1253,Wallet,Delivered
O021155,CUST021156,R021155,2/9/2019,1611,Wallet,Delivered
O021156,CUST021157,R021156,7/1/2025,1901,UPI,Delivered
O021157,CUST021158,R021157,8/20/2025,1301,UPI,Delivered
O021158,CUST021159,R021158,9/14/2022,161,COD,Delivered
O021159,CUST021160,R021159,4/23/2025,1582,Wallet,Delivered
O021160,CUST021161,R021160,11/10/2023,1771,COD,Delivered
O021161,CUST021162,R021161,12/25/2019,761,UPI,Delivered
O021162,CUST021163,R021162,12/28/2021,1577,Card,Delivered
O021163,CUST021164,R021163,3/20/2023,437,COD,Delivered
O021164,CUST021165,R021164,8/24/2020,981,COD,Delivered
O021165,CUST021166,R021165,8/22/2023,342,COD,Delivered
O021166,CUST021167,R021166,7/1/2022,1311,Card,Delivered
O021167,CUST021168,R021167,4/4/2024,1881,COD,Delivered
O021168,CUST021169,R021168,9/3/2021,1227,UPI,Delivered
O021169,CUST021170,R021169,1/3/2022,671,Wallet,Delivered
O021170,CUST021171,R021170,2/2/2025,961,Wallet,Delivered
O021171,CUST021172,R021171,8/8/2021,1853,Wallet,Delivered
O021172,CUST021173,R021172,12/17/2020,308,COD,Delivered
O021173,CUST021174,R021173,3/4/2020,1561,Card,Delivered
O021174,CUST021175,R021174,3/20/2021,1434,UPI,Delivered
O021175,CUST021176,R021175,9/10/2019,1685,UPI,Delivered
O021176,CUST021177,R021176,4/17/2025,1949,Wallet,Delivered
O021177,CUST021178,R021177,12/18/2024,1609,UPI,Delivered
O021178,CUST021179,R021178,9/19/2025,1860,COD,Delivered
O021179,CUST021180,R021179,8/3/2022,1983,UPI,Delivered
O021180,CUST021181,R021180,10/14/2024,1671,COD,Delivered
O021181,CUST021182,R021181,8/26/2023,843,Card,Delivered
O021182,CUST021183,R021182,9/25/2024,1666,COD,Delivered
O021183,CUST021184,R021183,9/25/2025,578,COD,Delivered
O021184,CUST021185,R021184,4/2/2023,623,COD,Delivered
O021185,CUST021186,R021185,6/1/2022,416,Card,Delivered
O021186,CUST021187,R021186,11/26/2021,1178,Wallet,Cancelled
O021187,CUST021188,R021187,1/6/2021,1050,UPI,Delivered
O021188,CUST021189,R021188,12/5/2021,1772,COD,Delivered
O021189,CUST021190,R021189,10/25/2025,1147,UPI,Delivered
O021190,CUST021191,R021190,2/5/2020,1654,UPI,Cancelled
O021191,CUST021192,R021191,5/20/2021,178,UPI,Delivered
O021192,CUST021193,R021192,10/19/2019,131,Card,Delivered
O021193,CUST021194,R021193,5/15/2024,1759,COD,Delivered
O021194,CUST021195,R021194,5/1/2021,1900,Card,Cancelled
O021195,CUST021196,R021195,3/13/2025,237,Card,Delivered
O021196,CUST021197,R021196,6/28/2023,621,Card,Delivered
O021197,CUST021198,R021197,3/18/2023,667,Wallet,Delivered
O021198,CUST021199,R021198,5/2/2020,504,COD,Delivered
O021199,CUST021200,R021199,4/9/2020,333,Wallet,Delivered
O021200,CUST021201,R021200,3/22/2024,571,Wallet,Delivered
O021201,CUST021202,R021201,1/5/2021,1388,Wallet,Delivered
O021202,CUST021203,R021202,11/7/2019,939,Wallet,Delivered
O021203,CUST021204,R021203,6/2/2020,1314,UPI,Delivered
O021204,CUST021205,R021204,1/14/2023,805,UPI,Delivered
O021205,CUST021206,R021205,12/5/2022,238,UPI,Cancelled
O021206,CUST021207,R021206,1/9/2019,1376,UPI,Delivered
O021207,CUST021208,R021207,10/11/2020,1560,Card,Delivered
O021208,CUST021209,R021208,10/7/2020,1792,Card,Cancelled
O021209,CUST021210,R021209,4/1/2020,1424,UPI,Delivered
O021210,CUST021211,R021210,10/13/2025,284,COD,Delivered
O021211,CUST021212,R021211,5/25/2020,295,UPI,Delivered
O021212,CUST021213,R021212,5/19/2020,1894,COD,Delivered
O021213,CUST021214,R021213,2/16/2019,187,UPI,Cancelled
O021214,CUST021215,R021214,1/2/2023,116,COD,Cancelled
O021215,CUST021216,R021215,11/1/2019,1046,COD,Delivered
O021216,CUST021217,R021216,9/25/2022,930,Card,Delivered
O021217,CUST021218,R021217,10/24/2025,465,Wallet,Delivered
O021218,CUST021219,R021218,8/28/2024,1233,Card,Delivered
O021219,CUST021220,R021219,7/11/2019,103,Wallet,Delivered
O021220,CUST021221,R021220,6/5/2021,1350,UPI,Delivered
O021221,CUST021222,R021221,10/2/2024,1408,COD,Delivered
O021222,CUST021223,R021222,10/11/2020,657,COD,Delivered
O021223,CUST021224,R021223,8/27/2025,1374,COD,Delivered
O021224,CUST021225,R021224,5/13/2019,501,COD,Delivered
O021225,CUST021226,R021225,6/10/2021,1574,UPI,Delivered
O021226,CUST021227,R021226,9/5/2025,1321,COD,Delivered
O021227,CUST021228,R021227,2/5/2025,1380,UPI,Delivered
O021228,CUST021229,R021228,10/17/2024,234,Wallet,Delivered
O021229,CUST021230,R021229,4/21/2024,1305,Wallet,Delivered
O021230,CUST021231,R021230,9/12/2024,1556,Card,Cancelled
O021231,CUST021232,R021231,7/16/2021,465,UPI,Delivered
O021232,CUST021233,R021232,9/16/2023,1192,Card,Delivered
O021233,CUST021234,R021233,2/21/2022,539,Card,Delivered
O021234,CUST021235,R021234,2/21/2023,1609,Card,Delivered
O021235,CUST021236,R021235,8/27/2024,700,COD,Delivered
O021236,CUST021237,R021236,3/16/2024,144,COD,Delivered
O021237,CUST021238,R021237,7/22/2021,117,COD,Delivered
O021238,CUST021239,R021238,1/4/2022,1365,Card,Cancelled
O021239,CUST021240,R021239,1/6/2024,1949,Card,Delivered
O021240,CUST021241,R021240,5/28/2020,1034,UPI,Delivered
O021241,CUST021242,R021241,12/4/2021,906,Wallet,Delivered
O021242,CUST021243,R021242,10/2/2025,922,Wallet,Delivered
O021243,CUST021244,R021243,2/9/2024,1172,COD,Cancelled
O021244,CUST021245,R021244,3/11/2023,1093,COD,Delivered
O021245,CUST021246,R021245,3/11/2025,1343,UPI,Delivered
O021246,CUST021247,R021246,9/16/2024,1168,UPI,Delivered
O021247,CUST021248,R021247,11/2/2021,1400,UPI,Delivered
O021248,CUST021249,R021248,4/22/2019,316,Wallet,Delivered
O021249,CUST021250,R021249,1/18/2020,1138,Card,Delivered
O021250,CUST021251,R021250,10/17/2023,1679,Card,Delivered
O021251,CUST021252,R021251,1/26/2022,1993,COD,Delivered
O021252,CUST021253,R021252,12/18/2025,1565,UPI,Delivered
O021253,CUST021254,R021253,10/22/2024,650,Card,Delivered
O021254,CUST021255,R021254,3/27/2023,523,COD,Delivered
O021255,CUST021256,R021255,5/25/2025,1073,Wallet,Delivered
O021256,CUST021257,R021256,9/3/2019,1980,COD,Delivered
O021257,CUST021258,R021257,5/20/2025,1137,Wallet,Delivered
O021258,CUST021259,R021258,11/6/2020,1563,Wallet,Cancelled
O021259,CUST021260,R021259,10/4/2025,1255,UPI,Delivered
O021260,CUST021261,R021260,4/3/2019,1487,UPI,Delivered
O021261,CUST021262,R021261,2/25/2020,1372,UPI,Delivered
O021262,CUST021263,R021262,3/5/2024,1183,UPI,Delivered
O021263,CUST021264,R021263,10/20/2019,1723,Wallet,Delivered
O021264,CUST021265,R021264,10/14/2025,179,COD,Delivered
O021265,CUST021266,R021265,12/18/2025,374,UPI,Delivered
O021266,CUST021267,R021266,2/23/2022,1707,Card,Delivered
O021267,CUST021268,R021267,9/14/2024,1945,COD,Delivered
O021268,CUST021269,R021268,9/25/2022,1116,UPI,Delivered
O021269,CUST021270,R021269,3/19/2024,166,COD,Delivered
O021270,CUST021271,R021270,1/23/2023,754,COD,Delivered
O021271,CUST021272,R021271,7/6/2023,290,COD,Cancelled
O021272,CUST021273,R021272,11/26/2020,866,Wallet,Cancelled
O021273,CUST021274,R021273,3/26/2023,1103,COD,Delivered
O021274,CUST021275,R021274,3/7/2021,1033,UPI,Delivered
O021275,CUST021276,R021275,3/28/2024,1227,Wallet,Delivered
O021276,CUST021277,R021276,6/14/2021,624,COD,Delivered
O021277,CUST021278,R021277,9/9/2021,1697,Card,Delivered
O021278,CUST021279,R021278,3/13/2019,1935,COD,Delivered
O021279,CUST021280,R021279,4/7/2020,1367,Card,Delivered
O021280,CUST021281,R021280,5/9/2019,1561,Card,Delivered
O021281,CUST021282,R021281,6/22/2019,1745,UPI,Delivered
O021282,CUST021283,R021282,5/21/2019,1684,Card,Delivered
O021283,CUST021284,R021283,8/18/2023,414,Wallet,Delivered
O021284,CUST021285,R021284,1/16/2023,1807,COD,Delivered
O021285,CUST021286,R021285,3/20/2024,450,UPI,Delivered
O021286,CUST021287,R021286,11/20/2025,1732,Card,Delivered
O021287,CUST021288,R021287,3/1/2020,823,Wallet,Delivered
O021288,CUST021289,R021288,6/23/2025,892,UPI,Delivered
O021289,CUST021290,R021289,8/24/2023,240,COD,Delivered
O021290,CUST021291,R021290,3/23/2022,1314,Card,Delivered
O021291,CUST021292,R021291,3/8/2019,663,UPI,Cancelled
O021292,CUST021293,R021292,12/8/2021,177,COD,Delivered
O021293,CUST021294,R021293,4/20/2021,415,UPI,Delivered
O021294,CUST021295,R021294,6/20/2024,730,COD,Delivered
O021295,CUST021296,R021295,11/3/2023,986,Card,Delivered
O021296,CUST021297,R021296,11/1/2022,410,Card,Delivered
O021297,CUST021298,R021297,6/27/2024,661,Wallet,Delivered
O021298,CUST021299,R021298,5/2/2023,1206,COD,Delivered
O021299,CUST021300,R021299,7/20/2020,543,Wallet,Delivered
O021300,CUST021301,R021300,5/12/2019,1534,Wallet,Delivered
O021301,CUST021302,R021301,9/8/2019,714,Wallet,Delivered
O021302,CUST021303,R021302,12/14/2022,996,Wallet,Cancelled
O021303,CUST021304,R021303,9/6/2019,1502,UPI,Delivered
O021304,CUST021305,R021304,3/5/2023,1368,UPI,Delivered
O021305,CUST021306,R021305,10/19/2022,459,Wallet,Delivered
O021306,CUST021307,R021306,12/14/2023,1044,Wallet,Delivered
O021307,CUST021308,R021307,1/15/2023,390,Card,Delivered
O021308,CUST021309,R021308,5/18/2025,1614,UPI,Delivered
O021309,CUST021310,R021309,7/10/2022,1928,UPI,Delivered
O021310,CUST021311,R021310,7/24/2019,278,Card,Delivered
O021311,CUST021312,R021311,12/25/2023,1834,Card,Delivered
O021312,CUST021313,R021312,9/22/2022,202,COD,Delivered
O021313,CUST021314,R021313,9/6/2023,262,COD,Delivered
O021314,CUST021315,R021314,3/17/2020,506,COD,Delivered
O021315,CUST021316,R021315,11/8/2022,1295,Card,Cancelled
O021316,CUST021317,R021316,12/1/2021,272,Wallet,Delivered
O021317,CUST021318,R021317,12/2/2020,1028,Wallet,Delivered
O021318,CUST021319,R021318,6/13/2024,1088,Wallet,Cancelled
O021319,CUST021320,R021319,2/26/2022,660,Wallet,Delivered
O021320,CUST021321,R021320,9/9/2025,1913,Wallet,Delivered
O021321,CUST021322,R021321,4/13/2021,1274,UPI,Cancelled
O021322,CUST021323,R021322,9/11/2024,1545,Wallet,Delivered
O021323,CUST021324,R021323,6/18/2019,1081,UPI,Cancelled
O021324,CUST021325,R021324,5/7/2023,1450,UPI,Cancelled
O021325,CUST021326,R021325,2/17/2021,484,UPI,Delivered
O021326,CUST021327,R021326,10/16/2023,350,COD,Delivered
O021327,CUST021328,R021327,3/11/2019,550,Wallet,Delivered
O021328,CUST021329,R021328,8/12/2020,449,Card,Delivered
O021329,CUST021330,R021329,10/17/2019,317,COD,Delivered
O021330,CUST021331,R021330,11/3/2025,1073,Card,Delivered
O021331,CUST021332,R021331,12/1/2025,1176,UPI,Delivered
O021332,CUST021333,R021332,11/5/2019,878,Wallet,Delivered
O021333,CUST021334,R021333,9/10/2025,1068,Wallet,Delivered
O021334,CUST021335,R021334,6/1/2025,796,Card,Delivered
O021335,CUST021336,R021335,1/13/2020,223,COD,Cancelled
O021336,CUST021337,R021336,8/6/2022,1162,UPI,Delivered
O021337,CUST021338,R021337,10/10/2023,1494,UPI,Delivered
O021338,CUST021339,R021338,6/17/2019,1541,UPI,Delivered
O021339,CUST021340,R021339,4/9/2019,1868,Card,Delivered
O021340,CUST021341,R021340,2/12/2024,209,UPI,Cancelled
O021341,CUST021342,R021341,5/21/2020,240,Card,Cancelled
O021342,CUST021343,R021342,1/18/2021,1835,COD,Delivered
O021343,CUST021344,R021343,11/25/2025,1876,UPI,Delivered
O021344,CUST021345,R021344,3/24/2020,792,Wallet,Delivered
O021345,CUST021346,R021345,10/28/2023,1029,UPI,Delivered
O021346,CUST021347,R021346,7/22/2025,685,COD,Delivered
O021347,CUST021348,R021347,6/23/2024,412,Wallet,Delivered
O021348,CUST021349,R021348,1/10/2022,850,Card,Delivered
O021349,CUST021350,R021349,8/1/2019,779,UPI,Delivered
O021350,CUST021351,R021350,6/4/2025,1155,COD,Delivered
O021351,CUST021352,R021351,3/27/2024,1157,UPI,Delivered
O021352,CUST021353,R021352,6/10/2021,966,Wallet,Delivered
O021353,CUST021354,R021353,6/7/2021,837,Wallet,Delivered
O021354,CUST021355,R021354,8/16/2022,1802,UPI,Delivered
O021355,CUST021356,R021355,5/15/2021,1878,Wallet,Delivered
O021356,CUST021357,R021356,4/7/2025,1491,UPI,Delivered
O021357,CUST021358,R021357,10/10/2025,408,Card,Delivered
O021358,CUST021359,R021358,6/22/2025,1658,UPI,Delivered
O021359,CUST021360,R021359,2/17/2025,345,Card,Delivered
O021360,CUST021361,R021360,2/17/2019,1929,Wallet,Delivered
O021361,CUST021362,R021361,3/19/2024,213,UPI,Delivered
O021362,CUST021363,R021362,10/2/2021,1869,UPI,Delivered
O021363,CUST021364,R021363,5/21/2021,1530,UPI,Delivered
O021364,CUST021365,R021364,10/15/2023,389,COD,Delivered
O021365,CUST021366,R021365,2/26/2022,645,UPI,Delivered
O021366,CUST021367,R021366,8/12/2025,1928,COD,Delivered
O021367,CUST021368,R021367,11/4/2019,990,Card,Delivered
O021368,CUST021369,R021368,12/4/2020,215,Card,Delivered
O021369,CUST021370,R021369,12/23/2019,723,COD,Delivered
O021370,CUST021371,R021370,10/26/2024,975,Wallet,Delivered
O021371,CUST021372,R021371,8/25/2020,847,Wallet,Delivered
O021372,CUST021373,R021372,1/11/2021,1608,COD,Delivered
O021373,CUST021374,R021373,11/6/2025,272,COD,Delivered
O021374,CUST021375,R021374,3/7/2023,1732,Wallet,Delivered
O021375,CUST021376,R021375,11/10/2024,596,Wallet,Delivered
O021376,CUST021377,R021376,11/2/2022,1145,UPI,Delivered
O021377,CUST021378,R021377,7/12/2020,1906,Wallet,Delivered
O021378,CUST021379,R021378,5/21/2024,1318,Wallet,Delivered
O021379,CUST021380,R021379,8/7/2025,1719,Card,Delivered
O021380,CUST021381,R021380,7/26/2021,1618,UPI,Delivered
O021381,CUST021382,R021381,2/13/2022,1907,COD,Delivered
O021382,CUST021383,R021382,9/25/2021,341,UPI,Delivered
O021383,CUST021384,R021383,5/21/2024,1647,COD,Delivered
O021384,CUST021385,R021384,8/22/2022,468,COD,Delivered
O021385,CUST021386,R021385,5/6/2025,335,Card,Delivered
O021386,CUST021387,R021386,10/18/2019,1790,COD,Delivered
O021387,CUST021388,R021387,9/2/2023,1391,Card,Delivered
O021388,CUST021389,R021388,7/5/2019,747,COD,Delivered
O021389,CUST021390,R021389,8/24/2020,762,Wallet,Delivered
O021390,CUST021391,R021390,3/6/2021,809,Wallet,Delivered
O021391,CUST021392,R021391,2/3/2022,934,Wallet,Delivered
O021392,CUST021393,R021392,5/9/2020,1378,COD,Cancelled
O021393,CUST021394,R021393,9/13/2024,1234,UPI,Cancelled
O021394,CUST021395,R021394,9/7/2024,1524,COD,Delivered
O021395,CUST021396,R021395,2/22/2021,969,UPI,Delivered
O021396,CUST021397,R021396,11/2/2024,1690,Card,Delivered
O021397,CUST021398,R021397,4/23/2022,556,Card,Delivered
O021398,CUST021399,R021398,7/21/2021,871,COD,Delivered
O021399,CUST021400,R021399,6/19/2022,107,COD,Delivered
O021400,CUST021401,R021400,2/3/2021,540,Card,Delivered
O021401,CUST021402,R021401,12/21/2024,268,UPI,Delivered
O021402,CUST021403,R021402,1/5/2025,850,Card,Delivered
O021403,CUST021404,R021403,9/22/2023,853,Wallet,Delivered
O021404,CUST021405,R021404,11/6/2020,978,Wallet,Delivered
O021405,CUST021406,R021405,12/10/2025,533,Wallet,Delivered
O021406,CUST021407,R021406,7/1/2021,1323,UPI,Delivered
O021407,CUST021408,R021407,6/8/2020,1612,Wallet,Delivered
O021408,CUST021409,R021408,4/10/2024,1614,Wallet,Delivered
O021409,CUST021410,R021409,11/3/2024,1307,Card,Delivered
O021410,CUST021411,R021410,11/18/2023,1359,UPI,Delivered
O021411,CUST021412,R021411,2/16/2021,531,COD,Delivered
O021412,CUST021413,R021412,7/19/2023,1624,Wallet,Delivered
O021413,CUST021414,R021413,8/14/2023,157,UPI,Delivered
O021414,CUST021415,R021414,8/15/2019,1786,COD,Delivered
O021415,CUST021416,R021415,6/2/2025,1478,UPI,Delivered
O021416,CUST021417,R021416,12/17/2025,518,COD,Delivered
O021417,CUST021418,R021417,3/28/2024,768,Card,Delivered
O021418,CUST021419,R021418,6/19/2019,641,COD,Delivered
O021419,CUST021420,R021419,6/24/2021,416,Card,Delivered
O021420,CUST021421,R021420,9/3/2022,339,Wallet,Delivered
O021421,CUST021422,R021421,8/4/2023,1274,Wallet,Delivered
O021422,CUST021423,R021422,6/7/2019,924,COD,Delivered
O021423,CUST021424,R021423,9/27/2022,976,Wallet,Delivered
O021424,CUST021425,R021424,8/3/2023,147,Wallet,Delivered
O021425,CUST021426,R021425,6/14/2020,395,Wallet,Delivered
O021426,CUST021427,R021426,4/9/2025,1718,UPI,Delivered
O021427,CUST021428,R021427,8/10/2019,1402,Wallet,Delivered
O021428,CUST021429,R021428,11/11/2025,1760,UPI,Delivered
O021429,CUST021430,R021429,4/11/2021,134,Wallet,Delivered
O021430,CUST021431,R021430,6/23/2025,1201,Wallet,Delivered
O021431,CUST021432,R021431,10/16/2019,1919,COD,Delivered
O021432,CUST021433,R021432,7/22/2025,1688,Wallet,Cancelled
O021433,CUST021434,R021433,1/11/2019,1616,Card,Cancelled
O021434,CUST021435,R021434,2/23/2020,651,UPI,Delivered
O021435,CUST021436,R021435,11/27/2021,1356,Card,Cancelled
O021436,CUST021437,R021436,3/18/2019,352,COD,Delivered
O021437,CUST021438,R021437,6/22/2020,901,COD,Delivered
O021438,CUST021439,R021438,10/20/2022,263,Card,Delivered
O021439,CUST021440,R021439,9/28/2020,1269,Card,Delivered
O021440,CUST021441,R021440,7/3/2023,1833,COD,Delivered
O021441,CUST021442,R021441,2/2/2024,1136,UPI,Delivered
O021442,CUST021443,R021442,2/2/2025,523,COD,Delivered
O021443,CUST021444,R021443,2/1/2019,818,Wallet,Delivered
O021444,CUST021445,R021444,12/7/2023,1578,Wallet,Delivered
O021445,CUST021446,R021445,11/16/2022,458,COD,Delivered
O021446,CUST021447,R021446,9/6/2021,1408,Card,Cancelled
O021447,CUST021448,R021447,2/18/2020,1280,UPI,Cancelled
O021448,CUST021449,R021448,5/8/2021,1579,UPI,Delivered
O021449,CUST021450,R021449,2/13/2022,1912,Wallet,Delivered
O021450,CUST021451,R021450,1/16/2022,1530,Card,Delivered
O021451,CUST021452,R021451,2/17/2022,1781,COD,Delivered
O021452,CUST021453,R021452,10/1/2021,1897,UPI,Delivered
O021453,CUST021454,R021453,9/13/2020,1450,Card,Delivered
O021454,CUST021455,R021454,5/25/2019,797,Card,Delivered
O021455,CUST021456,R021455,2/24/2025,1517,COD,Delivered
O021456,CUST021457,R021456,10/23/2021,433,COD,Delivered
O021457,CUST021458,R021457,4/2/2019,480,COD,Delivered
O021458,CUST021459,R021458,12/26/2022,567,Card,Delivered
O021459,CUST021460,R021459,9/28/2021,1068,COD,Delivered
O021460,CUST021461,R021460,8/4/2021,895,Wallet,Delivered
O021461,CUST021462,R021461,9/2/2025,1195,UPI,Delivered
O021462,CUST021463,R021462,9/17/2025,640,Wallet,Delivered
O021463,CUST021464,R021463,6/26/2020,1190,UPI,Cancelled
O021464,CUST021465,R021464,10/11/2024,1435,UPI,Delivered
O021465,CUST021466,R021465,12/10/2023,1941,UPI,Delivered
O021466,CUST021467,R021466,5/7/2022,1669,Card,Delivered
O021467,CUST021468,R021467,1/26/2022,1853,Card,Cancelled
O021468,CUST021469,R021468,11/12/2021,195,COD,Delivered
O021469,CUST021470,R021469,10/27/2019,477,UPI,Delivered
O021470,CUST021471,R021470,6/17/2023,524,Wallet,Delivered
O021471,CUST021472,R021471,12/1/2025,611,COD,Delivered
O021472,CUST021473,R021472,3/8/2019,222,COD,Delivered
O021473,CUST021474,R021473,1/20/2020,983,Wallet,Delivered
O021474,CUST021475,R021474,1/3/2023,1240,Wallet,Delivered
O021475,CUST021476,R021475,3/5/2019,859,Wallet,Delivered
O021476,CUST021477,R021476,10/27/2025,1234,Wallet,Delivered
O021477,CUST021478,R021477,6/12/2024,764,Wallet,Delivered
O021478,CUST021479,R021478,2/3/2021,192,UPI,Delivered
O021479,CUST021480,R021479,1/8/2025,1285,Wallet,Delivered
O021480,CUST021481,R021480,11/9/2022,1474,UPI,Delivered
O021481,CUST021482,R021481,3/7/2025,1712,Card,Cancelled
O021482,CUST021483,R021482,7/1/2021,1150,UPI,Delivered
O021483,CUST021484,R021483,5/12/2022,141,COD,Cancelled
O021484,CUST021485,R021484,8/23/2020,401,Wallet,Cancelled
O021485,CUST021486,R021485,9/18/2023,1739,COD,Delivered
O021486,CUST021487,R021486,9/15/2021,1978,UPI,Delivered
O021487,CUST021488,R021487,8/26/2023,1912,COD,Delivered
O021488,CUST021489,R021488,11/27/2021,647,COD,Delivered
O021489,CUST021490,R021489,7/24/2022,850,Card,Delivered
O021490,CUST021491,R021490,11/22/2024,381,Wallet,Delivered
O021491,CUST021492,R021491,9/26/2021,1709,Card,Delivered
O021492,CUST021493,R021492,9/9/2019,1957,COD,Delivered
O021493,CUST021494,R021493,3/4/2019,1265,UPI,Delivered
O021494,CUST021495,R021494,11/1/2020,1329,COD,Delivered
O021495,CUST021496,R021495,5/10/2019,941,Wallet,Delivered
O021496,CUST021497,R021496,8/7/2024,1696,UPI,Delivered
O021497,CUST021498,R021497,12/18/2023,1073,Wallet,Delivered
O021498,CUST021499,R021498,10/15/2025,1848,UPI,Delivered
O021499,CUST021500,R021499,9/9/2021,1594,Card,Delivered
O021500,CUST021501,R021500,6/10/2023,1100,UPI,Delivered
O021501,CUST021502,R021501,9/16/2020,1780,Wallet,Delivered
O021502,CUST021503,R021502,1/19/2021,1226,Wallet,Delivered
O021503,CUST021504,R021503,3/10/2021,1471,Card,Delivered
O021504,CUST021505,R021504,9/14/2020,374,UPI,Cancelled
O021505,CUST021506,R021505,3/12/2025,1145,UPI,Delivered
O021506,CUST021507,R021506,10/20/2025,498,UPI,Delivered
O021507,CUST021508,R021507,7/20/2024,1530,Card,Delivered
O021508,CUST021509,R021508,4/26/2025,620,Card,Delivered
O021509,CUST021510,R021509,2/15/2025,1896,COD,Delivered
O021510,CUST021511,R021510,5/21/2021,262,Card,Delivered
O021511,CUST021512,R021511,9/3/2022,1080,Card,Delivered
O021512,CUST021513,R021512,3/4/2020,1800,Card,Delivered
O021513,CUST021514,R021513,2/26/2024,891,Wallet,Delivered
O021514,CUST021515,R021514,4/10/2022,508,Wallet,Delivered
O021515,CUST021516,R021515,5/1/2019,886,COD,Delivered
O021516,CUST021517,R021516,3/7/2023,1130,COD,Delivered
O021517,CUST021518,R021517,6/8/2025,1002,COD,Delivered
O021518,CUST021519,R021518,3/9/2020,1253,Wallet,Delivered
O021519,CUST021520,R021519,10/15/2025,1126,UPI,Delivered
O021520,CUST021521,R021520,8/1/2024,1189,UPI,Delivered
O021521,CUST021522,R021521,8/20/2022,236,Wallet,Delivered
O021522,CUST021523,R021522,4/16/2020,990,Card,Delivered
O021523,CUST021524,R021523,4/16/2020,1779,UPI,Delivered
O021524,CUST021525,R021524,4/26/2023,1882,Card,Delivered
O021525,CUST021526,R021525,12/14/2022,1459,UPI,Delivered
O021526,CUST021527,R021526,10/20/2019,508,Card,Delivered
O021527,CUST021528,R021527,2/25/2021,124,COD,Delivered
O021528,CUST021529,R021528,1/23/2021,923,COD,Delivered
O021529,CUST021530,R021529,3/2/2020,1758,COD,Delivered
O021530,CUST021531,R021530,7/18/2025,663,COD,Delivered
O021531,CUST021532,R021531,3/3/2020,1044,Card,Delivered
O021532,CUST021533,R021532,3/24/2025,742,Wallet,Delivered
O021533,CUST021534,R021533,7/24/2019,980,UPI,Delivered
O021534,CUST021535,R021534,11/15/2024,1337,UPI,Delivered
O021535,CUST021536,R021535,2/26/2025,1078,Card,Delivered
O021536,CUST021537,R021536,1/19/2025,1823,Wallet,Delivered
O021537,CUST021538,R021537,3/13/2022,1926,COD,Delivered
O021538,CUST021539,R021538,9/18/2020,1996,UPI,Delivered
O021539,CUST021540,R021539,1/21/2022,1607,Card,Delivered
O021540,CUST021541,R021540,4/12/2024,1546,COD,Delivered
O021541,CUST021542,R021541,2/24/2021,967,UPI,Delivered
O021542,CUST021543,R021542,5/17/2023,1977,COD,Delivered
O021543,CUST021544,R021543,3/19/2021,707,COD,Delivered
O021544,CUST021545,R021544,2/5/2025,248,COD,Delivered
O021545,CUST021546,R021545,11/27/2020,786,Wallet,Cancelled
O021546,CUST021547,R021546,11/25/2024,1024,COD,Delivered
O021547,CUST021548,R021547,10/6/2025,953,Wallet,Delivered
O021548,CUST021549,R021548,1/27/2023,1185,Wallet,Delivered
O021549,CUST021550,R021549,6/14/2024,594,COD,Cancelled
O021550,CUST021551,R021550,10/8/2023,1543,Card,Delivered
O021551,CUST021552,R021551,8/12/2020,1786,Card,Delivered
O021552,CUST021553,R021552,7/3/2022,1223,UPI,Delivered
O021553,CUST021554,R021553,3/7/2021,1205,UPI,Delivered
O021554,CUST021555,R021554,2/21/2023,1640,UPI,Delivered
O021555,CUST021556,R021555,11/19/2023,1594,Card,Delivered
O021556,CUST021557,R021556,3/16/2023,323,Wallet,Delivered
O021557,CUST021558,R021557,4/14/2020,1765,COD,Delivered
O021558,CUST021559,R021558,2/22/2022,938,UPI,Cancelled
O021559,CUST021560,R021559,11/19/2024,1653,Card,Delivered
O021560,CUST021561,R021560,6/28/2020,738,COD,Delivered
O021561,CUST021562,R021561,5/21/2020,801,Card,Delivered
O021562,CUST021563,R021562,11/23/2024,385,Card,Delivered
O021563,CUST021564,R021563,5/3/2023,1203,COD,Delivered
O021564,CUST021565,R021564,4/6/2022,513,COD,Cancelled
O021565,CUST021566,R021565,4/7/2024,839,UPI,Delivered
O021566,CUST021567,R021566,11/2/2023,823,COD,Delivered
O021567,CUST021568,R021567,7/3/2021,1256,COD,Delivered
O021568,CUST021569,R021568,7/13/2025,1680,Card,Delivered
O021569,CUST021570,R021569,7/10/2020,320,UPI,Delivered
O021570,CUST021571,R021570,12/8/2022,576,Wallet,Delivered
O021571,CUST021572,R021571,8/5/2019,1126,COD,Delivered
O021572,CUST021573,R021572,6/17/2021,506,COD,Delivered
O021573,CUST021574,R021573,4/10/2021,1493,COD,Delivered
O021574,CUST021575,R021574,12/6/2019,624,Wallet,Delivered
O021575,CUST021576,R021575,12/13/2021,1097,Wallet,Delivered
O021576,CUST021577,R021576,6/5/2022,1030,UPI,Delivered
O021577,CUST021578,R021577,7/4/2021,1268,Wallet,Delivered
O021578,CUST021579,R021578,7/17/2023,316,Wallet,Delivered
O021579,CUST021580,R021579,5/12/2020,645,Wallet,Delivered
O021580,CUST021581,R021580,9/13/2020,241,Card,Delivered
O021581,CUST021582,R021581,5/24/2020,1503,UPI,Delivered
O021582,CUST021583,R021582,3/8/2024,1882,UPI,Delivered
O021583,CUST021584,R021583,11/21/2019,193,UPI,Delivered
O021584,CUST021585,R021584,4/27/2020,1754,Card,Delivered
O021585,CUST021586,R021585,8/20/2025,123,COD,Delivered
O021586,CUST021587,R021586,7/5/2022,221,COD,Delivered
O021587,CUST021588,R021587,10/16/2024,284,COD,Delivered
O021588,CUST021589,R021588,7/7/2023,1204,UPI,Cancelled
O021589,CUST021590,R021589,10/28/2019,123,Wallet,Delivered
O021590,CUST021591,R021590,3/27/2023,885,Wallet,Delivered
O021591,CUST021592,R021591,1/12/2023,988,Wallet,Delivered
O021592,CUST021593,R021592,4/24/2020,299,Wallet,Delivered
O021593,CUST021594,R021593,1/7/2024,1758,Wallet,Delivered
O021594,CUST021595,R021594,11/11/2022,1120,UPI,Cancelled
O021595,CUST021596,R021595,9/10/2024,1498,Wallet,Cancelled
O021596,CUST021597,R021596,2/16/2021,864,UPI,Delivered
O021597,CUST021598,R021597,1/8/2021,1370,UPI,Delivered
O021598,CUST021599,R021598,4/14/2019,405,Wallet,Delivered
O021599,CUST021600,R021599,5/15/2021,1738,Card,Delivered
O021600,CUST021601,R021600,1/11/2019,1975,COD,Delivered
O021601,CUST021602,R021601,7/2/2020,1876,UPI,Delivered
O021602,CUST021603,R021602,3/9/2019,1642,COD,Delivered
O021603,CUST021604,R021603,8/24/2023,502,Card,Delivered
O021604,CUST021605,R021604,7/22/2023,1032,Wallet,Delivered
O021605,CUST021606,R021605,6/4/2020,343,Wallet,Delivered
O021606,CUST021607,R021606,5/8/2022,957,Wallet,Delivered
O021607,CUST021608,R021607,5/26/2023,641,UPI,Delivered
O021608,CUST021609,R021608,1/10/2022,1974,COD,Cancelled
O021609,CUST021610,R021609,12/4/2019,1082,UPI,Delivered
O021610,CUST021611,R021610,12/10/2019,1459,UPI,Delivered
O021611,CUST021612,R021611,12/15/2022,1461,Wallet,Cancelled
O021612,CUST021613,R021612,7/8/2025,1782,Card,Delivered
O021613,CUST021614,R021613,6/11/2020,119,UPI,Cancelled
O021614,CUST021615,R021614,1/20/2023,1921,Card,Delivered
O021615,CUST021616,R021615,1/17/2022,1729,Card,Delivered
O021616,CUST021617,R021616,12/24/2021,1731,UPI,Delivered
O021617,CUST021618,R021617,7/22/2023,648,Wallet,Delivered
O021618,CUST021619,R021618,1/27/2022,626,UPI,Delivered
O021619,CUST021620,R021619,10/18/2020,574,COD,Delivered
O021620,CUST021621,R021620,8/21/2025,300,COD,Delivered
O021621,CUST021622,R021621,9/7/2019,701,Card,Delivered
O021622,CUST021623,R021622,8/26/2021,700,Wallet,Delivered
O021623,CUST021624,R021623,5/6/2019,1075,COD,Delivered
O021624,CUST021625,R021624,12/25/2022,1115,UPI,Delivered
O021625,CUST021626,R021625,4/8/2022,1442,COD,Delivered
O021626,CUST021627,R021626,2/6/2022,748,Wallet,Delivered
O021627,CUST021628,R021627,1/15/2023,1711,UPI,Delivered
O021628,CUST021629,R021628,9/12/2024,1836,Wallet,Delivered
O021629,CUST021630,R021629,4/6/2021,1391,Wallet,Delivered
O021630,CUST021631,R021630,1/9/2025,265,UPI,Delivered
O021631,CUST021632,R021631,1/21/2022,1254,UPI,Delivered
O021632,CUST021633,R021632,11/15/2022,190,Card,Cancelled
O021633,CUST021634,R021633,12/16/2022,1818,UPI,Delivered
O021634,CUST021635,R021634,10/17/2019,362,Card,Cancelled
O021635,CUST021636,R021635,2/28/2021,316,Card,Delivered
O021636,CUST021637,R021636,1/1/2021,1877,Card,Delivered
O021637,CUST021638,R021637,4/19/2019,732,COD,Delivered
O021638,CUST021639,R021638,7/3/2023,599,Card,Delivered
O021639,CUST021640,R021639,7/15/2020,1881,COD,Delivered
O021640,CUST021641,R021640,1/3/2022,905,Card,Delivered
O021641,CUST021642,R021641,9/2/2025,136,Card,Delivered
O021642,CUST021643,R021642,3/22/2020,581,COD,Delivered
O021643,CUST021644,R021643,12/26/2022,509,COD,Delivered
O021644,CUST021645,R021644,11/24/2019,486,Wallet,Delivered
O021645,CUST021646,R021645,6/10/2024,1454,COD,Delivered
O021646,CUST021647,R021646,12/4/2021,118,COD,Delivered
O021647,CUST021648,R021647,2/5/2023,1626,Wallet,Cancelled
O021648,CUST021649,R021648,8/17/2020,559,Wallet,Delivered
O021649,CUST021650,R021649,6/4/2020,1066,Wallet,Delivered
O021650,CUST021651,R021650,9/10/2025,1822,Wallet,Delivered
O021651,CUST021652,R021651,11/19/2020,1227,Wallet,Cancelled
O021652,CUST021653,R021652,11/6/2019,1496,Card,Delivered
O021653,CUST021654,R021653,12/26/2019,1577,UPI,Delivered
O021654,CUST021655,R021654,3/12/2025,1828,Card,Delivered
O021655,CUST021656,R021655,9/24/2020,197,Wallet,Delivered
O021656,CUST021657,R021656,8/20/2024,1497,COD,Delivered
O021657,CUST021658,R021657,10/19/2023,102,COD,Delivered
O021658,CUST021659,R021658,9/5/2019,225,Card,Delivered
O021659,CUST021660,R021659,2/16/2019,1635,Card,Delivered
O021660,CUST021661,R021660,10/28/2025,1242,Card,Delivered
O021661,CUST021662,R021661,5/3/2022,858,COD,Delivered
O021662,CUST021663,R021662,9/27/2022,726,Wallet,Delivered
O021663,CUST021664,R021663,8/4/2025,593,Wallet,Delivered
O021664,CUST021665,R021664,4/1/2020,843,Wallet,Delivered
O021665,CUST021666,R021665,8/7/2023,1287,COD,Cancelled
O021666,CUST021667,R021666,5/7/2019,1194,Wallet,Cancelled
O021667,CUST021668,R021667,10/7/2025,1488,Card,Delivered
O021668,CUST021669,R021668,10/21/2022,825,Wallet,Delivered
O021669,CUST021670,R021669,10/1/2019,1114,UPI,Delivered
O021670,CUST021671,R021670,10/16/2025,1620,Wallet,Delivered
O021671,CUST021672,R021671,6/14/2024,333,Card,Delivered
O021672,CUST021673,R021672,5/11/2021,1300,COD,Delivered
O021673,CUST021674,R021673,2/22/2022,397,Card,Delivered
O021674,CUST021675,R021674,11/13/2022,380,Wallet,Delivered
O021675,CUST021676,R021675,12/7/2025,770,Card,Delivered
O021676,CUST021677,R021676,6/21/2021,811,Wallet,Delivered
O021677,CUST021678,R021677,5/2/2022,931,Wallet,Delivered
O021678,CUST021679,R021678,12/7/2021,443,Wallet,Delivered
O021679,CUST021680,R021679,12/28/2022,1238,Wallet,Delivered
O021680,CUST021681,R021680,2/7/2023,1532,Wallet,Delivered
O021681,CUST021682,R021681,3/9/2020,1404,Wallet,Delivered
O021682,CUST021683,R021682,2/2/2024,1202,UPI,Delivered
O021683,CUST021684,R021683,6/17/2021,949,Wallet,Delivered
O021684,CUST021685,R021684,10/15/2022,376,COD,Delivered
O021685,CUST021686,R021685,11/19/2021,1519,Wallet,Delivered
O021686,CUST021687,R021686,11/10/2025,1959,UPI,Delivered
O021687,CUST021688,R021687,7/13/2025,1897,Card,Cancelled
O021688,CUST021689,R021688,12/4/2020,1393,UPI,Delivered
O021689,CUST021690,R021689,10/15/2025,427,COD,Delivered
O021690,CUST021691,R021690,6/27/2024,548,UPI,Delivered
O021691,CUST021692,R021691,5/17/2019,594,COD,Delivered
O021692,CUST021693,R021692,8/22/2023,330,Card,Delivered
O021693,CUST021694,R021693,1/2/2025,259,COD,Delivered
O021694,CUST021695,R021694,11/3/2022,1195,Wallet,Delivered
O021695,CUST021696,R021695,3/4/2024,818,Card,Delivered
O021696,CUST021697,R021696,12/26/2021,609,Wallet,Delivered
O021697,CUST021698,R021697,1/2/2019,1894,Wallet,Cancelled
O021698,CUST021699,R021698,7/13/2023,247,COD,Delivered
O021699,CUST021700,R021699,3/7/2025,1575,UPI,Delivered
O021700,CUST021701,R021700,10/8/2020,1557,Wallet,Delivered
O021701,CUST021702,R021701,2/13/2022,1480,Wallet,Delivered
O021702,CUST021703,R021702,6/9/2020,1945,UPI,Delivered
O021703,CUST021704,R021703,5/21/2024,1350,UPI,Delivered
O021704,CUST021705,R021704,1/12/2021,215,COD,Delivered
O021705,CUST021706,R021705,7/20/2024,1891,UPI,Delivered
O021706,CUST021707,R021706,11/14/2025,1777,Card,Cancelled
O021707,CUST021708,R021707,11/26/2022,811,UPI,Delivered
O021708,CUST021709,R021708,4/1/2019,1206,UPI,Delivered
O021709,CUST021710,R021709,3/17/2022,1886,COD,Delivered
O021710,CUST021711,R021710,2/21/2023,425,COD,Delivered
O021711,CUST021712,R021711,3/19/2023,114,Card,Delivered
O021712,CUST021713,R021712,9/26/2022,1125,UPI,Delivered
O021713,CUST021714,R021713,1/27/2025,1945,COD,Delivered
O021714,CUST021715,R021714,3/4/2019,1032,Wallet,Delivered
O021715,CUST021716,R021715,8/28/2022,476,COD,Delivered
O021716,CUST021717,R021716,9/27/2019,726,Wallet,Delivered
O021717,CUST021718,R021717,8/5/2020,1493,Wallet,Delivered
O021718,CUST021719,R021718,2/11/2021,379,COD,Delivered
O021719,CUST021720,R021719,4/5/2020,1197,UPI,Cancelled
O021720,CUST021721,R021720,5/16/2019,1237,Wallet,Cancelled
O021721,CUST021722,R021721,4/7/2023,1488,Wallet,Delivered
O021722,CUST021723,R021722,10/12/2024,1503,Wallet,Delivered
O021723,CUST021724,R021723,2/15/2023,1420,Card,Delivered
O021724,CUST021725,R021724,6/14/2025,1675,Card,Delivered
O021725,CUST021726,R021725,3/28/2024,1753,UPI,Delivered
O021726,CUST021727,R021726,11/11/2019,1562,Card,Delivered
O021727,CUST021728,R021727,3/27/2019,648,Card,Delivered
O021728,CUST021729,R021728,11/23/2024,1993,COD,Delivered
O021729,CUST021730,R021729,8/22/2023,386,COD,Delivered
O021730,CUST021731,R021730,4/27/2022,395,COD,Delivered
O021731,CUST021732,R021731,11/20/2019,487,Card,Delivered
O021732,CUST021733,R021732,12/27/2022,987,COD,Delivered
O021733,CUST021734,R021733,2/26/2021,854,Wallet,Delivered
O021734,CUST021735,R021734,12/1/2025,1149,Wallet,Delivered
O021735,CUST021736,R021735,9/16/2024,231,COD,Delivered
O021736,CUST021737,R021736,7/25/2023,1041,Wallet,Delivered
O021737,CUST021738,R021737,3/10/2022,1291,Wallet,Cancelled
O021738,CUST021739,R021738,3/10/2024,1414,Wallet,Cancelled
O021739,CUST021740,R021739,11/5/2019,1353,UPI,Cancelled
O021740,CUST021741,R021740,11/21/2020,1276,UPI,Delivered
O021741,CUST021742,R021741,6/4/2021,1513,COD,Delivered
O021742,CUST021743,R021742,4/16/2025,431,UPI,Delivered
O021743,CUST021744,R021743,8/9/2020,483,Wallet,Delivered
O021744,CUST021745,R021744,8/23/2024,530,COD,Delivered
O021745,CUST021746,R021745,6/6/2021,142,COD,Delivered
O021746,CUST021747,R021746,4/19/2019,898,Wallet,Delivered
O021747,CUST021748,R021747,3/2/2021,1193,COD,Delivered
O021748,CUST021749,R021748,6/4/2020,318,COD,Delivered
O021749,CUST021750,R021749,8/25/2023,1085,Wallet,Delivered
O021750,CUST021751,R021750,7/11/2020,621,Wallet,Delivered
O021751,CUST021752,R021751,11/10/2020,1949,Wallet,Delivered
O021752,CUST021753,R021752,10/6/2024,1435,COD,Delivered
O021753,CUST021754,R021753,2/11/2019,1363,UPI,Delivered
O021754,CUST021755,R021754,10/4/2025,1558,Card,Delivered
O021755,CUST021756,R021755,11/27/2021,1059,Wallet,Delivered
O021756,CUST021757,R021756,1/10/2025,2000,COD,Delivered
O021757,CUST021758,R021757,2/18/2019,190,Wallet,Cancelled
O021758,CUST021759,R021758,11/16/2021,1660,Card,Delivered
O021759,CUST021760,R021759,4/14/2019,1893,UPI,Delivered
O021760,CUST021761,R021760,11/25/2022,1821,Card,Cancelled
O021761,CUST021762,R021761,10/26/2024,600,COD,Delivered
O021762,CUST021763,R021762,11/20/2025,745,UPI,Delivered
O021763,CUST021764,R021763,5/20/2025,237,COD,Cancelled
O021764,CUST021765,R021764,5/25/2022,1565,Card,Delivered
O021765,CUST021766,R021765,8/8/2021,162,COD,Cancelled
O021766,CUST021767,R021766,5/6/2021,980,Wallet,Delivered
O021767,CUST021768,R021767,5/27/2025,1218,COD,Delivered
O021768,CUST021769,R021768,5/8/2021,855,Wallet,Delivered
O021769,CUST021770,R021769,5/4/2021,1616,Wallet,Delivered
O021770,CUST021771,R021770,10/12/2021,994,COD,Delivered
O021771,CUST021772,R021771,6/11/2021,1811,Card,Delivered
O021772,CUST021773,R021772,12/8/2021,1552,Wallet,Delivered
O021773,CUST021774,R021773,10/9/2019,1437,UPI,Delivered
O021774,CUST021775,R021774,6/21/2019,217,Wallet,Cancelled
O021775,CUST021776,R021775,9/25/2025,1374,Wallet,Delivered
O021776,CUST021777,R021776,8/15/2020,1798,Card,Delivered
O021777,CUST021778,R021777,9/19/2019,231,UPI,Delivered
O021778,CUST021779,R021778,2/17/2021,1252,UPI,Delivered
O021779,CUST021780,R021779,8/22/2024,343,UPI,Delivered
O021780,CUST021781,R021780,5/15/2024,1418,UPI,Cancelled
O021781,CUST021782,R021781,8/24/2022,515,Card,Delivered
O021782,CUST021783,R021782,2/13/2020,1817,COD,Delivered
O021783,CUST021784,R021783,11/15/2023,182,Card,Delivered
O021784,CUST021785,R021784,11/1/2020,994,Card,Delivered
O021785,CUST021786,R021785,8/3/2021,1753,UPI,Delivered
O021786,CUST021787,R021786,5/25/2025,670,Wallet,Delivered
O021787,CUST021788,R021787,10/9/2022,417,Wallet,Delivered
O021788,CUST021789,R021788,7/27/2022,736,COD,Delivered
O021789,CUST021790,R021789,10/4/2019,986,COD,Delivered
O021790,CUST021791,R021790,4/8/2024,903,UPI,Cancelled
O021791,CUST021792,R021791,10/8/2025,1403,Wallet,Delivered
O021792,CUST021793,R021792,4/16/2019,971,Wallet,Delivered
O021793,CUST021794,R021793,11/27/2019,1034,UPI,Delivered
O021794,CUST021795,R021794,4/19/2024,132,Wallet,Delivered
O021795,CUST021796,R021795,4/15/2020,1477,Card,Delivered
O021796,CUST021797,R021796,7/10/2025,1699,UPI,Delivered
O021797,CUST021798,R021797,3/24/2024,1797,Card,Delivered
O021798,CUST021799,R021798,2/12/2021,1370,UPI,Delivered
O021799,CUST021800,R021799,5/20/2025,461,UPI,Delivered
O021800,CUST021801,R021800,10/19/2023,1983,COD,Delivered
O021801,CUST021802,R021801,11/22/2019,844,Card,Delivered
O021802,CUST021803,R021802,11/28/2021,1615,Card,Delivered
O021803,CUST021804,R021803,2/17/2023,520,COD,Delivered
O021804,CUST021805,R021804,1/3/2019,1019,Card,Delivered
O021805,CUST021806,R021805,6/26/2023,631,Wallet,Delivered
O021806,CUST021807,R021806,7/22/2021,826,Wallet,Delivered
O021807,CUST021808,R021807,3/13/2024,760,Wallet,Delivered
O021808,CUST021809,R021808,9/24/2020,570,UPI,Delivered
O021809,CUST021810,R021809,6/5/2022,1359,COD,Delivered
O021810,CUST021811,R021810,8/5/2024,1457,Card,Delivered
O021811,CUST021812,R021811,6/9/2021,1477,UPI,Cancelled
O021812,CUST021813,R021812,1/14/2020,1516,UPI,Delivered
O021813,CUST021814,R021813,9/11/2022,126,COD,Delivered
O021814,CUST021815,R021814,10/23/2024,932,UPI,Delivered
O021815,CUST021816,R021815,5/16/2022,1834,Card,Cancelled
O021816,CUST021817,R021816,6/18/2021,558,COD,Delivered
O021817,CUST021818,R021817,1/4/2019,349,COD,Delivered
O021818,CUST021819,R021818,5/6/2021,676,Wallet,Delivered
O021819,CUST021820,R021819,10/23/2024,914,Card,Delivered
O021820,CUST021821,R021820,10/3/2020,803,Wallet,Delivered
O021821,CUST021822,R021821,4/25/2025,1070,Wallet,Delivered
O021822,CUST021823,R021822,3/8/2020,515,COD,Cancelled
O021823,CUST021824,R021823,11/6/2020,1501,Card,Delivered
O021824,CUST021825,R021824,10/10/2019,1564,Card,Delivered
O021825,CUST021826,R021825,11/1/2025,1132,UPI,Delivered
O021826,CUST021827,R021826,5/6/2024,1121,Wallet,Delivered
O021827,CUST021828,R021827,10/17/2023,1560,UPI,Delivered
O021828,CUST021829,R021828,2/18/2024,1493,Card,Delivered
O021829,CUST021830,R021829,3/15/2024,218,Wallet,Delivered
O021830,CUST021831,R021830,7/13/2020,1867,Card,Delivered
O021831,CUST021832,R021831,2/21/2021,783,UPI,Cancelled
O021832,CUST021833,R021832,6/17/2019,1547,Card,Delivered
O021833,CUST021834,R021833,9/26/2024,463,COD,Delivered
O021834,CUST021835,R021834,12/19/2020,687,Card,Delivered
O021835,CUST021836,R021835,1/17/2025,306,Card,Delivered
O021836,CUST021837,R021836,7/28/2022,1117,COD,Delivered
O021837,CUST021838,R021837,2/5/2025,466,Card,Delivered
O021838,CUST021839,R021838,7/3/2020,793,Wallet,Delivered
O021839,CUST021840,R021839,4/28/2024,737,Card,Delivered
O021840,CUST021841,R021840,8/1/2024,1176,Wallet,Delivered
O021841,CUST021842,R021841,6/13/2021,1601,COD,Delivered
O021842,CUST021843,R021842,6/10/2019,846,COD,Cancelled
O021843,CUST021844,R021843,7/7/2019,1527,Card,Delivered
O021844,CUST021845,R021844,10/15/2023,1777,Wallet,Delivered
O021845,CUST021846,R021845,8/27/2021,1163,COD,Delivered
O021846,CUST021847,R021846,5/21/2019,1350,COD,Delivered
O021847,CUST021848,R021847,7/14/2020,553,Wallet,Delivered
O021848,CUST021849,R021848,9/7/2024,1055,Wallet,Delivered
O021849,CUST021850,R021849,4/3/2022,940,UPI,Delivered
O021850,CUST021851,R021850,2/2/2022,1178,Wallet,Delivered
O021851,CUST021852,R021851,6/16/2024,1996,Wallet,Delivered
O021852,CUST021853,R021852,2/11/2023,603,Wallet,Delivered
O021853,CUST021854,R021853,1/12/2023,161,Card,Delivered
O021854,CUST021855,R021854,8/23/2020,1424,UPI,Delivered
O021855,CUST021856,R021855,9/7/2022,1733,UPI,Delivered
O021856,CUST021857,R021856,4/18/2025,337,UPI,Delivered
O021857,CUST021858,R021857,4/26/2023,1643,COD,Delivered
O021858,CUST021859,R021858,9/19/2020,1875,Card,Delivered
O021859,CUST021860,R021859,11/3/2023,1978,Card,Delivered
O021860,CUST021861,R021860,12/14/2024,168,COD,Delivered
O021861,CUST021862,R021861,8/2/2021,1098,UPI,Cancelled
O021862,CUST021863,R021862,12/26/2024,600,Wallet,Delivered
O021863,CUST021864,R021863,2/24/2022,795,COD,Delivered
O021864,CUST021865,R021864,2/10/2025,902,COD,Delivered
O021865,CUST021866,R021865,4/21/2025,219,COD,Delivered
O021866,CUST021867,R021866,4/7/2025,1723,COD,Delivered
O021867,CUST021868,R021867,6/10/2019,1040,UPI,Delivered
O021868,CUST021869,R021868,12/9/2024,1348,UPI,Delivered
O021869,CUST021870,R021869,6/15/2024,965,Wallet,Delivered
O021870,CUST021871,R021870,9/8/2024,1260,UPI,Delivered
O021871,CUST021872,R021871,4/14/2020,126,Wallet,Delivered
O021872,CUST021873,R021872,5/12/2023,1594,Card,Delivered
O021873,CUST021874,R021873,4/8/2021,1860,Card,Delivered
O021874,CUST021875,R021874,4/24/2023,1727,Wallet,Delivered
O021875,CUST021876,R021875,4/7/2023,1595,COD,Delivered
O021876,CUST021877,R021876,5/19/2023,454,UPI,Delivered
O021877,CUST021878,R021877,3/19/2020,519,COD,Delivered
O021878,CUST021879,R021878,2/28/2022,1737,Card,Delivered
O021879,CUST021880,R021879,4/1/2025,450,Wallet,Delivered
O021880,CUST021881,R021880,7/20/2019,694,UPI,Delivered
O021881,CUST021882,R021881,4/3/2020,1927,COD,Cancelled
O021882,CUST021883,R021882,12/24/2024,1184,Wallet,Delivered
O021883,CUST021884,R021883,6/8/2020,1304,UPI,Delivered
O021884,CUST021885,R021884,8/14/2025,1355,Wallet,Delivered
O021885,CUST021886,R021885,7/14/2021,1682,Card,Cancelled
O021886,CUST021887,R021886,8/9/2019,1905,UPI,Delivered
O021887,CUST021888,R021887,3/14/2024,1772,Card,Delivered
O021888,CUST021889,R021888,3/15/2021,1638,Card,Cancelled
O021889,CUST021890,R021889,10/23/2023,1510,UPI,Delivered
O021890,CUST021891,R021890,3/21/2025,607,Wallet,Delivered
O021891,CUST021892,R021891,10/28/2025,546,UPI,Delivered
O021892,CUST021893,R021892,6/17/2021,493,COD,Delivered
O021893,CUST021894,R021893,7/20/2019,215,Card,Delivered
O021894,CUST021895,R021894,3/4/2025,655,Card,Delivered
O021895,CUST021896,R021895,3/26/2020,844,Wallet,Delivered
O021896,CUST021897,R021896,6/5/2022,925,Card,Delivered
O021897,CUST021898,R021897,10/24/2020,972,Wallet,Delivered
O021898,CUST021899,R021898,8/8/2023,1299,COD,Delivered
O021899,CUST021900,R021899,3/4/2019,676,Wallet,Delivered
O021900,CUST021901,R021900,11/9/2019,1431,UPI,Delivered
O021901,CUST021902,R021901,12/10/2019,1682,Wallet,Delivered
O021902,CUST021903,R021902,4/4/2024,1301,Wallet,Delivered
O021903,CUST021904,R021903,3/15/2025,224,UPI,Delivered
O021904,CUST021905,R021904,1/23/2020,1217,Wallet,Delivered
O021905,CUST021906,R021905,3/14/2025,110,Card,Cancelled
O021906,CUST021907,R021906,3/15/2021,1733,UPI,Delivered
O021907,CUST021908,R021907,5/16/2024,272,Card,Delivered
O021908,CUST021909,R021908,5/27/2022,460,UPI,Delivered
O021909,CUST021910,R021909,5/28/2025,1597,Card,Delivered
O021910,CUST021911,R021910,6/18/2022,589,Wallet,Delivered
O021911,CUST021912,R021911,7/2/2023,883,Card,Delivered
O021912,CUST021913,R021912,9/13/2019,286,Wallet,Delivered
O021913,CUST021914,R021913,10/4/2023,1222,Card,Delivered
O021914,CUST021915,R021914,3/5/2021,453,Card,Delivered
O021915,CUST021916,R021915,4/26/2023,918,COD,Delivered
O021916,CUST021917,R021916,8/2/2020,423,COD,Delivered
O021917,CUST021918,R021917,1/26/2024,406,Wallet,Delivered
O021918,CUST021919,R021918,3/9/2023,1244,Card,Delivered
O021919,CUST021920,R021919,6/3/2025,1977,COD,Delivered
O021920,CUST021921,R021920,5/4/2022,1535,UPI,Delivered
O021921,CUST021922,R021921,1/15/2023,660,Wallet,Delivered
O021922,CUST021923,R021922,3/3/2022,961,Wallet,Delivered
O021923,CUST021924,R021923,4/7/2019,1722,Wallet,Delivered
O021924,CUST021925,R021924,7/18/2021,1083,UPI,Delivered
O021925,CUST021926,R021925,9/4/2020,1376,Card,Delivered
O021926,CUST021927,R021926,9/20/2022,1423,UPI,Delivered
O021927,CUST021928,R021927,9/10/2023,1543,Card,Delivered
O021928,CUST021929,R021928,5/22/2022,155,Wallet,Delivered
O021929,CUST021930,R021929,4/18/2021,1418,Card,Delivered
O021930,CUST021931,R021930,9/21/2019,1924,COD,Delivered
O021931,CUST021932,R021931,3/3/2023,145,Card,Delivered
O021932,CUST021933,R021932,7/13/2025,1593,Card,Delivered
O021933,CUST021934,R021933,9/27/2021,1195,Card,Delivered
O021934,CUST021935,R021934,7/2/2024,768,COD,Delivered
O021935,CUST021936,R021935,2/25/2022,577,COD,Delivered
O021936,CUST021937,R021936,5/4/2021,449,COD,Delivered
O021937,CUST021938,R021937,4/28/2023,743,COD,Delivered
O021938,CUST021939,R021938,11/6/2022,1036,COD,Delivered
O021939,CUST021940,R021939,7/1/2020,1039,Wallet,Delivered
O021940,CUST021941,R021940,5/4/2025,1333,UPI,Cancelled
O021941,CUST021942,R021941,9/16/2019,783,COD,Delivered
O021942,CUST021943,R021942,5/28/2021,1078,Card,Delivered
O021943,CUST021944,R021943,2/17/2019,1540,Wallet,Delivered
O021944,CUST021945,R021944,8/12/2023,247,UPI,Delivered
O021945,CUST021946,R021945,4/9/2022,1209,UPI,Cancelled
O021946,CUST021947,R021946,5/21/2023,1824,Card,Delivered
O021947,CUST021948,R021947,11/12/2023,428,COD,Delivered
O021948,CUST021949,R021948,5/27/2024,193,UPI,Delivered
O021949,CUST021950,R021949,2/13/2021,239,COD,Delivered
O021950,CUST021951,R021950,12/22/2025,788,COD,Delivered
O021951,CUST021952,R021951,6/1/2022,366,COD,Delivered
O021952,CUST021953,R021952,9/22/2025,1126,Wallet,Delivered
O021953,CUST021954,R021953,5/5/2025,1377,Wallet,Delivered
O021954,CUST021955,R021954,3/7/2023,1255,COD,Delivered
O021955,CUST021956,R021955,1/28/2024,1122,UPI,Delivered
O021956,CUST021957,R021956,1/19/2024,738,Wallet,Delivered
O021957,CUST021958,R021957,9/13/2023,335,Card,Delivered
O021958,CUST021959,R021958,1/16/2019,1429,Wallet,Delivered
O021959,CUST021960,R021959,11/9/2024,1868,Card,Delivered
O021960,CUST021961,R021960,4/12/2021,1855,UPI,Delivered
O021961,CUST021962,R021961,12/28/2024,1293,UPI,Delivered
O021962,CUST021963,R021962,6/14/2019,284,COD,Delivered
O021963,CUST021964,R021963,12/26/2021,404,UPI,Delivered
O021964,CUST021965,R021964,8/16/2025,473,COD,Delivered
O021965,CUST021966,R021965,1/17/2023,743,Card,Delivered
O021966,CUST021967,R021966,8/28/2020,149,COD,Delivered
O021967,CUST021968,R021967,3/1/2022,1046,Wallet,Delivered
O021968,CUST021969,R021968,3/2/2019,738,Card,Delivered
O021969,CUST021970,R021969,3/28/2019,529,Wallet,Delivered
O021970,CUST021971,R021970,12/8/2025,1853,Wallet,Cancelled
O021971,CUST021972,R021971,1/11/2019,200,COD,Delivered
O021972,CUST021973,R021972,11/6/2019,1484,UPI,Delivered
O021973,CUST021974,R021973,8/7/2024,1472,Wallet,Delivered
O021974,CUST021975,R021974,10/12/2025,1401,Wallet,Delivered
O021975,CUST021976,R021975,1/9/2019,1845,Wallet,Delivered
O021976,CUST021977,R021976,8/20/2023,1070,Wallet,Delivered
O021977,CUST021978,R021977,12/10/2022,1990,COD,Delivered
O021978,CUST021979,R021978,4/18/2025,1738,UPI,Delivered
O021979,CUST021980,R021979,6/9/2025,1666,Card,Delivered
O021980,CUST021981,R021980,6/24/2024,705,UPI,Delivered
O021981,CUST021982,R021981,7/27/2021,1366,UPI,Delivered
O021982,CUST021983,R021982,11/22/2021,146,COD,Delivered
O021983,CUST021984,R021983,9/23/2024,580,Card,Delivered
O021984,CUST021985,R021984,2/21/2019,306,Card,Delivered
O021985,CUST021986,R021985,10/1/2023,904,Card,Delivered
O021986,CUST021987,R021986,4/1/2019,1861,Card,Delivered
O021987,CUST021988,R021987,8/3/2020,952,Wallet,Delivered
O021988,CUST021989,R021988,1/7/2023,332,COD,Delivered
O021989,CUST021990,R021989,4/26/2020,621,COD,Delivered
O021990,CUST021991,R021990,11/4/2019,1411,Wallet,Delivered
O021991,CUST021992,R021991,2/9/2020,225,Card,Delivered
O021992,CUST021993,R021992,4/3/2022,1047,UPI,Delivered
O021993,CUST021994,R021993,8/15/2023,1094,Wallet,Delivered
O021994,CUST021995,R021994,6/5/2023,1470,Wallet,Delivered
O021995,CUST021996,R021995,9/13/2023,1424,Wallet,Delivered
O021996,CUST021997,R021996,4/13/2021,1334,Card,Delivered
O021997,CUST021998,R021997,9/11/2020,1584,Card,Delivered
O021998,CUST021999,R021998,10/26/2019,1707,UPI,Cancelled
O021999,CUST022000,R021999,6/8/2019,1521,Card,Delivered
O022000,CUST022001,R022000,4/25/2021,568,UPI,Delivered
O022001,CUST022002,R022001,3/21/2020,1849,Card,Delivered
O022002,CUST022003,R022002,11/21/2022,238,Card,Delivered
O022003,CUST022004,R022003,6/27/2019,138,COD,Delivered
O022004,CUST022005,R022004,2/19/2020,375,Card,Delivered
O022005,CUST022006,R022005,8/25/2019,838,Card,Delivered
O022006,CUST022007,R022006,2/24/2023,711,COD,Delivered
O022007,CUST022008,R022007,6/28/2023,1261,Wallet,Delivered
O022008,CUST022009,R022008,6/15/2025,188,COD,Delivered
O022009,CUST022010,R022009,5/23/2023,994,UPI,Delivered
O022010,CUST022011,R022010,10/8/2022,1201,COD,Delivered
O022011,CUST022012,R022011,7/7/2025,1324,Wallet,Delivered
O022012,CUST022013,R022012,7/4/2021,1136,UPI,Cancelled
O022013,CUST022014,R022013,10/20/2023,1239,UPI,Delivered
O022014,CUST022015,R022014,9/3/2020,1434,UPI,Delivered
O022015,CUST022016,R022015,11/15/2022,1755,COD,Delivered
O022016,CUST022017,R022016,11/8/2019,1829,Card,Delivered
O022017,CUST022018,R022017,6/14/2024,1893,Card,Delivered
O022018,CUST022019,R022018,6/27/2021,1511,COD,Delivered
O022019,CUST022020,R022019,12/11/2023,327,Wallet,Delivered
O022020,CUST022021,R022020,2/22/2025,1304,COD,Delivered
O022021,CUST022022,R022021,9/6/2023,233,COD,Delivered
O022022,CUST022023,R022022,5/24/2021,1038,Wallet,Delivered
O022023,CUST022024,R022023,1/10/2025,400,Wallet,Delivered
O022024,CUST022025,R022024,12/8/2022,1864,UPI,Cancelled
O022025,CUST022026,R022025,7/5/2021,1355,COD,Delivered
O022026,CUST022027,R022026,12/8/2020,1284,UPI,Delivered
O022027,CUST022028,R022027,12/4/2023,1522,Wallet,Delivered
O022028,CUST022029,R022028,2/25/2020,953,Wallet,Delivered
O022029,CUST022030,R022029,5/9/2021,1873,COD,Delivered
O022030,CUST022031,R022030,3/17/2022,1938,Wallet,Delivered
O022031,CUST022032,R022031,12/15/2022,1555,Card,Delivered
O022032,CUST022033,R022032,11/12/2021,414,UPI,Cancelled
O022033,CUST022034,R022033,2/23/2025,1932,Card,Delivered
O022034,CUST022035,R022034,5/28/2025,451,Card,Delivered
O022035,CUST022036,R022035,4/18/2021,655,UPI,Delivered
O022036,CUST022037,R022036,7/19/2025,190,COD,Cancelled
O022037,CUST022038,R022037,11/3/2019,1524,Card,Delivered
O022038,CUST022039,R022038,4/2/2020,1984,Card,Cancelled
O022039,CUST022040,R022039,5/5/2020,901,Wallet,Delivered
O022040,CUST022041,R022040,8/26/2025,1132,COD,Delivered
O022041,CUST022042,R022041,11/7/2023,570,COD,Delivered
O022042,CUST022043,R022042,8/4/2023,1534,Wallet,Delivered
O022043,CUST022044,R022043,3/11/2022,839,COD,Delivered
O022044,CUST022045,R022044,8/9/2024,1662,UPI,Delivered
O022045,CUST022046,R022045,10/6/2023,1408,Wallet,Delivered
O022046,CUST022047,R022046,3/4/2025,1593,UPI,Delivered
O022047,CUST022048,R022047,4/22/2025,111,Wallet,Cancelled
O022048,CUST022049,R022048,11/22/2023,1282,Wallet,Delivered
O022049,CUST022050,R022049,11/13/2022,1707,Card,Delivered
O022050,CUST022051,R022050,5/18/2021,252,Card,Delivered
O022051,CUST022052,R022051,9/12/2025,1644,Card,Delivered
O022052,CUST022053,R022052,1/27/2022,691,Card,Cancelled
O022053,CUST022054,R022053,12/21/2022,1761,UPI,Cancelled
O022054,CUST022055,R022054,7/2/2024,425,UPI,Delivered
O022055,CUST022056,R022055,8/26/2022,1735,Card,Delivered
O022056,CUST022057,R022056,8/15/2019,1977,Card,Delivered
O022057,CUST022058,R022057,8/28/2025,850,Card,Delivered
O022058,CUST022059,R022058,4/2/2022,1610,UPI,Delivered
O022059,CUST022060,R022059,11/23/2022,782,COD,Delivered
O022060,CUST022061,R022060,11/11/2024,311,Wallet,Delivered
O022061,CUST022062,R022061,5/26/2024,515,COD,Delivered
O022062,CUST022063,R022062,10/1/2021,896,COD,Delivered
O022063,CUST022064,R022063,8/6/2025,818,Wallet,Delivered
O022064,CUST022065,R022064,8/28/2024,1323,Wallet,Cancelled
O022065,CUST022066,R022065,3/16/2022,935,Wallet,Delivered
O022066,CUST022067,R022066,2/26/2019,994,Wallet,Cancelled
O022067,CUST022068,R022067,11/18/2021,1942,COD,Delivered
O022068,CUST022069,R022068,12/14/2021,1350,Card,Delivered
O022069,CUST022070,R022069,12/9/2023,1594,UPI,Delivered
O022070,CUST022071,R022070,11/23/2020,1523,Card,Delivered
O022071,CUST022072,R022071,2/11/2020,1226,UPI,Delivered
O022072,CUST022073,R022072,7/17/2024,566,UPI,Delivered
O022073,CUST022074,R022073,1/20/2019,1829,COD,Delivered
O022074,CUST022075,R022074,1/20/2019,733,Card,Delivered
O022075,CUST022076,R022075,5/24/2021,1568,Card,Delivered
O022076,CUST022077,R022076,2/15/2025,434,COD,Delivered
O022077,CUST022078,R022077,12/25/2019,939,UPI,Delivered
O022078,CUST022079,R022078,9/25/2022,552,COD,Delivered
O022079,CUST022080,R022079,9/21/2019,610,Wallet,Delivered
O022080,CUST022081,R022080,6/12/2023,712,COD,Delivered
O022081,CUST022082,R022081,1/23/2023,444,UPI,Delivered
O022082,CUST022083,R022082,7/3/2025,1211,Card,Cancelled
O022083,CUST022084,R022083,8/4/2025,1314,UPI,Cancelled
O022084,CUST022085,R022084,5/6/2022,1377,Wallet,Cancelled
O022085,CUST022086,R022085,11/12/2021,1238,Wallet,Cancelled
O022086,CUST022087,R022086,7/7/2020,1446,Card,Delivered
O022087,CUST022088,R022087,1/15/2019,350,UPI,Delivered
O022088,CUST022089,R022088,4/8/2021,1189,Card,Delivered
O022089,CUST022090,R022089,1/10/2022,521,COD,Delivered
O022090,CUST022091,R022090,8/19/2021,270,COD,Delivered
O022091,CUST022092,R022091,10/4/2025,596,COD,Delivered
O022092,CUST022093,R022092,1/22/2024,828,Card,Delivered
O022093,CUST022094,R022093,5/28/2023,756,COD,Delivered
O022094,CUST022095,R022094,1/24/2021,1023,COD,Cancelled
O022095,CUST022096,R022095,8/7/2021,366,Card,Delivered
O022096,CUST022097,R022096,1/5/2023,1357,Card,Delivered
O022097,CUST022098,R022097,10/9/2022,1421,Card,Delivered
O022098,CUST022099,R022098,8/28/2024,1283,UPI,Delivered
O022099,CUST022100,R022099,3/7/2023,1533,Wallet,Delivered
O022100,CUST022101,R022100,5/15/2024,1405,UPI,Delivered
O022101,CUST022102,R022101,10/16/2021,1408,UPI,Delivered
O022102,CUST022103,R022102,5/10/2020,139,Wallet,Delivered
O022103,CUST022104,R022103,9/7/2022,1830,Card,Delivered
O022104,CUST022105,R022104,4/19/2019,741,UPI,Delivered
O022105,CUST022106,R022105,5/16/2020,1456,UPI,Delivered
O022106,CUST022107,R022106,5/25/2025,373,Card,Delivered
O022107,CUST022108,R022107,1/18/2021,640,UPI,Delivered
O022108,CUST022109,R022108,9/17/2021,1926,Card,Delivered
O022109,CUST022110,R022109,12/27/2025,974,COD,Delivered
O022110,CUST022111,R022110,5/3/2024,323,COD,Delivered
O022111,CUST022112,R022111,2/2/2024,899,Wallet,Delivered
O022112,CUST022113,R022112,6/2/2025,626,COD,Delivered
O022113,CUST022114,R022113,2/25/2019,1065,Wallet,Delivered
O022114,CUST022115,R022114,6/10/2023,1452,COD,Delivered
O022115,CUST022116,R022115,10/7/2020,767,COD,Cancelled
O022116,CUST022117,R022116,5/2/2024,1446,UPI,Delivered
O022117,CUST022118,R022117,3/14/2023,1369,Wallet,Delivered
O022118,CUST022119,R022118,11/25/2020,1117,UPI,Delivered
O022119,CUST022120,R022119,5/19/2025,164,Wallet,Delivered
O022120,CUST022121,R022120,8/13/2023,1273,UPI,Delivered
O022121,CUST022122,R022121,7/18/2025,1717,UPI,Delivered
O022122,CUST022123,R022122,3/22/2020,1646,UPI,Delivered
O022123,CUST022124,R022123,3/13/2022,1840,Wallet,Delivered
O022124,CUST022125,R022124,2/27/2019,201,COD,Delivered
O022125,CUST022126,R022125,9/13/2021,448,Wallet,Delivered
O022126,CUST022127,R022126,9/10/2025,1778,Card,Delivered
O022127,CUST022128,R022127,7/21/2020,1319,UPI,Cancelled
O022128,CUST022129,R022128,10/5/2024,1652,UPI,Delivered
O022129,CUST022130,R022129,3/12/2025,257,UPI,Delivered
O022130,CUST022131,R022130,6/24/2022,1559,COD,Delivered
O022131,CUST022132,R022131,5/15/2024,1828,Card,Delivered
O022132,CUST022133,R022132,3/3/2024,1931,UPI,Delivered
O022133,CUST022134,R022133,9/13/2022,1984,COD,Delivered
O022134,CUST022135,R022134,9/1/2024,1019,UPI,Delivered
O022135,CUST022136,R022135,7/25/2023,457,Wallet,Delivered
O022136,CUST022137,R022136,12/24/2021,689,Wallet,Delivered
O022137,CUST022138,R022137,1/9/2020,872,COD,Delivered
O022138,CUST022139,R022138,3/22/2021,1967,COD,Delivered
O022139,CUST022140,R022139,8/5/2025,1568,COD,Delivered
O022140,CUST022141,R022140,1/3/2020,934,UPI,Cancelled
O022141,CUST022142,R022141,10/7/2019,1312,Wallet,Delivered
O022142,CUST022143,R022142,3/9/2020,886,Wallet,Delivered
O022143,CUST022144,R022143,3/5/2020,1175,UPI,Delivered
O022144,CUST022145,R022144,6/12/2019,1935,Wallet,Delivered
O022145,CUST022146,R022145,4/12/2019,1547,UPI,Delivered
O022146,CUST022147,R022146,12/8/2024,1645,Card,Delivered
O022147,CUST022148,R022147,9/23/2024,1648,Wallet,Delivered
O022148,CUST022149,R022148,12/6/2024,1450,COD,Delivered
O022149,CUST022150,R022149,4/18/2025,305,UPI,Delivered
O022150,CUST022151,R022150,2/19/2020,664,COD,Delivered
O022151,CUST022152,R022151,4/24/2021,1627,Card,Delivered
O022152,CUST022153,R022152,4/27/2020,300,Card,Delivered
O022153,CUST022154,R022153,3/17/2023,551,Wallet,Delivered
O022154,CUST022155,R022154,6/1/2021,1101,Card,Delivered
O022155,CUST022156,R022155,8/19/2025,546,COD,Delivered
O022156,CUST022157,R022156,11/28/2022,834,Wallet,Delivered
O022157,CUST022158,R022157,3/6/2024,837,Wallet,Delivered
O022158,CUST022159,R022158,12/6/2021,1592,UPI,Cancelled
O022159,CUST022160,R022159,12/2/2024,1864,Wallet,Cancelled
O022160,CUST022161,R022160,6/11/2020,1735,UPI,Delivered
O022161,CUST022162,R022161,7/14/2024,1494,UPI,Delivered
O022162,CUST022163,R022162,1/21/2023,1362,UPI,Delivered
O022163,CUST022164,R022163,10/20/2023,708,COD,Delivered
O022164,CUST022165,R022164,1/28/2019,260,UPI,Delivered
O022165,CUST022166,R022165,10/15/2025,388,COD,Delivered
O022166,CUST022167,R022166,7/18/2021,1973,Card,Delivered
O022167,CUST022168,R022167,2/2/2024,256,Card,Delivered
O022168,CUST022169,R022168,12/20/2023,758,Wallet,Delivered
O022169,CUST022170,R022169,7/1/2022,878,Card,Delivered
O022170,CUST022171,R022170,12/22/2021,925,Wallet,Delivered
O022171,CUST022172,R022171,12/5/2023,1208,Card,Delivered
O022172,CUST022173,R022172,4/3/2022,590,Wallet,Delivered
O022173,CUST022174,R022173,10/8/2022,1351,UPI,Delivered
O022174,CUST022175,R022174,10/9/2019,1646,COD,Delivered
O022175,CUST022176,R022175,11/3/2021,1022,Wallet,Delivered
O022176,CUST022177,R022176,6/14/2025,324,UPI,Delivered
O022177,CUST022178,R022177,5/22/2023,1063,Wallet,Delivered
O022178,CUST022179,R022178,6/9/2020,1906,Card,Delivered
O022179,CUST022180,R022179,2/13/2021,1633,Card,Delivered
O022180,CUST022181,R022180,12/14/2024,1773,Card,Delivered
O022181,CUST022182,R022181,11/21/2020,375,UPI,Delivered
O022182,CUST022183,R022182,7/26/2024,1507,UPI,Delivered
O022183,CUST022184,R022183,12/16/2021,542,COD,Delivered
O022184,CUST022185,R022184,3/28/2025,1885,Card,Delivered
O022185,CUST022186,R022185,6/12/2024,206,COD,Cancelled
O022186,CUST022187,R022186,6/2/2024,1143,Card,Delivered
O022187,CUST022188,R022187,10/3/2025,374,COD,Delivered
O022188,CUST022189,R022188,2/26/2023,812,Wallet,Delivered
O022189,CUST022190,R022189,10/9/2023,996,Wallet,Delivered
O022190,CUST022191,R022190,11/3/2023,680,Wallet,Delivered
O022191,CUST022192,R022191,4/14/2020,1523,Card,Delivered
O022192,CUST022193,R022192,10/7/2023,360,COD,Delivered
O022193,CUST022194,R022193,11/9/2021,1005,Wallet,Delivered
O022194,CUST022195,R022194,7/16/2022,619,Wallet,Delivered
O022195,CUST022196,R022195,8/1/2019,870,Wallet,Delivered
O022196,CUST022197,R022196,11/5/2019,1631,Wallet,Cancelled
O022197,CUST022198,R022197,10/16/2025,1042,Wallet,Delivered
O022198,CUST022199,R022198,1/1/2023,1340,Card,Delivered
O022199,CUST022200,R022199,9/19/2021,1343,Wallet,Delivered
O022200,CUST022201,R022200,12/9/2023,1457,Card,Delivered
O022201,CUST022202,R022201,4/21/2024,1901,Wallet,Cancelled
O022202,CUST022203,R022202,8/17/2022,185,Card,Delivered
O022203,CUST022204,R022203,9/20/2020,1813,COD,Delivered
O022204,CUST022205,R022204,4/2/2019,1897,UPI,Delivered
O022205,CUST022206,R022205,10/10/2020,1450,Card,Delivered
O022206,CUST022207,R022206,11/25/2020,797,Card,Delivered
O022207,CUST022208,R022207,3/19/2024,663,COD,Delivered
O022208,CUST022209,R022208,4/23/2021,530,COD,Delivered
O022209,CUST022210,R022209,8/1/2023,358,COD,Delivered
O022210,CUST022211,R022210,4/26/2019,659,COD,Delivered
O022211,CUST022212,R022211,3/8/2025,957,COD,Delivered
O022212,CUST022213,R022212,10/28/2021,1002,Wallet,Delivered
O022213,CUST022214,R022213,4/3/2019,1117,UPI,Delivered
O022214,CUST022215,R022214,12/15/2019,629,Wallet,Delivered
O022215,CUST022216,R022215,5/26/2020,1179,UPI,Delivered
O022216,CUST022217,R022216,5/14/2022,1434,Wallet,Delivered
O022217,CUST022218,R022217,1/12/2021,147,UPI,Delivered
O022218,CUST022219,R022218,11/7/2022,1067,UPI,Delivered
O022219,CUST022220,R022219,11/19/2020,1425,UPI,Delivered
O022220,CUST022221,R022220,9/6/2019,279,COD,Delivered
O022221,CUST022222,R022221,3/25/2020,146,UPI,Delivered
O022222,CUST022223,R022222,9/11/2023,1920,Card,Delivered
O022223,CUST022224,R022223,4/20/2025,275,Card,Delivered
O022224,CUST022225,R022224,11/2/2020,1759,Card,Delivered
O022225,CUST022226,R022225,2/23/2025,619,COD,Delivered
O022226,CUST022227,R022226,7/26/2021,909,COD,Delivered
O022227,CUST022228,R022227,2/27/2024,780,Wallet,Delivered
O022228,CUST022229,R022228,1/21/2022,1223,Wallet,Delivered
O022229,CUST022230,R022229,10/17/2022,589,Wallet,Delivered
O022230,CUST022231,R022230,5/12/2019,192,Card,Delivered
O022231,CUST022232,R022231,8/16/2025,1154,COD,Delivered
O022232,CUST022233,R022232,1/7/2023,1507,Card,Delivered
O022233,CUST022234,R022233,9/7/2025,1701,UPI,Delivered
O022234,CUST022235,R022234,7/26/2025,1203,UPI,Delivered
O022235,CUST022236,R022235,5/12/2019,237,Card,Delivered
O022236,CUST022237,R022236,3/21/2023,362,UPI,Delivered
O022237,CUST022238,R022237,4/18/2023,393,Card,Delivered
O022238,CUST022239,R022238,4/16/2022,664,UPI,Delivered
O022239,CUST022240,R022239,3/27/2024,1965,COD,Delivered
O022240,CUST022241,R022240,1/28/2022,824,Wallet,Delivered
O022241,CUST022242,R022241,3/1/2022,883,Card,Delivered
O022242,CUST022243,R022242,4/27/2022,381,COD,Delivered
O022243,CUST022244,R022243,5/7/2019,1709,COD,Delivered
O022244,CUST022245,R022244,4/10/2020,1956,COD,Delivered
O022245,CUST022246,R022245,12/2/2020,1123,UPI,Delivered
O022246,CUST022247,R022246,5/1/2020,1361,UPI,Delivered
O022247,CUST022248,R022247,9/10/2023,1246,Wallet,Delivered
O022248,CUST022249,R022248,1/6/2021,1759,Wallet,Delivered
O022249,CUST022250,R022249,12/18/2020,990,Wallet,Delivered
O022250,CUST022251,R022250,7/13/2025,1955,COD,Cancelled
O022251,CUST022252,R022251,9/16/2022,1658,UPI,Delivered
O022252,CUST022253,R022252,9/8/2024,1580,Card,Delivered
O022253,CUST022254,R022253,10/23/2020,615,UPI,Delivered
O022254,CUST022255,R022254,11/24/2024,1512,UPI,Delivered
O022255,CUST022256,R022255,11/22/2022,1942,COD,Delivered
O022256,CUST022257,R022256,11/21/2020,436,COD,Delivered
O022257,CUST022258,R022257,6/19/2022,163,Card,Delivered
O022258,CUST022259,R022258,12/27/2022,740,Card,Delivered
O022259,CUST022260,R022259,12/24/2020,1990,COD,Delivered
O022260,CUST022261,R022260,12/5/2025,906,Wallet,Delivered
O022261,CUST022262,R022261,11/8/2025,487,COD,Delivered
O022262,CUST022263,R022262,5/27/2020,542,Card,Delivered
O022263,CUST022264,R022263,6/7/2025,1331,Wallet,Delivered
O022264,CUST022265,R022264,11/8/2019,183,COD,Delivered
O022265,CUST022266,R022265,4/2/2023,1000,UPI,Delivered
O022266,CUST022267,R022266,5/14/2024,1004,Wallet,Delivered
O022267,CUST022268,R022267,11/4/2024,1379,Wallet,Delivered
O022268,CUST022269,R022268,5/12/2019,1318,Wallet,Delivered
O022269,CUST022270,R022269,3/13/2024,1757,UPI,Delivered
O022270,CUST022271,R022270,12/10/2019,1441,Card,Cancelled
O022271,CUST022272,R022271,5/25/2024,1303,UPI,Cancelled
O022272,CUST022273,R022272,4/2/2022,1366,UPI,Delivered
O022273,CUST022274,R022273,3/24/2024,457,UPI,Delivered
O022274,CUST022275,R022274,10/14/2021,1808,Card,Delivered
O022275,CUST022276,R022275,3/18/2022,158,Card,Delivered
O022276,CUST022277,R022276,5/28/2022,1959,COD,Delivered
O022277,CUST022278,R022277,12/17/2021,290,UPI,Delivered
O022278,CUST022279,R022278,7/25/2025,617,Card,Delivered
O022279,CUST022280,R022279,9/23/2022,664,Wallet,Delivered
O022280,CUST022281,R022280,7/26/2019,1175,Wallet,Delivered
O022281,CUST022282,R022281,3/14/2023,1946,COD,Delivered
O022282,CUST022283,R022282,9/22/2025,851,UPI,Delivered
O022283,CUST022284,R022283,7/5/2019,1101,COD,Delivered
O022284,CUST022285,R022284,10/6/2024,962,Wallet,Delivered
O022285,CUST022286,R022285,6/26/2021,982,UPI,Delivered
O022286,CUST022287,R022286,10/18/2019,1086,UPI,Delivered
O022287,CUST022288,R022287,8/1/2020,1852,UPI,Delivered
O022288,CUST022289,R022288,6/13/2024,1719,COD,Delivered
O022289,CUST022290,R022289,7/10/2024,1750,Card,Delivered
O022290,CUST022291,R022290,8/11/2023,1808,Card,Delivered
O022291,CUST022292,R022291,12/25/2025,1420,UPI,Cancelled
O022292,CUST022293,R022292,5/18/2024,280,COD,Delivered
O022293,CUST022294,R022293,6/21/2023,835,UPI,Delivered
O022294,CUST022295,R022294,2/26/2023,1563,Card,Delivered
O022295,CUST022296,R022295,8/16/2024,467,Wallet,Delivered
O022296,CUST022297,R022296,8/2/2021,1723,COD,Delivered
O022297,CUST022298,R022297,10/1/2021,1497,Wallet,Delivered
O022298,CUST022299,R022298,9/21/2023,1070,COD,Delivered
O022299,CUST022300,R022299,4/6/2020,1130,UPI,Delivered
O022300,CUST022301,R022300,12/2/2025,1372,Wallet,Delivered
O022301,CUST022302,R022301,8/21/2023,874,COD,Delivered
O022302,CUST022303,R022302,6/11/2022,1838,Card,Cancelled
O022303,CUST022304,R022303,9/15/2019,1896,Wallet,Delivered
O022304,CUST022305,R022304,2/13/2021,1464,Card,Delivered
O022305,CUST022306,R022305,4/11/2024,324,UPI,Delivered
O022306,CUST022307,R022306,10/22/2021,1892,Card,Delivered
O022307,CUST022308,R022307,5/27/2019,241,Card,Cancelled
O022308,CUST022309,R022308,1/17/2022,511,UPI,Delivered
O022309,CUST022310,R022309,6/18/2019,1942,COD,Cancelled
O022310,CUST022311,R022310,2/2/2019,1115,Card,Delivered
O022311,CUST022312,R022311,11/1/2019,1873,Card,Delivered
O022312,CUST022313,R022312,7/1/2022,795,Wallet,Delivered
O022313,CUST022314,R022313,4/24/2022,989,COD,Delivered
O022314,CUST022315,R022314,6/5/2023,491,COD,Delivered
O022315,CUST022316,R022315,6/5/2022,1454,Wallet,Delivered
O022316,CUST022317,R022316,12/10/2021,623,COD,Delivered
O022317,CUST022318,R022317,6/8/2019,1615,UPI,Delivered
O022318,CUST022319,R022318,11/5/2019,1319,Wallet,Delivered
O022319,CUST022320,R022319,8/3/2019,1508,UPI,Delivered
O022320,CUST022321,R022320,1/22/2021,1932,Wallet,Delivered
O022321,CUST022322,R022321,6/19/2019,1183,Wallet,Delivered
O022322,CUST022323,R022322,2/12/2021,1602,Card,Delivered
O022323,CUST022324,R022323,12/16/2025,1743,Card,Delivered
O022324,CUST022325,R022324,5/11/2019,1489,Card,Delivered
O022325,CUST022326,R022325,4/26/2019,411,UPI,Cancelled
O022326,CUST022327,R022326,7/19/2024,1661,Card,Delivered
O022327,CUST022328,R022327,6/27/2023,964,Card,Delivered
O022328,CUST022329,R022328,2/28/2024,176,COD,Cancelled
O022329,CUST022330,R022329,2/19/2023,414,Card,Cancelled
O022330,CUST022331,R022330,2/2/2021,1232,Card,Delivered
O022331,CUST022332,R022331,12/6/2025,1990,COD,Delivered
O022332,CUST022333,R022332,8/28/2021,696,COD,Delivered
O022333,CUST022334,R022333,3/10/2020,231,COD,Delivered
O022334,CUST022335,R022334,8/25/2024,372,Card,Delivered
O022335,CUST022336,R022335,12/1/2025,791,COD,Delivered
O022336,CUST022337,R022336,11/4/2024,974,Wallet,Delivered
O022337,CUST022338,R022337,12/27/2020,1169,Wallet,Delivered
O022338,CUST022339,R022338,4/14/2024,786,Wallet,Delivered
O022339,CUST022340,R022339,9/22/2019,850,Wallet,Delivered
O022340,CUST022341,R022340,1/16/2022,196,Card,Cancelled
O022341,CUST022342,R022341,2/15/2024,1309,Card,Cancelled
O022342,CUST022343,R022342,1/7/2022,1504,UPI,Delivered
O022343,CUST022344,R022343,10/21/2025,1432,Card,Delivered
O022344,CUST022345,R022344,9/9/2022,1184,UPI,Delivered
O022345,CUST022346,R022345,11/17/2022,356,UPI,Delivered
O022346,CUST022347,R022346,9/19/2020,1750,COD,Delivered
O022347,CUST022348,R022347,8/19/2023,654,Card,Delivered
O022348,CUST022349,R022348,8/23/2020,1419,Card,Delivered
O022349,CUST022350,R022349,1/14/2021,1969,COD,Delivered
O022350,CUST022351,R022350,4/22/2022,829,UPI,Delivered
O022351,CUST022352,R022351,1/23/2023,403,COD,Delivered
O022352,CUST022353,R022352,9/19/2021,466,COD,Delivered
O022353,CUST022354,R022353,5/10/2025,824,COD,Delivered
O022354,CUST022355,R022354,3/25/2024,926,UPI,Delivered
O022355,CUST022356,R022355,1/1/2021,1164,Card,Delivered
O022356,CUST022357,R022356,3/2/2025,1222,UPI,Cancelled
O022357,CUST022358,R022357,1/4/2019,1291,Wallet,Delivered
O022358,CUST022359,R022358,7/11/2023,1159,Wallet,Delivered
O022359,CUST022360,R022359,4/14/2020,1410,Card,Delivered
O022360,CUST022361,R022360,4/13/2025,308,COD,Delivered
O022361,CUST022362,R022361,3/7/2022,1035,UPI,Delivered
O022362,CUST022363,R022362,9/9/2023,1586,Card,Delivered
O022363,CUST022364,R022363,8/19/2022,1458,UPI,Delivered
O022364,CUST022365,R022364,10/25/2025,1963,Card,Delivered
O022365,CUST022366,R022365,8/13/2023,256,Card,Delivered
O022366,CUST022367,R022366,10/20/2019,869,COD,Delivered
O022367,CUST022368,R022367,3/19/2024,874,COD,Delivered
O022368,CUST022369,R022368,1/3/2019,318,Card,Delivered
O022369,CUST022370,R022369,11/3/2025,1310,UPI,Delivered
O022370,CUST022371,R022370,10/7/2024,1336,Card,Delivered
O022371,CUST022372,R022371,1/27/2025,1203,Wallet,Delivered
O022372,CUST022373,R022372,6/7/2024,1453,Wallet,Delivered
O022373,CUST022374,R022373,11/15/2025,1364,UPI,Delivered
O022374,CUST022375,R022374,1/15/2020,1123,UPI,Delivered
O022375,CUST022376,R022375,5/9/2019,1630,Wallet,Delivered
O022376,CUST022377,R022376,10/6/2025,1681,UPI,Delivered
O022377,CUST022378,R022377,11/26/2025,597,UPI,Delivered
O022378,CUST022379,R022378,7/15/2021,1357,UPI,Delivered
O022379,CUST022380,R022379,11/23/2022,485,Card,Delivered
O022380,CUST022381,R022380,7/20/2022,490,UPI,Cancelled
O022381,CUST022382,R022381,12/14/2023,1835,Card,Delivered
O022382,CUST022383,R022382,7/26/2020,927,COD,Delivered
O022383,CUST022384,R022383,5/2/2024,107,Card,Delivered
O022384,CUST022385,R022384,10/24/2023,819,Wallet,Delivered
O022385,CUST022386,R022385,10/1/2021,546,COD,Delivered
O022386,CUST022387,R022386,5/24/2025,981,Wallet,Delivered
O022387,CUST022388,R022387,8/10/2020,1405,COD,Delivered
O022388,CUST022389,R022388,8/4/2021,400,COD,Delivered
O022389,CUST022390,R022389,2/28/2022,1297,UPI,Delivered
O022390,CUST022391,R022390,5/12/2019,1226,Wallet,Delivered
O022391,CUST022392,R022391,5/24/2019,973,Wallet,Delivered
O022392,CUST022393,R022392,2/18/2024,139,Wallet,Delivered
O022393,CUST022394,R022393,11/14/2019,1162,UPI,Delivered
O022394,CUST022395,R022394,2/16/2025,1627,UPI,Delivered
O022395,CUST022396,R022395,7/20/2020,1555,Card,Delivered
O022396,CUST022397,R022396,10/11/2024,1798,Card,Delivered
O022397,CUST022398,R022397,4/19/2025,970,UPI,Delivered
O022398,CUST022399,R022398,6/24/2023,1175,Card,Delivered
O022399,CUST022400,R022399,9/21/2025,597,UPI,Cancelled
O022400,CUST022401,R022400,4/4/2022,132,Wallet,Delivered
O022401,CUST022402,R022401,3/16/2023,1112,UPI,Delivered
O022402,CUST022403,R022402,5/23/2024,152,UPI,Delivered
O022403,CUST022404,R022403,11/23/2023,1415,Card,Cancelled
O022404,CUST022405,R022404,1/14/2025,1684,Card,Cancelled
O022405,CUST022406,R022405,1/28/2024,136,UPI,Cancelled
O022406,CUST022407,R022406,6/12/2023,1874,COD,Delivered
O022407,CUST022408,R022407,4/27/2022,909,UPI,Delivered
O022408,CUST022409,R022408,7/23/2019,371,Wallet,Delivered
O022409,CUST022410,R022409,9/22/2025,609,Wallet,Delivered
O022410,CUST022411,R022410,11/4/2024,793,Card,Delivered
O022411,CUST022412,R022411,5/22/2025,1930,COD,Delivered
O022412,CUST022413,R022412,11/3/2024,1352,COD,Delivered
O022413,CUST022414,R022413,5/1/2023,844,UPI,Cancelled
O022414,CUST022415,R022414,11/6/2022,903,Wallet,Delivered
O022415,CUST022416,R022415,11/6/2021,780,Wallet,Delivered
O022416,CUST022417,R022416,12/5/2023,1074,Card,Delivered
O022417,CUST022418,R022417,10/10/2022,1792,COD,Delivered
O022418,CUST022419,R022418,6/10/2024,1654,UPI,Delivered
O022419,CUST022420,R022419,10/9/2023,1491,Card,Delivered
O022420,CUST022421,R022420,11/21/2024,1536,Wallet,Delivered
O022421,CUST022422,R022421,4/5/2021,1932,COD,Delivered
O022422,CUST022423,R022422,5/16/2020,226,UPI,Delivered
O022423,CUST022424,R022423,8/13/2023,584,COD,Delivered
O022424,CUST022425,R022424,6/22/2020,1541,Card,Delivered
O022425,CUST022426,R022425,11/26/2021,253,Card,Delivered
O022426,CUST022427,R022426,8/24/2025,504,Wallet,Delivered
O022427,CUST022428,R022427,11/28/2022,1011,UPI,Delivered
O022428,CUST022429,R022428,9/18/2021,396,COD,Delivered
O022429,CUST022430,R022429,11/27/2025,691,Wallet,Delivered
O022430,CUST022431,R022430,1/5/2024,563,COD,Delivered
O022431,CUST022432,R022431,6/4/2024,1314,Wallet,Delivered
O022432,CUST022433,R022432,6/4/2025,1281,COD,Cancelled
O022433,CUST022434,R022433,1/3/2019,1153,Wallet,Cancelled
O022434,CUST022435,R022434,6/6/2023,1026,UPI,Delivered
O022435,CUST022436,R022435,11/11/2020,898,UPI,Delivered
O022436,CUST022437,R022436,4/7/2024,628,COD,Delivered
O022437,CUST022438,R022437,11/25/2020,175,Wallet,Delivered
O022438,CUST022439,R022438,1/14/2024,298,Card,Delivered
O022439,CUST022440,R022439,2/17/2020,549,Card,Delivered
O022440,CUST022441,R022440,10/1/2020,214,Card,Delivered
O022441,CUST022442,R022441,10/18/2021,615,COD,Delivered
O022442,CUST022443,R022442,3/28/2023,736,Card,Delivered
O022443,CUST022444,R022443,7/21/2025,782,Wallet,Delivered
O022444,CUST022445,R022444,12/13/2022,1358,Card,Delivered
O022445,CUST022446,R022445,7/5/2020,479,Wallet,Delivered
O022446,CUST022447,R022446,10/6/2024,1197,Wallet,Delivered
O022447,CUST022448,R022447,2/7/2019,1497,COD,Delivered
O022448,CUST022449,R022448,6/1/2023,941,Wallet,Delivered
O022449,CUST022450,R022449,11/9/2024,288,Wallet,Cancelled
O022450,CUST022451,R022450,7/20/2021,848,Wallet,Delivered
O022451,CUST022452,R022451,12/8/2024,1816,Card,Delivered
O022452,CUST022453,R022452,10/12/2022,1542,UPI,Delivered
O022453,CUST022454,R022453,12/11/2022,1731,Card,Delivered
O022454,CUST022455,R022454,7/21/2023,275,UPI,Cancelled
O022455,CUST022456,R022455,7/25/2023,1364,UPI,Delivered
O022456,CUST022457,R022456,3/15/2020,392,Wallet,Delivered
O022457,CUST022458,R022457,2/27/2019,1986,UPI,Delivered
O022458,CUST022459,R022458,1/14/2020,1997,COD,Cancelled
O022459,CUST022460,R022459,5/1/2024,857,Card,Delivered
O022460,CUST022461,R022460,10/1/2021,224,Card,Delivered
O022461,CUST022462,R022461,5/23/2025,732,COD,Cancelled
O022462,CUST022463,R022462,7/3/2019,917,Wallet,Delivered
O022463,CUST022464,R022463,12/2/2020,638,Wallet,Delivered
O022464,CUST022465,R022464,6/11/2019,1475,COD,Delivered
O022465,CUST022466,R022465,2/6/2019,269,COD,Delivered
O022466,CUST022467,R022466,1/8/2024,1348,UPI,Delivered
O022467,CUST022468,R022467,7/15/2023,904,Wallet,Delivered
O022468,CUST022469,R022468,8/7/2023,1023,Wallet,Delivered
O022469,CUST022470,R022469,7/10/2024,1953,Wallet,Delivered
O022470,CUST022471,R022470,10/22/2021,1143,Wallet,Delivered
O022471,CUST022472,R022471,12/9/2020,1186,UPI,Delivered
O022472,CUST022473,R022472,5/17/2023,1237,Wallet,Delivered
O022473,CUST022474,R022473,11/5/2020,1357,Card,Cancelled
O022474,CUST022475,R022474,11/19/2024,1822,Wallet,Delivered
O022475,CUST022476,R022475,9/11/2023,105,Card,Delivered
O022476,CUST022477,R022476,11/18/2025,1727,Card,Cancelled
O022477,CUST022478,R022477,2/28/2021,1675,UPI,Cancelled
O022478,CUST022479,R022478,7/10/2023,1403,Card,Cancelled
O022479,CUST022480,R022479,4/24/2020,711,UPI,Delivered
O022480,CUST022481,R022480,4/18/2020,583,COD,Delivered
O022481,CUST022482,R022481,4/23/2024,386,COD,Delivered
O022482,CUST022483,R022482,2/26/2023,253,COD,Delivered
O022483,CUST022484,R022483,11/24/2023,803,Wallet,Delivered
O022484,CUST022485,R022484,11/6/2019,802,COD,Delivered
O022485,CUST022486,R022485,6/26/2025,853,Wallet,Delivered
O022486,CUST022487,R022486,11/2/2022,974,UPI,Cancelled
O022487,CUST022488,R022487,6/14/2024,593,COD,Delivered
O022488,CUST022489,R022488,3/21/2023,1660,UPI,Delivered
O022489,CUST022490,R022489,3/12/2022,1344,Wallet,Cancelled
O022490,CUST022491,R022490,8/9/2021,1958,Wallet,Delivered
O022491,CUST022492,R022491,7/4/2023,1020,UPI,Cancelled
O022492,CUST022493,R022492,7/19/2022,1383,UPI,Cancelled
O022493,CUST022494,R022493,1/5/2022,199,COD,Delivered
O022494,CUST022495,R022494,6/24/2019,1904,Wallet,Delivered
O022495,CUST022496,R022495,4/10/2021,1771,COD,Delivered
O022496,CUST022497,R022496,2/19/2025,419,Card,Delivered
O022497,CUST022498,R022497,10/1/2023,1473,Card,Delivered
O022498,CUST022499,R022498,2/20/2020,470,COD,Delivered
O022499,CUST022500,R022499,11/24/2021,765,Card,Delivered
O022500,CUST022501,R022500,11/23/2024,381,COD,Delivered
O022501,CUST022502,R022501,2/16/2020,753,COD,Cancelled
O022502,CUST022503,R022502,4/9/2024,115,COD,Delivered
O022503,CUST022504,R022503,7/4/2021,1574,Card,Cancelled
O022504,CUST022505,R022504,12/7/2025,641,COD,Delivered
O022505,CUST022506,R022505,9/28/2024,1427,UPI,Delivered
O022506,CUST022507,R022506,4/28/2024,288,UPI,Delivered
O022507,CUST022508,R022507,2/25/2022,1059,UPI,Delivered
O022508,CUST022509,R022508,8/11/2019,1988,COD,Delivered
O022509,CUST022510,R022509,7/20/2019,463,Wallet,Delivered
O022510,CUST022511,R022510,12/17/2019,283,Card,Delivered
O022511,CUST022512,R022511,5/22/2023,558,UPI,Delivered
O022512,CUST022513,R022512,3/25/2019,1820,Card,Delivered
O022513,CUST022514,R022513,4/26/2024,425,Wallet,Delivered
O022514,CUST022515,R022514,12/23/2025,798,Card,Delivered
O022515,CUST022516,R022515,5/25/2019,159,COD,Delivered
O022516,CUST022517,R022516,7/5/2019,1661,COD,Delivered
O022517,CUST022518,R022517,1/8/2024,1871,Card,Cancelled
O022518,CUST022519,R022518,1/1/2022,1044,Wallet,Delivered
O022519,CUST022520,R022519,12/28/2019,1282,Wallet,Delivered
O022520,CUST022521,R022520,3/7/2022,1204,Wallet,Delivered
O022521,CUST022522,R022521,12/5/2023,1648,Wallet,Delivered
O022522,CUST022523,R022522,8/17/2021,1092,COD,Delivered
O022523,CUST022524,R022523,12/11/2019,1800,COD,Cancelled
O022524,CUST022525,R022524,6/16/2025,1186,Wallet,Delivered
O022525,CUST022526,R022525,7/7/2020,1480,Card,Delivered
O022526,CUST022527,R022526,12/21/2019,216,UPI,Cancelled
O022527,CUST022528,R022527,12/18/2025,1426,UPI,Delivered
O022528,CUST022529,R022528,1/20/2020,1850,Card,Delivered
O022529,CUST022530,R022529,11/27/2023,389,COD,Delivered
O022530,CUST022531,R022530,1/18/2025,122,Card,Delivered
O022531,CUST022532,R022531,5/25/2022,660,Card,Delivered
O022532,CUST022533,R022532,8/23/2021,1909,Card,Cancelled
O022533,CUST022534,R022533,11/4/2019,821,Wallet,Delivered
O022534,CUST022535,R022534,9/7/2025,376,Wallet,Delivered
O022535,CUST022536,R022535,1/27/2020,752,COD,Delivered
O022536,CUST022537,R022536,8/6/2021,1421,Wallet,Delivered
O022537,CUST022538,R022537,10/10/2021,279,Wallet,Delivered
O022538,CUST022539,R022538,3/1/2022,1097,UPI,Delivered
O022539,CUST022540,R022539,7/16/2019,888,Wallet,Delivered
O022540,CUST022541,R022540,10/2/2025,1273,Wallet,Delivered
O022541,CUST022542,R022541,8/10/2021,1227,Wallet,Delivered
O022542,CUST022543,R022542,3/10/2020,1667,UPI,Delivered
O022543,CUST022544,R022543,11/9/2020,1400,Card,Cancelled
O022544,CUST022545,R022544,4/27/2022,1092,Wallet,Delivered
O022545,CUST022546,R022545,8/28/2019,1286,UPI,Delivered
O022546,CUST022547,R022546,6/23/2023,372,UPI,Delivered
O022547,CUST022548,R022547,5/13/2025,1654,Card,Cancelled
O022548,CUST022549,R022548,7/18/2024,302,UPI,Delivered
O022549,CUST022550,R022549,5/25/2020,1854,COD,Delivered
O022550,CUST022551,R022550,2/16/2024,148,UPI,Delivered
O022551,CUST022552,R022551,6/22/2024,474,Card,Delivered
O022552,CUST022553,R022552,11/21/2021,259,COD,Delivered
O022553,CUST022554,R022553,8/21/2024,890,Wallet,Delivered
O022554,CUST022555,R022554,5/13/2023,1900,COD,Delivered
O022555,CUST022556,R022555,1/20/2025,760,Wallet,Delivered
O022556,CUST022557,R022556,7/3/2021,1015,COD,Cancelled
O022557,CUST022558,R022557,1/8/2022,882,Wallet,Delivered
O022558,CUST022559,R022558,11/23/2020,947,Wallet,Delivered
O022559,CUST022560,R022559,5/17/2023,1044,Wallet,Delivered
O022560,CUST022561,R022560,11/28/2019,1761,Card,Delivered
O022561,CUST022562,R022561,11/12/2020,1820,COD,Delivered
O022562,CUST022563,R022562,3/9/2020,1471,Card,Delivered
O022563,CUST022564,R022563,9/11/2024,1708,UPI,Delivered
O022564,CUST022565,R022564,8/24/2019,1276,UPI,Delivered
O022565,CUST022566,R022565,3/16/2025,1776,COD,Delivered
O022566,CUST022567,R022566,4/15/2019,681,UPI,Delivered
O022567,CUST022568,R022567,3/22/2021,1516,Card,Delivered
O022568,CUST022569,R022568,4/15/2020,425,Card,Delivered
O022569,CUST022570,R022569,4/28/2025,1644,Card,Delivered
O022570,CUST022571,R022570,9/3/2024,991,COD,Delivered
O022571,CUST022572,R022571,4/20/2020,563,Card,Delivered
O022572,CUST022573,R022572,6/27/2023,660,Wallet,Delivered
O022573,CUST022574,R022573,3/23/2025,1421,Wallet,Delivered
O022574,CUST022575,R022574,1/14/2022,975,COD,Delivered
O022575,CUST022576,R022575,3/3/2020,1689,Card,Delivered
O022576,CUST022577,R022576,1/11/2022,1752,Wallet,Delivered
O022577,CUST022578,R022577,1/12/2024,1364,UPI,Delivered
O022578,CUST022579,R022578,5/9/2023,1865,UPI,Delivered
O022579,CUST022580,R022579,12/16/2022,1737,Card,Delivered
O022580,CUST022581,R022580,12/25/2019,1987,Card,Delivered
O022581,CUST022582,R022581,4/15/2019,469,UPI,Delivered
O022582,CUST022583,R022582,1/16/2022,1732,COD,Delivered
O022583,CUST022584,R022583,5/3/2020,1035,Card,Delivered
O022584,CUST022585,R022584,1/27/2025,1787,Card,Delivered
O022585,CUST022586,R022585,6/27/2023,704,Wallet,Delivered
O022586,CUST022587,R022586,8/23/2023,943,Wallet,Delivered
O022587,CUST022588,R022587,2/2/2024,635,Card,Delivered
O022588,CUST022589,R022588,7/4/2025,1305,Wallet,Delivered
O022589,CUST022590,R022589,4/8/2024,479,COD,Delivered
O022590,CUST022591,R022590,9/6/2019,1472,UPI,Delivered
O022591,CUST022592,R022591,12/4/2022,592,Wallet,Delivered
O022592,CUST022593,R022592,5/25/2022,1396,UPI,Delivered
O022593,CUST022594,R022593,4/19/2023,1778,COD,Delivered
O022594,CUST022595,R022594,6/17/2022,1098,Wallet,Delivered
O022595,CUST022596,R022595,1/10/2022,1523,Card,Delivered
O022596,CUST022597,R022596,8/26/2022,1706,Card,Delivered
O022597,CUST022598,R022597,3/9/2020,1447,UPI,Delivered
O022598,CUST022599,R022598,7/24/2025,321,UPI,Delivered
O022599,CUST022600,R022599,7/18/2023,1571,Card,Delivered
O022600,CUST022601,R022600,2/27/2019,748,Card,Delivered
O022601,CUST022602,R022601,7/27/2022,1977,COD,Cancelled
O022602,CUST022603,R022602,10/18/2024,271,Card,Cancelled
O022603,CUST022604,R022603,9/1/2019,1088,Card,Delivered
O022604,CUST022605,R022604,3/5/2025,1585,COD,Cancelled
O022605,CUST022606,R022605,10/20/2020,1013,Wallet,Delivered
O022606,CUST022607,R022606,7/14/2025,549,Wallet,Delivered
O022607,CUST022608,R022607,8/1/2020,714,Card,Delivered
O022608,CUST022609,R022608,9/5/2023,1138,Card,Delivered
O022609,CUST022610,R022609,10/13/2025,895,Wallet,Delivered
O022610,CUST022611,R022610,6/4/2022,1128,Wallet,Delivered
O022611,CUST022612,R022611,10/12/2022,565,COD,Delivered
O022612,CUST022613,R022612,5/21/2020,759,Wallet,Delivered
O022613,CUST022614,R022613,10/15/2019,111,Card,Cancelled
O022614,CUST022615,R022614,4/2/2019,1166,UPI,Delivered
O022615,CUST022616,R022615,9/6/2021,1404,Wallet,Delivered
O022616,CUST022617,R022616,1/19/2025,1326,UPI,Cancelled
O022617,CUST022618,R022617,8/8/2024,774,UPI,Delivered
O022618,CUST022619,R022618,2/11/2019,202,Wallet,Delivered
O022619,CUST022620,R022619,8/17/2020,1639,Card,Delivered
O022620,CUST022621,R022620,3/17/2019,373,Card,Delivered
O022621,CUST022622,R022621,11/21/2022,1339,Card,Delivered
O022622,CUST022623,R022622,8/16/2022,1890,COD,Delivered
O022623,CUST022624,R022623,9/20/2019,744,UPI,Delivered
O022624,CUST022625,R022624,11/22/2022,355,COD,Delivered
O022625,CUST022626,R022625,4/16/2024,419,Wallet,Delivered
O022626,CUST022627,R022626,6/9/2021,740,COD,Delivered
O022627,CUST022628,R022627,8/24/2025,782,Wallet,Delivered
O022628,CUST022629,R022628,4/1/2023,1020,Card,Delivered
O022629,CUST022630,R022629,10/1/2020,943,Wallet,Cancelled
O022630,CUST022631,R022630,4/2/2025,926,Wallet,Delivered
O022631,CUST022632,R022631,2/5/2019,1005,Wallet,Delivered
O022632,CUST022633,R022632,4/12/2022,1260,Card,Cancelled
O022633,CUST022634,R022633,7/12/2022,164,COD,Delivered
O022634,CUST022635,R022634,12/3/2023,1000,UPI,Cancelled
O022635,CUST022636,R022635,7/10/2022,1506,UPI,Delivered
O022636,CUST022637,R022636,10/16/2021,1372,UPI,Delivered
O022637,CUST022638,R022637,2/23/2020,1873,Card,Delivered
O022638,CUST022639,R022638,4/13/2019,1937,UPI,Delivered
O022639,CUST022640,R022639,11/19/2019,400,Card,Delivered
O022640,CUST022641,R022640,4/18/2020,366,Card,Delivered
O022641,CUST022642,R022641,9/23/2019,1648,UPI,Delivered
O022642,CUST022643,R022642,6/24/2022,734,Wallet,Delivered
O022643,CUST022644,R022643,11/25/2025,542,Card,Delivered
O022644,CUST022645,R022644,2/15/2019,1092,Wallet,Delivered
O022645,CUST022646,R022645,2/5/2022,1304,Wallet,Delivered
O022646,CUST022647,R022646,11/12/2020,1221,Wallet,Delivered
O022647,CUST022648,R022647,7/13/2019,1044,UPI,Delivered
O022648,CUST022649,R022648,7/12/2020,1588,Wallet,Delivered
O022649,CUST022650,R022649,8/4/2019,1459,UPI,Delivered
O022650,CUST022651,R022650,6/24/2025,508,Wallet,Delivered
O022651,CUST022652,R022651,12/13/2022,1266,UPI,Delivered
O022652,CUST022653,R022652,3/20/2024,443,Card,Delivered
O022653,CUST022654,R022653,6/19/2025,454,Card,Delivered
O022654,CUST022655,R022654,3/13/2023,1693,UPI,Delivered
O022655,CUST022656,R022655,2/24/2025,778,Card,Delivered
O022656,CUST022657,R022656,8/1/2023,1598,Card,Delivered
O022657,CUST022658,R022657,9/23/2019,708,COD,Delivered
O022658,CUST022659,R022658,6/28/2023,1977,COD,Delivered
O022659,CUST022660,R022659,9/22/2025,837,Wallet,Cancelled
O022660,CUST022661,R022660,3/8/2021,1517,Card,Delivered
O022661,CUST022662,R022661,11/6/2024,315,COD,Delivered
O022662,CUST022663,R022662,11/27/2021,1251,UPI,Delivered
O022663,CUST022664,R022663,1/19/2025,1179,Wallet,Delivered
O022664,CUST022665,R022664,6/22/2022,887,UPI,Delivered
O022665,CUST022666,R022665,12/17/2021,1960,COD,Delivered
O022666,CUST022667,R022666,2/14/2020,1083,UPI,Delivered
O022667,CUST022668,R022667,4/15/2023,1353,UPI,Delivered
O022668,CUST022669,R022668,10/19/2019,1449,UPI,Delivered
O022669,CUST022670,R022669,3/10/2020,1388,UPI,Delivered
O022670,CUST022671,R022670,5/17/2021,816,UPI,Delivered
O022671,CUST022672,R022671,5/22/2023,1070,Card,Delivered
O022672,CUST022673,R022672,12/17/2020,496,COD,Delivered
O022673,CUST022674,R022673,7/2/2024,244,Card,Delivered
O022674,CUST022675,R022674,9/18/2024,1833,Card,Delivered
O022675,CUST022676,R022675,11/21/2021,867,Card,Delivered
O022676,CUST022677,R022676,7/5/2019,795,Wallet,Delivered
O022677,CUST022678,R022677,10/24/2025,547,Card,Cancelled
O022678,CUST022679,R022678,7/11/2023,1958,UPI,Delivered
O022679,CUST022680,R022679,12/23/2025,1794,COD,Delivered
O022680,CUST022681,R022680,7/26/2022,823,Wallet,Delivered
O022681,CUST022682,R022681,1/17/2025,260,COD,Delivered
O022682,CUST022683,R022682,12/21/2019,243,COD,Delivered
O022683,CUST022684,R022683,4/2/2025,639,Card,Delivered
O022684,CUST022685,R022684,5/19/2020,1781,COD,Delivered
O022685,CUST022686,R022685,10/2/2020,1208,COD,Delivered
O022686,CUST022687,R022686,2/28/2022,1000,UPI,Delivered
O022687,CUST022688,R022687,9/7/2021,687,Wallet,Delivered
O022688,CUST022689,R022688,1/4/2019,689,Wallet,Delivered
O022689,CUST022690,R022689,3/3/2019,984,UPI,Delivered
O022690,CUST022691,R022690,1/6/2024,1751,Wallet,Delivered
O022691,CUST022692,R022691,6/9/2025,1618,Wallet,Cancelled
O022692,CUST022693,R022692,7/8/2024,1410,Card,Delivered
O022693,CUST022694,R022693,11/20/2025,1451,Wallet,Delivered
O022694,CUST022695,R022694,7/3/2020,1778,Card,Delivered
O022695,CUST022696,R022695,12/15/2019,1761,UPI,Delivered
O022696,CUST022697,R022696,4/12/2025,304,Card,Delivered
O022697,CUST022698,R022697,4/21/2024,1397,Card,Delivered
O022698,CUST022699,R022698,6/24/2021,110,Card,Delivered
O022699,CUST022700,R022699,2/22/2021,616,Wallet,Delivered
O022700,CUST022701,R022700,12/2/2023,905,UPI,Delivered
O022701,CUST022702,R022701,3/14/2023,349,COD,Delivered
O022702,CUST022703,R022702,11/25/2020,601,COD,Delivered
O022703,CUST022704,R022703,5/3/2024,478,COD,Delivered
O022704,CUST022705,R022704,2/3/2020,1234,Wallet,Delivered
O022705,CUST022706,R022705,6/3/2021,1070,COD,Delivered
O022706,CUST022707,R022706,4/1/2019,1112,Wallet,Delivered
O022707,CUST022708,R022707,1/5/2020,871,COD,Delivered
O022708,CUST022709,R022708,8/10/2021,487,Wallet,Delivered
O022709,CUST022710,R022709,8/7/2022,1996,Card,Delivered
O022710,CUST022711,R022710,7/16/2019,1549,COD,Delivered
O022711,CUST022712,R022711,3/5/2020,1628,Card,Delivered
O022712,CUST022713,R022712,8/9/2023,226,Card,Delivered
O022713,CUST022714,R022713,4/25/2020,1961,UPI,Delivered
O022714,CUST022715,R022714,4/11/2025,394,COD,Delivered
O022715,CUST022716,R022715,2/26/2023,689,Card,Delivered
O022716,CUST022717,R022716,7/19/2020,696,Wallet,Delivered
O022717,CUST022718,R022717,10/7/2022,1278,Card,Delivered
O022718,CUST022719,R022718,10/4/2019,400,COD,Delivered
O022719,CUST022720,R022719,7/3/2022,1156,Wallet,Delivered
O022720,CUST022721,R022720,5/6/2025,1450,Wallet,Cancelled
O022721,CUST022722,R022721,10/28/2019,531,Wallet,Delivered
O022722,CUST022723,R022722,1/7/2020,139,Wallet,Cancelled
O022723,CUST022724,R022723,7/19/2022,704,COD,Delivered
O022724,CUST022725,R022724,3/7/2025,1715,UPI,Delivered
O022725,CUST022726,R022725,8/10/2023,1326,UPI,Delivered
O022726,CUST022727,R022726,6/12/2023,1578,Card,Delivered
O022727,CUST022728,R022727,6/18/2021,185,Wallet,Delivered
O022728,CUST022729,R022728,10/21/2025,1322,UPI,Delivered
O022729,CUST022730,R022729,6/14/2024,356,COD,Cancelled
O022730,CUST022731,R022730,4/21/2024,1907,UPI,Delivered
O022731,CUST022732,R022731,8/13/2024,1918,COD,Delivered
O022732,CUST022733,R022732,8/28/2024,772,UPI,Delivered
O022733,CUST022734,R022733,9/1/2024,177,Card,Delivered
O022734,CUST022735,R022734,1/23/2021,192,COD,Cancelled
O022735,CUST022736,R022735,12/2/2020,768,COD,Delivered
O022736,CUST022737,R022736,1/28/2022,494,COD,Delivered
O022737,CUST022738,R022737,1/8/2022,1331,COD,Delivered
O022738,CUST022739,R022738,11/5/2025,420,Wallet,Delivered
O022739,CUST022740,R022739,11/9/2023,1238,UPI,Delivered
O022740,CUST022741,R022740,2/13/2023,812,Wallet,Delivered
O022741,CUST022742,R022741,4/4/2020,938,Wallet,Delivered
O022742,CUST022743,R022742,2/8/2019,1874,UPI,Delivered
O022743,CUST022744,R022743,11/16/2024,157,Wallet,Delivered
O022744,CUST022745,R022744,3/7/2019,1571,Card,Delivered
O022745,CUST022746,R022745,12/22/2020,1574,UPI,Delivered
O022746,CUST022747,R022746,3/10/2024,1695,UPI,Delivered
O022747,CUST022748,R022747,7/24/2021,1884,Wallet,Delivered
O022748,CUST022749,R022748,1/11/2020,1900,Card,Delivered
O022749,CUST022750,R022749,4/16/2022,1584,Card,Cancelled
O022750,CUST022751,R022750,5/27/2020,1532,UPI,Delivered
O022751,CUST022752,R022751,1/8/2020,1510,Card,Delivered
O022752,CUST022753,R022752,6/26/2022,426,UPI,Delivered
O022753,CUST022754,R022753,2/16/2022,472,Card,Delivered
O022754,CUST022755,R022754,4/20/2019,302,Card,Delivered
O022755,CUST022756,R022755,6/24/2023,174,COD,Delivered
O022756,CUST022757,R022756,9/19/2021,723,Wallet,Delivered
O022757,CUST022758,R022757,11/2/2019,760,COD,Delivered
O022758,CUST022759,R022758,9/25/2024,807,COD,Delivered
O022759,CUST022760,R022759,11/28/2021,884,Wallet,Cancelled
O022760,CUST022761,R022760,7/12/2020,188,COD,Delivered
O022761,CUST022762,R022761,7/20/2021,1517,UPI,Delivered
O022762,CUST022763,R022762,7/11/2023,1244,Wallet,Cancelled
O022763,CUST022764,R022763,3/8/2019,1814,Wallet,Delivered
O022764,CUST022765,R022764,9/2/2022,1125,UPI,Cancelled
O022765,CUST022766,R022765,3/20/2020,1228,UPI,Delivered
O022766,CUST022767,R022766,10/11/2024,1990,COD,Delivered
O022767,CUST022768,R022767,5/23/2019,1863,Wallet,Delivered
O022768,CUST022769,R022768,4/8/2023,1690,Card,Delivered
O022769,CUST022770,R022769,1/14/2025,339,Card,Delivered
O022770,CUST022771,R022770,12/27/2021,1389,Card,Delivered
O022771,CUST022772,R022771,4/20/2024,423,COD,Delivered
O022772,CUST022773,R022772,2/23/2023,543,Card,Delivered
O022773,CUST022774,R022773,9/22/2022,296,Card,Delivered
O022774,CUST022775,R022774,3/14/2023,610,Card,Cancelled
O022775,CUST022776,R022775,6/6/2023,1873,COD,Delivered
O022776,CUST022777,R022776,6/3/2020,1468,UPI,Delivered
O022777,CUST022778,R022777,11/6/2019,785,Card,Delivered
O022778,CUST022779,R022778,8/1/2021,845,Wallet,Delivered
O022779,CUST022780,R022779,8/25/2024,1606,Wallet,Delivered
O022780,CUST022781,R022780,1/17/2021,589,COD,Delivered
O022781,CUST022782,R022781,10/3/2025,1350,COD,Delivered
O022782,CUST022783,R022782,8/8/2019,384,Wallet,Delivered
O022783,CUST022784,R022783,10/9/2020,198,Card,Delivered
O022784,CUST022785,R022784,8/21/2022,467,UPI,Delivered
O022785,CUST022786,R022785,3/24/2022,1773,Card,Delivered
O022786,CUST022787,R022786,8/23/2020,384,Wallet,Delivered
O022787,CUST022788,R022787,5/22/2019,655,Card,Delivered
O022788,CUST022789,R022788,1/24/2020,1916,COD,Delivered
O022789,CUST022790,R022789,6/4/2020,1512,Wallet,Delivered
O022790,CUST022791,R022790,11/7/2024,1842,Card,Delivered
O022791,CUST022792,R022791,12/3/2023,933,Wallet,Delivered
O022792,CUST022793,R022792,12/26/2022,1132,Wallet,Delivered
O022793,CUST022794,R022793,11/5/2019,1061,Wallet,Delivered
O022794,CUST022795,R022794,2/4/2023,1569,Wallet,Delivered
O022795,CUST022796,R022795,12/9/2022,1056,COD,Delivered
O022796,CUST022797,R022796,2/9/2024,1758,Card,Delivered
O022797,CUST022798,R022797,9/13/2020,1095,Wallet,Delivered
O022798,CUST022799,R022798,8/5/2023,1390,UPI,Delivered
O022799,CUST022800,R022799,1/20/2020,1902,UPI,Cancelled
O022800,CUST022801,R022800,8/17/2021,1326,UPI,Delivered
O022801,CUST022802,R022801,5/18/2023,1707,Card,Delivered
O022802,CUST022803,R022802,2/26/2022,240,COD,Cancelled
O022803,CUST022804,R022803,8/17/2022,223,Card,Cancelled
O022804,CUST022805,R022804,7/25/2025,549,Card,Delivered
O022805,CUST022806,R022805,12/21/2025,1804,COD,Delivered
O022806,CUST022807,R022806,12/1/2021,678,Wallet,Delivered
O022807,CUST022808,R022807,8/5/2023,297,COD,Delivered
O022808,CUST022809,R022808,10/21/2023,666,COD,Delivered
O022809,CUST022810,R022809,1/4/2021,1374,Wallet,Delivered
O022810,CUST022811,R022810,12/8/2022,756,COD,Delivered
O022811,CUST022812,R022811,8/28/2022,1007,Wallet,Delivered
O022812,CUST022813,R022812,8/14/2022,803,Wallet,Delivered
O022813,CUST022814,R022813,5/26/2021,1433,Wallet,Delivered
O022814,CUST022815,R022814,8/13/2025,1368,COD,Delivered
O022815,CUST022816,R022815,12/13/2022,1801,Card,Delivered
O022816,CUST022817,R022816,4/11/2024,1740,UPI,Delivered
O022817,CUST022818,R022817,10/1/2022,937,Wallet,Delivered
O022818,CUST022819,R022818,5/2/2019,1181,UPI,Delivered
O022819,CUST022820,R022819,5/21/2023,1999,UPI,Delivered
O022820,CUST022821,R022820,12/11/2025,1574,Card,Cancelled
O022821,CUST022822,R022821,12/12/2022,217,UPI,Cancelled
O022822,CUST022823,R022822,7/23/2025,1764,COD,Cancelled
O022823,CUST022824,R022823,8/14/2022,101,Card,Delivered
O022824,CUST022825,R022824,9/19/2019,432,UPI,Delivered
O022825,CUST022826,R022825,9/20/2019,179,COD,Delivered
O022826,CUST022827,R022826,4/20/2025,811,COD,Delivered
O022827,CUST022828,R022827,12/11/2020,1756,Card,Delivered
O022828,CUST022829,R022828,11/19/2024,1177,UPI,Delivered
O022829,CUST022830,R022829,7/2/2025,1160,COD,Cancelled
O022830,CUST022831,R022830,2/7/2025,729,Wallet,Delivered
O022831,CUST022832,R022831,3/21/2021,798,Wallet,Delivered
O022832,CUST022833,R022832,1/15/2025,900,Wallet,Delivered
O022833,CUST022834,R022833,11/6/2022,1406,UPI,Delivered
O022834,CUST022835,R022834,8/6/2023,1779,COD,Delivered
O022835,CUST022836,R022835,9/7/2024,1380,Card,Delivered
O022836,CUST022837,R022836,4/9/2024,1617,UPI,Delivered
O022837,CUST022838,R022837,11/22/2023,1060,Wallet,Delivered
O022838,CUST022839,R022838,12/15/2021,1741,Card,Delivered
O022839,CUST022840,R022839,4/14/2025,601,UPI,Delivered
O022840,CUST022841,R022840,6/21/2021,1366,Card,Delivered
O022841,CUST022842,R022841,3/14/2021,271,Card,Delivered
O022842,CUST022843,R022842,3/25/2019,1789,Card,Delivered
O022843,CUST022844,R022843,9/2/2025,880,COD,Delivered
O022844,CUST022845,R022844,4/18/2023,413,UPI,Delivered
O022845,CUST022846,R022845,9/25/2025,516,COD,Delivered
O022846,CUST022847,R022846,5/21/2024,1023,COD,Delivered
O022847,CUST022848,R022847,9/8/2023,506,Card,Delivered
O022848,CUST022849,R022848,5/1/2025,1039,UPI,Delivered
O022849,CUST022850,R022849,8/3/2021,1234,Card,Delivered
O022850,CUST022851,R022850,5/4/2023,851,UPI,Delivered
O022851,CUST022852,R022851,11/9/2021,1357,UPI,Delivered
O022852,CUST022853,R022852,7/9/2020,1700,UPI,Delivered
O022853,CUST022854,R022853,11/24/2021,1945,Card,Delivered
O022854,CUST022855,R022854,7/14/2019,315,UPI,Delivered
O022855,CUST022856,R022855,1/15/2021,1833,Card,Delivered
O022856,CUST022857,R022856,1/3/2023,929,UPI,Delivered
O022857,CUST022858,R022857,6/27/2023,1513,Card,Delivered
O022858,CUST022859,R022858,1/25/2023,561,Wallet,Delivered
O022859,CUST022860,R022859,1/21/2020,544,Wallet,Delivered
O022860,CUST022861,R022860,11/24/2020,549,Card,Delivered
O022861,CUST022862,R022861,6/2/2020,1258,COD,Delivered
O022862,CUST022863,R022862,7/4/2019,433,COD,Cancelled
O022863,CUST022864,R022863,1/4/2019,1387,Wallet,Delivered
O022864,CUST022865,R022864,2/2/2025,512,Wallet,Delivered
O022865,CUST022866,R022865,5/25/2025,1317,Wallet,Delivered
O022866,CUST022867,R022866,2/19/2022,1562,COD,Delivered
O022867,CUST022868,R022867,1/16/2019,987,Wallet,Delivered
O022868,CUST022869,R022868,9/9/2023,1623,UPI,Delivered
O022869,CUST022870,R022869,5/25/2019,1557,UPI,Delivered
O022870,CUST022871,R022870,11/8/2023,1304,UPI,Delivered
O022871,CUST022872,R022871,8/20/2023,221,UPI,Cancelled
O022872,CUST022873,R022872,9/16/2021,1209,COD,Delivered
O022873,CUST022874,R022873,8/21/2024,593,UPI,Delivered
O022874,CUST022875,R022874,2/25/2022,1887,COD,Delivered
O022875,CUST022876,R022875,9/16/2024,1950,Card,Delivered
O022876,CUST022877,R022876,4/27/2021,1046,Card,Delivered
O022877,CUST022878,R022877,10/7/2023,1506,COD,Cancelled
O022878,CUST022879,R022878,1/19/2020,934,Wallet,Delivered
O022879,CUST022880,R022879,2/13/2022,464,COD,Delivered
O022880,CUST022881,R022880,2/26/2019,603,Wallet,Delivered
O022881,CUST022882,R022881,8/4/2019,1283,COD,Delivered
O022882,CUST022883,R022882,11/12/2021,1174,UPI,Delivered
O022883,CUST022884,R022883,11/2/2023,1412,Wallet,Delivered
O022884,CUST022885,R022884,9/17/2025,849,Wallet,Delivered
O022885,CUST022886,R022885,6/25/2024,826,Wallet,Delivered
O022886,CUST022887,R022886,4/15/2025,1727,Card,Delivered
O022887,CUST022888,R022887,11/6/2020,1075,UPI,Delivered
O022888,CUST022889,R022888,9/4/2023,1318,Wallet,Delivered
O022889,CUST022890,R022889,12/15/2022,1247,UPI,Delivered
O022890,CUST022891,R022890,3/10/2020,739,UPI,Delivered
O022891,CUST022892,R022891,9/10/2024,122,Wallet,Delivered
O022892,CUST022893,R022892,11/16/2019,1553,Card,Cancelled
O022893,CUST022894,R022893,7/16/2022,283,Card,Delivered
O022894,CUST022895,R022894,8/20/2025,1484,UPI,Delivered
O022895,CUST022896,R022895,8/15/2023,406,COD,Delivered
O022896,CUST022897,R022896,11/18/2021,600,UPI,Delivered
O022897,CUST022898,R022897,2/20/2024,212,Card,Delivered
O022898,CUST022899,R022898,6/14/2022,1916,Wallet,Delivered
O022899,CUST022900,R022899,3/4/2022,629,Card,Delivered
O022900,CUST022901,R022900,12/2/2019,735,Wallet,Delivered
O022901,CUST022902,R022901,1/26/2020,934,Card,Delivered
O022902,CUST022903,R022902,10/27/2022,864,Wallet,Delivered
O022903,CUST022904,R022903,2/5/2019,846,Wallet,Delivered
O022904,CUST022905,R022904,12/5/2019,788,COD,Delivered
O022905,CUST022906,R022905,3/10/2023,1213,UPI,Cancelled
O022906,CUST022907,R022906,3/11/2023,1975,COD,Delivered
O022907,CUST022908,R022907,5/1/2023,1101,UPI,Delivered
O022908,CUST022909,R022908,4/10/2025,1400,Wallet,Delivered
O022909,CUST022910,R022909,5/13/2024,1272,UPI,Cancelled
O022910,CUST022911,R022910,5/22/2019,1730,Card,Delivered
O022911,CUST022912,R022911,10/10/2022,1532,UPI,Delivered
O022912,CUST022913,R022912,8/13/2022,244,Card,Delivered
O022913,CUST022914,R022913,2/17/2023,778,Card,Delivered
O022914,CUST022915,R022914,4/21/2022,1607,UPI,Cancelled
O022915,CUST022916,R022915,10/21/2022,654,COD,Delivered
O022916,CUST022917,R022916,10/27/2021,462,UPI,Delivered
O022917,CUST022918,R022917,2/14/2021,579,COD,Delivered
O022918,CUST022919,R022918,6/5/2025,830,COD,Delivered
O022919,CUST022920,R022919,10/6/2023,746,Wallet,Delivered
O022920,CUST022921,R022920,12/6/2019,722,UPI,Delivered
O022921,CUST022922,R022921,8/4/2022,1444,COD,Delivered
O022922,CUST022923,R022922,3/25/2024,1317,UPI,Delivered
O022923,CUST022924,R022923,8/23/2022,408,Wallet,Delivered
O022924,CUST022925,R022924,2/11/2020,730,UPI,Delivered
O022925,CUST022926,R022925,2/14/2024,289,Card,Delivered
O022926,CUST022927,R022926,6/17/2021,300,Card,Delivered
O022927,CUST022928,R022927,10/9/2023,1651,UPI,Delivered
O022928,CUST022929,R022928,9/23/2020,741,Card,Delivered
O022929,CUST022930,R022929,3/2/2021,1518,Card,Delivered
O022930,CUST022931,R022930,11/21/2025,624,COD,Delivered
O022931,CUST022932,R022931,12/26/2021,1886,COD,Delivered
O022932,CUST022933,R022932,12/21/2020,789,Wallet,Cancelled
O022933,CUST022934,R022933,8/7/2025,1301,Card,Delivered
O022934,CUST022935,R022934,12/5/2020,172,COD,Delivered
O022935,CUST022936,R022935,11/26/2020,1107,Wallet,Delivered
O022936,CUST022937,R022936,4/17/2024,1030,COD,Delivered
O022937,CUST022938,R022937,11/21/2022,521,Wallet,Delivered
O022938,CUST022939,R022938,5/9/2019,1850,COD,Delivered
O022939,CUST022940,R022939,6/12/2020,928,UPI,Delivered
O022940,CUST022941,R022940,4/13/2025,1267,Wallet,Delivered
O022941,CUST022942,R022941,8/17/2022,1370,UPI,Delivered
O022942,CUST022943,R022942,4/12/2022,1179,UPI,Delivered
O022943,CUST022944,R022943,11/15/2025,775,Wallet,Delivered
O022944,CUST022945,R022944,8/21/2023,978,Card,Delivered
O022945,CUST022946,R022945,4/15/2023,406,COD,Delivered
O022946,CUST022947,R022946,4/1/2020,203,UPI,Delivered
O022947,CUST022948,R022947,5/14/2025,1733,Card,Delivered
O022948,CUST022949,R022948,7/20/2022,723,Card,Delivered
O022949,CUST022950,R022949,6/4/2021,646,COD,Cancelled
O022950,CUST022951,R022950,1/23/2024,138,Wallet,Delivered
O022951,CUST022952,R022951,9/6/2019,577,Card,Delivered
O022952,CUST022953,R022952,7/21/2021,593,Wallet,Cancelled
O022953,CUST022954,R022953,8/7/2022,1485,Card,Delivered
O022954,CUST022955,R022954,2/26/2022,987,COD,Delivered
O022955,CUST022956,R022955,4/6/2021,969,COD,Delivered
O022956,CUST022957,R022956,2/10/2020,597,Card,Delivered
O022957,CUST022958,R022957,5/19/2023,1734,Wallet,Cancelled
O022958,CUST022959,R022958,11/28/2022,1118,COD,Delivered
O022959,CUST022960,R022959,7/27/2022,915,Wallet,Delivered
O022960,CUST022961,R022960,6/7/2024,543,COD,Delivered
O022961,CUST022962,R022961,12/3/2022,589,Wallet,Delivered
O022962,CUST022963,R022962,6/1/2025,1402,UPI,Delivered
O022963,CUST022964,R022963,8/5/2021,1341,COD,Cancelled
O022964,CUST022965,R022964,9/3/2023,1463,Wallet,Delivered
O022965,CUST022966,R022965,5/4/2021,1305,Card,Delivered
O022966,CUST022967,R022966,6/19/2021,1352,COD,Delivered
O022967,CUST022968,R022967,6/1/2025,1698,Card,Delivered
O022968,CUST022969,R022968,6/17/2020,1675,Wallet,Delivered
O022969,CUST022970,R022969,2/10/2019,213,Card,Delivered
O022970,CUST022971,R022970,6/19/2025,1351,Card,Delivered
O022971,CUST022972,R022971,6/23/2022,1790,Card,Delivered
O022972,CUST022973,R022972,3/21/2024,530,COD,Delivered
O022973,CUST022974,R022973,5/1/2019,825,UPI,Delivered
O022974,CUST022975,R022974,6/12/2023,206,COD,Delivered
O022975,CUST022976,R022975,1/24/2025,495,Card,Delivered
O022976,CUST022977,R022976,8/2/2023,111,COD,Delivered
O022977,CUST022978,R022977,1/25/2020,1079,Wallet,Delivered
O022978,CUST022979,R022978,6/1/2023,922,COD,Delivered
O022979,CUST022980,R022979,3/28/2019,968,Wallet,Delivered
O022980,CUST022981,R022980,3/3/2021,1358,COD,Delivered
O022981,CUST022982,R022981,10/11/2024,446,Wallet,Delivered
O022982,CUST022983,R022982,10/4/2021,1906,UPI,Delivered
O022983,CUST022984,R022983,6/14/2025,1458,COD,Delivered
O022984,CUST022985,R022984,12/5/2022,1586,UPI,Cancelled
O022985,CUST022986,R022985,2/16/2021,190,UPI,Delivered
O022986,CUST022987,R022986,1/23/2021,1454,Wallet,Delivered
O022987,CUST022988,R022987,10/9/2023,1724,Card,Delivered
O022988,CUST022989,R022988,9/19/2020,111,Wallet,Delivered
O022989,CUST022990,R022989,10/12/2020,1629,Wallet,Delivered
O022990,CUST022991,R022990,10/28/2022,1168,Card,Delivered
O022991,CUST022992,R022991,6/23/2023,251,COD,Delivered
O022992,CUST022993,R022992,8/28/2024,1012,Wallet,Delivered
O022993,CUST022994,R022993,3/4/2020,1562,COD,Delivered
O022994,CUST022995,R022994,7/28/2020,491,Wallet,Delivered
O022995,CUST022996,R022995,6/5/2024,1993,Wallet,Delivered
O022996,CUST022997,R022996,2/17/2023,613,COD,Delivered
O022997,CUST022998,R022997,12/5/2022,1630,Card,Delivered
O022998,CUST022999,R022998,5/9/2019,1247,UPI,Delivered
O022999,CUST023000,R022999,2/12/2022,1542,UPI,Delivered
O023000,CUST023001,R023000,9/17/2021,1805,Wallet,Delivered
O023001,CUST023002,R023001,9/19/2019,1167,Wallet,Delivered
O023002,CUST023003,R023002,2/12/2025,1848,COD,Cancelled
O023003,CUST023004,R023003,6/28/2025,1796,UPI,Delivered
O023004,CUST023005,R023004,3/11/2019,1812,Card,Delivered
O023005,CUST023006,R023005,11/25/2019,628,UPI,Delivered
O023006,CUST023007,R023006,11/26/2022,289,UPI,Delivered
O023007,CUST023008,R023007,12/24/2020,107,COD,Delivered
O023008,CUST023009,R023008,9/28/2019,720,COD,Delivered
O023009,CUST023010,R023009,11/27/2025,273,COD,Delivered
O023010,CUST023011,R023010,1/6/2024,1247,COD,Delivered
O023011,CUST023012,R023011,5/3/2019,340,Wallet,Delivered
O023012,CUST023013,R023012,9/6/2024,1157,UPI,Delivered
O023013,CUST023014,R023013,8/12/2025,707,COD,Delivered
O023014,CUST023015,R023014,7/3/2020,828,COD,Delivered
O023015,CUST023016,R023015,2/7/2025,1464,UPI,Delivered
O023016,CUST023017,R023016,12/15/2019,1908,Wallet,Delivered
O023017,CUST023018,R023017,7/6/2023,1428,Card,Delivered
O023018,CUST023019,R023018,2/20/2021,1301,UPI,Delivered
O023019,CUST023020,R023019,9/8/2020,1807,Card,Delivered
O023020,CUST023021,R023020,2/26/2022,1798,Wallet,Delivered
O023021,CUST023022,R023021,4/9/2023,336,Card,Delivered
O023022,CUST023023,R023022,7/21/2020,1965,COD,Cancelled
O023023,CUST023024,R023023,8/1/2024,1919,UPI,Delivered
O023024,CUST023025,R023024,10/13/2019,1857,COD,Delivered
O023025,CUST023026,R023025,6/3/2021,346,UPI,Delivered
O023026,CUST023027,R023026,2/22/2025,387,Card,Delivered
O023027,CUST023028,R023027,6/20/2024,1917,Card,Delivered
O023028,CUST023029,R023028,9/23/2024,1708,COD,Delivered
O023029,CUST023030,R023029,6/18/2025,574,COD,Delivered
O023030,CUST023031,R023030,1/1/2022,617,Card,Delivered
O023031,CUST023032,R023031,3/23/2023,664,COD,Delivered
O023032,CUST023033,R023032,4/24/2019,1033,Wallet,Delivered
O023033,CUST023034,R023033,9/14/2023,141,COD,Delivered
O023034,CUST023035,R023034,2/18/2021,1427,UPI,Delivered
O023035,CUST023036,R023035,11/9/2024,1154,COD,Delivered
O023036,CUST023037,R023036,10/7/2021,1598,UPI,Cancelled
O023037,CUST023038,R023037,8/1/2025,1089,UPI,Delivered
O023038,CUST023039,R023038,6/19/2020,1149,Wallet,Delivered
O023039,CUST023040,R023039,5/10/2021,1905,Card,Delivered
O023040,CUST023041,R023040,8/21/2019,1707,COD,Delivered
O023041,CUST023042,R023041,11/5/2019,1324,Card,Delivered
O023042,CUST023043,R023042,9/13/2020,234,UPI,Delivered
O023043,CUST023044,R023043,5/26/2022,1245,Card,Cancelled
O023044,CUST023045,R023044,11/18/2025,279,Card,Delivered
O023045,CUST023046,R023045,12/21/2023,649,UPI,Delivered
O023046,CUST023047,R023046,10/24/2023,186,Card,Delivered
O023047,CUST023048,R023047,9/13/2021,1087,Card,Delivered
O023048,CUST023049,R023048,7/4/2025,1787,COD,Delivered
O023049,CUST023050,R023049,2/1/2025,1389,UPI,Delivered
O023050,CUST023051,R023050,5/26/2024,706,Card,Delivered
O023051,CUST023052,R023051,10/1/2025,809,Wallet,Delivered
O023052,CUST023053,R023052,11/24/2023,1564,Wallet,Delivered
O023053,CUST023054,R023053,5/16/2024,435,COD,Delivered
O023054,CUST023055,R023054,11/2/2021,941,UPI,Cancelled
O023055,CUST023056,R023055,9/7/2020,1752,COD,Delivered
O023056,CUST023057,R023056,6/8/2022,1396,UPI,Delivered
O023057,CUST023058,R023057,3/12/2022,1797,Wallet,Delivered
O023058,CUST023059,R023058,8/16/2025,1453,UPI,Cancelled
O023059,CUST023060,R023059,10/18/2023,1703,COD,Delivered
O023060,CUST023061,R023060,11/14/2023,607,Card,Delivered
O023061,CUST023062,R023061,12/20/2024,1875,COD,Delivered
O023062,CUST023063,R023062,6/2/2023,1433,COD,Delivered
O023063,CUST023064,R023063,5/1/2020,1762,Card,Delivered
O023064,CUST023065,R023064,3/2/2023,847,Wallet,Delivered
O023065,CUST023066,R023065,7/26/2023,719,Wallet,Delivered
O023066,CUST023067,R023066,2/4/2020,1014,COD,Delivered
O023067,CUST023068,R023067,7/2/2024,1160,Wallet,Delivered
O023068,CUST023069,R023068,1/8/2025,906,COD,Delivered
O023069,CUST023070,R023069,1/9/2021,1615,Card,Delivered
O023070,CUST023071,R023070,9/21/2020,996,Wallet,Delivered
O023071,CUST023072,R023071,2/3/2019,1540,UPI,Delivered
O023072,CUST023073,R023072,7/22/2021,1746,UPI,Delivered
O023073,CUST023074,R023073,11/15/2023,1235,Wallet,Delivered
O023074,CUST023075,R023074,12/17/2019,1492,Card,Delivered
O023075,CUST023076,R023075,1/25/2022,204,COD,Cancelled
O023076,CUST023077,R023076,11/11/2020,143,UPI,Cancelled
O023077,CUST023078,R023077,7/24/2020,464,UPI,Delivered
O023078,CUST023079,R023078,3/20/2025,1714,COD,Delivered
O023079,CUST023080,R023079,2/26/2020,631,COD,Delivered
O023080,CUST023081,R023080,5/5/2019,1836,COD,Cancelled
O023081,CUST023082,R023081,7/20/2020,523,Card,Delivered
O023082,CUST023083,R023082,9/3/2022,1232,Wallet,Delivered
O023083,CUST023084,R023083,7/7/2019,612,COD,Delivered
O023084,CUST023085,R023084,5/26/2021,1156,Wallet,Delivered
O023085,CUST023086,R023085,11/16/2020,517,Wallet,Delivered
O023086,CUST023087,R023086,5/24/2023,1280,Wallet,Delivered
O023087,CUST023088,R023087,12/11/2025,1282,COD,Delivered
O023088,CUST023089,R023088,7/6/2023,1721,Card,Delivered
O023089,CUST023090,R023089,10/6/2024,1704,Card,Delivered
O023090,CUST023091,R023090,12/27/2021,1136,UPI,Delivered
O023091,CUST023092,R023091,12/1/2023,1330,UPI,Delivered
O023092,CUST023093,R023092,3/23/2022,246,Wallet,Delivered
O023093,CUST023094,R023093,6/14/2021,1453,Card,Delivered
O023094,CUST023095,R023094,10/15/2022,1844,UPI,Cancelled
O023095,CUST023096,R023095,9/25/2022,1620,Card,Cancelled
O023096,CUST023097,R023096,11/13/2022,1852,Card,Delivered
O023097,CUST023098,R023097,7/17/2020,533,UPI,Delivered
O023098,CUST023099,R023098,3/22/2022,1970,COD,Delivered
O023099,CUST023100,R023099,10/16/2025,700,COD,Delivered
O023100,CUST023101,R023100,1/9/2023,1670,Card,Delivered
O023101,CUST023102,R023101,2/17/2019,1098,UPI,Delivered
O023102,CUST023103,R023102,4/24/2021,1081,COD,Delivered
O023103,CUST023104,R023103,3/5/2021,513,COD,Delivered
O023104,CUST023105,R023104,6/20/2020,750,Wallet,Delivered
O023105,CUST023106,R023105,5/14/2021,809,COD,Delivered
O023106,CUST023107,R023106,12/5/2025,1321,UPI,Delivered
O023107,CUST023108,R023107,8/5/2024,1635,Card,Cancelled
O023108,CUST023109,R023108,8/4/2025,1279,UPI,Cancelled
O023109,CUST023110,R023109,3/7/2025,1512,COD,Cancelled
O023110,CUST023111,R023110,2/21/2022,1162,Wallet,Cancelled
O023111,CUST023112,R023111,3/17/2022,1586,Card,Delivered
O023112,CUST023113,R023112,11/13/2020,321,UPI,Delivered
O023113,CUST023114,R023113,9/19/2025,1330,Card,Delivered
O023114,CUST023115,R023114,10/11/2021,192,Card,Delivered
O023115,CUST023116,R023115,4/19/2020,1709,Card,Delivered
O023116,CUST023117,R023116,11/28/2023,794,Card,Delivered
O023117,CUST023118,R023117,11/15/2019,366,UPI,Delivered
O023118,CUST023119,R023118,6/24/2021,470,Card,Delivered
O023119,CUST023120,R023119,10/19/2024,937,Card,Cancelled
O023120,CUST023121,R023120,11/7/2019,362,Card,Delivered
O023121,CUST023122,R023121,5/1/2021,896,UPI,Delivered
O023122,CUST023123,R023122,6/2/2020,1129,COD,Delivered
O023123,CUST023124,R023123,12/2/2020,822,Wallet,Delivered
O023124,CUST023125,R023124,11/11/2024,1202,Wallet,Cancelled
O023125,CUST023126,R023125,3/7/2024,1124,Wallet,Delivered
O023126,CUST023127,R023126,5/13/2020,1375,UPI,Delivered
O023127,CUST023128,R023127,5/6/2021,1752,Card,Delivered
O023128,CUST023129,R023128,2/3/2021,1363,Card,Cancelled
O023129,CUST023130,R023129,3/22/2020,838,UPI,Delivered
O023130,CUST023131,R023130,4/18/2020,1423,UPI,Delivered
O023131,CUST023132,R023131,2/25/2024,514,COD,Delivered
O023132,CUST023133,R023132,10/21/2022,135,Wallet,Delivered
O023133,CUST023134,R023133,4/23/2023,406,Card,Delivered
O023134,CUST023135,R023134,9/1/2019,1115,COD,Delivered
O023135,CUST023136,R023135,2/3/2023,284,COD,Delivered
O023136,CUST023137,R023136,11/4/2025,1531,Wallet,Delivered
O023137,CUST023138,R023137,6/12/2024,401,Wallet,Delivered
O023138,CUST023139,R023138,5/22/2020,1168,Wallet,Delivered
O023139,CUST023140,R023139,6/17/2023,1419,COD,Delivered
O023140,CUST023141,R023140,3/14/2019,907,Wallet,Delivered
O023141,CUST023142,R023141,10/4/2021,1407,UPI,Delivered
O023142,CUST023143,R023142,7/23/2025,1511,UPI,Delivered
O023143,CUST023144,R023143,10/6/2021,1214,UPI,Delivered
O023144,CUST023145,R023144,10/19/2019,135,Wallet,Cancelled
O023145,CUST023146,R023145,2/15/2019,1130,COD,Delivered
O023146,CUST023147,R023146,7/18/2025,558,UPI,Delivered
O023147,CUST023148,R023147,8/24/2019,1743,Card,Delivered
O023148,CUST023149,R023148,12/15/2023,1801,Card,Delivered
O023149,CUST023150,R023149,8/26/2024,1147,UPI,Delivered
O023150,CUST023151,R023150,7/6/2025,1919,COD,Delivered
O023151,CUST023152,R023151,12/17/2020,828,Wallet,Delivered
O023152,CUST023153,R023152,2/11/2024,320,COD,Delivered
O023153,CUST023154,R023153,5/23/2021,523,COD,Cancelled
O023154,CUST023155,R023154,6/26/2022,1199,COD,Delivered
O023155,CUST023156,R023155,12/5/2023,1127,UPI,Delivered
O023156,CUST023157,R023156,1/1/2023,1364,Wallet,Delivered
O023157,CUST023158,R023157,6/16/2023,764,COD,Delivered
O023158,CUST023159,R023158,7/24/2019,747,UPI,Delivered
O023159,CUST023160,R023159,11/15/2025,174,COD,Delivered
O023160,CUST023161,R023160,9/5/2019,1397,Card,Delivered
O023161,CUST023162,R023161,4/9/2020,1461,UPI,Delivered
O023162,CUST023163,R023162,4/20/2019,1776,UPI,Delivered
O023163,CUST023164,R023163,4/15/2024,1012,UPI,Delivered
O023164,CUST023165,R023164,8/12/2022,1917,Wallet,Delivered
O023165,CUST023166,R023165,9/15/2022,1453,Card,Delivered
O023166,CUST023167,R023166,9/14/2020,1786,Card,Delivered
O023167,CUST023168,R023167,9/14/2019,1399,UPI,Delivered
O023168,CUST023169,R023168,10/13/2022,315,COD,Delivered
O023169,CUST023170,R023169,9/17/2024,553,UPI,Delivered
O023170,CUST023171,R023170,11/19/2020,1897,Card,Delivered
O023171,CUST023172,R023171,11/12/2023,1836,COD,Delivered
O023172,CUST023173,R023172,11/3/2023,548,Card,Delivered
O023173,CUST023174,R023173,11/1/2020,586,Wallet,Delivered
O023174,CUST023175,R023174,11/26/2019,824,Card,Delivered
O023175,CUST023176,R023175,12/24/2021,1008,Wallet,Delivered
O023176,CUST023177,R023176,4/3/2022,697,COD,Delivered
O023177,CUST023178,R023177,8/2/2023,645,COD,Delivered
O023178,CUST023179,R023178,5/9/2024,1070,UPI,Delivered
O023179,CUST023180,R023179,4/9/2020,1445,COD,Delivered
O023180,CUST023181,R023180,3/24/2019,1058,UPI,Delivered
O023181,CUST023182,R023181,7/7/2020,1309,Wallet,Delivered
O023182,CUST023183,R023182,5/11/2019,1182,UPI,Cancelled
O023183,CUST023184,R023183,4/20/2020,1688,UPI,Delivered
O023184,CUST023185,R023184,2/7/2025,1496,UPI,Delivered
O023185,CUST023186,R023185,12/12/2025,165,UPI,Delivered
O023186,CUST023187,R023186,5/15/2022,694,UPI,Delivered
O023187,CUST023188,R023187,11/20/2019,1453,UPI,Cancelled
O023188,CUST023189,R023188,1/21/2023,624,COD,Delivered
O023189,CUST023190,R023189,3/26/2019,357,UPI,Delivered
O023190,CUST023191,R023190,2/12/2023,436,Card,Delivered
O023191,CUST023192,R023191,5/3/2024,686,Card,Delivered
O023192,CUST023193,R023192,12/3/2022,341,COD,Delivered
O023193,CUST023194,R023193,8/26/2023,675,Wallet,Delivered
O023194,CUST023195,R023194,10/2/2022,970,COD,Delivered
O023195,CUST023196,R023195,7/23/2024,798,Wallet,Delivered
O023196,CUST023197,R023196,12/14/2021,1795,COD,Delivered
O023197,CUST023198,R023197,5/4/2020,223,UPI,Delivered
O023198,CUST023199,R023198,3/7/2020,253,Card,Delivered
O023199,CUST023200,R023199,5/10/2022,1794,Card,Delivered
O023200,CUST023201,R023200,1/8/2022,1496,UPI,Delivered
O023201,CUST023202,R023201,1/21/2023,842,UPI,Delivered
O023202,CUST023203,R023202,7/27/2024,1413,Card,Delivered
O023203,CUST023204,R023203,11/20/2019,524,COD,Delivered
O023204,CUST023205,R023204,7/24/2021,1742,COD,Delivered
O023205,CUST023206,R023205,10/19/2020,385,Wallet,Delivered
O023206,CUST023207,R023206,5/1/2021,1147,Card,Delivered
O023207,CUST023208,R023207,6/3/2025,125,Card,Delivered
O023208,CUST023209,R023208,6/24/2022,891,Wallet,Delivered
O023209,CUST023210,R023209,12/15/2021,950,COD,Delivered
O023210,CUST023211,R023210,7/20/2023,442,Wallet,Cancelled
O023211,CUST023212,R023211,12/8/2023,1770,COD,Delivered
O023212,CUST023213,R023212,4/11/2020,886,Card,Delivered
O023213,CUST023214,R023213,11/10/2021,1156,UPI,Delivered
O023214,CUST023215,R023214,9/16/2025,1471,UPI,Delivered
O023215,CUST023216,R023215,9/11/2022,1030,UPI,Delivered
O023216,CUST023217,R023216,7/15/2021,631,Wallet,Cancelled
O023217,CUST023218,R023217,7/19/2025,1402,Card,Delivered
O023218,CUST023219,R023218,6/13/2022,1947,COD,Delivered
O023219,CUST023220,R023219,5/23/2021,1950,UPI,Delivered
O023220,CUST023221,R023220,12/12/2025,1642,Card,Delivered
O023221,CUST023222,R023221,10/18/2019,682,Card,Cancelled
O023222,CUST023223,R023222,1/25/2021,611,COD,Cancelled
O023223,CUST023224,R023223,5/24/2019,1959,COD,Delivered
O023224,CUST023225,R023224,12/4/2025,492,Card,Delivered
O023225,CUST023226,R023225,6/20/2022,502,Wallet,Cancelled
O023226,CUST023227,R023226,12/7/2023,1264,Card,Delivered
O023227,CUST023228,R023227,2/26/2023,1131,Wallet,Delivered
O023228,CUST023229,R023228,5/5/2024,820,Wallet,Delivered
O023229,CUST023230,R023229,6/9/2023,1259,COD,Delivered
O023230,CUST023231,R023230,12/28/2025,496,UPI,Delivered
O023231,CUST023232,R023231,1/8/2022,1563,COD,Delivered
O023232,CUST023233,R023232,11/5/2021,1609,Wallet,Delivered
O023233,CUST023234,R023233,3/16/2022,452,COD,Delivered
O023234,CUST023235,R023234,6/13/2021,505,COD,Delivered
O023235,CUST023236,R023235,5/28/2025,1322,Wallet,Delivered
O023236,CUST023237,R023236,2/7/2024,1304,COD,Delivered
O023237,CUST023238,R023237,8/2/2024,1247,Wallet,Delivered
O023238,CUST023239,R023238,8/3/2021,1215,UPI,Delivered
O023239,CUST023240,R023239,6/17/2020,1261,Wallet,Delivered
O023240,CUST023241,R023240,4/8/2022,1848,Card,Delivered
O023241,CUST023242,R023241,11/16/2025,1575,Wallet,Delivered
O023242,CUST023243,R023242,11/9/2020,1971,Card,Delivered
O023243,CUST023244,R023243,1/18/2022,1207,UPI,Delivered
O023244,CUST023245,R023244,8/21/2021,1385,Card,Delivered
O023245,CUST023246,R023245,9/16/2024,420,COD,Delivered
O023246,CUST023247,R023246,12/27/2021,540,UPI,Delivered
O023247,CUST023248,R023247,10/10/2023,121,COD,Delivered
O023248,CUST023249,R023248,1/22/2020,415,Card,Delivered
O023249,CUST023250,R023249,6/2/2021,1933,Card,Delivered
O023250,CUST023251,R023250,11/25/2019,1038,COD,Delivered
O023251,CUST023252,R023251,1/28/2021,875,COD,Delivered
O023252,CUST023253,R023252,12/27/2020,877,Wallet,Delivered
O023253,CUST023254,R023253,12/2/2025,1464,COD,Delivered
O023254,CUST023255,R023254,6/11/2020,303,COD,Delivered
O023255,CUST023256,R023255,6/4/2020,1631,UPI,Delivered
O023256,CUST023257,R023256,9/13/2024,1352,COD,Delivered
O023257,CUST023258,R023257,10/3/2023,1176,UPI,Delivered
O023258,CUST023259,R023258,5/10/2019,1938,UPI,Delivered
O023259,CUST023260,R023259,12/22/2021,1343,Wallet,Cancelled
O023260,CUST023261,R023260,1/5/2025,1681,Card,Delivered
O023261,CUST023262,R023261,12/17/2022,1932,UPI,Delivered
O023262,CUST023263,R023262,4/13/2021,1550,COD,Delivered
O023263,CUST023264,R023263,4/25/2019,655,UPI,Delivered
O023264,CUST023265,R023264,4/23/2023,1502,Card,Delivered
O023265,CUST023266,R023265,11/22/2024,537,COD,Delivered
O023266,CUST023267,R023266,8/24/2020,1049,COD,Delivered
O023267,CUST023268,R023267,4/20/2025,1820,Wallet,Delivered
O023268,CUST023269,R023268,1/26/2022,1849,COD,Cancelled
O023269,CUST023270,R023269,4/14/2024,507,COD,Delivered
O023270,CUST023271,R023270,2/3/2021,1264,UPI,Delivered
O023271,CUST023272,R023271,11/3/2022,1093,UPI,Delivered
O023272,CUST023273,R023272,2/9/2024,1392,UPI,Delivered
O023273,CUST023274,R023273,12/16/2025,1726,Wallet,Cancelled
O023274,CUST023275,R023274,11/18/2020,1132,Wallet,Delivered
O023275,CUST023276,R023275,1/14/2024,1768,COD,Delivered
O023276,CUST023277,R023276,8/26/2024,1710,UPI,Delivered
O023277,CUST023278,R023277,7/10/2022,1721,Card,Delivered
O023278,CUST023279,R023278,3/22/2022,582,Card,Delivered
O023279,CUST023280,R023279,12/26/2023,248,Card,Delivered
O023280,CUST023281,R023280,1/23/2023,1864,COD,Delivered
O023281,CUST023282,R023281,2/27/2022,576,COD,Delivered
O023282,CUST023283,R023282,2/26/2024,124,COD,Delivered
O023283,CUST023284,R023283,3/6/2021,881,COD,Delivered
O023284,CUST023285,R023284,2/26/2023,752,Wallet,Delivered
O023285,CUST023286,R023285,6/4/2021,1008,Wallet,Delivered
O023286,CUST023287,R023286,8/10/2020,628,COD,Delivered
O023287,CUST023288,R023287,9/27/2025,748,COD,Delivered
O023288,CUST023289,R023288,4/9/2019,1422,Wallet,Delivered
O023289,CUST023290,R023289,10/13/2020,1861,Wallet,Delivered
O023290,CUST023291,R023290,3/5/2024,1338,Card,Delivered
O023291,CUST023292,R023291,7/19/2022,1210,UPI,Delivered
O023292,CUST023293,R023292,5/7/2023,1765,UPI,Delivered
O023293,CUST023294,R023293,1/25/2025,1524,Wallet,Delivered
O023294,CUST023295,R023294,7/8/2022,193,Card,Cancelled
O023295,CUST023296,R023295,2/20/2024,1816,Card,Delivered
O023296,CUST023297,R023296,11/28/2023,1508,Card,Delivered
O023297,CUST023298,R023297,4/7/2019,1746,COD,Delivered
O023298,CUST023299,R023298,9/27/2023,669,Card,Delivered
O023299,CUST023300,R023299,6/19/2025,672,COD,Delivered
O023300,CUST023301,R023300,9/24/2020,364,Card,Delivered
O023301,CUST023302,R023301,8/3/2023,149,COD,Delivered
O023302,CUST023303,R023302,11/23/2020,1051,COD,Delivered
O023303,CUST023304,R023303,3/6/2024,570,Card,Delivered
O023304,CUST023305,R023304,5/22/2019,578,COD,Delivered
O023305,CUST023306,R023305,1/23/2024,953,Wallet,Delivered
O023306,CUST023307,R023306,1/13/2024,1899,Card,Cancelled
O023307,CUST023308,R023307,6/25/2019,1327,UPI,Delivered
O023308,CUST023309,R023308,2/8/2023,1048,Card,Delivered
O023309,CUST023310,R023309,2/5/2024,1188,Wallet,Delivered
O023310,CUST023311,R023310,4/23/2024,935,Wallet,Delivered
O023311,CUST023312,R023311,5/17/2020,869,Wallet,Delivered
O023312,CUST023313,R023312,12/8/2024,1804,Card,Delivered
O023313,CUST023314,R023313,11/19/2021,1628,COD,Delivered
O023314,CUST023315,R023314,5/6/2020,1240,Card,Delivered
O023315,CUST023316,R023315,3/11/2024,144,UPI,Delivered
O023316,CUST023317,R023316,3/22/2023,1198,UPI,Cancelled
O023317,CUST023318,R023317,4/17/2023,238,Card,Delivered
O023318,CUST023319,R023318,1/20/2019,570,UPI,Delivered
O023319,CUST023320,R023319,10/23/2022,106,Card,Delivered
O023320,CUST023321,R023320,12/11/2020,937,Card,Delivered
O023321,CUST023322,R023321,1/3/2020,1676,Card,Delivered
O023322,CUST023323,R023322,5/28/2019,849,UPI,Delivered
O023323,CUST023324,R023323,10/25/2024,552,Card,Delivered
O023324,CUST023325,R023324,11/27/2020,660,COD,Delivered
O023325,CUST023326,R023325,11/2/2019,1421,Wallet,Delivered
O023326,CUST023327,R023326,2/14/2023,399,Card,Delivered
O023327,CUST023328,R023327,9/3/2020,900,UPI,Delivered
O023328,CUST023329,R023328,11/5/2019,1660,COD,Delivered
O023329,CUST023330,R023329,9/6/2025,1305,UPI,Delivered
O023330,CUST023331,R023330,12/11/2024,1756,Wallet,Delivered
O023331,CUST023332,R023331,8/15/2019,1242,Wallet,Cancelled
O023332,CUST023333,R023332,6/17/2024,1623,Card,Delivered
O023333,CUST023334,R023333,10/13/2024,1931,UPI,Delivered
O023334,CUST023335,R023334,7/12/2020,1293,UPI,Delivered
O023335,CUST023336,R023335,5/23/2019,639,COD,Delivered
O023336,CUST023337,R023336,1/20/2019,1228,Card,Cancelled
O023337,CUST023338,R023337,3/21/2024,704,Wallet,Delivered
O023338,CUST023339,R023338,5/17/2020,576,Wallet,Delivered
O023339,CUST023340,R023339,8/2/2024,1126,COD,Delivered
O023340,CUST023341,R023340,9/5/2025,943,Wallet,Delivered
O023341,CUST023342,R023341,11/6/2021,859,COD,Delivered
O023342,CUST023343,R023342,1/6/2023,1525,Card,Cancelled
O023343,CUST023344,R023343,1/18/2020,911,Wallet,Delivered
O023344,CUST023345,R023344,10/2/2022,1460,Wallet,Delivered
O023345,CUST023346,R023345,2/18/2024,1710,UPI,Cancelled
O023346,CUST023347,R023346,2/14/2022,1130,UPI,Delivered
O023347,CUST023348,R023347,7/16/2023,1337,UPI,Delivered
O023348,CUST023349,R023348,9/23/2023,1695,Card,Delivered
O023349,CUST023350,R023349,3/10/2025,1764,UPI,Delivered
O023350,CUST023351,R023350,2/22/2022,364,UPI,Delivered
O023351,CUST023352,R023351,1/18/2023,1571,COD,Delivered
O023352,CUST023353,R023352,4/24/2019,736,COD,Delivered
O023353,CUST023354,R023353,7/6/2022,1746,COD,Cancelled
O023354,CUST023355,R023354,5/16/2021,476,Card,Delivered
O023355,CUST023356,R023355,8/1/2023,1185,COD,Delivered
O023356,CUST023357,R023356,7/5/2021,526,COD,Delivered
O023357,CUST023358,R023357,9/25/2024,1076,Wallet,Delivered
O023358,CUST023359,R023358,2/15/2019,438,Wallet,Delivered
O023359,CUST023360,R023359,7/24/2020,1238,COD,Delivered
O023360,CUST023361,R023360,3/10/2025,997,COD,Delivered
O023361,CUST023362,R023361,11/5/2019,1311,Card,Delivered
O023362,CUST023363,R023362,11/4/2019,1555,UPI,Delivered
O023363,CUST023364,R023363,8/24/2022,993,Wallet,Delivered
O023364,CUST023365,R023364,2/28/2023,1230,Card,Cancelled
O023365,CUST023366,R023365,1/21/2023,396,Wallet,Delivered
O023366,CUST023367,R023366,1/15/2022,1363,Card,Delivered
O023367,CUST023368,R023367,9/12/2021,1994,UPI,Delivered
O023368,CUST023369,R023368,4/24/2024,1818,COD,Delivered
O023369,CUST023370,R023369,4/15/2024,678,COD,Delivered
O023370,CUST023371,R023370,5/19/2019,693,UPI,Delivered
O023371,CUST023372,R023371,12/25/2024,229,Card,Cancelled
O023372,CUST023373,R023372,3/18/2022,614,COD,Delivered
O023373,CUST023374,R023373,12/8/2019,1559,UPI,Cancelled
O023374,CUST023375,R023374,12/24/2023,732,Wallet,Delivered
O023375,CUST023376,R023375,9/23/2021,932,Card,Delivered
O023376,CUST023377,R023376,5/4/2024,369,COD,Delivered
O023377,CUST023378,R023377,5/18/2022,606,Wallet,Delivered
O023378,CUST023379,R023378,2/13/2020,786,COD,Delivered
O023379,CUST023380,R023379,11/6/2024,1210,UPI,Delivered
O023380,CUST023381,R023380,3/3/2025,1544,Card,Delivered
O023381,CUST023382,R023381,4/1/2022,1194,UPI,Delivered
O023382,CUST023383,R023382,10/6/2021,1433,COD,Delivered
O023383,CUST023384,R023383,11/13/2025,1126,Wallet,Cancelled
O023384,CUST023385,R023384,6/15/2021,1544,Card,Delivered
O023385,CUST023386,R023385,10/11/2021,230,Wallet,Delivered
O023386,CUST023387,R023386,6/18/2019,1176,UPI,Delivered
O023387,CUST023388,R023387,10/11/2022,348,Card,Delivered
O023388,CUST023389,R023388,12/18/2023,1603,Card,Delivered
O023389,CUST023390,R023389,3/27/2019,650,Card,Delivered
O023390,CUST023391,R023390,12/13/2024,223,UPI,Delivered
O023391,CUST023392,R023391,11/22/2025,576,Card,Delivered
O023392,CUST023393,R023392,2/1/2019,826,Card,Cancelled
O023393,CUST023394,R023393,9/5/2022,315,UPI,Delivered
O023394,CUST023395,R023394,5/26/2024,811,UPI,Delivered
O023395,CUST023396,R023395,10/28/2020,1049,COD,Delivered
O023396,CUST023397,R023396,9/25/2025,741,COD,Delivered
O023397,CUST023398,R023397,5/10/2025,1160,COD,Cancelled
O023398,CUST023399,R023398,6/6/2023,903,Wallet,Delivered
O023399,CUST023400,R023399,5/12/2019,1284,Wallet,Delivered
O023400,CUST023401,R023400,6/5/2024,1347,UPI,Delivered
O023401,CUST023402,R023401,2/27/2025,1219,UPI,Cancelled
O023402,CUST023403,R023402,6/22/2021,311,Wallet,Delivered
O023403,CUST023404,R023403,11/17/2024,852,Wallet,Delivered
O023404,CUST023405,R023404,7/16/2020,192,Card,Delivered
O023405,CUST023406,R023405,9/16/2024,1454,Wallet,Delivered
O023406,CUST023407,R023406,3/15/2022,360,Card,Delivered
O023407,CUST023408,R023407,12/21/2024,899,COD,Delivered
O023408,CUST023409,R023408,2/1/2025,204,COD,Delivered
O023409,CUST023410,R023409,10/26/2025,1451,COD,Delivered
O023410,CUST023411,R023410,9/11/2023,316,COD,Delivered
O023411,CUST023412,R023411,7/22/2024,1121,Wallet,Delivered
O023412,CUST023413,R023412,5/13/2024,1371,Card,Cancelled
O023413,CUST023414,R023413,1/13/2024,503,Wallet,Delivered
O023414,CUST023415,R023414,11/3/2023,1264,UPI,Delivered
O023415,CUST023416,R023415,3/22/2024,1367,UPI,Delivered
O023416,CUST023417,R023416,8/5/2021,933,Wallet,Delivered
O023417,CUST023418,R023417,8/17/2020,280,Wallet,Delivered
O023418,CUST023419,R023418,1/16/2022,976,COD,Delivered
O023419,CUST023420,R023419,11/15/2025,403,UPI,Cancelled
O023420,CUST023421,R023420,4/22/2021,1701,Card,Delivered
O023421,CUST023422,R023421,6/11/2019,1765,Card,Delivered
O023422,CUST023423,R023422,6/20/2020,1068,UPI,Delivered
O023423,CUST023424,R023423,12/4/2022,1834,COD,Delivered
O023424,CUST023425,R023424,3/16/2019,737,COD,Delivered
O023425,CUST023426,R023425,1/10/2021,1999,Card,Delivered
O023426,CUST023427,R023426,1/23/2024,163,COD,Cancelled
O023427,CUST023428,R023427,11/25/2023,1055,Card,Delivered
O023428,CUST023429,R023428,8/3/2024,983,Wallet,Delivered
O023429,CUST023430,R023429,12/27/2024,1215,Wallet,Delivered
O023430,CUST023431,R023430,11/12/2022,909,COD,Delivered
O023431,CUST023432,R023431,6/26/2020,636,Card,Delivered
O023432,CUST023433,R023432,11/12/2020,1925,Card,Delivered
O023433,CUST023434,R023433,6/3/2024,1317,Card,Delivered
O023434,CUST023435,R023434,6/8/2021,1382,UPI,Delivered
O023435,CUST023436,R023435,1/15/2020,1740,UPI,Delivered
O023436,CUST023437,R023436,6/13/2022,1493,Card,Delivered
O023437,CUST023438,R023437,12/10/2025,353,UPI,Delivered
O023438,CUST023439,R023438,7/20/2021,1791,Card,Delivered
O023439,CUST023440,R023439,1/17/2024,271,UPI,Delivered
O023440,CUST023441,R023440,2/20/2025,1726,UPI,Delivered
O023441,CUST023442,R023441,10/18/2021,171,COD,Delivered
O023442,CUST023443,R023442,8/22/2019,405,Wallet,Delivered
O023443,CUST023444,R023443,5/17/2024,1998,UPI,Cancelled
O023444,CUST023445,R023444,5/14/2019,1725,COD,Delivered
O023445,CUST023446,R023445,2/1/2021,269,Card,Delivered
O023446,CUST023447,R023446,11/26/2023,507,Wallet,Delivered
O023447,CUST023448,R023447,10/24/2024,745,Card,Delivered
O023448,CUST023449,R023448,10/18/2024,922,Wallet,Delivered
O023449,CUST023450,R023449,9/2/2023,650,Card,Delivered
O023450,CUST023451,R023450,7/27/2024,598,COD,Delivered
O023451,CUST023452,R023451,10/8/2025,979,Wallet,Cancelled
O023452,CUST023453,R023452,5/8/2023,1360,COD,Delivered
O023453,CUST023454,R023453,2/23/2022,915,Wallet,Delivered
O023454,CUST023455,R023454,5/7/2020,1733,Wallet,Delivered
O023455,CUST023456,R023455,12/10/2023,1076,UPI,Delivered
O023456,CUST023457,R023456,7/19/2019,1788,UPI,Delivered
O023457,CUST023458,R023457,9/9/2023,1341,Wallet,Delivered
O023458,CUST023459,R023458,8/10/2021,1961,UPI,Delivered
O023459,CUST023460,R023459,6/21/2022,594,UPI,Delivered
O023460,CUST023461,R023460,6/18/2019,1372,UPI,Delivered
O023461,CUST023462,R023461,7/15/2021,539,COD,Delivered
O023462,CUST023463,R023462,5/24/2025,267,Wallet,Delivered
O023463,CUST023464,R023463,9/11/2022,215,Card,Delivered
O023464,CUST023465,R023464,2/3/2019,644,Card,Delivered
O023465,CUST023466,R023465,9/2/2020,261,COD,Delivered
O023466,CUST023467,R023466,4/25/2024,532,COD,Delivered
O023467,CUST023468,R023467,5/1/2019,826,COD,Delivered
O023468,CUST023469,R023468,12/20/2023,692,Wallet,Delivered
O023469,CUST023470,R023469,11/14/2024,1940,Card,Delivered
O023470,CUST023471,R023470,10/6/2025,1970,Wallet,Delivered
O023471,CUST023472,R023471,7/5/2021,1577,UPI,Cancelled
O023472,CUST023473,R023472,12/8/2024,1222,Wallet,Delivered
O023473,CUST023474,R023473,3/28/2021,1032,Wallet,Delivered
O023474,CUST023475,R023474,2/9/2023,199,UPI,Delivered
O023475,CUST023476,R023475,4/19/2025,895,Card,Delivered
O023476,CUST023477,R023476,10/12/2023,433,Card,Delivered
O023477,CUST023478,R023477,2/3/2019,1700,Card,Delivered
O023478,CUST023479,R023478,7/18/2023,350,COD,Delivered
O023479,CUST023480,R023479,5/28/2021,1067,Card,Delivered
O023480,CUST023481,R023480,9/2/2024,1876,Card,Delivered
O023481,CUST023482,R023481,5/23/2023,736,Wallet,Delivered
O023482,CUST023483,R023482,3/14/2022,1095,COD,Delivered
O023483,CUST023484,R023483,11/22/2019,157,Wallet,Delivered
O023484,CUST023485,R023484,12/5/2025,1621,COD,Delivered
O023485,CUST023486,R023485,8/9/2022,743,Card,Delivered
O023486,CUST023487,R023486,1/8/2020,1077,UPI,Delivered
O023487,CUST023488,R023487,6/11/2019,1430,Wallet,Delivered
O023488,CUST023489,R023488,11/9/2021,982,UPI,Delivered
O023489,CUST023490,R023489,10/12/2023,540,Wallet,Delivered
O023490,CUST023491,R023490,8/18/2021,1317,UPI,Delivered
O023491,CUST023492,R023491,6/13/2023,1867,COD,Delivered
O023492,CUST023493,R023492,8/23/2022,1738,UPI,Delivered
O023493,CUST023494,R023493,11/11/2019,1536,UPI,Delivered
O023494,CUST023495,R023494,1/17/2025,528,Card,Delivered
O023495,CUST023496,R023495,1/24/2021,712,COD,Delivered
O023496,CUST023497,R023496,1/23/2021,1853,COD,Delivered
O023497,CUST023498,R023497,11/28/2022,392,Card,Delivered
O023498,CUST023499,R023498,1/18/2022,360,UPI,Cancelled
O023499,CUST023500,R023499,6/5/2020,865,Card,Delivered
O023500,CUST023501,R023500,11/20/2019,1045,Wallet,Delivered
O023501,CUST023502,R023501,3/4/2020,598,Wallet,Cancelled
O023502,CUST023503,R023502,1/7/2025,1213,COD,Delivered
O023503,CUST023504,R023503,5/27/2019,410,Wallet,Delivered
O023504,CUST023505,R023504,2/7/2025,1483,Wallet,Delivered
O023505,CUST023506,R023505,10/4/2025,1529,UPI,Delivered
O023506,CUST023507,R023506,8/13/2022,1153,UPI,Delivered
O023507,CUST023508,R023507,1/12/2025,1200,UPI,Delivered
O023508,CUST023509,R023508,7/10/2022,327,Card,Delivered
O023509,CUST023510,R023509,5/18/2025,1961,COD,Delivered
O023510,CUST023511,R023510,9/12/2023,1104,Wallet,Delivered
O023511,CUST023512,R023511,8/13/2022,1115,UPI,Delivered
O023512,CUST023513,R023512,8/15/2025,725,COD,Delivered
O023513,CUST023514,R023513,10/2/2020,1757,UPI,Cancelled
O023514,CUST023515,R023514,6/14/2025,1485,Wallet,Delivered
O023515,CUST023516,R023515,5/5/2020,1924,Card,Cancelled
O023516,CUST023517,R023516,8/17/2024,1165,Wallet,Delivered
O023517,CUST023518,R023517,12/20/2024,1305,Card,Delivered
O023518,CUST023519,R023518,12/14/2023,341,COD,Delivered
O023519,CUST023520,R023519,7/26/2019,455,Wallet,Delivered
O023520,CUST023521,R023520,8/10/2022,1911,COD,Delivered
O023521,CUST023522,R023521,12/21/2023,1083,Card,Delivered
O023522,CUST023523,R023522,7/28/2024,1784,Card,Delivered
O023523,CUST023524,R023523,3/23/2019,895,COD,Delivered
O023524,CUST023525,R023524,10/24/2021,731,COD,Delivered
O023525,CUST023526,R023525,5/25/2021,516,Wallet,Delivered
O023526,CUST023527,R023526,10/24/2021,1418,COD,Delivered
O023527,CUST023528,R023527,5/8/2025,212,COD,Delivered
O023528,CUST023529,R023528,6/2/2022,1545,UPI,Cancelled
O023529,CUST023530,R023529,12/11/2021,1273,Card,Delivered
O023530,CUST023531,R023530,1/2/2024,966,UPI,Delivered
O023531,CUST023532,R023531,12/9/2023,1858,Wallet,Delivered
O023532,CUST023533,R023532,3/21/2020,1257,COD,Delivered
O023533,CUST023534,R023533,5/4/2021,1527,Card,Delivered
O023534,CUST023535,R023534,8/16/2025,177,UPI,Delivered
O023535,CUST023536,R023535,12/10/2022,1444,Card,Delivered
O023536,CUST023537,R023536,5/24/2021,511,Wallet,Delivered
O023537,CUST023538,R023537,7/20/2025,1359,Card,Delivered
O023538,CUST023539,R023538,1/19/2022,133,COD,Delivered
O023539,CUST023540,R023539,5/19/2021,145,Card,Delivered
O023540,CUST023541,R023540,6/18/2019,1773,COD,Delivered
O023541,CUST023542,R023541,10/24/2019,1336,Card,Delivered
O023542,CUST023543,R023542,8/5/2023,1902,UPI,Delivered
O023543,CUST023544,R023543,1/24/2024,757,UPI,Delivered
O023544,CUST023545,R023544,3/4/2025,623,UPI,Delivered
O023545,CUST023546,R023545,5/2/2022,1345,UPI,Delivered
O023546,CUST023547,R023546,12/8/2023,1572,Wallet,Cancelled
O023547,CUST023548,R023547,4/16/2021,1233,Wallet,Delivered
O023548,CUST023549,R023548,9/13/2020,1488,COD,Delivered
O023549,CUST023550,R023549,8/26/2020,1610,UPI,Delivered
O023550,CUST023551,R023550,9/8/2021,1578,Card,Cancelled
O023551,CUST023552,R023551,9/20/2025,177,UPI,Delivered
O023552,CUST023553,R023552,9/20/2019,1994,Card,Delivered
O023553,CUST023554,R023553,7/19/2025,1817,COD,Delivered
O023554,CUST023555,R023554,9/25/2024,536,Card,Delivered
O023555,CUST023556,R023555,6/23/2024,1946,Card,Cancelled
O023556,CUST023557,R023556,2/7/2024,800,COD,Delivered
O023557,CUST023558,R023557,1/25/2025,667,Wallet,Delivered
O023558,CUST023559,R023558,4/3/2020,962,Wallet,Delivered
O023559,CUST023560,R023559,3/9/2019,343,Wallet,Delivered
O023560,CUST023561,R023560,10/26/2021,854,COD,Delivered
O023561,CUST023562,R023561,1/8/2024,1278,Wallet,Delivered
O023562,CUST023563,R023562,1/7/2020,1718,Wallet,Delivered
O023563,CUST023564,R023563,4/3/2021,1238,UPI,Delivered
O023564,CUST023565,R023564,9/17/2020,849,UPI,Delivered
O023565,CUST023566,R023565,4/1/2023,1610,UPI,Delivered
O023566,CUST023567,R023566,1/23/2021,1434,Wallet,Delivered
O023567,CUST023568,R023567,7/6/2022,152,Card,Delivered
O023568,CUST023569,R023568,9/18/2019,1605,Card,Delivered
O023569,CUST023570,R023569,7/1/2021,1429,Card,Delivered
O023570,CUST023571,R023570,7/6/2025,1662,COD,Delivered
O023571,CUST023572,R023571,4/26/2020,578,Card,Delivered
O023572,CUST023573,R023572,9/19/2019,624,COD,Delivered
O023573,CUST023574,R023573,9/21/2025,514,Card,Cancelled
O023574,CUST023575,R023574,9/2/2019,1907,COD,Delivered
O023575,CUST023576,R023575,11/21/2019,1335,Wallet,Delivered
O023576,CUST023577,R023576,6/5/2023,848,COD,Delivered
O023577,CUST023578,R023577,6/27/2022,465,Wallet,Delivered
O023578,CUST023579,R023578,7/24/2025,1271,Wallet,Delivered
O023579,CUST023580,R023579,1/17/2020,335,Card,Cancelled
O023580,CUST023581,R023580,2/1/2024,1241,Wallet,Delivered
O023581,CUST023582,R023581,12/6/2025,968,Card,Delivered
O023582,CUST023583,R023582,11/5/2025,1153,Wallet,Delivered
O023583,CUST023584,R023583,11/22/2022,894,COD,Delivered
O023584,CUST023585,R023584,8/16/2019,778,Wallet,Delivered
O023585,CUST023586,R023585,5/7/2020,1714,Card,Delivered
O023586,CUST023587,R023586,8/19/2024,1604,COD,Delivered
O023587,CUST023588,R023587,5/6/2021,1140,Card,Delivered
O023588,CUST023589,R023588,11/9/2025,1901,Wallet,Delivered
O023589,CUST023590,R023589,2/21/2024,1049,UPI,Delivered
O023590,CUST023591,R023590,6/15/2021,1730,Card,Delivered
O023591,CUST023592,R023591,10/12/2022,459,UPI,Delivered
O023592,CUST023593,R023592,6/21/2025,1901,Card,Delivered
O023593,CUST023594,R023593,8/9/2024,857,Card,Delivered
O023594,CUST023595,R023594,8/1/2020,1597,Card,Delivered
O023595,CUST023596,R023595,3/2/2025,769,Wallet,Delivered
O023596,CUST023597,R023596,7/23/2023,510,Card,Delivered
O023597,CUST023598,R023597,10/26/2023,438,COD,Delivered
O023598,CUST023599,R023598,1/1/2022,1331,Wallet,Delivered
O023599,CUST023600,R023599,7/13/2024,506,Card,Delivered
O023600,CUST023601,R023600,1/28/2023,755,UPI,Delivered
O023601,CUST023602,R023601,10/4/2022,1561,Wallet,Delivered
O023602,CUST023603,R023602,12/4/2024,1201,Wallet,Delivered
O023603,CUST023604,R023603,6/9/2021,1346,Wallet,Delivered
O023604,CUST023605,R023604,11/9/2024,1087,Wallet,Delivered
O023605,CUST023606,R023605,10/15/2021,1517,Card,Delivered
O023606,CUST023607,R023606,6/11/2019,1530,UPI,Cancelled
O023607,CUST023608,R023607,5/10/2025,1213,UPI,Delivered
O023608,CUST023609,R023608,11/24/2020,554,Card,Delivered
O023609,CUST023610,R023609,11/18/2020,1138,UPI,Cancelled
O023610,CUST023611,R023610,6/20/2025,230,Card,Delivered
O023611,CUST023612,R023611,8/24/2021,102,COD,Delivered
O023612,CUST023613,R023612,1/22/2024,613,UPI,Delivered
O023613,CUST023614,R023613,5/25/2025,372,COD,Delivered
O023614,CUST023615,R023614,6/27/2024,716,COD,Delivered
O023615,CUST023616,R023615,7/27/2024,1245,UPI,Delivered
O023616,CUST023617,R023616,4/17/2019,544,Wallet,Delivered
O023617,CUST023618,R023617,9/25/2022,1306,Wallet,Delivered
O023618,CUST023619,R023618,2/16/2019,1562,Wallet,Cancelled
O023619,CUST023620,R023619,2/12/2022,1051,UPI,Delivered
O023620,CUST023621,R023620,5/11/2023,1300,UPI,Delivered
O023621,CUST023622,R023621,12/25/2020,1653,Card,Cancelled
O023622,CUST023623,R023622,5/8/2023,1674,UPI,Cancelled
O023623,CUST023624,R023623,2/21/2021,274,UPI,Delivered
O023624,CUST023625,R023624,10/17/2019,150,COD,Delivered
O023625,CUST023626,R023625,8/23/2024,700,COD,Delivered
O023626,CUST023627,R023626,3/5/2023,1603,Card,Delivered
O023627,CUST023628,R023627,12/14/2025,333,Card,Cancelled
O023628,CUST023629,R023628,11/28/2022,1035,Card,Delivered
O023629,CUST023630,R023629,6/27/2023,160,COD,Delivered
O023630,CUST023631,R023630,12/20/2024,966,Wallet,Delivered
O023631,CUST023632,R023631,6/13/2019,289,Wallet,Delivered
O023632,CUST023633,R023632,7/21/2023,1094,COD,Delivered
O023633,CUST023634,R023633,1/8/2020,917,Card,Delivered
O023634,CUST023635,R023634,12/7/2020,1270,UPI,Delivered
O023635,CUST023636,R023635,5/2/2023,1334,UPI,Delivered
O023636,CUST023637,R023636,3/22/2022,901,Wallet,Delivered
O023637,CUST023638,R023637,12/26/2021,1145,Card,Delivered
O023638,CUST023639,R023638,4/18/2019,317,Wallet,Cancelled
O023639,CUST023640,R023639,8/15/2021,1263,Card,Delivered
O023640,CUST023641,R023640,12/11/2020,1888,UPI,Delivered
O023641,CUST023642,R023641,3/22/2019,1663,Card,Cancelled
O023642,CUST023643,R023642,12/14/2025,269,Card,Delivered
O023643,CUST023644,R023643,12/14/2024,583,UPI,Delivered
O023644,CUST023645,R023644,7/23/2019,1850,COD,Cancelled
O023645,CUST023646,R023645,6/16/2025,710,COD,Delivered
O023646,CUST023647,R023646,4/10/2022,1720,Card,Delivered
O023647,CUST023648,R023647,12/1/2020,887,Wallet,Delivered
O023648,CUST023649,R023648,8/25/2025,1124,Card,Delivered
O023649,CUST023650,R023649,12/4/2024,322,COD,Delivered
O023650,CUST023651,R023650,8/21/2023,522,Wallet,Delivered
O023651,CUST023652,R023651,7/11/2021,706,COD,Delivered
O023652,CUST023653,R023652,2/6/2025,1130,UPI,Delivered
O023653,CUST023654,R023653,10/3/2019,1264,Card,Delivered
O023654,CUST023655,R023654,7/28/2021,1084,UPI,Delivered
O023655,CUST023656,R023655,10/4/2020,1023,COD,Cancelled
O023656,CUST023657,R023656,12/12/2021,976,Wallet,Delivered
O023657,CUST023658,R023657,9/14/2025,1401,Card,Delivered
O023658,CUST023659,R023658,8/7/2022,131,Wallet,Delivered
O023659,CUST023660,R023659,11/16/2022,1097,Wallet,Cancelled
O023660,CUST023661,R023660,4/12/2023,263,UPI,Delivered
O023661,CUST023662,R023661,4/16/2019,1512,Card,Delivered
O023662,CUST023663,R023662,11/25/2021,430,Card,Delivered
O023663,CUST023664,R023663,1/12/2025,182,UPI,Delivered
O023664,CUST023665,R023664,1/20/2021,496,Card,Delivered
O023665,CUST023666,R023665,6/28/2022,746,Card,Delivered
O023666,CUST023667,R023666,12/4/2021,166,UPI,Delivered
O023667,CUST023668,R023667,2/23/2021,700,Wallet,Delivered
O023668,CUST023669,R023668,1/27/2021,682,COD,Delivered
O023669,CUST023670,R023669,7/24/2023,592,COD,Delivered
O023670,CUST023671,R023670,5/8/2020,1018,COD,Delivered
O023671,CUST023672,R023671,12/4/2022,759,COD,Delivered
O023672,CUST023673,R023672,2/11/2024,1433,Wallet,Delivered
O023673,CUST023674,R023673,8/7/2020,935,UPI,Delivered
O023674,CUST023675,R023674,9/25/2019,1129,UPI,Delivered
O023675,CUST023676,R023675,10/19/2021,221,COD,Delivered
O023676,CUST023677,R023676,2/13/2019,810,UPI,Delivered
O023677,CUST023678,R023677,7/16/2023,156,UPI,Delivered
O023678,CUST023679,R023678,12/15/2024,1375,Card,Delivered
O023679,CUST023680,R023679,9/14/2019,1684,UPI,Delivered
O023680,CUST023681,R023680,3/20/2023,316,UPI,Delivered
O023681,CUST023682,R023681,5/22/2025,1311,Card,Delivered
O023682,CUST023683,R023682,10/19/2025,744,COD,Delivered
O023683,CUST023684,R023683,5/2/2020,1646,COD,Delivered
O023684,CUST023685,R023684,6/13/2022,977,Wallet,Delivered
O023685,CUST023686,R023685,3/11/2024,1477,Card,Delivered
O023686,CUST023687,R023686,2/15/2025,456,UPI,Delivered
O023687,CUST023688,R023687,12/26/2022,1217,UPI,Delivered
O023688,CUST023689,R023688,3/20/2019,1281,UPI,Delivered
O023689,CUST023690,R023689,5/3/2025,854,UPI,Delivered
O023690,CUST023691,R023690,11/16/2021,201,Wallet,Delivered
O023691,CUST023692,R023691,3/16/2020,1463,Card,Delivered
O023692,CUST023693,R023692,2/14/2024,361,UPI,Delivered
O023693,CUST023694,R023693,8/21/2025,1547,UPI,Delivered
O023694,CUST023695,R023694,7/9/2021,1355,Card,Delivered
O023695,CUST023696,R023695,6/19/2021,963,UPI,Delivered
O023696,CUST023697,R023696,2/19/2023,1733,COD,Delivered
O023697,CUST023698,R023697,6/14/2022,594,COD,Delivered
O023698,CUST023699,R023698,3/8/2019,205,Card,Cancelled
O023699,CUST023700,R023699,12/24/2024,1974,COD,Delivered
O023700,CUST023701,R023700,1/23/2024,833,Card,Delivered
O023701,CUST023702,R023701,12/2/2021,941,Wallet,Delivered
O023702,CUST023703,R023702,12/25/2020,1136,Wallet,Delivered
O023703,CUST023704,R023703,11/11/2021,829,COD,Delivered
O023704,CUST023705,R023704,9/25/2020,550,Card,Delivered
O023705,CUST023706,R023705,1/9/2021,1878,Card,Delivered
O023706,CUST023707,R023706,9/3/2025,1207,Wallet,Delivered
O023707,CUST023708,R023707,11/6/2021,972,UPI,Delivered
O023708,CUST023709,R023708,2/14/2023,1590,UPI,Delivered
O023709,CUST023710,R023709,5/13/2025,1349,Card,Delivered
O023710,CUST023711,R023710,9/9/2024,254,UPI,Delivered
O023711,CUST023712,R023711,1/17/2024,1766,Card,Delivered
O023712,CUST023713,R023712,8/19/2025,116,Card,Cancelled
O023713,CUST023714,R023713,5/18/2021,1636,UPI,Delivered
O023714,CUST023715,R023714,8/24/2023,558,COD,Delivered
O023715,CUST023716,R023715,7/20/2019,796,UPI,Delivered
O023716,CUST023717,R023716,9/22/2021,445,Card,Cancelled
O023717,CUST023718,R023717,1/20/2024,166,COD,Delivered
O023718,CUST023719,R023718,1/6/2023,179,Card,Delivered
O023719,CUST023720,R023719,3/4/2025,396,COD,Delivered
O023720,CUST023721,R023720,6/23/2020,209,UPI,Delivered
O023721,CUST023722,R023721,7/17/2022,779,COD,Delivered
O023722,CUST023723,R023722,5/1/2024,507,Card,Delivered
O023723,CUST023724,R023723,12/25/2020,455,COD,Delivered
O023724,CUST023725,R023724,8/6/2023,1129,Wallet,Delivered
O023725,CUST023726,R023725,4/7/2021,1249,COD,Delivered
O023726,CUST023727,R023726,2/21/2025,825,Wallet,Delivered
O023727,CUST023728,R023727,9/5/2020,1648,Wallet,Delivered
O023728,CUST023729,R023728,7/8/2025,996,UPI,Delivered
O023729,CUST023730,R023729,1/14/2019,1578,Wallet,Delivered
O023730,CUST023731,R023730,12/8/2022,1300,Wallet,Delivered
O023731,CUST023732,R023731,3/9/2025,1870,UPI,Delivered
O023732,CUST023733,R023732,2/20/2024,503,Wallet,Delivered
O023733,CUST023734,R023733,10/17/2024,1011,UPI,Delivered
O023734,CUST023735,R023734,10/12/2024,439,COD,Delivered
O023735,CUST023736,R023735,5/23/2024,123,UPI,Delivered
O023736,CUST023737,R023736,11/9/2021,1966,Card,Delivered
O023737,CUST023738,R023737,12/28/2020,745,Card,Delivered
O023738,CUST023739,R023738,4/4/2023,1878,COD,Delivered
O023739,CUST023740,R023739,4/23/2025,485,COD,Delivered
O023740,CUST023741,R023740,5/27/2022,741,COD,Delivered
O023741,CUST023742,R023741,4/18/2019,612,Wallet,Delivered
O023742,CUST023743,R023742,9/8/2020,1861,Card,Delivered
O023743,CUST023744,R023743,7/3/2022,1929,COD,Delivered
O023744,CUST023745,R023744,10/3/2020,1530,Wallet,Cancelled
O023745,CUST023746,R023745,5/7/2020,1131,Wallet,Delivered
O023746,CUST023747,R023746,4/27/2024,628,Wallet,Delivered
O023747,CUST023748,R023747,3/9/2024,1957,Wallet,Delivered
O023748,CUST023749,R023748,8/18/2019,794,Wallet,Delivered
O023749,CUST023750,R023749,9/10/2025,1626,UPI,Delivered
O023750,CUST023751,R023750,7/23/2022,1374,UPI,Delivered
O023751,CUST023752,R023751,2/14/2021,1669,COD,Delivered
O023752,CUST023753,R023752,11/17/2020,533,Card,Delivered
O023753,CUST023754,R023753,4/22/2025,1840,COD,Delivered
O023754,CUST023755,R023754,4/14/2021,657,Wallet,Delivered
O023755,CUST023756,R023755,5/9/2023,1016,Card,Delivered
O023756,CUST023757,R023756,2/21/2019,1972,Wallet,Delivered
O023757,CUST023758,R023757,11/5/2022,1574,COD,Delivered
O023758,CUST023759,R023758,4/8/2025,1219,UPI,Delivered
O023759,CUST023760,R023759,6/6/2020,673,Wallet,Delivered
O023760,CUST023761,R023760,7/9/2021,1286,Wallet,Delivered
O023761,CUST023762,R023761,6/6/2024,838,UPI,Delivered
O023762,CUST023763,R023762,8/12/2023,435,Wallet,Delivered
O023763,CUST023764,R023763,2/16/2024,1462,UPI,Delivered
O023764,CUST023765,R023764,6/14/2019,1712,COD,Delivered
O023765,CUST023766,R023765,4/20/2020,1589,UPI,Delivered
O023766,CUST023767,R023766,6/9/2022,1457,UPI,Delivered
O023767,CUST023768,R023767,7/16/2024,317,Card,Delivered
O023768,CUST023769,R023768,10/18/2024,669,COD,Delivered
O023769,CUST023770,R023769,11/21/2022,1763,COD,Delivered
O023770,CUST023771,R023770,7/27/2023,302,Card,Delivered
O023771,CUST023772,R023771,1/17/2023,313,Wallet,Delivered
O023772,CUST023773,R023772,9/1/2022,823,Card,Delivered
O023773,CUST023774,R023773,4/19/2022,902,COD,Delivered
O023774,CUST023775,R023774,6/2/2019,455,Wallet,Cancelled
O023775,CUST023776,R023775,8/6/2022,1064,COD,Delivered
O023776,CUST023777,R023776,2/26/2025,1077,Wallet,Delivered
O023777,CUST023778,R023777,5/9/2023,1372,Wallet,Delivered
O023778,CUST023779,R023778,10/2/2020,1381,UPI,Delivered
O023779,CUST023780,R023779,12/11/2022,1074,Wallet,Delivered
O023780,CUST023781,R023780,3/10/2025,1119,UPI,Delivered
O023781,CUST023782,R023781,9/13/2020,286,Card,Delivered
O023782,CUST023783,R023782,7/16/2024,1915,Wallet,Delivered
O023783,CUST023784,R023783,9/11/2022,1819,UPI,Delivered
O023784,CUST023785,R023784,9/12/2025,1835,Card,Delivered
O023785,CUST023786,R023785,6/26/2019,1451,UPI,Delivered
O023786,CUST023787,R023786,7/14/2024,563,UPI,Cancelled
O023787,CUST023788,R023787,6/25/2019,246,COD,Delivered
O023788,CUST023789,R023788,2/15/2023,1775,Card,Delivered
O023789,CUST023790,R023789,12/15/2020,1266,Wallet,Delivered
O023790,CUST023791,R023790,7/20/2022,1195,UPI,Delivered
O023791,CUST023792,R023791,11/13/2024,235,COD,Delivered
O023792,CUST023793,R023792,7/24/2021,311,Wallet,Delivered
O023793,CUST023794,R023793,11/7/2024,1831,COD,Delivered
O023794,CUST023795,R023794,10/16/2019,998,UPI,Delivered
O023795,CUST023796,R023795,8/27/2021,1737,Card,Delivered
O023796,CUST023797,R023796,7/22/2021,673,COD,Delivered
O023797,CUST023798,R023797,8/22/2019,645,Card,Delivered
O023798,CUST023799,R023798,6/24/2023,437,COD,Delivered
O023799,CUST023800,R023799,7/3/2021,1274,COD,Cancelled
O023800,CUST023801,R023800,4/8/2025,106,COD,Delivered
O023801,CUST023802,R023801,5/28/2023,1435,UPI,Cancelled
O023802,CUST023803,R023802,8/10/2022,1374,Card,Delivered
O023803,CUST023804,R023803,9/4/2020,812,UPI,Delivered
O023804,CUST023805,R023804,7/7/2025,1752,Wallet,Delivered
O023805,CUST023806,R023805,1/19/2023,983,COD,Cancelled
O023806,CUST023807,R023806,7/2/2019,1448,Card,Delivered
O023807,CUST023808,R023807,9/10/2019,1992,UPI,Cancelled
O023808,CUST023809,R023808,2/8/2021,1353,Card,Delivered
O023809,CUST023810,R023809,4/23/2024,464,Wallet,Delivered
O023810,CUST023811,R023810,11/17/2021,1318,UPI,Delivered
O023811,CUST023812,R023811,6/18/2023,1955,COD,Delivered
O023812,CUST023813,R023812,1/18/2022,1902,Card,Delivered
O023813,CUST023814,R023813,5/17/2020,1624,Card,Delivered
O023814,CUST023815,R023814,8/23/2025,1052,COD,Delivered
O023815,CUST023816,R023815,3/5/2022,145,UPI,Delivered
O023816,CUST023817,R023816,5/26/2022,607,Wallet,Delivered
O023817,CUST023818,R023817,11/2/2022,479,COD,Delivered
O023818,CUST023819,R023818,7/28/2023,774,Wallet,Delivered
O023819,CUST023820,R023819,8/4/2019,1108,COD,Delivered
O023820,CUST023821,R023820,5/4/2021,763,Wallet,Delivered
O023821,CUST023822,R023821,4/5/2020,969,Card,Cancelled
O023822,CUST023823,R023822,12/17/2019,1520,Wallet,Delivered
O023823,CUST023824,R023823,1/1/2019,1362,UPI,Cancelled
O023824,CUST023825,R023824,5/19/2021,141,UPI,Delivered
O023825,CUST023826,R023825,1/19/2022,1914,Card,Delivered
O023826,CUST023827,R023826,10/18/2025,1668,Card,Cancelled
O023827,CUST023828,R023827,4/24/2021,381,COD,Delivered
O023828,CUST023829,R023828,5/20/2025,189,Card,Delivered
O023829,CUST023830,R023829,7/6/2022,695,Card,Delivered
O023830,CUST023831,R023830,2/22/2020,524,Wallet,Delivered
O023831,CUST023832,R023831,3/1/2019,818,Wallet,Delivered
O023832,CUST023833,R023832,5/7/2024,257,COD,Cancelled
O023833,CUST023834,R023833,11/20/2019,807,COD,Delivered
O023834,CUST023835,R023834,3/6/2025,1058,Wallet,Delivered
O023835,CUST023836,R023835,5/4/2020,1628,Wallet,Delivered
O023836,CUST023837,R023836,5/2/2024,1152,Wallet,Delivered
O023837,CUST023838,R023837,4/14/2023,769,Wallet,Delivered
O023838,CUST023839,R023838,2/28/2022,1575,Card,Cancelled
O023839,CUST023840,R023839,8/22/2025,1328,Wallet,Delivered
O023840,CUST023841,R023840,10/5/2021,1898,Card,Delivered
O023841,CUST023842,R023841,2/17/2022,1706,UPI,Delivered
O023842,CUST023843,R023842,3/1/2024,1324,Card,Delivered
O023843,CUST023844,R023843,6/4/2025,184,COD,Cancelled
O023844,CUST023845,R023844,11/23/2021,434,UPI,Delivered
O023845,CUST023846,R023845,7/17/2020,220,COD,Delivered
O023846,CUST023847,R023846,7/15/2021,424,Card,Cancelled
O023847,CUST023848,R023847,3/1/2024,1860,COD,Delivered
O023848,CUST023849,R023848,9/27/2022,1293,Wallet,Delivered
O023849,CUST023850,R023849,2/2/2020,769,Card,Delivered
O023850,CUST023851,R023850,2/26/2023,386,Wallet,Delivered
O023851,CUST023852,R023851,2/23/2022,1191,Wallet,Delivered
O023852,CUST023853,R023852,11/17/2020,1956,COD,Cancelled
O023853,CUST023854,R023853,2/28/2020,1558,Card,Delivered
O023854,CUST023855,R023854,10/11/2024,1497,COD,Delivered
O023855,CUST023856,R023855,12/10/2022,1431,Wallet,Delivered
O023856,CUST023857,R023856,2/27/2020,1177,COD,Delivered
O023857,CUST023858,R023857,10/18/2025,678,Wallet,Delivered
O023858,CUST023859,R023858,3/11/2021,1354,Card,Cancelled
O023859,CUST023860,R023859,9/13/2025,1513,Card,Delivered
O023860,CUST023861,R023860,12/3/2021,1048,Card,Delivered
O023861,CUST023862,R023861,2/8/2022,481,Wallet,Delivered
O023862,CUST023863,R023862,9/19/2019,1013,Wallet,Delivered
O023863,CUST023864,R023863,6/14/2020,1650,Card,Delivered
O023864,CUST023865,R023864,1/11/2021,374,UPI,Delivered
O023865,CUST023866,R023865,5/20/2019,1810,UPI,Cancelled
O023866,CUST023867,R023866,1/16/2019,747,Card,Delivered
O023867,CUST023868,R023867,8/28/2021,1742,UPI,Delivered
O023868,CUST023869,R023868,5/1/2021,619,Wallet,Delivered
O023869,CUST023870,R023869,11/22/2019,366,UPI,Delivered
O023870,CUST023871,R023870,12/24/2022,295,COD,Delivered
O023871,CUST023872,R023871,2/28/2025,970,Wallet,Cancelled
O023872,CUST023873,R023872,5/7/2020,284,Card,Delivered
O023873,CUST023874,R023873,4/26/2025,665,UPI,Delivered
O023874,CUST023875,R023874,10/2/2024,1476,COD,Delivered
O023875,CUST023876,R023875,7/28/2024,1121,Wallet,Delivered
O023876,CUST023877,R023876,9/9/2022,1309,COD,Cancelled
O023877,CUST023878,R023877,10/8/2025,1045,Wallet,Delivered
O023878,CUST023879,R023878,1/14/2021,1427,Card,Delivered
O023879,CUST023880,R023879,6/10/2019,1375,UPI,Cancelled
O023880,CUST023881,R023880,2/9/2021,1363,UPI,Delivered
O023881,CUST023882,R023881,4/24/2025,279,Card,Delivered
O023882,CUST023883,R023882,7/16/2021,995,UPI,Delivered
O023883,CUST023884,R023883,12/18/2022,1987,Card,Delivered
O023884,CUST023885,R023884,9/22/2020,1598,COD,Delivered
O023885,CUST023886,R023885,7/17/2024,502,UPI,Delivered
O023886,CUST023887,R023886,7/21/2020,325,Card,Delivered
O023887,CUST023888,R023887,10/25/2024,203,Card,Delivered
O023888,CUST023889,R023888,7/25/2019,737,Wallet,Delivered
O023889,CUST023890,R023889,10/13/2021,1937,COD,Delivered
O023890,CUST023891,R023890,11/18/2025,663,Wallet,Delivered
O023891,CUST023892,R023891,12/9/2021,1087,Wallet,Delivered
O023892,CUST023893,R023892,1/5/2020,896,UPI,Delivered
O023893,CUST023894,R023893,2/10/2021,1407,UPI,Delivered
O023894,CUST023895,R023894,8/24/2023,1510,Card,Delivered
O023895,CUST023896,R023895,8/5/2022,1574,UPI,Cancelled
O023896,CUST023897,R023896,4/19/2020,168,Wallet,Delivered
O023897,CUST023898,R023897,8/15/2020,1642,COD,Delivered
O023898,CUST023899,R023898,11/17/2021,547,Card,Delivered
O023899,CUST023900,R023899,2/3/2023,1381,Card,Cancelled
O023900,CUST023901,R023900,7/13/2020,290,Card,Cancelled
O023901,CUST023902,R023901,2/26/2024,955,Card,Delivered
O023902,CUST023903,R023902,12/1/2024,1982,COD,Delivered
O023903,CUST023904,R023903,7/18/2021,881,COD,Delivered
O023904,CUST023905,R023904,12/10/2025,242,COD,Delivered
O023905,CUST023906,R023905,7/21/2019,1047,UPI,Delivered
O023906,CUST023907,R023906,3/7/2023,1024,Card,Delivered
O023907,CUST023908,R023907,6/5/2021,1127,UPI,Delivered
O023908,CUST023909,R023908,8/2/2024,1190,UPI,Delivered
O023909,CUST023910,R023909,9/21/2024,796,Wallet,Delivered
O023910,CUST023911,R023910,2/24/2020,1302,Card,Delivered
O023911,CUST023912,R023911,11/12/2021,163,Wallet,Cancelled
O023912,CUST023913,R023912,8/13/2024,1177,Card,Delivered
O023913,CUST023914,R023913,11/7/2024,1808,UPI,Delivered
O023914,CUST023915,R023914,5/21/2019,1628,UPI,Delivered
O023915,CUST023916,R023915,10/15/2024,189,Card,Delivered
O023916,CUST023917,R023916,3/13/2023,497,UPI,Delivered
O023917,CUST023918,R023917,11/22/2022,1759,COD,Delivered
O023918,CUST023919,R023918,3/15/2020,664,Wallet,Delivered
O023919,CUST023920,R023919,4/9/2023,1696,UPI,Delivered
O023920,CUST023921,R023920,1/28/2023,743,Wallet,Delivered
O023921,CUST023922,R023921,12/24/2021,980,Card,Delivered
O023922,CUST023923,R023922,3/2/2024,413,COD,Delivered
O023923,CUST023924,R023923,8/19/2020,396,Wallet,Delivered
O023924,CUST023925,R023924,2/7/2023,834,COD,Delivered
O023925,CUST023926,R023925,12/7/2020,1221,UPI,Delivered
O023926,CUST023927,R023926,12/4/2019,1185,Card,Delivered
O023927,CUST023928,R023927,3/2/2024,1004,Wallet,Delivered
O023928,CUST023929,R023928,12/7/2021,1504,COD,Delivered
O023929,CUST023930,R023929,10/10/2021,929,Wallet,Delivered
O023930,CUST023931,R023930,5/12/2019,1311,UPI,Delivered
O023931,CUST023932,R023931,1/6/2022,1942,Wallet,Cancelled
O023932,CUST023933,R023932,8/15/2025,1246,Wallet,Delivered
O023933,CUST023934,R023933,6/19/2020,163,UPI,Delivered
O023934,CUST023935,R023934,7/15/2025,1370,UPI,Delivered
O023935,CUST023936,R023935,6/24/2019,281,Card,Delivered
O023936,CUST023937,R023936,3/10/2024,1672,UPI,Delivered
O023937,CUST023938,R023937,7/15/2021,211,Card,Delivered
O023938,CUST023939,R023938,1/26/2024,642,Card,Delivered
O023939,CUST023940,R023939,4/2/2021,1988,UPI,Cancelled
O023940,CUST023941,R023940,9/21/2021,620,Wallet,Delivered
O023941,CUST023942,R023941,4/1/2025,597,COD,Delivered
O023942,CUST023943,R023942,11/20/2021,546,COD,Delivered
O023943,CUST023944,R023943,12/7/2019,971,COD,Delivered
O023944,CUST023945,R023944,1/3/2024,674,Wallet,Delivered
O023945,CUST023946,R023945,12/9/2022,1354,Wallet,Delivered
O023946,CUST023947,R023946,12/6/2021,792,Wallet,Delivered
O023947,CUST023948,R023947,11/25/2023,1030,Wallet,Delivered
O023948,CUST023949,R023948,1/18/2021,1841,COD,Delivered
O023949,CUST023950,R023949,6/11/2022,400,Wallet,Delivered
O023950,CUST023951,R023950,2/9/2022,1903,UPI,Delivered
O023951,CUST023952,R023951,1/21/2024,1270,Card,Delivered
O023952,CUST023953,R023952,5/12/2021,1647,Wallet,Delivered
O023953,CUST023954,R023953,6/18/2025,236,UPI,Delivered
O023954,CUST023955,R023954,11/23/2020,1226,UPI,Cancelled
O023955,CUST023956,R023955,4/17/2021,653,Card,Delivered
O023956,CUST023957,R023956,8/2/2021,1598,Card,Delivered
O023957,CUST023958,R023957,10/13/2020,334,COD,Delivered
O023958,CUST023959,R023958,8/4/2024,971,UPI,Delivered
O023959,CUST023960,R023959,6/8/2021,1786,UPI,Delivered
O023960,CUST023961,R023960,7/19/2025,640,UPI,Delivered
O023961,CUST023962,R023961,1/13/2025,1171,Wallet,Delivered
O023962,CUST023963,R023962,7/21/2023,488,UPI,Delivered
O023963,CUST023964,R023963,11/10/2025,1947,Wallet,Cancelled
O023964,CUST023965,R023964,3/14/2022,1313,Card,Cancelled
O023965,CUST023966,R023965,12/13/2019,218,UPI,Cancelled
O023966,CUST023967,R023966,5/19/2023,1337,UPI,Delivered
O023967,CUST023968,R023967,5/11/2021,1314,Card,Delivered
O023968,CUST023969,R023968,8/17/2019,871,Wallet,Delivered
O023969,CUST023970,R023969,6/17/2019,1642,Card,Cancelled
O023970,CUST023971,R023970,2/13/2024,553,COD,Cancelled
O023971,CUST023972,R023971,11/5/2020,169,Card,Cancelled
O023972,CUST023973,R023972,8/23/2025,1829,Wallet,Delivered
O023973,CUST023974,R023973,12/22/2025,684,Card,Delivered
O023974,CUST023975,R023974,3/1/2021,788,COD,Delivered
O023975,CUST023976,R023975,8/25/2019,596,Wallet,Delivered
O023976,CUST023977,R023976,2/5/2020,723,COD,Delivered
O023977,CUST023978,R023977,5/23/2024,407,UPI,Delivered
O023978,CUST023979,R023978,8/7/2021,1736,Card,Delivered
O023979,CUST023980,R023979,3/28/2021,1128,Wallet,Delivered
O023980,CUST023981,R023980,8/6/2023,930,UPI,Delivered
O023981,CUST023982,R023981,12/12/2025,1543,UPI,Delivered
O023982,CUST023983,R023982,6/10/2020,1259,UPI,Delivered
O023983,CUST023984,R023983,2/8/2024,169,UPI,Delivered
O023984,CUST023985,R023984,9/17/2020,1686,UPI,Delivered
O023985,CUST023986,R023985,7/18/2021,1981,Card,Cancelled
O023986,CUST023987,R023986,8/17/2020,1357,UPI,Delivered
O023987,CUST023988,R023987,2/23/2021,404,COD,Delivered
O023988,CUST023989,R023988,3/19/2020,386,UPI,Delivered
O023989,CUST023990,R023989,3/14/2022,339,Card,Delivered
O023990,CUST023991,R023990,8/18/2019,1968,COD,Delivered
O023991,CUST023992,R023991,12/4/2021,463,Card,Delivered
O023992,CUST023993,R023992,5/2/2023,738,Wallet,Delivered
O023993,CUST023994,R023993,5/3/2020,546,Card,Delivered
O023994,CUST023995,R023994,6/21/2025,1160,COD,Delivered
O023995,CUST023996,R023995,12/5/2020,1411,Card,Delivered
O023996,CUST023997,R023996,10/2/2019,369,COD,Delivered
O023997,CUST023998,R023997,12/5/2019,1049,Wallet,Delivered
O023998,CUST023999,R023998,7/6/2020,1170,Card,Delivered
O023999,CUST024000,R023999,4/20/2022,719,COD,Delivered
O024000,CUST024001,R024000,12/3/2019,1536,COD,Delivered
O024001,CUST024002,R024001,11/7/2021,586,UPI,Delivered
O024002,CUST024003,R024002,2/12/2021,1430,Wallet,Delivered
O024003,CUST024004,R024003,12/6/2023,1157,Wallet,Delivered
O024004,CUST024005,R024004,5/8/2025,1595,UPI,Delivered
O024005,CUST024006,R024005,1/18/2024,653,Wallet,Delivered
O024006,CUST024007,R024006,5/19/2025,921,Wallet,Delivered
O024007,CUST024008,R024007,9/9/2022,349,Card,Delivered
O024008,CUST024009,R024008,12/21/2019,1982,UPI,Delivered
O024009,CUST024010,R024009,11/6/2025,1930,Card,Delivered
O024010,CUST024011,R024010,8/27/2021,666,UPI,Delivered
O024011,CUST024012,R024011,11/3/2020,1798,COD,Delivered
O024012,CUST024013,R024012,7/22/2024,335,COD,Delivered
O024013,CUST024014,R024013,4/26/2025,264,Card,Delivered
O024014,CUST024015,R024014,12/17/2021,247,Wallet,Delivered
O024015,CUST024016,R024015,2/7/2021,1712,Card,Cancelled
O024016,CUST024017,R024016,8/28/2024,1784,COD,Delivered
O024017,CUST024018,R024017,9/2/2022,1386,Wallet,Delivered
O024018,CUST024019,R024018,4/13/2019,1282,Wallet,Cancelled
O024019,CUST024020,R024019,2/28/2024,581,Wallet,Delivered
O024020,CUST024021,R024020,10/6/2024,1866,Wallet,Delivered
O024021,CUST024022,R024021,4/16/2023,709,Wallet,Delivered
O024022,CUST024023,R024022,4/9/2020,1547,Card,Cancelled
O024023,CUST024024,R024023,3/22/2021,1338,UPI,Delivered
O024024,CUST024025,R024024,5/12/2020,1452,Card,Delivered
O024025,CUST024026,R024025,11/16/2021,443,Wallet,Delivered
O024026,CUST024027,R024026,12/21/2020,1259,UPI,Delivered
O024027,CUST024028,R024027,12/11/2021,1764,COD,Delivered
O024028,CUST024029,R024028,5/2/2023,482,UPI,Delivered
O024029,CUST024030,R024029,9/12/2025,1401,COD,Delivered
O024030,CUST024031,R024030,5/24/2024,1431,Card,Delivered
O024031,CUST024032,R024031,1/28/2019,1326,UPI,Delivered
O024032,CUST024033,R024032,8/9/2022,625,Wallet,Delivered
O024033,CUST024034,R024033,5/8/2024,1064,Wallet,Delivered
O024034,CUST024035,R024034,6/3/2019,754,Wallet,Delivered
O024035,CUST024036,R024035,12/9/2023,356,Wallet,Delivered
O024036,CUST024037,R024036,5/10/2024,1381,UPI,Delivered
O024037,CUST024038,R024037,12/14/2020,1670,Card,Delivered
O024038,CUST024039,R024038,7/19/2019,1543,UPI,Delivered
O024039,CUST024040,R024039,6/8/2021,1303,Wallet,Delivered
O024040,CUST024041,R024040,9/14/2019,1813,UPI,Delivered
O024041,CUST024042,R024041,3/17/2021,526,Card,Delivered
O024042,CUST024043,R024042,2/21/2023,1489,COD,Delivered
O024043,CUST024044,R024043,1/25/2020,158,Card,Delivered
O024044,CUST024045,R024044,3/15/2022,418,Wallet,Delivered
O024045,CUST024046,R024045,5/3/2020,669,UPI,Delivered
O024046,CUST024047,R024046,11/17/2024,856,COD,Cancelled
O024047,CUST024048,R024047,1/26/2019,414,Wallet,Cancelled
O024048,CUST024049,R024048,8/4/2025,983,COD,Delivered
O024049,CUST024050,R024049,7/24/2021,998,Wallet,Delivered
O024050,CUST024051,R024050,8/8/2022,1288,Wallet,Delivered
O024051,CUST024052,R024051,12/1/2024,1159,UPI,Delivered
O024052,CUST024053,R024052,3/10/2023,962,Wallet,Delivered
O024053,CUST024054,R024053,1/9/2023,715,UPI,Delivered
O024054,CUST024055,R024054,11/11/2023,143,UPI,Delivered
O024055,CUST024056,R024055,2/15/2023,1771,Wallet,Delivered
O024056,CUST024057,R024056,2/7/2020,1713,UPI,Delivered
O024057,CUST024058,R024057,7/10/2019,1979,UPI,Delivered
O024058,CUST024059,R024058,5/28/2022,1298,UPI,Delivered
O024059,CUST024060,R024059,11/11/2024,472,COD,Delivered
O024060,CUST024061,R024060,1/23/2021,1931,UPI,Delivered
O024061,CUST024062,R024061,12/14/2025,643,Wallet,Delivered
O024062,CUST024063,R024062,4/17/2019,1993,UPI,Cancelled
O024063,CUST024064,R024063,8/2/2022,1916,UPI,Delivered
O024064,CUST024065,R024064,8/24/2019,950,Card,Delivered
O024065,CUST024066,R024065,7/5/2020,264,COD,Delivered
O024066,CUST024067,R024066,1/19/2023,1471,Card,Cancelled
O024067,CUST024068,R024067,3/14/2020,855,UPI,Delivered
O024068,CUST024069,R024068,4/26/2022,1593,Card,Delivered
O024069,CUST024070,R024069,5/20/2021,524,Card,Delivered
O024070,CUST024071,R024070,5/21/2024,791,Card,Delivered
O024071,CUST024072,R024071,4/26/2024,152,COD,Delivered
O024072,CUST024073,R024072,7/1/2023,1188,Card,Delivered
O024073,CUST024074,R024073,12/6/2022,1928,Card,Delivered
O024074,CUST024075,R024074,2/24/2024,1356,UPI,Delivered
O024075,CUST024076,R024075,6/28/2023,1338,COD,Delivered
O024076,CUST024077,R024076,12/2/2019,769,Wallet,Delivered
O024077,CUST024078,R024077,11/6/2021,1661,Wallet,Delivered
O024078,CUST024079,R024078,2/18/2019,893,COD,Cancelled
O024079,CUST024080,R024079,8/1/2020,1087,Card,Delivered
O024080,CUST024081,R024080,6/9/2022,1526,Wallet,Cancelled
O024081,CUST024082,R024081,6/7/2024,1209,Card,Delivered
O024082,CUST024083,R024082,7/21/2023,315,Wallet,Delivered
O024083,CUST024084,R024083,5/15/2024,1419,UPI,Delivered
O024084,CUST024085,R024084,12/20/2019,1843,Card,Delivered
O024085,CUST024086,R024085,6/24/2020,1860,Card,Delivered
O024086,CUST024087,R024086,5/15/2022,1545,Card,Delivered
O024087,CUST024088,R024087,7/21/2024,972,Card,Delivered
O024088,CUST024089,R024088,1/23/2025,1960,UPI,Delivered
O024089,CUST024090,R024089,12/25/2023,386,Wallet,Delivered
O024090,CUST024091,R024090,3/1/2023,433,COD,Delivered
O024091,CUST024092,R024091,12/27/2024,684,COD,Delivered
O024092,CUST024093,R024092,10/3/2022,703,COD,Delivered
O024093,CUST024094,R024093,5/4/2024,619,Wallet,Delivered
O024094,CUST024095,R024094,9/2/2019,870,UPI,Cancelled
O024095,CUST024096,R024095,7/16/2023,987,COD,Delivered
O024096,CUST024097,R024096,3/27/2025,1035,Wallet,Delivered
O024097,CUST024098,R024097,4/15/2023,1459,Wallet,Delivered
O024098,CUST024099,R024098,12/11/2021,1905,Card,Delivered
O024099,CUST024100,R024099,12/10/2022,1205,Card,Delivered
O024100,CUST024101,R024100,3/16/2019,301,COD,Cancelled
O024101,CUST024102,R024101,3/4/2020,103,Card,Delivered
O024102,CUST024103,R024102,9/4/2021,605,Card,Delivered
O024103,CUST024104,R024103,8/16/2025,477,COD,Delivered
O024104,CUST024105,R024104,11/28/2022,776,COD,Delivered
O024105,CUST024106,R024105,3/6/2022,1759,COD,Delivered
O024106,CUST024107,R024106,7/19/2020,664,COD,Delivered
O024107,CUST024108,R024107,10/5/2022,914,COD,Delivered
O024108,CUST024109,R024108,4/4/2019,1522,COD,Delivered
O024109,CUST024110,R024109,3/28/2019,1122,Wallet,Delivered
O024110,CUST024111,R024110,9/15/2021,615,Wallet,Delivered
O024111,CUST024112,R024111,6/26/2022,1426,Card,Delivered
O024112,CUST024113,R024112,11/18/2020,1248,Wallet,Delivered
O024113,CUST024114,R024113,8/4/2024,1862,Card,Delivered
O024114,CUST024115,R024114,12/7/2025,1665,UPI,Delivered
O024115,CUST024116,R024115,9/27/2020,1233,UPI,Delivered
O024116,CUST024117,R024116,2/3/2019,1994,COD,Cancelled
O024117,CUST024118,R024117,3/23/2019,393,UPI,Delivered
O024118,CUST024119,R024118,3/16/2022,1911,Card,Delivered
O024119,CUST024120,R024119,7/14/2020,280,Card,Delivered
O024120,CUST024121,R024120,6/27/2024,1711,COD,Delivered
O024121,CUST024122,R024121,8/26/2023,1138,Wallet,Delivered
O024122,CUST024123,R024122,6/2/2021,914,Card,Delivered
O024123,CUST024124,R024123,1/25/2019,275,Wallet,Delivered
O024124,CUST024125,R024124,2/21/2024,1041,Wallet,Delivered
O024125,CUST024126,R024125,2/15/2022,1876,COD,Cancelled
O024126,CUST024127,R024126,4/26/2019,1479,UPI,Delivered
O024127,CUST024128,R024127,7/2/2025,1281,COD,Delivered
O024128,CUST024129,R024128,2/8/2021,1384,UPI,Delivered
O024129,CUST024130,R024129,6/25/2023,1087,Wallet,Delivered
O024130,CUST024131,R024130,11/17/2020,1022,Wallet,Delivered
O024131,CUST024132,R024131,3/10/2022,1702,COD,Delivered
O024132,CUST024133,R024132,4/16/2022,1841,COD,Delivered
O024133,CUST024134,R024133,8/9/2019,1371,UPI,Delivered
O024134,CUST024135,R024134,2/13/2025,327,Wallet,Cancelled
O024135,CUST024136,R024135,5/24/2021,1114,Wallet,Delivered
O024136,CUST024137,R024136,5/16/2025,1369,Card,Delivered
O024137,CUST024138,R024137,5/9/2025,274,UPI,Delivered
O024138,CUST024139,R024138,12/18/2019,1667,UPI,Delivered
O024139,CUST024140,R024139,7/14/2023,667,Card,Delivered
O024140,CUST024141,R024140,7/18/2024,1656,UPI,Delivered
O024141,CUST024142,R024141,10/24/2023,572,Wallet,Delivered
O024142,CUST024143,R024142,6/20/2021,320,Card,Delivered
O024143,CUST024144,R024143,5/23/2023,210,Card,Delivered
O024144,CUST024145,R024144,3/26/2021,890,COD,Cancelled
O024145,CUST024146,R024145,4/6/2023,140,UPI,Delivered
O024146,CUST024147,R024146,2/25/2025,560,UPI,Delivered
O024147,CUST024148,R024147,5/1/2021,999,Wallet,Delivered
O024148,CUST024149,R024148,3/27/2025,1221,COD,Cancelled
O024149,CUST024150,R024149,9/10/2022,1160,COD,Delivered
O024150,CUST024151,R024150,1/4/2020,903,Wallet,Delivered
O024151,CUST024152,R024151,7/13/2019,1327,UPI,Delivered
O024152,CUST024153,R024152,7/8/2024,1333,UPI,Delivered
O024153,CUST024154,R024153,8/27/2019,1272,Wallet,Cancelled
O024154,CUST024155,R024154,11/21/2025,189,UPI,Delivered
O024155,CUST024156,R024155,6/15/2021,948,Wallet,Delivered
O024156,CUST024157,R024156,8/18/2024,1770,UPI,Delivered
O024157,CUST024158,R024157,2/21/2023,1518,COD,Delivered
O024158,CUST024159,R024158,10/16/2023,423,UPI,Delivered
O024159,CUST024160,R024159,2/20/2025,176,Card,Delivered
O024160,CUST024161,R024160,8/24/2023,1993,COD,Delivered
O024161,CUST024162,R024161,2/22/2022,881,Wallet,Delivered
O024162,CUST024163,R024162,12/12/2024,1789,COD,Delivered
O024163,CUST024164,R024163,3/15/2025,519,COD,Delivered
O024164,CUST024165,R024164,3/7/2021,943,COD,Cancelled
O024165,CUST024166,R024165,7/3/2021,949,Wallet,Delivered
O024166,CUST024167,R024166,4/22/2021,933,Wallet,Delivered
O024167,CUST024168,R024167,11/16/2025,992,UPI,Delivered
O024168,CUST024169,R024168,12/24/2021,1060,Wallet,Delivered
O024169,CUST024170,R024169,12/12/2021,1989,Wallet,Delivered
O024170,CUST024171,R024170,3/3/2023,1606,COD,Delivered
O024171,CUST024172,R024171,6/16/2019,467,Card,Delivered
O024172,CUST024173,R024172,5/2/2023,1232,Card,Delivered
O024173,CUST024174,R024173,11/11/2023,136,Card,Delivered
O024174,CUST024175,R024174,11/25/2020,926,Card,Delivered
O024175,CUST024176,R024175,1/28/2025,1877,COD,Delivered
O024176,CUST024177,R024176,7/16/2023,737,COD,Delivered
O024177,CUST024178,R024177,3/8/2021,1999,COD,Delivered
O024178,CUST024179,R024178,9/19/2024,643,Wallet,Delivered
O024179,CUST024180,R024179,8/23/2024,977,Card,Delivered
O024180,CUST024181,R024180,8/4/2021,1079,UPI,Delivered
O024181,CUST024182,R024181,5/27/2021,1105,UPI,Delivered
O024182,CUST024183,R024182,9/19/2019,717,COD,Delivered
O024183,CUST024184,R024183,9/24/2019,1223,Card,Delivered
O024184,CUST024185,R024184,9/11/2021,121,Wallet,Delivered
O024185,CUST024186,R024185,7/11/2025,892,UPI,Delivered
O024186,CUST024187,R024186,7/6/2025,1654,UPI,Delivered
O024187,CUST024188,R024187,10/20/2020,1729,UPI,Delivered
O024188,CUST024189,R024188,9/22/2020,1984,Card,Delivered
O024189,CUST024190,R024189,1/11/2025,397,Wallet,Delivered
O024190,CUST024191,R024190,1/20/2021,1616,Card,Cancelled
O024191,CUST024192,R024191,8/13/2024,260,COD,Delivered
O024192,CUST024193,R024192,2/27/2019,1604,UPI,Delivered
O024193,CUST024194,R024193,12/26/2025,696,Wallet,Delivered
O024194,CUST024195,R024194,8/22/2023,765,Card,Delivered
O024195,CUST024196,R024195,7/28/2024,333,Card,Delivered
O024196,CUST024197,R024196,5/18/2021,315,COD,Delivered
O024197,CUST024198,R024197,1/6/2025,749,COD,Delivered
O024198,CUST024199,R024198,10/6/2020,1174,Wallet,Delivered
O024199,CUST024200,R024199,2/1/2025,1314,COD,Delivered
O024200,CUST024201,R024200,4/1/2020,1350,UPI,Delivered
O024201,CUST024202,R024201,11/9/2024,1600,COD,Delivered
O024202,CUST024203,R024202,3/13/2020,1026,Wallet,Delivered
O024203,CUST024204,R024203,8/15/2021,1276,UPI,Delivered
O024204,CUST024205,R024204,4/7/2019,1580,Wallet,Cancelled
O024205,CUST024206,R024205,9/8/2023,1155,Wallet,Delivered
O024206,CUST024207,R024206,6/17/2022,1974,UPI,Delivered
O024207,CUST024208,R024207,6/13/2025,1328,UPI,Delivered
O024208,CUST024209,R024208,8/20/2021,244,UPI,Delivered
O024209,CUST024210,R024209,7/9/2020,1593,Card,Delivered
O024210,CUST024211,R024210,10/14/2020,126,UPI,Delivered
O024211,CUST024212,R024211,8/25/2022,551,Card,Delivered
O024212,CUST024213,R024212,7/1/2022,1702,UPI,Delivered
O024213,CUST024214,R024213,2/20/2019,770,COD,Delivered
O024214,CUST024215,R024214,5/28/2021,454,COD,Delivered
O024215,CUST024216,R024215,11/18/2021,402,COD,Delivered
O024216,CUST024217,R024216,2/5/2025,821,Card,Delivered
O024217,CUST024218,R024217,2/27/2025,307,Wallet,Delivered
O024218,CUST024219,R024218,11/28/2020,1243,COD,Cancelled
O024219,CUST024220,R024219,4/4/2022,701,Wallet,Delivered
O024220,CUST024221,R024220,11/22/2025,944,Wallet,Delivered
O024221,CUST024222,R024221,12/17/2023,1761,Card,Delivered
O024222,CUST024223,R024222,8/14/2024,364,Wallet,Delivered
O024223,CUST024224,R024223,9/8/2020,1687,UPI,Delivered
O024224,CUST024225,R024224,4/20/2024,1179,Card,Delivered
O024225,CUST024226,R024225,9/11/2024,1493,Wallet,Delivered
O024226,CUST024227,R024226,9/15/2021,387,UPI,Delivered
O024227,CUST024228,R024227,12/23/2020,1126,Card,Delivered
O024228,CUST024229,R024228,12/15/2023,509,Card,Delivered
O024229,CUST024230,R024229,6/28/2022,1449,Card,Delivered
O024230,CUST024231,R024230,12/11/2025,1825,COD,Delivered
O024231,CUST024232,R024231,10/22/2019,860,UPI,Delivered
O024232,CUST024233,R024232,1/6/2024,366,Wallet,Delivered
O024233,CUST024234,R024233,3/17/2022,560,Wallet,Delivered
O024234,CUST024235,R024234,8/11/2025,664,COD,Delivered
O024235,CUST024236,R024235,5/23/2022,1882,COD,Delivered
O024236,CUST024237,R024236,12/3/2022,1477,Card,Delivered
O024237,CUST024238,R024237,6/1/2020,839,Card,Delivered
O024238,CUST024239,R024238,5/5/2019,128,UPI,Delivered
O024239,CUST024240,R024239,2/12/2021,1443,UPI,Delivered
O024240,CUST024241,R024240,2/10/2024,1170,UPI,Delivered
O024241,CUST024242,R024241,7/17/2022,597,Wallet,Delivered
O024242,CUST024243,R024242,8/15/2025,1538,Card,Delivered
O024243,CUST024244,R024243,8/11/2021,143,COD,Delivered
O024244,CUST024245,R024244,2/23/2024,1915,Card,Delivered
O024245,CUST024246,R024245,11/22/2022,1788,Wallet,Delivered
O024246,CUST024247,R024246,3/18/2020,649,Card,Delivered
O024247,CUST024248,R024247,2/26/2019,708,COD,Delivered
O024248,CUST024249,R024248,2/26/2020,510,COD,Delivered
O024249,CUST024250,R024249,1/4/2022,632,Card,Delivered
O024250,CUST024251,R024250,8/22/2025,883,UPI,Delivered
O024251,CUST024252,R024251,8/6/2022,1689,Card,Delivered
O024252,CUST024253,R024252,4/27/2024,1233,Wallet,Delivered
O024253,CUST024254,R024253,1/5/2019,786,Wallet,Delivered
O024254,CUST024255,R024254,3/11/2024,1400,Wallet,Delivered
O024255,CUST024256,R024255,9/17/2025,1154,UPI,Delivered
O024256,CUST024257,R024256,4/6/2023,1703,Wallet,Delivered
O024257,CUST024258,R024257,9/7/2020,1532,UPI,Delivered
O024258,CUST024259,R024258,7/16/2024,1832,Card,Delivered
O024259,CUST024260,R024259,7/15/2020,1277,UPI,Delivered
O024260,CUST024261,R024260,5/21/2021,367,Card,Delivered
O024261,CUST024262,R024261,6/21/2024,170,UPI,Delivered
O024262,CUST024263,R024262,6/13/2022,249,Card,Delivered
O024263,CUST024264,R024263,8/17/2025,1878,COD,Delivered
O024264,CUST024265,R024264,4/1/2024,421,COD,Delivered
O024265,CUST024266,R024265,9/1/2021,893,COD,Delivered
O024266,CUST024267,R024266,1/2/2021,403,Card,Delivered
O024267,CUST024268,R024267,1/20/2022,1017,Wallet,Delivered
O024268,CUST024269,R024268,3/4/2020,1261,COD,Delivered
O024269,CUST024270,R024269,8/28/2022,431,Wallet,Delivered
O024270,CUST024271,R024270,12/2/2021,1192,Wallet,Delivered
O024271,CUST024272,R024271,7/10/2023,1449,Card,Delivered
O024272,CUST024273,R024272,1/24/2020,1067,COD,Delivered
O024273,CUST024274,R024273,9/16/2025,1457,COD,Cancelled
O024274,CUST024275,R024274,9/16/2019,545,Wallet,Delivered
O024275,CUST024276,R024275,8/10/2025,1383,Wallet,Delivered
O024276,CUST024277,R024276,8/5/2024,1066,Wallet,Delivered
O024277,CUST024278,R024277,2/6/2023,1510,UPI,Delivered
O024278,CUST024279,R024278,9/17/2020,574,Wallet,Delivered
O024279,CUST024280,R024279,12/18/2025,647,Wallet,Delivered
O024280,CUST024281,R024280,12/8/2021,243,Card,Delivered
O024281,CUST024282,R024281,11/20/2020,1827,UPI,Delivered
O024282,CUST024283,R024282,6/3/2019,1521,Card,Delivered
O024283,CUST024284,R024283,3/18/2025,555,UPI,Delivered
O024284,CUST024285,R024284,2/27/2022,1692,Card,Delivered
O024285,CUST024286,R024285,10/20/2019,255,COD,Delivered
O024286,CUST024287,R024286,6/24/2023,185,Card,Delivered
O024287,CUST024288,R024287,10/19/2021,162,Wallet,Delivered
O024288,CUST024289,R024288,11/5/2020,1490,UPI,Cancelled
O024289,CUST024290,R024289,7/28/2021,1737,COD,Delivered
O024290,CUST024291,R024290,10/1/2025,1302,Wallet,Delivered
O024291,CUST024292,R024291,9/12/2020,1202,COD,Cancelled
O024292,CUST024293,R024292,5/28/2025,437,COD,Delivered
O024293,CUST024294,R024293,11/3/2025,1760,Wallet,Delivered
O024294,CUST024295,R024294,7/15/2022,599,UPI,Delivered
O024295,CUST024296,R024295,4/8/2019,1137,UPI,Cancelled
O024296,CUST024297,R024296,11/12/2020,1188,Wallet,Cancelled
O024297,CUST024298,R024297,8/11/2025,1308,Card,Delivered
O024298,CUST024299,R024298,1/15/2021,344,Wallet,Delivered
O024299,CUST024300,R024299,6/19/2023,1179,UPI,Delivered
O024300,CUST024301,R024300,6/13/2023,1679,COD,Delivered
O024301,CUST024302,R024301,8/27/2019,391,UPI,Delivered
O024302,CUST024303,R024302,1/9/2021,1354,Card,Delivered
O024303,CUST024304,R024303,5/24/2025,962,UPI,Delivered
O024304,CUST024305,R024304,3/26/2021,818,Wallet,Delivered
O024305,CUST024306,R024305,4/1/2022,1955,COD,Delivered
O024306,CUST024307,R024306,12/28/2020,488,Wallet,Delivered
O024307,CUST024308,R024307,12/24/2020,215,Wallet,Delivered
O024308,CUST024309,R024308,7/3/2021,1715,Wallet,Cancelled
O024309,CUST024310,R024309,1/21/2022,1232,Wallet,Delivered
O024310,CUST024311,R024310,12/11/2022,1528,Card,Delivered
O024311,CUST024312,R024311,9/15/2024,1400,Wallet,Delivered
O024312,CUST024313,R024312,3/7/2019,1261,UPI,Delivered
O024313,CUST024314,R024313,11/16/2023,1766,UPI,Delivered
O024314,CUST024315,R024314,10/15/2022,436,Card,Delivered
O024315,CUST024316,R024315,6/18/2023,1399,Card,Cancelled
O024316,CUST024317,R024316,9/24/2023,116,Card,Delivered
O024317,CUST024318,R024317,3/15/2025,905,Wallet,Delivered
O024318,CUST024319,R024318,8/2/2020,590,UPI,Cancelled
O024319,CUST024320,R024319,6/16/2021,707,COD,Cancelled
O024320,CUST024321,R024320,4/25/2025,259,COD,Cancelled
O024321,CUST024322,R024321,8/3/2021,617,COD,Cancelled
O024322,CUST024323,R024322,12/23/2020,893,Wallet,Delivered
O024323,CUST024324,R024323,12/6/2022,1144,COD,Delivered
O024324,CUST024325,R024324,7/27/2024,1015,UPI,Delivered
O024325,CUST024326,R024325,1/8/2023,877,Wallet,Delivered
O024326,CUST024327,R024326,2/11/2024,494,Wallet,Delivered
O024327,CUST024328,R024327,5/10/2022,1997,UPI,Delivered
O024328,CUST024329,R024328,2/13/2025,1685,Wallet,Delivered
O024329,CUST024330,R024329,11/5/2025,1633,UPI,Delivered
O024330,CUST024331,R024330,11/9/2020,1900,UPI,Cancelled
O024331,CUST024332,R024331,3/25/2020,1262,Wallet,Delivered
O024332,CUST024333,R024332,2/10/2023,366,Card,Delivered
O024333,CUST024334,R024333,6/22/2024,1776,Wallet,Delivered
O024334,CUST024335,R024334,1/12/2021,234,COD,Delivered
O024335,CUST024336,R024335,5/16/2020,509,UPI,Cancelled
O024336,CUST024337,R024336,3/1/2024,1815,COD,Delivered
O024337,CUST024338,R024337,11/21/2021,806,Wallet,Delivered
O024338,CUST024339,R024338,9/3/2025,1177,UPI,Delivered
O024339,CUST024340,R024339,12/20/2023,285,Wallet,Delivered
O024340,CUST024341,R024340,1/4/2024,1613,COD,Delivered
O024341,CUST024342,R024341,2/8/2022,456,UPI,Delivered
O024342,CUST024343,R024342,11/2/2020,445,COD,Delivered
O024343,CUST024344,R024343,10/3/2020,711,UPI,Delivered
O024344,CUST024345,R024344,7/25/2024,1967,COD,Delivered
O024345,CUST024346,R024345,1/28/2024,1078,Card,Delivered
O024346,CUST024347,R024346,3/5/2023,1643,Card,Delivered
O024347,CUST024348,R024347,7/23/2025,946,UPI,Delivered
O024348,CUST024349,R024348,7/27/2019,1189,COD,Delivered
O024349,CUST024350,R024349,6/26/2022,626,Wallet,Delivered
O024350,CUST024351,R024350,9/4/2020,1562,COD,Delivered
O024351,CUST024352,R024351,8/16/2022,1043,Card,Delivered
O024352,CUST024353,R024352,2/3/2022,996,Card,Cancelled
O024353,CUST024354,R024353,9/7/2024,1435,Wallet,Delivered
O024354,CUST024355,R024354,2/5/2019,1169,Card,Delivered
O024355,CUST024356,R024355,6/20/2023,105,Wallet,Delivered
O024356,CUST024357,R024356,1/14/2025,1339,UPI,Delivered
O024357,CUST024358,R024357,11/19/2021,1758,Card,Delivered
O024358,CUST024359,R024358,9/23/2019,1707,UPI,Delivered
O024359,CUST024360,R024359,1/14/2021,1434,UPI,Delivered
O024360,CUST024361,R024360,10/18/2020,611,Card,Delivered
O024361,CUST024362,R024361,11/21/2023,1817,UPI,Delivered
O024362,CUST024363,R024362,7/23/2024,243,COD,Delivered
O024363,CUST024364,R024363,8/27/2020,289,COD,Delivered
O024364,CUST024365,R024364,9/26/2022,659,COD,Delivered
O024365,CUST024366,R024365,12/5/2020,656,COD,Delivered
O024366,CUST024367,R024366,5/1/2019,529,COD,Delivered
O024367,CUST024368,R024367,1/28/2019,785,UPI,Cancelled
O024368,CUST024369,R024368,2/14/2025,907,COD,Delivered
O024369,CUST024370,R024369,10/24/2021,999,Wallet,Delivered
O024370,CUST024371,R024370,7/13/2022,1419,Wallet,Delivered
O024371,CUST024372,R024371,7/9/2019,1814,UPI,Delivered
O024372,CUST024373,R024372,9/9/2023,1049,Wallet,Delivered
O024373,CUST024374,R024373,7/15/2023,1239,UPI,Cancelled
O024374,CUST024375,R024374,12/3/2023,1477,UPI,Delivered
O024375,CUST024376,R024375,1/25/2024,1935,Card,Delivered
O024376,CUST024377,R024376,2/8/2020,1800,COD,Delivered
O024377,CUST024378,R024377,1/20/2019,877,COD,Delivered
O024378,CUST024379,R024378,8/27/2022,1713,COD,Delivered
O024379,CUST024380,R024379,6/18/2020,617,Wallet,Delivered
O024380,CUST024381,R024380,10/3/2024,828,COD,Delivered
O024381,CUST024382,R024381,7/2/2022,1442,Wallet,Delivered
O024382,CUST024383,R024382,6/27/2019,1043,Wallet,Delivered
O024383,CUST024384,R024383,11/15/2025,574,Wallet,Delivered
O024384,CUST024385,R024384,9/25/2022,1901,Card,Delivered
O024385,CUST024386,R024385,3/17/2023,1094,COD,Delivered
O024386,CUST024387,R024386,9/2/2020,1458,Card,Delivered
O024387,CUST024388,R024387,8/4/2019,1522,UPI,Delivered
O024388,CUST024389,R024388,12/26/2022,1133,UPI,Delivered
O024389,CUST024390,R024389,12/1/2020,1888,Card,Delivered
O024390,CUST024391,R024390,5/21/2024,494,Wallet,Delivered
O024391,CUST024392,R024391,7/17/2023,1756,Card,Cancelled
O024392,CUST024393,R024392,2/12/2022,238,Card,Delivered
O024393,CUST024394,R024393,9/26/2021,1500,COD,Cancelled
O024394,CUST024395,R024394,3/24/2024,1059,Wallet,Delivered
O024395,CUST024396,R024395,7/24/2022,834,UPI,Delivered
O024396,CUST024397,R024396,4/24/2019,189,COD,Cancelled
O024397,CUST024398,R024397,1/20/2020,994,COD,Delivered
O024398,CUST024399,R024398,6/11/2025,1766,Card,Cancelled
O024399,CUST024400,R024399,9/25/2020,1074,UPI,Delivered
O024400,CUST024401,R024400,8/1/2021,1137,Card,Delivered
O024401,CUST024402,R024401,2/7/2024,1240,UPI,Delivered
O024402,CUST024403,R024402,3/24/2022,1505,Wallet,Delivered
O024403,CUST024404,R024403,5/15/2024,1166,Wallet,Delivered
O024404,CUST024405,R024404,3/12/2025,1547,Card,Delivered
O024405,CUST024406,R024405,12/14/2019,1755,COD,Delivered
O024406,CUST024407,R024406,3/7/2021,1292,Card,Delivered
O024407,CUST024408,R024407,10/19/2023,719,UPI,Cancelled
O024408,CUST024409,R024408,3/18/2024,1500,UPI,Delivered
O024409,CUST024410,R024409,1/21/2022,1707,Card,Delivered
O024410,CUST024411,R024410,9/14/2022,612,Wallet,Delivered
O024411,CUST024412,R024411,8/23/2023,1874,Wallet,Cancelled
O024412,CUST024413,R024412,12/20/2021,306,Card,Delivered
O024413,CUST024414,R024413,7/23/2023,1512,UPI,Delivered
O024414,CUST024415,R024414,1/23/2022,430,Wallet,Delivered
O024415,CUST024416,R024415,1/19/2019,171,Card,Delivered
O024416,CUST024417,R024416,9/19/2021,354,Card,Delivered
O024417,CUST024418,R024417,6/28/2019,779,COD,Delivered
O024418,CUST024419,R024418,4/4/2025,1957,UPI,Cancelled
O024419,CUST024420,R024419,6/23/2025,480,Wallet,Delivered
O024420,CUST024421,R024420,7/27/2022,919,Wallet,Delivered
O024421,CUST024422,R024421,3/22/2023,1180,COD,Cancelled
O024422,CUST024423,R024422,1/9/2021,940,COD,Delivered
O024423,CUST024424,R024423,1/2/2019,812,COD,Delivered
O024424,CUST024425,R024424,8/11/2022,1242,UPI,Delivered
O024425,CUST024426,R024425,2/15/2022,934,UPI,Delivered
O024426,CUST024427,R024426,12/27/2020,1173,Wallet,Delivered
O024427,CUST024428,R024427,6/20/2022,1947,UPI,Delivered
O024428,CUST024429,R024428,9/14/2020,798,Wallet,Delivered
O024429,CUST024430,R024429,11/15/2020,1871,UPI,Delivered
O024430,CUST024431,R024430,1/23/2021,1408,COD,Delivered
O024431,CUST024432,R024431,9/14/2023,143,UPI,Delivered
O024432,CUST024433,R024432,2/17/2020,1997,Card,Delivered
O024433,CUST024434,R024433,11/22/2019,1913,COD,Delivered
O024434,CUST024435,R024434,11/16/2025,797,COD,Delivered
O024435,CUST024436,R024435,1/10/2021,1742,Card,Delivered
O024436,CUST024437,R024436,2/12/2019,471,COD,Delivered
O024437,CUST024438,R024437,12/6/2019,858,Card,Cancelled
O024438,CUST024439,R024438,8/2/2024,551,Wallet,Delivered
O024439,CUST024440,R024439,11/21/2020,789,COD,Delivered
O024440,CUST024441,R024440,9/15/2024,712,Wallet,Delivered
O024441,CUST024442,R024441,11/23/2023,950,COD,Delivered
O024442,CUST024443,R024442,7/10/2022,1663,COD,Delivered
O024443,CUST024444,R024443,11/4/2019,1024,Card,Delivered
O024444,CUST024445,R024444,5/8/2025,1834,UPI,Delivered
O024445,CUST024446,R024445,3/20/2022,768,Card,Cancelled
O024446,CUST024447,R024446,5/3/2019,1958,COD,Delivered
O024447,CUST024448,R024447,4/13/2025,841,Card,Delivered
O024448,CUST024449,R024448,3/26/2024,1786,COD,Delivered
O024449,CUST024450,R024449,7/15/2019,515,COD,Delivered
O024450,CUST024451,R024450,11/7/2024,1958,Card,Delivered
O024451,CUST024452,R024451,2/17/2025,564,Wallet,Delivered
O024452,CUST024453,R024452,4/22/2025,833,Card,Delivered
O024453,CUST024454,R024453,7/3/2022,930,Wallet,Delivered
O024454,CUST024455,R024454,10/24/2021,994,UPI,Delivered
O024455,CUST024456,R024455,5/18/2025,861,COD,Delivered
O024456,CUST024457,R024456,1/25/2024,1073,Card,Delivered
O024457,CUST024458,R024457,5/9/2025,1878,COD,Delivered
O024458,CUST024459,R024458,9/10/2025,813,UPI,Delivered
O024459,CUST024460,R024459,8/4/2022,1618,UPI,Delivered
O024460,CUST024461,R024460,8/14/2023,1512,UPI,Delivered
O024461,CUST024462,R024461,12/20/2022,1893,Card,Cancelled
O024462,CUST024463,R024462,2/10/2021,307,Wallet,Delivered
O024463,CUST024464,R024463,9/16/2022,1575,Card,Cancelled
O024464,CUST024465,R024464,5/12/2020,223,UPI,Delivered
O024465,CUST024466,R024465,7/26/2022,1461,UPI,Delivered
O024466,CUST024467,R024466,3/25/2024,547,Wallet,Delivered
O024467,CUST024468,R024467,3/21/2020,611,Card,Delivered
O024468,CUST024469,R024468,10/27/2025,477,Card,Delivered
O024469,CUST024470,R024469,12/20/2021,733,COD,Delivered
O024470,CUST024471,R024470,1/3/2020,606,COD,Delivered
O024471,CUST024472,R024471,9/4/2025,1031,Wallet,Delivered
O024472,CUST024473,R024472,4/27/2024,1228,Card,Delivered
O024473,CUST024474,R024473,5/24/2025,1303,Wallet,Delivered
O024474,CUST024475,R024474,3/15/2024,1554,COD,Delivered
O024475,CUST024476,R024475,7/10/2020,935,Wallet,Delivered
O024476,CUST024477,R024476,9/13/2024,1190,UPI,Delivered
O024477,CUST024478,R024477,4/7/2022,1740,UPI,Delivered
O024478,CUST024479,R024478,7/8/2022,1122,Wallet,Delivered
O024479,CUST024480,R024479,3/19/2024,207,UPI,Delivered
O024480,CUST024481,R024480,10/15/2022,1413,UPI,Delivered
O024481,CUST024482,R024481,2/22/2022,345,UPI,Delivered
O024482,CUST024483,R024482,8/14/2022,1488,Card,Delivered
O024483,CUST024484,R024483,4/10/2020,1927,UPI,Cancelled
O024484,CUST024485,R024484,3/23/2022,407,UPI,Delivered
O024485,CUST024486,R024485,5/27/2023,1617,UPI,Delivered
O024486,CUST024487,R024486,11/14/2022,680,COD,Delivered
O024487,CUST024488,R024487,11/26/2019,1942,COD,Delivered
O024488,CUST024489,R024488,6/17/2023,360,Card,Delivered
O024489,CUST024490,R024489,12/4/2023,741,Card,Delivered
O024490,CUST024491,R024490,10/25/2019,228,COD,Delivered
O024491,CUST024492,R024491,5/27/2024,1164,COD,Delivered
O024492,CUST024493,R024492,4/11/2021,595,Wallet,Delivered
O024493,CUST024494,R024493,11/22/2021,833,Wallet,Delivered
O024494,CUST024495,R024494,1/15/2019,1863,Card,Delivered
O024495,CUST024496,R024495,1/12/2025,215,Wallet,Delivered
O024496,CUST024497,R024496,5/7/2022,1543,Wallet,Cancelled
O024497,CUST024498,R024497,2/18/2019,1079,Card,Delivered
O024498,CUST024499,R024498,11/9/2023,1277,Wallet,Delivered
O024499,CUST024500,R024499,11/9/2022,296,Wallet,Delivered
O024500,CUST024501,R024500,7/21/2021,1035,Card,Delivered
O024501,CUST024502,R024501,11/11/2020,468,Card,Delivered
O024502,CUST024503,R024502,3/27/2025,1414,UPI,Delivered
O024503,CUST024504,R024503,12/9/2024,1746,COD,Delivered
O024504,CUST024505,R024504,1/21/2019,774,Wallet,Delivered
O024505,CUST024506,R024505,12/5/2025,211,COD,Delivered
O024506,CUST024507,R024506,7/16/2023,450,Wallet,Delivered
O024507,CUST024508,R024507,8/10/2019,634,Card,Delivered
O024508,CUST024509,R024508,6/22/2025,1732,COD,Delivered
O024509,CUST024510,R024509,4/1/2024,1334,Card,Delivered
O024510,CUST024511,R024510,8/27/2019,696,UPI,Cancelled
O024511,CUST024512,R024511,6/4/2023,956,Wallet,Delivered
O024512,CUST024513,R024512,11/6/2024,968,Wallet,Delivered
O024513,CUST024514,R024513,9/2/2023,651,Wallet,Delivered
O024514,CUST024515,R024514,11/8/2022,1986,Wallet,Delivered
O024515,CUST024516,R024515,12/8/2023,1030,UPI,Cancelled
O024516,CUST024517,R024516,3/4/2019,1833,COD,Delivered
O024517,CUST024518,R024517,5/15/2023,1874,Card,Delivered
O024518,CUST024519,R024518,2/20/2021,1634,COD,Delivered
O024519,CUST024520,R024519,3/17/2019,494,Card,Delivered
O024520,CUST024521,R024520,10/26/2022,857,COD,Delivered
O024521,CUST024522,R024521,2/23/2025,410,COD,Delivered
O024522,CUST024523,R024522,8/2/2022,490,Card,Delivered
O024523,CUST024524,R024523,2/20/2022,740,UPI,Delivered
O024524,CUST024525,R024524,10/4/2021,1000,Card,Delivered
O024525,CUST024526,R024525,10/22/2024,1012,Wallet,Delivered
O024526,CUST024527,R024526,8/3/2021,740,Wallet,Delivered
O024527,CUST024528,R024527,7/9/2025,1315,Wallet,Delivered
O024528,CUST024529,R024528,10/15/2020,1074,UPI,Delivered
O024529,CUST024530,R024529,3/5/2019,1624,Wallet,Delivered
O024530,CUST024531,R024530,2/3/2019,1491,UPI,Delivered
O024531,CUST024532,R024531,2/15/2021,1785,UPI,Delivered
O024532,CUST024533,R024532,3/14/2021,1122,UPI,Delivered
O024533,CUST024534,R024533,2/20/2019,474,Card,Delivered
O024534,CUST024535,R024534,2/20/2020,1928,UPI,Delivered
O024535,CUST024536,R024535,12/12/2020,149,Card,Delivered
O024536,CUST024537,R024536,10/15/2024,394,Card,Delivered
O024537,CUST024538,R024537,2/27/2025,1628,Card,Delivered
O024538,CUST024539,R024538,12/23/2019,803,COD,Delivered
O024539,CUST024540,R024539,8/25/2021,356,Card,Delivered
O024540,CUST024541,R024540,8/19/2025,975,COD,Delivered
O024541,CUST024542,R024541,7/2/2022,1181,Card,Delivered
O024542,CUST024543,R024542,11/27/2021,351,Wallet,Delivered
O024543,CUST024544,R024543,7/28/2019,1107,Wallet,Delivered
O024544,CUST024545,R024544,5/10/2023,1401,COD,Delivered
O024545,CUST024546,R024545,12/24/2023,782,UPI,Delivered
O024546,CUST024547,R024546,10/14/2021,1992,COD,Cancelled
O024547,CUST024548,R024547,2/14/2019,830,UPI,Delivered
O024548,CUST024549,R024548,3/13/2022,1666,UPI,Delivered
O024549,CUST024550,R024549,9/10/2020,1388,UPI,Delivered
O024550,CUST024551,R024550,12/10/2025,1289,UPI,Delivered
O024551,CUST024552,R024551,12/18/2019,419,Wallet,Delivered
O024552,CUST024553,R024552,12/16/2020,561,Wallet,Delivered
O024553,CUST024554,R024553,4/7/2025,163,Card,Delivered
O024554,CUST024555,R024554,1/19/2021,1426,Wallet,Cancelled
O024555,CUST024556,R024555,1/2/2023,1441,Card,Delivered
O024556,CUST024557,R024556,6/16/2025,469,Wallet,Delivered
O024557,CUST024558,R024557,6/26/2025,1601,Card,Cancelled
O024558,CUST024559,R024558,6/19/2022,145,COD,Cancelled
O024559,CUST024560,R024559,8/3/2025,335,Card,Delivered
O024560,CUST024561,R024560,11/17/2024,1919,COD,Delivered
O024561,CUST024562,R024561,3/4/2023,1346,UPI,Delivered
O024562,CUST024563,R024562,9/26/2019,1589,COD,Delivered
O024563,CUST024564,R024563,11/27/2022,477,Wallet,Delivered
O024564,CUST024565,R024564,6/6/2025,1090,COD,Delivered
O024565,CUST024566,R024565,2/25/2022,352,COD,Delivered
O024566,CUST024567,R024566,12/1/2020,1681,COD,Delivered
O024567,CUST024568,R024567,1/13/2021,519,Wallet,Cancelled
O024568,CUST024569,R024568,1/7/2020,1095,UPI,Delivered
O024569,CUST024570,R024569,10/11/2021,1141,Wallet,Cancelled
O024570,CUST024571,R024570,4/9/2019,1218,UPI,Cancelled
O024571,CUST024572,R024571,6/13/2022,253,Wallet,Delivered
O024572,CUST024573,R024572,2/18/2019,1851,UPI,Delivered
O024573,CUST024574,R024573,6/12/2019,1579,COD,Delivered
O024574,CUST024575,R024574,11/26/2025,248,Wallet,Delivered
O024575,CUST024576,R024575,6/7/2024,1205,Card,Delivered
O024576,CUST024577,R024576,7/21/2024,268,UPI,Delivered
O024577,CUST024578,R024577,8/16/2020,707,COD,Delivered
O024578,CUST024579,R024578,11/28/2024,1914,Card,Delivered
O024579,CUST024580,R024579,4/26/2020,408,COD,Delivered
O024580,CUST024581,R024580,7/22/2021,135,COD,Delivered
O024581,CUST024582,R024581,10/4/2024,1203,Card,Cancelled
O024582,CUST024583,R024582,11/21/2022,758,COD,Delivered
O024583,CUST024584,R024583,11/4/2025,878,Card,Delivered
O024584,CUST024585,R024584,2/8/2024,886,UPI,Delivered
O024585,CUST024586,R024585,4/27/2021,1372,UPI,Delivered
O024586,CUST024587,R024586,1/7/2021,1623,UPI,Delivered
O024587,CUST024588,R024587,12/14/2019,336,UPI,Delivered
O024588,CUST024589,R024588,9/17/2023,1293,Card,Delivered
O024589,CUST024590,R024589,12/22/2025,1324,Card,Delivered
O024590,CUST024591,R024590,10/9/2024,752,COD,Delivered
O024591,CUST024592,R024591,7/28/2020,484,UPI,Delivered
O024592,CUST024593,R024592,1/14/2023,496,COD,Delivered
O024593,CUST024594,R024593,7/23/2021,179,COD,Delivered
O024594,CUST024595,R024594,2/5/2022,533,COD,Delivered
O024595,CUST024596,R024595,7/21/2025,802,COD,Delivered
O024596,CUST024597,R024596,3/5/2023,1096,COD,Delivered
O024597,CUST024598,R024597,7/24/2022,974,UPI,Delivered
O024598,CUST024599,R024598,3/7/2019,989,COD,Delivered
O024599,CUST024600,R024599,2/10/2024,351,Wallet,Delivered
O024600,CUST024601,R024600,8/9/2021,1847,UPI,Delivered
O024601,CUST024602,R024601,9/12/2019,1400,Wallet,Delivered
O024602,CUST024603,R024602,1/4/2025,984,UPI,Delivered
O024603,CUST024604,R024603,10/3/2024,1746,UPI,Delivered
O024604,CUST024605,R024604,3/23/2022,1112,Wallet,Delivered
O024605,CUST024606,R024605,12/9/2019,286,Card,Delivered
O024606,CUST024607,R024606,10/18/2023,1741,Wallet,Delivered
O024607,CUST024608,R024607,12/14/2020,193,COD,Delivered
O024608,CUST024609,R024608,6/14/2019,418,UPI,Delivered
O024609,CUST024610,R024609,7/27/2020,1725,Card,Delivered
O024610,CUST024611,R024610,8/21/2024,591,Wallet,Delivered
O024611,CUST024612,R024611,10/2/2019,1141,UPI,Delivered
O024612,CUST024613,R024612,8/19/2024,141,COD,Delivered
O024613,CUST024614,R024613,12/3/2025,1464,Card,Delivered
O024614,CUST024615,R024614,5/7/2021,302,COD,Delivered
O024615,CUST024616,R024615,1/26/2025,601,Wallet,Cancelled
O024616,CUST024617,R024616,1/26/2019,1411,Wallet,Delivered
O024617,CUST024618,R024617,9/6/2024,728,Wallet,Delivered
O024618,CUST024619,R024618,2/10/2021,1804,Card,Delivered
O024619,CUST024620,R024619,3/15/2023,468,Card,Delivered
O024620,CUST024621,R024620,3/9/2022,904,UPI,Delivered
O024621,CUST024622,R024621,11/9/2024,284,Card,Delivered
O024622,CUST024623,R024622,7/25/2024,536,Wallet,Delivered
O024623,CUST024624,R024623,2/3/2021,1477,Wallet,Delivered
O024624,CUST024625,R024624,12/12/2025,963,Card,Delivered
O024625,CUST024626,R024625,1/2/2025,896,UPI,Delivered
O024626,CUST024627,R024626,12/6/2023,1331,Wallet,Delivered
O024627,CUST024628,R024627,8/4/2023,1014,UPI,Cancelled
O024628,CUST024629,R024628,2/19/2024,1312,Wallet,Delivered
O024629,CUST024630,R024629,12/8/2020,1233,Wallet,Cancelled
O024630,CUST024631,R024630,7/17/2023,1484,Card,Delivered
O024631,CUST024632,R024631,8/21/2024,1627,UPI,Delivered
O024632,CUST024633,R024632,3/12/2020,1348,UPI,Delivered
O024633,CUST024634,R024633,1/20/2023,520,Card,Delivered
O024634,CUST024635,R024634,1/20/2023,1770,Card,Delivered
O024635,CUST024636,R024635,2/20/2024,196,COD,Delivered
O024636,CUST024637,R024636,10/25/2023,203,COD,Delivered
O024637,CUST024638,R024637,1/24/2025,579,Card,Delivered
O024638,CUST024639,R024638,3/4/2020,513,COD,Delivered
O024639,CUST024640,R024639,7/1/2023,947,COD,Delivered
O024640,CUST024641,R024640,4/26/2025,673,Wallet,Cancelled
O024641,CUST024642,R024641,6/13/2021,213,COD,Delivered
O024642,CUST024643,R024642,5/18/2020,850,Wallet,Delivered
O024643,CUST024644,R024643,7/12/2023,1275,COD,Delivered
O024644,CUST024645,R024644,9/3/2025,1714,Wallet,Delivered
O024645,CUST024646,R024645,7/7/2024,1008,Wallet,Cancelled
O024646,CUST024647,R024646,1/17/2025,1149,UPI,Delivered
O024647,CUST024648,R024647,11/1/2021,1387,UPI,Delivered
O024648,CUST024649,R024648,8/23/2019,1718,UPI,Delivered
O024649,CUST024650,R024649,7/7/2025,1764,COD,Delivered
O024650,CUST024651,R024650,9/19/2020,370,Card,Delivered
O024651,CUST024652,R024651,3/26/2019,1141,Card,Delivered
O024652,CUST024653,R024652,1/10/2023,1940,Card,Delivered
O024653,CUST024654,R024653,9/21/2024,290,COD,Delivered
O024654,CUST024655,R024654,7/23/2021,365,COD,Delivered
O024655,CUST024656,R024655,10/15/2020,894,Wallet,Delivered
O024656,CUST024657,R024656,11/13/2021,429,Wallet,Delivered
O024657,CUST024658,R024657,7/23/2024,1758,Card,Delivered
O024658,CUST024659,R024658,12/15/2022,1053,COD,Delivered
O024659,CUST024660,R024659,7/4/2019,1237,UPI,Delivered
O024660,CUST024661,R024660,3/2/2019,1430,UPI,Delivered
O024661,CUST024662,R024661,8/24/2019,1048,UPI,Delivered
O024662,CUST024663,R024662,11/8/2023,1809,COD,Cancelled
O024663,CUST024664,R024663,12/20/2023,458,Wallet,Delivered
O024664,CUST024665,R024664,10/16/2023,1714,Card,Cancelled
O024665,CUST024666,R024665,1/11/2023,1985,UPI,Delivered
O024666,CUST024667,R024666,5/24/2022,1347,Card,Delivered
O024667,CUST024668,R024667,3/23/2024,409,Wallet,Delivered
O024668,CUST024669,R024668,3/23/2025,554,UPI,Delivered
O024669,CUST024670,R024669,7/22/2021,1947,COD,Delivered
O024670,CUST024671,R024670,3/18/2019,852,COD,Delivered
O024671,CUST024672,R024671,12/9/2022,1681,Card,Delivered
O024672,CUST024673,R024672,10/27/2021,1027,UPI,Delivered
O024673,CUST024674,R024673,2/25/2023,1090,Card,Delivered
O024674,CUST024675,R024674,2/5/2019,1156,Wallet,Delivered
O024675,CUST024676,R024675,9/23/2022,1426,Wallet,Delivered
O024676,CUST024677,R024676,8/14/2025,1086,COD,Delivered
O024677,CUST024678,R024677,9/11/2020,1331,Card,Delivered
O024678,CUST024679,R024678,3/12/2025,1645,COD,Delivered
O024679,CUST024680,R024679,3/6/2020,1137,UPI,Delivered
O024680,CUST024681,R024680,11/18/2019,1931,UPI,Delivered
O024681,CUST024682,R024681,7/18/2022,1356,Wallet,Delivered
O024682,CUST024683,R024682,10/17/2023,1607,Card,Delivered
O024683,CUST024684,R024683,3/12/2019,468,Card,Cancelled
O024684,CUST024685,R024684,10/21/2022,1979,UPI,Cancelled
O024685,CUST024686,R024685,8/21/2019,643,Card,Delivered
O024686,CUST024687,R024686,2/21/2025,1719,UPI,Delivered
O024687,CUST024688,R024687,9/28/2019,816,Wallet,Delivered
O024688,CUST024689,R024688,10/23/2024,518,Card,Delivered
O024689,CUST024690,R024689,10/24/2020,274,Card,Delivered
O024690,CUST024691,R024690,5/6/2021,694,COD,Delivered
O024691,CUST024692,R024691,2/1/2022,1846,UPI,Cancelled
O024692,CUST024693,R024692,10/22/2019,369,COD,Delivered
O024693,CUST024694,R024693,5/26/2020,231,COD,Delivered
O024694,CUST024695,R024694,5/20/2019,1037,COD,Delivered
O024695,CUST024696,R024695,7/7/2020,796,COD,Delivered
O024696,CUST024697,R024696,10/1/2025,706,COD,Delivered
O024697,CUST024698,R024697,6/9/2023,1212,Wallet,Delivered
O024698,CUST024699,R024698,1/17/2025,844,UPI,Delivered
O024699,CUST024700,R024699,4/24/2020,1082,Wallet,Delivered
O024700,CUST024701,R024700,8/16/2024,1905,UPI,Delivered
O024701,CUST024702,R024701,7/12/2023,762,Card,Delivered
O024702,CUST024703,R024702,2/14/2019,1792,UPI,Delivered
O024703,CUST024704,R024703,8/22/2025,1323,Card,Delivered
O024704,CUST024705,R024704,12/13/2022,1953,Wallet,Delivered
O024705,CUST024706,R024705,2/17/2023,1886,UPI,Delivered
O024706,CUST024707,R024706,8/21/2022,1793,COD,Delivered
O024707,CUST024708,R024707,4/15/2019,653,COD,Delivered
O024708,CUST024709,R024708,9/9/2022,1598,Card,Delivered
O024709,CUST024710,R024709,12/10/2020,322,COD,Delivered
O024710,CUST024711,R024710,9/4/2024,1003,Card,Delivered
O024711,CUST024712,R024711,6/27/2024,504,Wallet,Delivered
O024712,CUST024713,R024712,12/19/2022,703,COD,Delivered
O024713,CUST024714,R024713,5/13/2021,632,Wallet,Delivered
O024714,CUST024715,R024714,1/21/2023,871,Wallet,Delivered
O024715,CUST024716,R024715,9/9/2019,1452,Card,Delivered
O024716,CUST024717,R024716,2/3/2025,982,UPI,Cancelled
O024717,CUST024718,R024717,9/7/2021,1743,Wallet,Cancelled
O024718,CUST024719,R024718,4/18/2025,614,Wallet,Cancelled
O024719,CUST024720,R024719,5/2/2020,886,Card,Delivered
O024720,CUST024721,R024720,8/10/2021,313,UPI,Delivered
O024721,CUST024722,R024721,11/18/2024,1214,UPI,Cancelled
O024722,CUST024723,R024722,12/7/2022,1840,COD,Delivered
O024723,CUST024724,R024723,9/27/2024,1631,Card,Delivered
O024724,CUST024725,R024724,12/13/2025,975,Wallet,Delivered
O024725,CUST024726,R024725,11/14/2019,791,Card,Delivered
O024726,CUST024727,R024726,7/28/2025,851,Wallet,Delivered
O024727,CUST024728,R024727,9/22/2019,915,UPI,Delivered
O024728,CUST024729,R024728,2/12/2021,776,Card,Delivered
O024729,CUST024730,R024729,10/4/2025,1026,Card,Delivered
O024730,CUST024731,R024730,9/8/2019,1832,COD,Delivered
O024731,CUST024732,R024731,2/8/2019,658,Wallet,Delivered
O024732,CUST024733,R024732,9/3/2025,929,UPI,Delivered
O024733,CUST024734,R024733,7/13/2019,1369,UPI,Delivered
O024734,CUST024735,R024734,10/20/2022,1794,Card,Cancelled
O024735,CUST024736,R024735,8/8/2025,1928,Wallet,Delivered
O024736,CUST024737,R024736,11/14/2021,1675,UPI,Delivered
O024737,CUST024738,R024737,12/14/2025,1969,UPI,Delivered
O024738,CUST024739,R024738,9/22/2024,1420,UPI,Delivered
O024739,CUST024740,R024739,2/23/2025,511,COD,Delivered
O024740,CUST024741,R024740,10/19/2021,530,Card,Delivered
O024741,CUST024742,R024741,4/22/2023,392,Card,Delivered
O024742,CUST024743,R024742,3/19/2020,643,COD,Delivered
O024743,CUST024744,R024743,8/3/2019,559,Card,Delivered
O024744,CUST024745,R024744,5/3/2021,814,Wallet,Delivered
O024745,CUST024746,R024745,1/25/2021,546,Card,Delivered
O024746,CUST024747,R024746,1/22/2019,1160,Wallet,Delivered
O024747,CUST024748,R024747,10/14/2022,1410,COD,Delivered
O024748,CUST024749,R024748,6/10/2020,829,COD,Delivered
O024749,CUST024750,R024749,3/9/2019,1335,UPI,Delivered
O024750,CUST024751,R024750,8/8/2020,1586,Wallet,Delivered
O024751,CUST024752,R024751,11/6/2022,1036,Wallet,Delivered
O024752,CUST024753,R024752,10/18/2019,127,UPI,Delivered
O024753,CUST024754,R024753,9/14/2025,1202,UPI,Delivered
O024754,CUST024755,R024754,12/16/2025,544,UPI,Delivered
O024755,CUST024756,R024755,3/13/2020,1637,Card,Delivered
O024756,CUST024757,R024756,2/12/2019,175,Card,Cancelled
O024757,CUST024758,R024757,9/26/2025,605,Wallet,Delivered
O024758,CUST024759,R024758,11/28/2024,1218,UPI,Delivered
O024759,CUST024760,R024759,1/17/2019,537,COD,Delivered
O024760,CUST024761,R024760,2/25/2025,1793,COD,Delivered
O024761,CUST024762,R024761,6/16/2024,206,Card,Delivered
O024762,CUST024763,R024762,2/2/2023,712,Card,Delivered
O024763,CUST024764,R024763,1/28/2022,118,COD,Delivered
O024764,CUST024765,R024764,6/24/2019,1014,COD,Delivered
O024765,CUST024766,R024765,7/9/2024,515,Wallet,Delivered
O024766,CUST024767,R024766,1/20/2020,754,Wallet,Delivered
O024767,CUST024768,R024767,5/7/2020,1821,Card,Delivered
O024768,CUST024769,R024768,3/10/2023,168,UPI,Delivered
O024769,CUST024770,R024769,9/5/2025,1452,Wallet,Cancelled
O024770,CUST024771,R024770,4/17/2022,994,UPI,Delivered
O024771,CUST024772,R024771,11/8/2024,595,Wallet,Delivered
O024772,CUST024773,R024772,2/8/2023,196,Wallet,Delivered
O024773,CUST024774,R024773,6/19/2022,1453,Card,Delivered
O024774,CUST024775,R024774,2/10/2019,314,UPI,Delivered
O024775,CUST024776,R024775,2/25/2023,1515,UPI,Delivered
O024776,CUST024777,R024776,7/9/2022,1640,Card,Delivered
O024777,CUST024778,R024777,5/19/2023,674,Wallet,Delivered
O024778,CUST024779,R024778,7/3/2025,132,COD,Delivered
O024779,CUST024780,R024779,12/14/2020,370,Wallet,Delivered
O024780,CUST024781,R024780,5/4/2022,548,Card,Delivered
O024781,CUST024782,R024781,5/20/2020,1685,COD,Delivered
O024782,CUST024783,R024782,12/28/2020,1113,Card,Delivered
O024783,CUST024784,R024783,1/26/2020,611,Wallet,Cancelled
O024784,CUST024785,R024784,7/2/2019,876,COD,Delivered
O024785,CUST024786,R024785,6/3/2020,824,COD,Delivered
O024786,CUST024787,R024786,7/1/2022,547,UPI,Delivered
O024787,CUST024788,R024787,6/7/2019,1875,COD,Delivered
O024788,CUST024789,R024788,7/6/2023,1130,Wallet,Cancelled
O024789,CUST024790,R024789,4/6/2019,1256,Card,Cancelled
O024790,CUST024791,R024790,1/14/2025,1303,UPI,Delivered
O024791,CUST024792,R024791,12/13/2023,1693,COD,Delivered
O024792,CUST024793,R024792,8/8/2022,1925,Card,Delivered
O024793,CUST024794,R024793,7/14/2024,767,Card,Delivered
O024794,CUST024795,R024794,1/14/2022,320,COD,Delivered
O024795,CUST024796,R024795,8/1/2023,443,Card,Delivered
O024796,CUST024797,R024796,1/27/2025,698,Wallet,Delivered
O024797,CUST024798,R024797,2/3/2024,920,Card,Delivered
O024798,CUST024799,R024798,1/21/2023,869,Wallet,Delivered
O024799,CUST024800,R024799,3/2/2025,591,Wallet,Delivered
O024800,CUST024801,R024800,5/8/2024,1029,Wallet,Delivered
O024801,CUST024802,R024801,9/15/2023,1218,Wallet,Delivered
O024802,CUST024803,R024802,8/6/2024,1475,Wallet,Delivered
O024803,CUST024804,R024803,6/1/2019,1347,UPI,Delivered
O024804,CUST024805,R024804,4/13/2021,1641,UPI,Delivered
O024805,CUST024806,R024805,4/10/2022,1080,UPI,Delivered
O024806,CUST024807,R024806,11/14/2022,427,Card,Delivered
O024807,CUST024808,R024807,1/18/2025,1837,Wallet,Cancelled
O024808,CUST024809,R024808,2/10/2023,1965,UPI,Delivered
O024809,CUST024810,R024809,3/14/2021,314,Card,Delivered
O024810,CUST024811,R024810,5/26/2019,1593,Card,Delivered
O024811,CUST024812,R024811,7/22/2023,660,COD,Delivered
O024812,CUST024813,R024812,11/24/2020,206,UPI,Cancelled
O024813,CUST024814,R024813,12/17/2021,820,Wallet,Delivered
O024814,CUST024815,R024814,5/9/2025,1326,Card,Delivered
O024815,CUST024816,R024815,3/1/2024,246,COD,Cancelled
O024816,CUST024817,R024816,7/26/2021,963,Wallet,Delivered
O024817,CUST024818,R024817,8/8/2025,1257,COD,Delivered
O024818,CUST024819,R024818,2/21/2022,697,Wallet,Delivered
O024819,CUST024820,R024819,6/9/2022,1945,COD,Delivered
O024820,CUST024821,R024820,4/13/2020,608,UPI,Delivered
O024821,CUST024822,R024821,11/11/2019,1581,Wallet,Delivered
O024822,CUST024823,R024822,11/8/2023,1309,UPI,Delivered
O024823,CUST024824,R024823,3/7/2024,1209,UPI,Delivered
O024824,CUST024825,R024824,10/17/2025,805,Wallet,Delivered
O024825,CUST024826,R024825,7/21/2024,878,UPI,Delivered
O024826,CUST024827,R024826,8/12/2023,437,Card,Cancelled
O024827,CUST024828,R024827,3/24/2025,1955,Wallet,Delivered
O024828,CUST024829,R024828,9/11/2024,1335,Card,Delivered
O024829,CUST024830,R024829,1/21/2023,195,Wallet,Delivered
O024830,CUST024831,R024830,8/24/2024,1459,Card,Cancelled
O024831,CUST024832,R024831,12/17/2019,1961,COD,Delivered
O024832,CUST024833,R024832,6/25/2021,243,Card,Delivered
O024833,CUST024834,R024833,10/16/2019,1872,COD,Delivered
O024834,CUST024835,R024834,6/28/2025,1305,UPI,Delivered
O024835,CUST024836,R024835,2/24/2020,1509,COD,Delivered
O024836,CUST024837,R024836,7/26/2023,397,Wallet,Delivered
O024837,CUST024838,R024837,6/5/2019,1005,COD,Delivered
O024838,CUST024839,R024838,12/25/2021,1969,COD,Delivered
O024839,CUST024840,R024839,7/28/2019,1570,Wallet,Delivered
O024840,CUST024841,R024840,2/12/2023,625,Wallet,Cancelled
O024841,CUST024842,R024841,11/6/2025,951,UPI,Delivered
O024842,CUST024843,R024842,1/9/2022,998,Wallet,Delivered
O024843,CUST024844,R024843,12/5/2022,1119,UPI,Delivered
O024844,CUST024845,R024844,8/11/2021,1792,Wallet,Delivered
O024845,CUST024846,R024845,1/12/2019,1761,UPI,Delivered
O024846,CUST024847,R024846,6/10/2021,1489,COD,Delivered
O024847,CUST024848,R024847,10/25/2025,1933,Wallet,Delivered
O024848,CUST024849,R024848,3/6/2020,1169,UPI,Delivered
O024849,CUST024850,R024849,11/20/2020,188,UPI,Delivered
O024850,CUST024851,R024850,11/15/2019,622,COD,Delivered
O024851,CUST024852,R024851,6/26/2021,1759,Card,Delivered
O024852,CUST024853,R024852,3/23/2021,297,COD,Delivered
O024853,CUST024854,R024853,11/22/2019,285,COD,Delivered
O024854,CUST024855,R024854,11/3/2020,1060,Card,Delivered
O024855,CUST024856,R024855,10/19/2020,615,COD,Delivered
O024856,CUST024857,R024856,1/2/2024,729,Wallet,Delivered
O024857,CUST024858,R024857,7/6/2025,520,Wallet,Delivered
O024858,CUST024859,R024858,2/22/2019,1421,Wallet,Delivered
O024859,CUST024860,R024859,5/4/2021,1105,Wallet,Delivered
O024860,CUST024861,R024860,4/6/2025,1723,Wallet,Delivered
O024861,CUST024862,R024861,7/7/2022,785,UPI,Delivered
O024862,CUST024863,R024862,2/15/2022,860,UPI,Delivered
O024863,CUST024864,R024863,9/1/2019,710,COD,Delivered
O024864,CUST024865,R024864,10/27/2019,393,UPI,Delivered
O024865,CUST024866,R024865,5/13/2020,341,COD,Delivered
O024866,CUST024867,R024866,3/22/2024,330,Card,Delivered
O024867,CUST024868,R024867,2/4/2023,258,Card,Delivered
O024868,CUST024869,R024868,2/19/2025,658,COD,Delivered
O024869,CUST024870,R024869,1/3/2024,947,COD,Delivered
O024870,CUST024871,R024870,9/22/2021,565,UPI,Delivered
O024871,CUST024872,R024871,4/2/2022,942,Card,Delivered
O024872,CUST024873,R024872,5/6/2019,308,Wallet,Cancelled
O024873,CUST024874,R024873,4/6/2025,1768,UPI,Delivered
O024874,CUST024875,R024874,4/10/2020,1321,COD,Delivered
O024875,CUST024876,R024875,8/3/2023,905,UPI,Delivered
O024876,CUST024877,R024876,8/2/2024,326,UPI,Delivered
O024877,CUST024878,R024877,2/22/2025,1065,Wallet,Delivered
O024878,CUST024879,R024878,1/7/2021,133,Card,Delivered
O024879,CUST024880,R024879,3/17/2023,1847,Wallet,Delivered
O024880,CUST024881,R024880,8/13/2023,1949,COD,Delivered
O024881,CUST024882,R024881,8/21/2022,318,UPI,Delivered
O024882,CUST024883,R024882,9/25/2019,1620,Card,Delivered
O024883,CUST024884,R024883,1/19/2021,181,Wallet,Delivered
O024884,CUST024885,R024884,12/24/2024,986,Wallet,Delivered
O024885,CUST024886,R024885,11/17/2021,1826,COD,Delivered
O024886,CUST024887,R024886,7/1/2020,1428,Card,Delivered
O024887,CUST024888,R024887,3/4/2020,223,Card,Cancelled
O024888,CUST024889,R024888,4/25/2025,515,Wallet,Cancelled
O024889,CUST024890,R024889,12/25/2020,1320,Wallet,Delivered
O024890,CUST024891,R024890,8/3/2025,682,Wallet,Delivered
O024891,CUST024892,R024891,2/9/2021,1693,Wallet,Delivered
O024892,CUST024893,R024892,4/13/2025,574,COD,Cancelled
O024893,CUST024894,R024893,7/8/2025,1566,Card,Delivered
O024894,CUST024895,R024894,2/8/2023,947,Wallet,Delivered
O024895,CUST024896,R024895,2/7/2024,1236,Wallet,Delivered
O024896,CUST024897,R024896,9/13/2023,1741,Wallet,Delivered
O024897,CUST024898,R024897,4/18/2021,808,Card,Delivered
O024898,CUST024899,R024898,7/12/2023,812,UPI,Delivered
O024899,CUST024900,R024899,1/12/2024,1251,Wallet,Delivered
O024900,CUST024901,R024900,11/2/2024,977,UPI,Delivered
O024901,CUST024902,R024901,5/20/2021,1270,Wallet,Delivered
O024902,CUST024903,R024902,3/7/2019,1143,Wallet,Delivered
O024903,CUST024904,R024903,7/16/2022,1394,Card,Delivered
O024904,CUST024905,R024904,5/20/2020,1521,UPI,Delivered
O024905,CUST024906,R024905,7/11/2025,1329,UPI,Delivered
O024906,CUST024907,R024906,9/18/2024,377,Card,Delivered
O024907,CUST024908,R024907,8/19/2020,1627,UPI,Delivered
O024908,CUST024909,R024908,4/18/2023,1947,COD,Delivered
O024909,CUST024910,R024909,8/24/2025,1738,COD,Delivered
O024910,CUST024911,R024910,11/16/2025,469,Card,Delivered
O024911,CUST024912,R024911,7/1/2020,428,Card,Delivered
O024912,CUST024913,R024912,7/27/2025,867,COD,Delivered
O024913,CUST024914,R024913,3/25/2021,594,Wallet,Delivered
O024914,CUST024915,R024914,8/15/2023,1899,COD,Delivered
O024915,CUST024916,R024915,12/17/2024,803,COD,Delivered
O024916,CUST024917,R024916,3/11/2024,1184,COD,Delivered
O024917,CUST024918,R024917,6/1/2022,1628,UPI,Delivered
O024918,CUST024919,R024918,3/6/2019,1120,Wallet,Delivered
O024919,CUST024920,R024919,4/13/2024,1049,UPI,Delivered
O024920,CUST024921,R024920,2/28/2021,1281,Card,Cancelled
O024921,CUST024922,R024921,7/22/2020,1564,Wallet,Delivered
O024922,CUST024923,R024922,2/5/2025,1355,Card,Delivered
O024923,CUST024924,R024923,4/13/2025,1986,UPI,Delivered
O024924,CUST024925,R024924,10/24/2022,1099,Card,Delivered
O024925,CUST024926,R024925,4/8/2019,1861,Card,Delivered
O024926,CUST024927,R024926,11/19/2023,211,UPI,Delivered
O024927,CUST024928,R024927,5/24/2021,280,Card,Delivered
O024928,CUST024929,R024928,3/12/2019,419,COD,Delivered
O024929,CUST024930,R024929,2/6/2021,1856,Card,Delivered
O024930,CUST024931,R024930,12/16/2024,1245,Card,Delivered
O024931,CUST024932,R024931,9/7/2019,737,Card,Delivered
O024932,CUST024933,R024932,2/25/2024,1092,UPI,Delivered
O024933,CUST024934,R024933,1/23/2024,1325,UPI,Delivered
O024934,CUST024935,R024934,11/23/2025,763,UPI,Delivered
O024935,CUST024936,R024935,10/6/2021,1399,Card,Delivered
O024936,CUST024937,R024936,8/14/2023,308,Wallet,Delivered
O024937,CUST024938,R024937,9/12/2020,1571,Card,Delivered
O024938,CUST024939,R024938,3/9/2024,1949,Wallet,Delivered
O024939,CUST024940,R024939,11/22/2019,1267,Card,Delivered
O024940,CUST024941,R024940,9/25/2019,323,COD,Delivered
O024941,CUST024942,R024941,6/21/2021,463,UPI,Delivered
O024942,CUST024943,R024942,4/21/2024,1900,COD,Delivered
O024943,CUST024944,R024943,4/17/2020,1333,COD,Delivered
O024944,CUST024945,R024944,1/8/2024,1792,Card,Delivered
O024945,CUST024946,R024945,3/26/2024,883,Wallet,Delivered
O024946,CUST024947,R024946,5/23/2022,942,Card,Delivered
O024947,CUST024948,R024947,4/4/2023,1045,Wallet,Delivered
O024948,CUST024949,R024948,1/1/2023,1059,Wallet,Delivered
O024949,CUST024950,R024949,12/8/2020,937,COD,Delivered
O024950,CUST024951,R024950,9/9/2022,1188,Card,Delivered
O024951,CUST024952,R024951,9/11/2024,1566,COD,Delivered
O024952,CUST024953,R024952,12/4/2019,921,UPI,Delivered
O024953,CUST024954,R024953,1/19/2022,1884,UPI,Delivered
O024954,CUST024955,R024954,2/15/2022,1266,Wallet,Delivered
O024955,CUST024956,R024955,4/16/2024,1517,Card,Delivered
O024956,CUST024957,R024956,12/11/2022,426,Card,Delivered
O024957,CUST024958,R024957,5/18/2025,1943,UPI,Delivered
O024958,CUST024959,R024958,11/20/2019,500,Card,Delivered
O024959,CUST024960,R024959,9/20/2022,1570,UPI,Delivered
O024960,CUST024961,R024960,12/27/2025,661,COD,Delivered
O024961,CUST024962,R024961,9/23/2020,1687,COD,Delivered
O024962,CUST024963,R024962,1/18/2020,597,COD,Delivered
O024963,CUST024964,R024963,9/3/2022,978,COD,Delivered
O024964,CUST024965,R024964,5/5/2019,292,Card,Delivered
O024965,CUST024966,R024965,4/27/2023,711,COD,Delivered
O024966,CUST024967,R024966,4/14/2024,612,COD,Delivered
O024967,CUST024968,R024967,7/25/2021,990,Card,Delivered
O024968,CUST024969,R024968,8/6/2023,710,Card,Delivered
O024969,CUST024970,R024969,7/28/2023,626,Wallet,Delivered
O024970,CUST024971,R024970,9/9/2024,1133,Wallet,Delivered
O024971,CUST024972,R024971,3/16/2023,744,Wallet,Delivered
O024972,CUST024973,R024972,7/23/2019,802,COD,Delivered
O024973,CUST024974,R024973,1/15/2021,1750,COD,Delivered
O024974,CUST024975,R024974,9/11/2019,353,UPI,Delivered
O024975,CUST024976,R024975,4/6/2024,1687,UPI,Delivered
O024976,CUST024977,R024976,4/20/2020,1222,Card,Delivered
O024977,CUST024978,R024977,3/11/2025,1809,Wallet,Cancelled
O024978,CUST024979,R024978,4/15/2021,1802,UPI,Delivered
O024979,CUST024980,R024979,6/23/2021,1702,Card,Delivered
O024980,CUST024981,R024980,7/13/2019,606,COD,Delivered
O024981,CUST024982,R024981,12/7/2019,1382,Card,Delivered
O024982,CUST024983,R024982,1/9/2023,243,COD,Delivered
O024983,CUST024984,R024983,9/3/2024,923,UPI,Delivered
O024984,CUST024985,R024984,9/25/2023,355,Wallet,Delivered
O024985,CUST024986,R024985,6/18/2023,593,COD,Delivered
O024986,CUST024987,R024986,4/10/2022,522,COD,Delivered
O024987,CUST024988,R024987,6/20/2024,461,COD,Delivered
O024988,CUST024989,R024988,5/3/2019,1303,Card,Delivered
O024989,CUST024990,R024989,12/1/2021,838,UPI,Cancelled
O024990,CUST024991,R024990,6/6/2020,1470,Wallet,Delivered
O024991,CUST024992,R024991,10/16/2021,573,Wallet,Delivered
O024992,CUST024993,R024992,12/4/2021,795,Card,Cancelled
O024993,CUST024994,R024993,11/8/2023,222,Wallet,Delivered
O024994,CUST024995,R024994,6/17/2019,1173,UPI,Delivered
O024995,CUST024996,R024995,8/4/2023,1804,Card,Delivered
O024996,CUST024997,R024996,5/25/2025,1551,UPI,Delivered
O024997,CUST024998,R024997,11/12/2019,462,COD,Delivered
O024998,CUST024999,R024998,2/13/2025,210,Wallet,Delivered
O024999,CUST025000,R024999,6/22/2021,138,Card,Delivered
O025000,CUST025001,R025000,9/15/2019,125,UPI,Delivered
O025001,CUST025002,R025001,3/5/2023,632,Card,Delivered
O025002,CUST025003,R025002,8/24/2023,883,UPI,Delivered
O025003,CUST025004,R025003,2/6/2023,1688,COD,Delivered
O025004,CUST025005,R025004,7/4/2025,616,Wallet,Delivered
O025005,CUST025006,R025005,12/5/2023,882,Wallet,Delivered
O025006,CUST025007,R025006,7/11/2021,1279,Wallet,Delivered
O025007,CUST025008,R025007,2/17/2022,1709,UPI,Delivered
O025008,CUST025009,R025008,5/7/2021,1848,Wallet,Cancelled
O025009,CUST025010,R025009,10/14/2024,1639,UPI,Cancelled
O025010,CUST025011,R025010,3/13/2024,551,UPI,Delivered
O025011,CUST025012,R025011,4/21/2021,1266,Wallet,Delivered
O025012,CUST025013,R025012,10/22/2019,356,Card,Delivered
O025013,CUST025014,R025013,10/16/2019,170,Card,Delivered
O025014,CUST025015,R025014,12/21/2019,293,Card,Delivered
O025015,CUST025016,R025015,2/17/2025,499,COD,Delivered
O025016,CUST025017,R025016,10/1/2024,409,Card,Cancelled
O025017,CUST025018,R025017,3/1/2022,915,COD,Delivered
O025018,CUST025019,R025018,8/28/2025,499,Card,Delivered
O025019,CUST025020,R025019,12/21/2019,939,Wallet,Delivered
O025020,CUST025021,R025020,10/12/2024,1325,COD,Delivered
O025021,CUST025022,R025021,9/8/2022,749,COD,Delivered
O025022,CUST025023,R025022,6/8/2025,1256,Wallet,Delivered
O025023,CUST025024,R025023,10/8/2024,1545,UPI,Delivered
O025024,CUST025025,R025024,2/4/2021,925,Wallet,Delivered
O025025,CUST025026,R025025,2/17/2022,1873,Wallet,Delivered
O025026,CUST025027,R025026,10/13/2021,799,UPI,Delivered
O025027,CUST025028,R025027,12/15/2019,400,UPI,Delivered
O025028,CUST025029,R025028,5/12/2020,1171,Card,Delivered
O025029,CUST025030,R025029,12/10/2020,1970,UPI,Delivered
O025030,CUST025031,R025030,11/24/2023,707,UPI,Delivered
O025031,CUST025032,R025031,2/1/2025,1128,UPI,Delivered
O025032,CUST025033,R025032,8/15/2021,734,COD,Delivered
O025033,CUST025034,R025033,9/7/2021,1996,COD,Delivered
O025034,CUST025035,R025034,2/17/2022,366,Card,Delivered
O025035,CUST025036,R025035,10/5/2025,872,UPI,Delivered
O025036,CUST025037,R025036,6/2/2019,1933,COD,Delivered
O025037,CUST025038,R025037,7/27/2020,793,Card,Delivered
O025038,CUST025039,R025038,3/8/2019,405,COD,Delivered
O025039,CUST025040,R025039,6/18/2021,350,Wallet,Delivered
O025040,CUST025041,R025040,6/6/2023,1677,Card,Cancelled
O025041,CUST025042,R025041,2/10/2019,1925,UPI,Delivered
O025042,CUST025043,R025042,1/1/2024,1348,Wallet,Delivered
O025043,CUST025044,R025043,9/15/2025,1139,Wallet,Delivered
O025044,CUST025045,R025044,11/9/2020,504,Wallet,Delivered
O025045,CUST025046,R025045,10/6/2020,111,Wallet,Delivered
O025046,CUST025047,R025046,1/18/2024,1374,Card,Delivered
O025047,CUST025048,R025047,8/8/2024,278,Card,Delivered
O025048,CUST025049,R025048,5/24/2022,1298,Wallet,Cancelled
O025049,CUST025050,R025049,6/8/2023,1549,Card,Delivered
O025050,CUST025051,R025050,1/18/2024,584,Wallet,Delivered
O025051,CUST025052,R025051,1/17/2025,1923,Card,Delivered
O025052,CUST025053,R025052,9/13/2023,1910,COD,Delivered
O025053,CUST025054,R025053,10/3/2025,405,Card,Delivered
O025054,CUST025055,R025054,8/19/2019,1542,COD,Delivered
O025055,CUST025056,R025055,6/26/2024,964,UPI,Delivered
O025056,CUST025057,R025056,10/24/2019,754,Wallet,Delivered
O025057,CUST025058,R025057,10/4/2024,591,COD,Delivered
O025058,CUST025059,R025058,6/28/2022,740,COD,Delivered
O025059,CUST025060,R025059,11/27/2022,467,UPI,Cancelled
O025060,CUST025061,R025060,3/3/2019,1795,COD,Delivered
O025061,CUST025062,R025061,2/6/2025,1089,Wallet,Delivered
O025062,CUST025063,R025062,7/5/2025,1210,UPI,Cancelled
O025063,CUST025064,R025063,1/12/2024,1212,Wallet,Cancelled
O025064,CUST025065,R025064,1/11/2019,1544,UPI,Delivered
O025065,CUST025066,R025065,1/8/2020,1526,UPI,Delivered
O025066,CUST025067,R025066,11/13/2025,1966,UPI,Delivered
O025067,CUST025068,R025067,7/13/2019,1650,Card,Delivered
O025068,CUST025069,R025068,2/21/2025,1766,UPI,Delivered
O025069,CUST025070,R025069,7/19/2024,371,Wallet,Delivered
O025070,CUST025071,R025070,6/27/2019,382,UPI,Delivered
O025071,CUST025072,R025071,11/10/2020,827,COD,Delivered
O025072,CUST025073,R025072,3/28/2020,510,COD,Delivered
O025073,CUST025074,R025073,8/6/2019,950,Wallet,Delivered
O025074,CUST025075,R025074,6/9/2019,1134,Wallet,Delivered
O025075,CUST025076,R025075,10/6/2021,1254,Wallet,Delivered
O025076,CUST025077,R025076,10/1/2020,1300,Wallet,Delivered
O025077,CUST025078,R025077,2/12/2019,1556,COD,Delivered
O025078,CUST025079,R025078,5/8/2024,682,UPI,Delivered
O025079,CUST025080,R025079,7/14/2021,284,UPI,Cancelled
O025080,CUST025081,R025080,7/15/2024,1731,Wallet,Cancelled
O025081,CUST025082,R025081,12/8/2024,1854,UPI,Delivered
O025082,CUST025083,R025082,10/12/2022,416,UPI,Delivered
O025083,CUST025084,R025083,2/27/2022,1438,Card,Delivered
O025084,CUST025085,R025084,2/21/2025,443,COD,Delivered
O025085,CUST025086,R025085,9/23/2023,170,UPI,Delivered
O025086,CUST025087,R025086,2/15/2019,741,Wallet,Cancelled
O025087,CUST025088,R025087,6/3/2019,1241,UPI,Delivered
O025088,CUST025089,R025088,6/28/2023,155,COD,Delivered
O025089,CUST025090,R025089,2/23/2024,916,Wallet,Delivered
O025090,CUST025091,R025090,5/7/2021,1217,Card,Delivered
O025091,CUST025092,R025091,7/20/2023,298,Wallet,Delivered
O025092,CUST025093,R025092,2/8/2023,1800,COD,Delivered
O025093,CUST025094,R025093,3/11/2021,459,Wallet,Delivered
O025094,CUST025095,R025094,9/10/2019,1471,Wallet,Delivered
O025095,CUST025096,R025095,5/7/2022,1087,UPI,Delivered
O025096,CUST025097,R025096,7/9/2022,1060,UPI,Delivered
O025097,CUST025098,R025097,6/15/2022,661,Wallet,Delivered
O025098,CUST025099,R025098,5/17/2024,799,Wallet,Delivered
O025099,CUST025100,R025099,9/10/2019,401,COD,Delivered
O025100,CUST025101,R025100,12/18/2021,1912,UPI,Delivered
O025101,CUST025102,R025101,1/9/2020,1672,Card,Delivered
O025102,CUST025103,R025102,2/20/2019,533,UPI,Delivered
O025103,CUST025104,R025103,4/1/2021,1845,Card,Cancelled
O025104,CUST025105,R025104,5/22/2025,1859,Card,Delivered
O025105,CUST025106,R025105,6/2/2020,100,UPI,Delivered
O025106,CUST025107,R025106,9/21/2021,1723,COD,Delivered
O025107,CUST025108,R025107,12/26/2022,1151,UPI,Delivered
O025108,CUST025109,R025108,4/23/2020,1653,COD,Delivered
O025109,CUST025110,R025109,10/25/2023,292,Wallet,Delivered
O025110,CUST025111,R025110,6/3/2021,862,COD,Delivered
O025111,CUST025112,R025111,11/23/2020,1889,COD,Delivered
O025112,CUST025113,R025112,9/26/2025,1485,Wallet,Delivered
O025113,CUST025114,R025113,3/6/2021,1101,Wallet,Delivered
O025114,CUST025115,R025114,1/4/2025,905,UPI,Delivered
O025115,CUST025116,R025115,6/8/2023,908,COD,Delivered
O025116,CUST025117,R025116,2/4/2025,1033,Wallet,Cancelled
O025117,CUST025118,R025117,7/10/2024,1713,Wallet,Delivered
O025118,CUST025119,R025118,11/6/2024,1662,UPI,Delivered
O025119,CUST025120,R025119,1/9/2025,1383,Card,Delivered
O025120,CUST025121,R025120,1/23/2024,1778,Wallet,Cancelled
O025121,CUST025122,R025121,6/4/2023,1270,UPI,Delivered
O025122,CUST025123,R025122,11/22/2024,1810,UPI,Delivered
O025123,CUST025124,R025123,10/13/2019,522,COD,Delivered
O025124,CUST025125,R025124,1/24/2022,1679,Card,Delivered
O025125,CUST025126,R025125,1/21/2022,212,COD,Delivered
O025126,CUST025127,R025126,9/16/2022,195,COD,Delivered
O025127,CUST025128,R025127,12/27/2025,1013,Card,Delivered
O025128,CUST025129,R025128,7/18/2023,573,COD,Delivered
O025129,CUST025130,R025129,10/1/2022,649,COD,Delivered
O025130,CUST025131,R025130,3/5/2019,441,COD,Delivered
O025131,CUST025132,R025131,9/21/2023,1278,Wallet,Cancelled
O025132,CUST025133,R025132,4/4/2020,999,Wallet,Cancelled
O025133,CUST025134,R025133,3/5/2021,1438,UPI,Delivered
O025134,CUST025135,R025134,8/6/2025,887,Wallet,Cancelled
O025135,CUST025136,R025135,11/17/2024,711,Wallet,Delivered
O025136,CUST025137,R025136,6/7/2021,138,Card,Delivered
O025137,CUST025138,R025137,12/19/2025,1766,COD,Delivered
O025138,CUST025139,R025138,11/4/2022,1773,COD,Delivered
O025139,CUST025140,R025139,9/10/2022,1712,Card,Delivered
O025140,CUST025141,R025140,1/24/2020,167,Card,Delivered
O025141,CUST025142,R025141,11/12/2020,617,COD,Delivered
O025142,CUST025143,R025142,10/2/2020,738,UPI,Delivered
O025143,CUST025144,R025143,9/20/2020,485,Wallet,Delivered
O025144,CUST025145,R025144,7/28/2021,793,Card,Delivered
O025145,CUST025146,R025145,4/4/2020,154,Wallet,Delivered
O025146,CUST025147,R025146,7/6/2019,1657,UPI,Delivered
O025147,CUST025148,R025147,11/7/2021,1466,COD,Delivered
O025148,CUST025149,R025148,1/4/2021,755,UPI,Delivered
O025149,CUST025150,R025149,12/28/2019,182,Wallet,Delivered
O025150,CUST025151,R025150,4/20/2023,922,Wallet,Delivered
O025151,CUST025152,R025151,2/6/2025,1818,Card,Delivered
O025152,CUST025153,R025152,1/11/2019,1799,Wallet,Delivered
O025153,CUST025154,R025153,11/11/2025,1859,Card,Delivered
O025154,CUST025155,R025154,8/19/2024,234,Wallet,Delivered
O025155,CUST025156,R025155,9/25/2020,1540,UPI,Delivered
O025156,CUST025157,R025156,12/15/2022,144,Wallet,Delivered
O025157,CUST025158,R025157,11/23/2025,944,UPI,Delivered
O025158,CUST025159,R025158,2/16/2020,1672,COD,Delivered
O025159,CUST025160,R025159,7/28/2019,1274,Card,Delivered
O025160,CUST025161,R025160,12/4/2023,198,Card,Cancelled
O025161,CUST025162,R025161,12/27/2024,415,Wallet,Delivered
O025162,CUST025163,R025162,7/23/2021,1177,Wallet,Delivered
O025163,CUST025164,R025163,2/1/2022,538,Wallet,Delivered
O025164,CUST025165,R025164,4/7/2020,1608,COD,Delivered
O025165,CUST025166,R025165,5/6/2025,527,COD,Cancelled
O025166,CUST025167,R025166,2/6/2020,1519,Card,Delivered
O025167,CUST025168,R025167,6/6/2024,862,Wallet,Delivered
O025168,CUST025169,R025168,3/6/2020,1156,Wallet,Delivered
O025169,CUST025170,R025169,9/12/2019,1662,UPI,Delivered
O025170,CUST025171,R025170,2/18/2020,1573,COD,Delivered
O025171,CUST025172,R025171,2/11/2020,1332,Card,Delivered
O025172,CUST025173,R025172,3/23/2021,1901,Card,Delivered
O025173,CUST025174,R025173,2/13/2025,1889,Wallet,Delivered
O025174,CUST025175,R025174,2/1/2019,1933,COD,Delivered
O025175,CUST025176,R025175,2/18/2021,1043,UPI,Cancelled
O025176,CUST025177,R025176,9/14/2021,1288,Card,Delivered
O025177,CUST025178,R025177,3/18/2021,1430,UPI,Delivered
O025178,CUST025179,R025178,10/6/2022,1239,Wallet,Delivered
O025179,CUST025180,R025179,8/17/2024,330,Card,Delivered
O025180,CUST025181,R025180,3/17/2023,207,UPI,Delivered
O025181,CUST025182,R025181,8/16/2019,1868,Card,Delivered
O025182,CUST025183,R025182,11/23/2025,1659,COD,Delivered
O025183,CUST025184,R025183,6/15/2022,384,Card,Delivered
O025184,CUST025185,R025184,6/1/2019,316,Card,Delivered
O025185,CUST025186,R025185,6/21/2020,756,COD,Delivered
O025186,CUST025187,R025186,4/23/2023,701,Wallet,Delivered
O025187,CUST025188,R025187,1/14/2023,1756,COD,Delivered
O025188,CUST025189,R025188,2/15/2025,659,COD,Delivered
O025189,CUST025190,R025189,8/9/2024,904,COD,Cancelled
O025190,CUST025191,R025190,8/27/2021,1263,UPI,Cancelled
O025191,CUST025192,R025191,9/28/2022,1030,Wallet,Delivered
O025192,CUST025193,R025192,4/11/2019,963,UPI,Delivered
O025193,CUST025194,R025193,5/26/2025,1201,UPI,Delivered
O025194,CUST025195,R025194,5/18/2020,1528,COD,Delivered
O025195,CUST025196,R025195,8/4/2023,1276,Card,Cancelled
O025196,CUST025197,R025196,7/12/2024,1900,UPI,Delivered
O025197,CUST025198,R025197,3/23/2025,945,UPI,Cancelled
O025198,CUST025199,R025198,12/7/2022,373,Card,Delivered
O025199,CUST025200,R025199,11/18/2023,361,UPI,Delivered
O025200,CUST025201,R025200,6/23/2024,136,Card,Delivered
O025201,CUST025202,R025201,6/9/2022,275,Card,Delivered
O025202,CUST025203,R025202,4/3/2019,1707,Card,Delivered
O025203,CUST025204,R025203,3/22/2021,879,UPI,Delivered
O025204,CUST025205,R025204,7/2/2024,689,UPI,Delivered
O025205,CUST025206,R025205,11/23/2021,580,Wallet,Delivered
O025206,CUST025207,R025206,1/20/2020,818,COD,Delivered
O025207,CUST025208,R025207,9/15/2020,256,Card,Delivered
O025208,CUST025209,R025208,11/27/2025,929,Card,Delivered
O025209,CUST025210,R025209,11/6/2021,1988,COD,Delivered
O025210,CUST025211,R025210,8/4/2025,1481,UPI,Delivered
O025211,CUST025212,R025211,8/8/2025,1795,UPI,Delivered
O025212,CUST025213,R025212,3/19/2021,1416,UPI,Cancelled
O025213,CUST025214,R025213,9/24/2022,224,COD,Delivered
O025214,CUST025215,R025214,9/20/2020,320,UPI,Delivered
O025215,CUST025216,R025215,10/19/2020,1751,COD,Delivered
O025216,CUST025217,R025216,6/15/2019,923,COD,Delivered
O025217,CUST025218,R025217,7/3/2024,1745,UPI,Cancelled
O025218,CUST025219,R025218,10/24/2019,668,Wallet,Delivered
O025219,CUST025220,R025219,9/21/2022,862,Card,Delivered
O025220,CUST025221,R025220,11/2/2024,965,Card,Delivered
O025221,CUST025222,R025221,12/28/2024,974,Wallet,Delivered
O025222,CUST025223,R025222,10/8/2019,890,COD,Delivered
O025223,CUST025224,R025223,12/6/2021,1141,Card,Delivered
O025224,CUST025225,R025224,10/9/2020,1416,COD,Delivered
O025225,CUST025226,R025225,9/3/2024,1033,Wallet,Delivered
O025226,CUST025227,R025226,5/19/2024,1742,UPI,Delivered
O025227,CUST025228,R025227,4/15/2020,992,Wallet,Delivered
O025228,CUST025229,R025228,5/13/2022,1411,Card,Delivered
O025229,CUST025230,R025229,3/9/2024,1917,Card,Delivered
O025230,CUST025231,R025230,1/12/2024,1790,UPI,Delivered
O025231,CUST025232,R025231,10/19/2019,459,Card,Cancelled
O025232,CUST025233,R025232,12/16/2024,1533,UPI,Delivered
O025233,CUST025234,R025233,3/25/2020,581,COD,Delivered
O025234,CUST025235,R025234,3/24/2021,1603,COD,Delivered
O025235,CUST025236,R025235,8/17/2024,507,Card,Delivered
O025236,CUST025237,R025236,12/3/2023,756,COD,Delivered
O025237,CUST025238,R025237,10/4/2023,187,Card,Delivered
O025238,CUST025239,R025238,5/25/2025,824,Wallet,Delivered
O025239,CUST025240,R025239,4/13/2023,469,Wallet,Delivered
O025240,CUST025241,R025240,10/24/2020,1268,COD,Delivered
O025241,CUST025242,R025241,5/8/2019,1027,COD,Delivered
O025242,CUST025243,R025242,6/4/2019,689,UPI,Delivered
O025243,CUST025244,R025243,5/9/2024,1406,Wallet,Delivered
O025244,CUST025245,R025244,12/20/2021,659,Wallet,Delivered
O025245,CUST025246,R025245,1/28/2025,722,COD,Delivered
O025246,CUST025247,R025246,10/13/2019,1715,COD,Delivered
O025247,CUST025248,R025247,7/12/2025,835,UPI,Delivered
O025248,CUST025249,R025248,7/5/2023,1596,Wallet,Cancelled
O025249,CUST025250,R025249,8/19/2024,1131,UPI,Delivered
O025250,CUST025251,R025250,7/7/2020,1768,Wallet,Delivered
O025251,CUST025252,R025251,4/14/2022,1957,Wallet,Delivered
O025252,CUST025253,R025252,2/22/2022,1558,Card,Cancelled
O025253,CUST025254,R025253,6/12/2021,457,COD,Delivered
O025254,CUST025255,R025254,3/6/2025,1228,Card,Delivered
O025255,CUST025256,R025255,7/7/2021,1778,COD,Delivered
O025256,CUST025257,R025256,12/26/2023,643,UPI,Delivered
O025257,CUST025258,R025257,5/23/2020,275,COD,Delivered
O025258,CUST025259,R025258,1/16/2024,514,Card,Delivered
O025259,CUST025260,R025259,9/8/2019,442,COD,Delivered
O025260,CUST025261,R025260,8/22/2025,419,Wallet,Delivered
O025261,CUST025262,R025261,12/28/2022,1256,Card,Cancelled
O025262,CUST025263,R025262,2/28/2024,748,UPI,Delivered
O025263,CUST025264,R025263,11/4/2020,1385,UPI,Delivered
O025264,CUST025265,R025264,6/16/2024,684,Wallet,Delivered
O025265,CUST025266,R025265,11/3/2024,1218,UPI,Cancelled
O025266,CUST025267,R025266,2/6/2023,117,Wallet,Delivered
O025267,CUST025268,R025267,1/15/2023,1019,UPI,Cancelled
O025268,CUST025269,R025268,3/2/2023,1394,Card,Delivered
O025269,CUST025270,R025269,4/20/2020,1446,UPI,Cancelled
O025270,CUST025271,R025270,8/18/2022,363,COD,Delivered
O025271,CUST025272,R025271,1/10/2023,130,Wallet,Delivered
O025272,CUST025273,R025272,8/19/2019,1953,Card,Delivered
O025273,CUST025274,R025273,12/17/2022,1936,COD,Delivered
O025274,CUST025275,R025274,5/3/2023,1885,UPI,Delivered
O025275,CUST025276,R025275,8/23/2024,408,Wallet,Delivered
O025276,CUST025277,R025276,7/27/2022,1175,Card,Delivered
O025277,CUST025278,R025277,3/25/2025,300,Wallet,Delivered
O025278,CUST025279,R025278,7/26/2019,312,Wallet,Delivered
O025279,CUST025280,R025279,9/1/2022,1173,Wallet,Delivered
O025280,CUST025281,R025280,5/16/2021,1597,UPI,Delivered
O025281,CUST025282,R025281,8/5/2023,1438,Wallet,Delivered
O025282,CUST025283,R025282,6/7/2023,1490,UPI,Delivered
O025283,CUST025284,R025283,3/11/2025,407,UPI,Delivered
O025284,CUST025285,R025284,6/19/2022,1229,Wallet,Delivered
O025285,CUST025286,R025285,8/20/2019,140,Card,Delivered
O025286,CUST025287,R025286,4/17/2020,1981,Card,Delivered
O025287,CUST025288,R025287,11/19/2024,202,UPI,Cancelled
O025288,CUST025289,R025288,1/24/2021,457,Card,Delivered
O025289,CUST025290,R025289,3/28/2022,373,Card,Delivered
O025290,CUST025291,R025290,12/28/2023,836,COD,Delivered
O025291,CUST025292,R025291,3/26/2022,356,Card,Delivered
O025292,CUST025293,R025292,3/20/2019,789,COD,Delivered
O025293,CUST025294,R025293,9/11/2020,1214,COD,Delivered
O025294,CUST025295,R025294,5/7/2025,210,COD,Delivered
O025295,CUST025296,R025295,6/2/2023,1107,Wallet,Delivered
O025296,CUST025297,R025296,10/5/2019,1401,UPI,Delivered
O025297,CUST025298,R025297,8/28/2024,845,COD,Delivered
O025298,CUST025299,R025298,11/15/2021,1833,COD,Cancelled
O025299,CUST025300,R025299,8/14/2020,752,UPI,Delivered
O025300,CUST025301,R025300,7/13/2019,309,UPI,Delivered
O025301,CUST025302,R025301,3/10/2025,1086,Card,Delivered
O025302,CUST025303,R025302,8/9/2022,1891,Card,Delivered
O025303,CUST025304,R025303,7/23/2023,496,Wallet,Delivered
O025304,CUST025305,R025304,5/28/2024,1022,UPI,Delivered
O025305,CUST025306,R025305,7/14/2023,580,COD,Delivered
O025306,CUST025307,R025306,5/5/2022,1843,Card,Delivered
O025307,CUST025308,R025307,3/16/2023,1901,COD,Delivered
O025308,CUST025309,R025308,9/25/2025,766,Card,Delivered
O025309,CUST025310,R025309,9/28/2021,128,Wallet,Delivered
O025310,CUST025311,R025310,9/25/2019,890,COD,Delivered
O025311,CUST025312,R025311,11/9/2021,560,COD,Delivered
O025312,CUST025313,R025312,9/24/2020,367,Wallet,Delivered
O025313,CUST025314,R025313,6/8/2023,1630,Card,Cancelled
O025314,CUST025315,R025314,4/11/2019,1841,Wallet,Delivered
O025315,CUST025316,R025315,6/28/2024,1268,Wallet,Delivered
O025316,CUST025317,R025316,1/14/2020,1058,Wallet,Delivered
O025317,CUST025318,R025317,12/6/2021,398,Wallet,Delivered
O025318,CUST025319,R025318,1/5/2020,1902,COD,Delivered
O025319,CUST025320,R025319,1/17/2023,1219,UPI,Delivered
O025320,CUST025321,R025320,9/7/2020,1774,Card,Delivered
O025321,CUST025322,R025321,4/18/2024,1155,Wallet,Delivered
O025322,CUST025323,R025322,8/6/2024,1450,Card,Delivered
O025323,CUST025324,R025323,7/16/2021,441,Wallet,Delivered
O025324,CUST025325,R025324,3/15/2023,1837,Card,Delivered
O025325,CUST025326,R025325,4/15/2021,1819,COD,Delivered
O025326,CUST025327,R025326,12/27/2020,358,Card,Delivered
O025327,CUST025328,R025327,7/17/2020,1501,Wallet,Delivered
O025328,CUST025329,R025328,7/25/2019,884,Card,Delivered
O025329,CUST025330,R025329,2/23/2022,675,Wallet,Delivered
O025330,CUST025331,R025330,1/3/2023,506,COD,Delivered
O025331,CUST025332,R025331,8/28/2019,629,COD,Delivered
O025332,CUST025333,R025332,2/26/2024,879,Wallet,Cancelled
O025333,CUST025334,R025333,1/1/2024,1390,COD,Delivered
O025334,CUST025335,R025334,9/27/2024,946,COD,Delivered
O025335,CUST025336,R025335,8/1/2024,1066,UPI,Delivered
O025336,CUST025337,R025336,10/11/2023,1106,Wallet,Delivered
O025337,CUST025338,R025337,11/9/2020,1497,UPI,Delivered
O025338,CUST025339,R025338,12/9/2023,1436,UPI,Delivered
O025339,CUST025340,R025339,2/11/2025,1876,UPI,Delivered
O025340,CUST025341,R025340,3/12/2021,1608,Card,Delivered
O025341,CUST025342,R025341,1/20/2021,1556,UPI,Delivered
O025342,CUST025343,R025342,10/18/2023,292,COD,Delivered
O025343,CUST025344,R025343,1/26/2023,297,Wallet,Delivered
O025344,CUST025345,R025344,2/9/2020,245,Card,Delivered
O025345,CUST025346,R025345,6/21/2020,1873,UPI,Delivered
O025346,CUST025347,R025346,4/24/2019,162,Wallet,Delivered
O025347,CUST025348,R025347,3/1/2024,562,Wallet,Delivered
O025348,CUST025349,R025348,9/25/2019,1110,COD,Delivered
O025349,CUST025350,R025349,11/20/2025,1151,Wallet,Delivered
O025350,CUST025351,R025350,11/10/2025,323,COD,Delivered
O025351,CUST025352,R025351,4/10/2019,635,UPI,Delivered
O025352,CUST025353,R025352,7/11/2023,198,UPI,Delivered
O025353,CUST025354,R025353,3/12/2021,1652,Wallet,Delivered
O025354,CUST025355,R025354,3/8/2025,1775,UPI,Delivered
O025355,CUST025356,R025355,2/19/2019,380,UPI,Delivered
O025356,CUST025357,R025356,5/26/2021,1396,UPI,Delivered
O025357,CUST025358,R025357,6/19/2021,289,Card,Delivered
O025358,CUST025359,R025358,10/21/2025,1918,Wallet,Delivered
O025359,CUST025360,R025359,2/15/2020,206,COD,Cancelled
O025360,CUST025361,R025360,3/2/2022,1141,UPI,Delivered
O025361,CUST025362,R025361,9/26/2025,1912,COD,Delivered
O025362,CUST025363,R025362,4/21/2023,768,COD,Delivered
O025363,CUST025364,R025363,10/5/2025,1317,Card,Delivered
O025364,CUST025365,R025364,9/20/2019,251,Wallet,Cancelled
O025365,CUST025366,R025365,6/6/2020,1759,COD,Delivered
O025366,CUST025367,R025366,4/9/2023,380,Wallet,Delivered
O025367,CUST025368,R025367,8/8/2024,1391,UPI,Delivered
O025368,CUST025369,R025368,8/5/2021,1002,Wallet,Delivered
O025369,CUST025370,R025369,2/8/2023,1013,UPI,Delivered
O025370,CUST025371,R025370,9/14/2023,441,Wallet,Delivered
O025371,CUST025372,R025371,10/16/2025,645,Wallet,Delivered
O025372,CUST025373,R025372,10/9/2022,1897,Card,Delivered
O025373,CUST025374,R025373,2/25/2024,1769,UPI,Delivered
O025374,CUST025375,R025374,10/8/2019,1573,Card,Delivered
O025375,CUST025376,R025375,8/18/2023,428,UPI,Cancelled
O025376,CUST025377,R025376,6/27/2020,1945,UPI,Delivered
O025377,CUST025378,R025377,12/24/2023,1768,COD,Delivered
O025378,CUST025379,R025378,2/1/2022,487,Card,Delivered
O025379,CUST025380,R025379,8/19/2022,1941,COD,Delivered
O025380,CUST025381,R025380,4/3/2019,1498,Card,Delivered
O025381,CUST025382,R025381,12/28/2025,1996,COD,Delivered
O025382,CUST025383,R025382,10/3/2025,630,COD,Delivered
O025383,CUST025384,R025383,9/9/2023,815,Card,Delivered
O025384,CUST025385,R025384,2/19/2022,1783,Card,Delivered
O025385,CUST025386,R025385,6/25/2023,1086,COD,Delivered
O025386,CUST025387,R025386,11/5/2023,958,Wallet,Delivered
O025387,CUST025388,R025387,8/3/2023,762,UPI,Delivered
O025388,CUST025389,R025388,3/6/2021,627,COD,Delivered
O025389,CUST025390,R025389,12/3/2020,1177,Wallet,Delivered
O025390,CUST025391,R025390,12/12/2022,1559,Wallet,Delivered
O025391,CUST025392,R025391,3/4/2024,1576,Wallet,Delivered
O025392,CUST025393,R025392,8/7/2020,1303,Card,Delivered
O025393,CUST025394,R025393,7/19/2020,1742,Wallet,Cancelled
O025394,CUST025395,R025394,9/3/2022,1229,Card,Delivered
O025395,CUST025396,R025395,6/21/2022,1719,UPI,Delivered
O025396,CUST025397,R025396,6/12/2020,431,COD,Delivered
O025397,CUST025398,R025397,5/23/2019,1399,UPI,Delivered
O025398,CUST025399,R025398,9/20/2025,1758,COD,Delivered
O025399,CUST025400,R025399,9/14/2021,1952,COD,Delivered
O025400,CUST025401,R025400,3/26/2024,863,Card,Delivered
O025401,CUST025402,R025401,5/16/2023,418,Card,Delivered
O025402,CUST025403,R025402,8/25/2022,794,COD,Delivered
O025403,CUST025404,R025403,7/7/2021,330,COD,Delivered
O025404,CUST025405,R025404,9/18/2025,1192,Wallet,Cancelled
O025405,CUST025406,R025405,7/2/2022,919,COD,Delivered
O025406,CUST025407,R025406,5/3/2020,1359,UPI,Delivered
O025407,CUST025408,R025407,5/28/2019,845,Wallet,Cancelled
O025408,CUST025409,R025408,2/15/2024,489,Wallet,Delivered
O025409,CUST025410,R025409,11/6/2024,1949,Card,Delivered
O025410,CUST025411,R025410,1/18/2021,1682,COD,Delivered
O025411,CUST025412,R025411,7/1/2023,1375,Card,Delivered
O025412,CUST025413,R025412,12/9/2023,1612,Wallet,Delivered
O025413,CUST025414,R025413,12/23/2021,1535,UPI,Delivered
O025414,CUST025415,R025414,1/10/2025,1936,Card,Delivered
O025415,CUST025416,R025415,12/22/2022,411,Wallet,Delivered
O025416,CUST025417,R025416,12/16/2022,1852,Wallet,Delivered
O025417,CUST025418,R025417,2/21/2022,1280,Card,Delivered
O025418,CUST025419,R025418,3/24/2024,1976,Wallet,Delivered
O025419,CUST025420,R025419,1/4/2023,1578,UPI,Delivered
O025420,CUST025421,R025420,9/1/2024,1380,Card,Cancelled
O025421,CUST025422,R025421,12/4/2024,708,Wallet,Delivered
O025422,CUST025423,R025422,10/7/2022,136,Wallet,Delivered
O025423,CUST025424,R025423,9/19/2024,837,COD,Delivered
O025424,CUST025425,R025424,3/4/2021,1418,Card,Delivered
O025425,CUST025426,R025425,12/10/2022,1656,COD,Cancelled
O025426,CUST025427,R025426,9/11/2025,1580,Card,Delivered
O025427,CUST025428,R025427,3/18/2021,123,Wallet,Delivered
O025428,CUST025429,R025428,4/22/2020,1640,Wallet,Delivered
O025429,CUST025430,R025429,1/17/2022,1896,Wallet,Delivered
O025430,CUST025431,R025430,7/21/2020,801,UPI,Delivered
O025431,CUST025432,R025431,4/12/2019,1636,COD,Delivered
O025432,CUST025433,R025432,9/26/2025,1232,Card,Cancelled
O025433,CUST025434,R025433,5/26/2021,107,Card,Delivered
O025434,CUST025435,R025434,8/26/2025,325,COD,Delivered
O025435,CUST025436,R025435,8/22/2022,764,COD,Delivered
O025436,CUST025437,R025436,10/28/2024,496,COD,Delivered
O025437,CUST025438,R025437,9/6/2023,1209,COD,Delivered
O025438,CUST025439,R025438,8/4/2024,384,COD,Delivered
O025439,CUST025440,R025439,9/5/2025,1370,UPI,Delivered
O025440,CUST025441,R025440,6/13/2023,751,COD,Cancelled
O025441,CUST025442,R025441,1/4/2022,1300,Wallet,Delivered
O025442,CUST025443,R025442,1/14/2023,1513,UPI,Delivered
O025443,CUST025444,R025443,6/16/2020,1429,COD,Delivered
O025444,CUST025445,R025444,4/9/2020,1252,Card,Delivered
O025445,CUST025446,R025445,8/21/2022,1860,Card,Delivered
O025446,CUST025447,R025446,11/7/2021,1669,Card,Delivered
O025447,CUST025448,R025447,1/27/2025,1842,UPI,Delivered
O025448,CUST025449,R025448,4/16/2024,1763,COD,Delivered
O025449,CUST025450,R025449,2/23/2021,113,COD,Delivered
O025450,CUST025451,R025450,12/1/2025,1881,UPI,Delivered
O025451,CUST025452,R025451,10/16/2023,1901,Wallet,Delivered
O025452,CUST025453,R025452,5/27/2019,180,UPI,Delivered
O025453,CUST025454,R025453,1/27/2022,1953,UPI,Cancelled
O025454,CUST025455,R025454,4/15/2021,112,Card,Delivered
O025455,CUST025456,R025455,2/25/2020,1379,Card,Delivered
O025456,CUST025457,R025456,6/13/2024,239,Card,Delivered
O025457,CUST025458,R025457,9/27/2021,237,Card,Delivered
O025458,CUST025459,R025458,8/18/2019,671,COD,Delivered
O025459,CUST025460,R025459,12/18/2025,654,COD,Delivered
O025460,CUST025461,R025460,10/10/2024,1708,Card,Cancelled
O025461,CUST025462,R025461,12/14/2023,574,COD,Delivered
O025462,CUST025463,R025462,9/8/2020,825,Card,Delivered
O025463,CUST025464,R025463,3/26/2020,1183,Wallet,Cancelled
O025464,CUST025465,R025464,8/27/2022,749,COD,Delivered
O025465,CUST025466,R025465,3/10/2020,852,UPI,Delivered
O025466,CUST025467,R025466,1/25/2019,1047,Card,Delivered
O025467,CUST025468,R025467,10/16/2021,1629,COD,Delivered
O025468,CUST025469,R025468,8/6/2021,1170,Card,Delivered
O025469,CUST025470,R025469,12/8/2019,1800,UPI,Delivered
O025470,CUST025471,R025470,5/21/2023,866,UPI,Delivered
O025471,CUST025472,R025471,6/5/2025,288,Card,Delivered
O025472,CUST025473,R025472,8/13/2019,270,UPI,Delivered
O025473,CUST025474,R025473,5/22/2019,1815,Card,Delivered
O025474,CUST025475,R025474,3/9/2024,235,Card,Delivered
O025475,CUST025476,R025475,9/2/2020,1628,UPI,Delivered
O025476,CUST025477,R025476,11/21/2022,799,Wallet,Delivered
O025477,CUST025478,R025477,6/1/2025,540,UPI,Delivered
O025478,CUST025479,R025478,4/20/2020,469,Wallet,Delivered
O025479,CUST025480,R025479,8/20/2019,707,COD,Delivered
O025480,CUST025481,R025480,10/13/2023,361,Card,Delivered
O025481,CUST025482,R025481,12/28/2024,786,UPI,Delivered
O025482,CUST025483,R025482,1/5/2021,1417,Card,Delivered
O025483,CUST025484,R025483,9/3/2022,953,Wallet,Delivered
O025484,CUST025485,R025484,2/27/2020,1848,Wallet,Cancelled
O025485,CUST025486,R025485,5/7/2025,898,UPI,Cancelled
O025486,CUST025487,R025486,1/16/2021,1607,COD,Delivered
O025487,CUST025488,R025487,8/9/2024,279,Wallet,Delivered
O025488,CUST025489,R025488,6/18/2023,1715,UPI,Delivered
O025489,CUST025490,R025489,10/14/2022,843,COD,Delivered
O025490,CUST025491,R025490,10/2/2023,1597,UPI,Cancelled
O025491,CUST025492,R025491,5/23/2023,514,Wallet,Delivered
O025492,CUST025493,R025492,12/21/2024,751,Card,Delivered
O025493,CUST025494,R025493,3/2/2021,940,Card,Delivered
O025494,CUST025495,R025494,4/1/2022,831,COD,Delivered
O025495,CUST025496,R025495,9/6/2024,747,Card,Delivered
O025496,CUST025497,R025496,2/4/2019,991,Card,Delivered
O025497,CUST025498,R025497,4/8/2020,1369,Wallet,Delivered
O025498,CUST025499,R025498,3/23/2021,986,Wallet,Delivered
O025499,CUST025500,R025499,9/17/2024,1651,Wallet,Delivered
O025500,CUST025501,R025500,5/13/2022,906,Wallet,Delivered
O025501,CUST025502,R025501,5/13/2025,1331,UPI,Delivered
O025502,CUST025503,R025502,1/9/2024,1516,Card,Delivered
O025503,CUST025504,R025503,8/11/2022,1748,Wallet,Delivered
O025504,CUST025505,R025504,1/17/2025,304,UPI,Cancelled
O025505,CUST025506,R025505,4/15/2020,1379,UPI,Delivered
O025506,CUST025507,R025506,11/24/2023,732,Card,Delivered
O025507,CUST025508,R025507,6/3/2022,1503,COD,Delivered
O025508,CUST025509,R025508,3/15/2025,363,Card,Delivered
O025509,CUST025510,R025509,10/1/2023,607,COD,Delivered
O025510,CUST025511,R025510,12/2/2022,1998,Card,Delivered
O025511,CUST025512,R025511,7/20/2021,603,Wallet,Delivered
O025512,CUST025513,R025512,12/12/2019,427,Wallet,Delivered
O025513,CUST025514,R025513,6/22/2024,1188,COD,Delivered
O025514,CUST025515,R025514,1/7/2020,948,Card,Delivered
O025515,CUST025516,R025515,1/3/2023,609,UPI,Delivered
O025516,CUST025517,R025516,11/6/2023,1364,UPI,Delivered
O025517,CUST025518,R025517,11/20/2024,976,Wallet,Delivered
O025518,CUST025519,R025518,3/27/2021,996,Wallet,Delivered
O025519,CUST025520,R025519,11/18/2023,348,Wallet,Delivered
O025520,CUST025521,R025520,12/18/2024,1118,UPI,Delivered
O025521,CUST025522,R025521,2/10/2021,1496,Wallet,Delivered
O025522,CUST025523,R025522,6/23/2025,852,UPI,Delivered
O025523,CUST025524,R025523,1/5/2024,1359,Wallet,Delivered
O025524,CUST025525,R025524,6/8/2020,1866,Wallet,Delivered
O025525,CUST025526,R025525,5/14/2025,1516,Card,Delivered
O025526,CUST025527,R025526,1/10/2023,421,Card,Delivered
O025527,CUST025528,R025527,2/4/2024,1149,UPI,Delivered
O025528,CUST025529,R025528,10/6/2020,1692,Card,Cancelled
O025529,CUST025530,R025529,11/24/2024,552,UPI,Delivered
O025530,CUST025531,R025530,9/22/2021,165,COD,Delivered
O025531,CUST025532,R025531,1/15/2024,228,COD,Delivered
O025532,CUST025533,R025532,11/6/2022,548,Card,Delivered
O025533,CUST025534,R025533,12/21/2021,275,Wallet,Delivered
O025534,CUST025535,R025534,1/26/2020,1113,Card,Cancelled
O025535,CUST025536,R025535,2/27/2020,643,UPI,Delivered
O025536,CUST025537,R025536,1/2/2019,1018,Wallet,Delivered
O025537,CUST025538,R025537,5/10/2024,593,Wallet,Delivered
O025538,CUST025539,R025538,11/1/2019,1133,UPI,Delivered
O025539,CUST025540,R025539,1/5/2023,1939,Wallet,Delivered
O025540,CUST025541,R025540,3/14/2024,808,Wallet,Delivered
O025541,CUST025542,R025541,2/28/2024,1352,Card,Delivered
O025542,CUST025543,R025542,7/19/2019,1356,Wallet,Cancelled
O025543,CUST025544,R025543,8/17/2021,272,Card,Delivered
O025544,CUST025545,R025544,9/10/2019,1925,Wallet,Delivered
O025545,CUST025546,R025545,8/16/2024,208,Card,Delivered
O025546,CUST025547,R025546,8/15/2023,1793,Card,Delivered
O025547,CUST025548,R025547,12/2/2020,1741,UPI,Delivered
O025548,CUST025549,R025548,10/21/2022,259,Wallet,Delivered
O025549,CUST025550,R025549,6/25/2025,634,Card,Delivered
O025550,CUST025551,R025550,6/19/2024,254,COD,Delivered
O025551,CUST025552,R025551,11/23/2019,227,COD,Delivered
O025552,CUST025553,R025552,9/27/2025,665,COD,Delivered
O025553,CUST025554,R025553,7/8/2021,1090,COD,Cancelled
O025554,CUST025555,R025554,5/23/2019,969,Wallet,Delivered
O025555,CUST025556,R025555,4/28/2024,1016,Wallet,Delivered
O025556,CUST025557,R025556,2/3/2023,316,UPI,Delivered
O025557,CUST025558,R025557,7/11/2023,1080,UPI,Delivered
O025558,CUST025559,R025558,5/19/2022,253,Card,Delivered
O025559,CUST025560,R025559,11/17/2019,1881,UPI,Delivered
O025560,CUST025561,R025560,2/18/2024,1823,UPI,Delivered
O025561,CUST025562,R025561,11/22/2022,303,Card,Delivered
O025562,CUST025563,R025562,10/26/2023,1865,Card,Delivered
O025563,CUST025564,R025563,2/20/2020,725,COD,Delivered
O025564,CUST025565,R025564,10/25/2024,314,COD,Delivered
O025565,CUST025566,R025565,6/17/2021,709,COD,Delivered
O025566,CUST025567,R025566,11/9/2019,1135,Card,Delivered
O025567,CUST025568,R025567,3/9/2024,124,COD,Delivered
O025568,CUST025569,R025568,4/1/2022,1059,Wallet,Delivered
O025569,CUST025570,R025569,10/5/2022,988,UPI,Delivered
O025570,CUST025571,R025570,9/27/2020,697,Wallet,Delivered
O025571,CUST025572,R025571,4/14/2022,1944,COD,Delivered
O025572,CUST025573,R025572,7/11/2021,607,UPI,Delivered
O025573,CUST025574,R025573,1/13/2020,204,Wallet,Cancelled
O025574,CUST025575,R025574,5/8/2024,975,Card,Delivered
O025575,CUST025576,R025575,7/7/2021,1482,UPI,Delivered
O025576,CUST025577,R025576,2/17/2022,346,Wallet,Delivered
O025577,CUST025578,R025577,9/26/2021,942,UPI,Delivered
O025578,CUST025579,R025578,9/12/2023,370,Card,Cancelled
O025579,CUST025580,R025579,11/3/2025,1763,Card,Cancelled
O025580,CUST025581,R025580,9/18/2024,1815,Card,Delivered
O025581,CUST025582,R025581,1/24/2021,676,UPI,Delivered
O025582,CUST025583,R025582,6/27/2024,1983,Wallet,Delivered
O025583,CUST025584,R025583,4/22/2019,848,COD,Delivered
O025584,CUST025585,R025584,12/8/2024,671,Card,Delivered
O025585,CUST025586,R025585,1/23/2023,224,Wallet,Delivered
O025586,CUST025587,R025586,9/7/2022,1722,Card,Delivered
O025587,CUST025588,R025587,6/10/2024,592,UPI,Delivered
O025588,CUST025589,R025588,10/2/2023,1141,UPI,Delivered
O025589,CUST025590,R025589,6/11/2019,1149,Wallet,Delivered
O025590,CUST025591,R025590,2/8/2021,559,COD,Delivered
O025591,CUST025592,R025591,9/7/2023,1822,COD,Delivered
O025592,CUST025593,R025592,10/10/2021,1177,UPI,Delivered
O025593,CUST025594,R025593,11/9/2023,1727,UPI,Cancelled
O025594,CUST025595,R025594,12/17/2025,1065,Wallet,Delivered
O025595,CUST025596,R025595,2/5/2025,1359,Card,Delivered
O025596,CUST025597,R025596,3/15/2024,224,Wallet,Delivered
O025597,CUST025598,R025597,2/15/2019,1992,UPI,Delivered
O025598,CUST025599,R025598,7/14/2020,1676,COD,Delivered
O025599,CUST025600,R025599,7/26/2024,209,Card,Delivered
O025600,CUST025601,R025600,10/16/2019,1346,COD,Delivered
O025601,CUST025602,R025601,1/21/2022,518,Card,Delivered
O025602,CUST025603,R025602,5/18/2021,570,COD,Delivered
O025603,CUST025604,R025603,5/1/2023,363,COD,Delivered
O025604,CUST025605,R025604,3/26/2020,548,COD,Delivered
O025605,CUST025606,R025605,12/24/2024,793,Wallet,Delivered
O025606,CUST025607,R025606,2/4/2025,1344,COD,Cancelled
O025607,CUST025608,R025607,4/27/2023,725,COD,Delivered
O025608,CUST025609,R025608,9/27/2019,980,UPI,Delivered
O025609,CUST025610,R025609,7/10/2020,1027,Wallet,Delivered
O025610,CUST025611,R025610,4/16/2021,1609,UPI,Delivered
O025611,CUST025612,R025611,2/9/2020,1336,Wallet,Cancelled
O025612,CUST025613,R025612,6/10/2024,1770,UPI,Delivered
O025613,CUST025614,R025613,7/10/2025,1453,Card,Delivered
O025614,CUST025615,R025614,1/18/2024,1146,UPI,Delivered
O025615,CUST025616,R025615,5/12/2021,186,COD,Delivered
O025616,CUST025617,R025616,8/24/2025,1923,Wallet,Delivered
O025617,CUST025618,R025617,5/7/2022,165,Card,Delivered
O025618,CUST025619,R025618,8/19/2019,1788,UPI,Delivered
O025619,CUST025620,R025619,2/26/2025,1972,COD,Delivered
O025620,CUST025621,R025620,5/28/2024,515,Card,Delivered
O025621,CUST025622,R025621,9/22/2023,640,Card,Delivered
O025622,CUST025623,R025622,1/19/2020,644,Wallet,Delivered
O025623,CUST025624,R025623,2/3/2021,1717,Card,Delivered
O025624,CUST025625,R025624,10/3/2022,1959,Wallet,Delivered
O025625,CUST025626,R025625,5/5/2021,1814,UPI,Delivered
O025626,CUST025627,R025626,10/5/2019,1542,Wallet,Delivered
O025627,CUST025628,R025627,7/5/2025,1365,UPI,Delivered
O025628,CUST025629,R025628,9/13/2019,230,UPI,Delivered
O025629,CUST025630,R025629,3/25/2023,1253,UPI,Delivered
O025630,CUST025631,R025630,11/15/2020,253,Card,Delivered
O025631,CUST025632,R025631,4/19/2022,1876,UPI,Delivered
O025632,CUST025633,R025632,9/16/2022,115,COD,Delivered
O025633,CUST025634,R025633,6/28/2024,1050,UPI,Delivered
O025634,CUST025635,R025634,5/25/2021,1697,Card,Delivered
O025635,CUST025636,R025635,4/20/2023,731,Wallet,Delivered
O025636,CUST025637,R025636,6/3/2019,1237,Card,Delivered
O025637,CUST025638,R025637,8/19/2020,102,Wallet,Cancelled
O025638,CUST025639,R025638,9/5/2019,1605,Card,Delivered
O025639,CUST025640,R025639,6/6/2022,269,COD,Delivered
O025640,CUST025641,R025640,4/8/2020,1030,Wallet,Delivered
O025641,CUST025642,R025641,11/27/2022,858,Wallet,Delivered
O025642,CUST025643,R025642,9/6/2023,870,UPI,Delivered
O025643,CUST025644,R025643,3/12/2020,297,Wallet,Delivered
O025644,CUST025645,R025644,7/14/2024,603,Wallet,Delivered
O025645,CUST025646,R025645,1/11/2020,1676,Card,Delivered
O025646,CUST025647,R025646,2/23/2019,1679,Wallet,Delivered
O025647,CUST025648,R025647,3/7/2019,1488,Card,Delivered
O025648,CUST025649,R025648,12/15/2025,347,UPI,Cancelled
O025649,CUST025650,R025649,6/26/2023,1909,Card,Delivered
O025650,CUST025651,R025650,3/23/2022,1663,COD,Delivered
O025651,CUST025652,R025651,9/28/2019,332,Card,Delivered
O025652,CUST025653,R025652,4/18/2023,1786,COD,Delivered
O025653,CUST025654,R025653,8/2/2024,1137,Card,Delivered
O025654,CUST025655,R025654,2/22/2024,519,Wallet,Delivered
O025655,CUST025656,R025655,9/28/2023,486,Wallet,Delivered
O025656,CUST025657,R025656,11/7/2022,1094,COD,Delivered
O025657,CUST025658,R025657,9/24/2019,219,COD,Delivered
O025658,CUST025659,R025658,9/5/2022,1467,COD,Delivered
O025659,CUST025660,R025659,6/4/2024,1339,Wallet,Delivered
O025660,CUST025661,R025660,4/7/2021,676,Wallet,Delivered
O025661,CUST025662,R025661,3/11/2020,548,COD,Delivered
O025662,CUST025663,R025662,3/1/2020,1098,COD,Delivered
O025663,CUST025664,R025663,2/11/2019,1343,COD,Delivered
O025664,CUST025665,R025664,6/2/2023,1465,Wallet,Delivered
O025665,CUST025666,R025665,12/6/2023,1148,UPI,Delivered
O025666,CUST025667,R025666,8/18/2023,1339,Wallet,Delivered
O025667,CUST025668,R025667,4/25/2019,1085,Card,Delivered
O025668,CUST025669,R025668,3/17/2022,1619,Wallet,Cancelled
O025669,CUST025670,R025669,5/10/2021,326,Card,Delivered
O025670,CUST025671,R025670,7/21/2025,1309,UPI,Delivered
O025671,CUST025672,R025671,12/22/2019,1668,Card,Delivered
O025672,CUST025673,R025672,4/13/2023,532,COD,Delivered
O025673,CUST025674,R025673,7/24/2022,827,Card,Delivered
O025674,CUST025675,R025674,1/14/2025,339,COD,Delivered
O025675,CUST025676,R025675,3/24/2020,715,COD,Delivered
O025676,CUST025677,R025676,10/6/2021,244,COD,Delivered
O025677,CUST025678,R025677,10/25/2022,1081,COD,Delivered
O025678,CUST025679,R025678,3/1/2025,809,Card,Cancelled
O025679,CUST025680,R025679,10/2/2021,955,Wallet,Delivered
O025680,CUST025681,R025680,6/27/2021,701,Wallet,Delivered
O025681,CUST025682,R025681,12/14/2019,346,Wallet,Delivered
O025682,CUST025683,R025682,8/5/2023,1844,Card,Delivered
O025683,CUST025684,R025683,7/16/2025,1652,Card,Delivered
O025684,CUST025685,R025684,6/3/2019,1283,Card,Cancelled
O025685,CUST025686,R025685,8/7/2020,1527,Wallet,Delivered
O025686,CUST025687,R025686,3/18/2023,1456,UPI,Delivered
O025687,CUST025688,R025687,8/9/2024,1900,Card,Delivered
O025688,CUST025689,R025688,3/21/2022,368,Wallet,Delivered
O025689,CUST025690,R025689,12/15/2023,1761,COD,Delivered
O025690,CUST025691,R025690,11/19/2023,698,UPI,Delivered
O025691,CUST025692,R025691,3/23/2025,1437,Card,Delivered
O025692,CUST025693,R025692,1/25/2023,614,COD,Delivered
O025693,CUST025694,R025693,5/21/2024,809,Card,Delivered
O025694,CUST025695,R025694,6/23/2019,137,Wallet,Delivered
O025695,CUST025696,R025695,7/27/2023,1888,Wallet,Cancelled
O025696,CUST025697,R025696,6/17/2023,981,COD,Delivered
O025697,CUST025698,R025697,1/4/2019,1371,Card,Delivered
O025698,CUST025699,R025698,12/8/2025,1571,COD,Delivered
O025699,CUST025700,R025699,1/8/2025,1500,Card,Cancelled
O025700,CUST025701,R025700,5/16/2022,1944,Wallet,Cancelled
O025701,CUST025702,R025701,11/22/2021,1424,Wallet,Delivered
O025702,CUST025703,R025702,4/16/2021,1850,COD,Delivered
O025703,CUST025704,R025703,7/20/2019,711,UPI,Delivered
O025704,CUST025705,R025704,5/11/2021,1486,Card,Delivered
O025705,CUST025706,R025705,1/25/2023,833,Card,Delivered
O025706,CUST025707,R025706,4/23/2021,1909,UPI,Delivered
O025707,CUST025708,R025707,2/24/2022,181,COD,Delivered
O025708,CUST025709,R025708,10/20/2020,615,COD,Delivered
O025709,CUST025710,R025709,1/26/2020,597,COD,Cancelled
O025710,CUST025711,R025710,8/8/2021,988,COD,Delivered
O025711,CUST025712,R025711,7/3/2025,342,Card,Delivered
O025712,CUST025713,R025712,9/3/2020,1290,UPI,Delivered
O025713,CUST025714,R025713,9/11/2019,671,Wallet,Delivered
O025714,CUST025715,R025714,4/3/2022,1216,COD,Delivered
O025715,CUST025716,R025715,11/11/2021,1466,UPI,Delivered
O025716,CUST025717,R025716,10/15/2021,1382,Wallet,Delivered
O025717,CUST025718,R025717,2/8/2025,1103,UPI,Delivered
O025718,CUST025719,R025718,9/20/2024,1462,UPI,Delivered
O025719,CUST025720,R025719,6/6/2020,1525,Card,Delivered
O025720,CUST025721,R025720,11/26/2024,1736,UPI,Delivered
O025721,CUST025722,R025721,2/14/2024,275,Card,Delivered
O025722,CUST025723,R025722,9/21/2022,214,Card,Delivered
O025723,CUST025724,R025723,8/3/2021,1791,Card,Delivered
O025724,CUST025725,R025724,1/12/2025,1859,Card,Delivered
O025725,CUST025726,R025725,3/26/2022,950,COD,Delivered
O025726,CUST025727,R025726,3/25/2020,779,COD,Cancelled
O025727,CUST025728,R025727,4/26/2021,832,COD,Delivered
O025728,CUST025729,R025728,11/8/2023,193,Card,Delivered
O025729,CUST025730,R025729,11/24/2023,192,Card,Delivered
O025730,CUST025731,R025730,11/10/2020,1859,UPI,Delivered
O025731,CUST025732,R025731,1/17/2020,272,COD,Delivered
O025732,CUST025733,R025732,8/17/2019,510,COD,Delivered
O025733,CUST025734,R025733,9/9/2025,1559,Card,Cancelled
O025734,CUST025735,R025734,9/12/2021,464,Wallet,Delivered
O025735,CUST025736,R025735,10/4/2019,969,Card,Delivered
O025736,CUST025737,R025736,8/28/2025,1034,Wallet,Delivered
O025737,CUST025738,R025737,4/25/2019,670,COD,Delivered
O025738,CUST025739,R025738,5/8/2021,773,Wallet,Delivered
O025739,CUST025740,R025739,2/23/2022,1534,UPI,Cancelled
O025740,CUST025741,R025740,7/11/2024,1587,COD,Delivered
O025741,CUST025742,R025741,12/5/2024,1079,UPI,Delivered
O025742,CUST025743,R025742,2/7/2022,1710,UPI,Delivered
O025743,CUST025744,R025743,5/20/2024,760,Wallet,Cancelled
O025744,CUST025745,R025744,4/12/2021,1833,Card,Delivered
O025745,CUST025746,R025745,1/11/2022,126,Wallet,Delivered
O025746,CUST025747,R025746,8/20/2025,1667,UPI,Delivered
O025747,CUST025748,R025747,9/7/2021,1981,Card,Delivered
O025748,CUST025749,R025748,11/1/2020,1597,UPI,Delivered
O025749,CUST025750,R025749,7/23/2022,694,Wallet,Delivered
O025750,CUST025751,R025750,6/27/2021,461,Wallet,Delivered
O025751,CUST025752,R025751,3/18/2019,390,Wallet,Delivered
O025752,CUST025753,R025752,10/18/2024,621,COD,Delivered
O025753,CUST025754,R025753,6/6/2021,314,Card,Delivered
O025754,CUST025755,R025754,3/28/2025,740,UPI,Delivered
O025755,CUST025756,R025755,6/4/2022,1327,Card,Delivered
O025756,CUST025757,R025756,11/2/2024,867,Wallet,Delivered
O025757,CUST025758,R025757,1/27/2023,1449,COD,Cancelled
O025758,CUST025759,R025758,4/6/2024,799,Wallet,Delivered
O025759,CUST025760,R025759,7/15/2025,1327,Card,Cancelled
O025760,CUST025761,R025760,11/8/2023,1597,COD,Delivered
O025761,CUST025762,R025761,1/10/2023,1388,Wallet,Cancelled
O025762,CUST025763,R025762,3/17/2024,311,COD,Delivered
O025763,CUST025764,R025763,1/22/2021,1133,UPI,Delivered
O025764,CUST025765,R025764,4/15/2021,433,Wallet,Delivered
O025765,CUST025766,R025765,2/12/2021,666,Card,Delivered
O025766,CUST025767,R025766,1/24/2024,850,Card,Delivered
O025767,CUST025768,R025767,11/1/2021,784,COD,Delivered
O025768,CUST025769,R025768,5/5/2020,530,Card,Delivered
O025769,CUST025770,R025769,11/2/2024,911,UPI,Delivered
O025770,CUST025771,R025770,12/7/2021,971,COD,Delivered
O025771,CUST025772,R025771,9/22/2019,843,Wallet,Delivered
O025772,CUST025773,R025772,7/16/2023,1545,Wallet,Delivered
O025773,CUST025774,R025773,11/9/2025,795,Wallet,Delivered
O025774,CUST025775,R025774,5/10/2020,1433,UPI,Delivered
O025775,CUST025776,R025775,9/10/2019,1367,Card,Delivered
O025776,CUST025777,R025776,3/9/2024,1604,Wallet,Delivered
O025777,CUST025778,R025777,11/16/2021,1994,UPI,Delivered
O025778,CUST025779,R025778,6/13/2019,1338,UPI,Delivered
O025779,CUST025780,R025779,1/18/2024,641,Card,Delivered
O025780,CUST025781,R025780,1/1/2023,1411,Card,Delivered
O025781,CUST025782,R025781,7/14/2022,321,UPI,Cancelled
O025782,CUST025783,R025782,2/25/2019,572,Card,Delivered
O025783,CUST025784,R025783,11/1/2021,1599,COD,Delivered
O025784,CUST025785,R025784,10/19/2021,453,COD,Delivered
O025785,CUST025786,R025785,11/10/2020,272,COD,Delivered
O025786,CUST025787,R025786,10/21/2025,904,COD,Delivered
O025787,CUST025788,R025787,12/5/2020,1093,Card,Delivered
O025788,CUST025789,R025788,5/5/2021,459,UPI,Delivered
O025789,CUST025790,R025789,2/4/2019,1220,Wallet,Delivered
O025790,CUST025791,R025790,1/17/2023,896,Wallet,Delivered
O025791,CUST025792,R025791,11/23/2024,955,Wallet,Delivered
O025792,CUST025793,R025792,9/12/2019,300,Wallet,Cancelled
O025793,CUST025794,R025793,3/16/2019,1028,Card,Delivered
O025794,CUST025795,R025794,3/8/2024,1839,UPI,Delivered
O025795,CUST025796,R025795,6/22/2019,1200,UPI,Delivered
O025796,CUST025797,R025796,12/11/2021,1750,UPI,Delivered
O025797,CUST025798,R025797,2/13/2024,113,Wallet,Delivered
O025798,CUST025799,R025798,4/20/2020,1790,Card,Delivered
O025799,CUST025800,R025799,9/16/2025,267,Card,Delivered
O025800,CUST025801,R025800,6/1/2019,1298,UPI,Delivered
O025801,CUST025802,R025801,6/8/2020,1592,COD,Delivered
O025802,CUST025803,R025802,6/22/2025,410,UPI,Delivered
O025803,CUST025804,R025803,2/20/2025,1986,COD,Delivered
O025804,CUST025805,R025804,3/13/2023,142,COD,Delivered
O025805,CUST025806,R025805,5/1/2022,501,Card,Delivered
O025806,CUST025807,R025806,7/19/2023,752,Wallet,Delivered
O025807,CUST025808,R025807,7/25/2021,1028,UPI,Delivered
O025808,CUST025809,R025808,4/25/2023,563,Wallet,Delivered
O025809,CUST025810,R025809,8/27/2022,938,Wallet,Delivered
O025810,CUST025811,R025810,3/9/2023,488,COD,Delivered
O025811,CUST025812,R025811,6/28/2024,1022,UPI,Delivered
O025812,CUST025813,R025812,9/4/2024,1783,Wallet,Delivered
O025813,CUST025814,R025813,12/13/2022,914,Wallet,Delivered
O025814,CUST025815,R025814,2/3/2022,1209,UPI,Cancelled
O025815,CUST025816,R025815,1/17/2025,1081,Wallet,Delivered
O025816,CUST025817,R025816,10/15/2020,166,Card,Delivered
O025817,CUST025818,R025817,7/8/2020,1834,Wallet,Delivered
O025818,CUST025819,R025818,10/10/2022,118,UPI,Delivered
O025819,CUST025820,R025819,7/14/2023,1746,UPI,Delivered
O025820,CUST025821,R025820,3/26/2022,1699,UPI,Delivered
O025821,CUST025822,R025821,3/20/2025,179,COD,Delivered
O025822,CUST025823,R025822,9/24/2024,555,UPI,Delivered
O025823,CUST025824,R025823,1/18/2021,105,COD,Delivered
O025824,CUST025825,R025824,9/23/2025,638,Card,Delivered
O025825,CUST025826,R025825,8/27/2021,554,COD,Delivered
O025826,CUST025827,R025826,8/7/2023,1197,COD,Delivered
O025827,CUST025828,R025827,1/25/2022,826,COD,Delivered
O025828,CUST025829,R025828,7/26/2025,871,COD,Delivered
O025829,CUST025830,R025829,9/10/2024,1684,Wallet,Delivered
O025830,CUST025831,R025830,9/9/2022,606,COD,Delivered
O025831,CUST025832,R025831,3/7/2022,1635,UPI,Delivered
O025832,CUST025833,R025832,3/8/2025,1367,UPI,Delivered
O025833,CUST025834,R025833,9/10/2025,1743,UPI,Delivered
O025834,CUST025835,R025834,6/15/2020,267,Card,Delivered
O025835,CUST025836,R025835,5/25/2020,1786,Card,Delivered
O025836,CUST025837,R025836,5/19/2019,640,COD,Delivered
O025837,CUST025838,R025837,2/24/2020,159,Card,Cancelled
O025838,CUST025839,R025838,10/14/2024,599,Wallet,Delivered
O025839,CUST025840,R025839,11/8/2019,1285,UPI,Delivered
O025840,CUST025841,R025840,5/7/2020,1881,COD,Delivered
O025841,CUST025842,R025841,7/27/2025,916,Wallet,Delivered
O025842,CUST025843,R025842,12/3/2021,839,UPI,Delivered
O025843,CUST025844,R025843,10/25/2023,650,Wallet,Delivered
O025844,CUST025845,R025844,2/8/2020,1722,COD,Delivered
O025845,CUST025846,R025845,3/9/2025,522,Wallet,Delivered
O025846,CUST025847,R025846,1/10/2023,125,Wallet,Delivered
O025847,CUST025848,R025847,2/15/2023,896,UPI,Delivered
O025848,CUST025849,R025848,5/7/2020,1439,UPI,Delivered
O025849,CUST025850,R025849,1/16/2023,299,Wallet,Delivered
O025850,CUST025851,R025850,5/25/2022,788,Wallet,Delivered
O025851,CUST025852,R025851,3/11/2024,215,COD,Cancelled
O025852,CUST025853,R025852,7/3/2021,1912,Card,Cancelled
O025853,CUST025854,R025853,8/17/2021,1541,Card,Delivered
O025854,CUST025855,R025854,3/21/2020,533,UPI,Delivered
O025855,CUST025856,R025855,12/25/2021,1834,Wallet,Delivered
O025856,CUST025857,R025856,6/20/2025,438,COD,Delivered
O025857,CUST025858,R025857,6/3/2024,624,Card,Delivered
O025858,CUST025859,R025858,4/19/2025,183,Wallet,Delivered
O025859,CUST025860,R025859,1/5/2022,1642,UPI,Delivered
O025860,CUST025861,R025860,1/8/2024,511,Wallet,Delivered
O025861,CUST025862,R025861,9/1/2024,1056,Wallet,Delivered
O025862,CUST025863,R025862,4/11/2025,928,Wallet,Delivered
O025863,CUST025864,R025863,9/7/2020,448,Wallet,Delivered
O025864,CUST025865,R025864,10/5/2019,1912,Wallet,Delivered
O025865,CUST025866,R025865,9/12/2023,1529,UPI,Delivered
O025866,CUST025867,R025866,4/12/2022,1824,UPI,Delivered
O025867,CUST025868,R025867,10/16/2019,1205,Wallet,Delivered
O025868,CUST025869,R025868,5/6/2021,1253,COD,Delivered
O025869,CUST025870,R025869,8/17/2024,1715,Wallet,Cancelled
O025870,CUST025871,R025870,10/9/2019,1902,UPI,Delivered
O025871,CUST025872,R025871,7/12/2020,1460,Card,Delivered
O025872,CUST025873,R025872,2/24/2019,172,UPI,Delivered
O025873,CUST025874,R025873,1/14/2021,1266,COD,Delivered
O025874,CUST025875,R025874,4/20/2021,433,UPI,Delivered
O025875,CUST025876,R025875,12/17/2025,479,COD,Delivered
O025876,CUST025877,R025876,3/26/2024,315,Card,Delivered
O025877,CUST025878,R025877,8/25/2025,443,COD,Delivered
O025878,CUST025879,R025878,1/23/2020,906,Wallet,Delivered
O025879,CUST025880,R025879,2/2/2024,1200,COD,Cancelled
O025880,CUST025881,R025880,6/25/2022,575,COD,Delivered
O025881,CUST025882,R025881,3/26/2020,870,UPI,Cancelled
O025882,CUST025883,R025882,9/8/2021,487,Wallet,Delivered
O025883,CUST025884,R025883,4/10/2019,1519,Wallet,Delivered
O025884,CUST025885,R025884,3/6/2022,1251,Wallet,Delivered
O025885,CUST025886,R025885,11/5/2020,1690,UPI,Delivered
O025886,CUST025887,R025886,4/9/2023,1418,Wallet,Delivered
O025887,CUST025888,R025887,8/17/2021,1105,UPI,Delivered
O025888,CUST025889,R025888,8/11/2020,1996,COD,Delivered
O025889,CUST025890,R025889,12/23/2021,1833,Wallet,Delivered
O025890,CUST025891,R025890,2/6/2025,1961,Card,Delivered
O025891,CUST025892,R025891,8/18/2020,566,UPI,Delivered
O025892,CUST025893,R025892,10/25/2019,1828,COD,Delivered
O025893,CUST025894,R025893,5/26/2019,366,Card,Delivered
O025894,CUST025895,R025894,11/20/2022,487,Card,Delivered
O025895,CUST025896,R025895,7/17/2019,278,COD,Delivered
O025896,CUST025897,R025896,7/5/2021,1611,Card,Delivered
O025897,CUST025898,R025897,7/1/2019,1879,COD,Delivered
O025898,CUST025899,R025898,12/2/2022,1307,Wallet,Delivered
O025899,CUST025900,R025899,4/3/2023,1034,Card,Delivered
O025900,CUST025901,R025900,9/26/2021,721,Wallet,Delivered
O025901,CUST025902,R025901,12/6/2019,1656,UPI,Delivered
O025902,CUST025903,R025902,8/17/2023,735,UPI,Delivered
O025903,CUST025904,R025903,8/8/2025,104,Card,Delivered
O025904,CUST025905,R025904,12/19/2025,1987,UPI,Cancelled
O025905,CUST025906,R025905,3/13/2024,1916,COD,Delivered
O025906,CUST025907,R025906,9/27/2024,945,UPI,Delivered
O025907,CUST025908,R025907,11/23/2025,1543,Card,Delivered
O025908,CUST025909,R025908,11/18/2024,321,Wallet,Delivered
O025909,CUST025910,R025909,5/26/2020,766,Card,Delivered
O025910,CUST025911,R025910,4/17/2022,1967,Wallet,Delivered
O025911,CUST025912,R025911,8/3/2025,1525,Card,Delivered
O025912,CUST025913,R025912,8/4/2021,183,COD,Delivered
O025913,CUST025914,R025913,7/9/2023,939,Wallet,Delivered
O025914,CUST025915,R025914,5/7/2024,812,Wallet,Delivered
O025915,CUST025916,R025915,9/5/2024,823,Wallet,Delivered
O025916,CUST025917,R025916,4/11/2023,211,Wallet,Delivered
O025917,CUST025918,R025917,11/13/2020,714,COD,Delivered
O025918,CUST025919,R025918,4/10/2019,1533,Card,Delivered
O025919,CUST025920,R025919,4/22/2024,1574,Wallet,Delivered
O025920,CUST025921,R025920,5/5/2025,1202,UPI,Delivered
O025921,CUST025922,R025921,3/12/2021,1838,UPI,Delivered
O025922,CUST025923,R025922,1/20/2022,1761,Card,Delivered
O025923,CUST025924,R025923,10/19/2022,1584,COD,Delivered
O025924,CUST025925,R025924,11/26/2020,296,UPI,Delivered
O025925,CUST025926,R025925,2/16/2023,1744,COD,Delivered
O025926,CUST025927,R025926,3/4/2025,1047,Card,Delivered
O025927,CUST025928,R025927,2/21/2023,428,COD,Delivered
O025928,CUST025929,R025928,5/28/2019,444,Wallet,Delivered
O025929,CUST025930,R025929,4/6/2020,883,COD,Delivered
O025930,CUST025931,R025930,5/22/2020,331,COD,Delivered
O025931,CUST025932,R025931,4/4/2019,1324,COD,Delivered
O025932,CUST025933,R025932,9/3/2024,1189,Wallet,Delivered
O025933,CUST025934,R025933,3/7/2024,993,UPI,Delivered
O025934,CUST025935,R025934,6/7/2023,610,Wallet,Delivered
O025935,CUST025936,R025935,11/2/2020,1377,Wallet,Delivered
O025936,CUST025937,R025936,10/15/2024,1627,COD,Delivered
O025937,CUST025938,R025937,1/7/2022,1385,Wallet,Delivered
O025938,CUST025939,R025938,5/11/2025,933,UPI,Delivered
O025939,CUST025940,R025939,6/20/2022,1292,Wallet,Delivered
O025940,CUST025941,R025940,12/24/2020,994,Card,Delivered
O025941,CUST025942,R025941,1/16/2020,1533,Wallet,Delivered
O025942,CUST025943,R025942,1/9/2024,247,Card,Cancelled
O025943,CUST025944,R025943,10/18/2024,1465,UPI,Delivered
O025944,CUST025945,R025944,3/20/2025,1562,Card,Delivered
O025945,CUST025946,R025945,3/12/2024,378,COD,Delivered
O025946,CUST025947,R025946,3/23/2023,673,UPI,Delivered
O025947,CUST025948,R025947,12/13/2025,1700,COD,Delivered
O025948,CUST025949,R025948,6/18/2019,609,COD,Delivered
O025949,CUST025950,R025949,1/4/2023,101,Card,Delivered
O025950,CUST025951,R025950,12/23/2020,1002,COD,Delivered
O025951,CUST025952,R025951,9/27/2022,724,Card,Delivered
O025952,CUST025953,R025952,7/1/2022,907,Wallet,Delivered
O025953,CUST025954,R025953,4/25/2024,654,COD,Delivered
O025954,CUST025955,R025954,1/13/2022,261,COD,Delivered
O025955,CUST025956,R025955,1/3/2024,1764,Card,Delivered
O025956,CUST025957,R025956,10/15/2019,1572,Card,Delivered
O025957,CUST025958,R025957,12/2/2020,1178,UPI,Cancelled
O025958,CUST025959,R025958,11/6/2019,1940,Wallet,Delivered
O025959,CUST025960,R025959,3/17/2023,1301,UPI,Delivered
O025960,CUST025961,R025960,8/7/2020,1495,Card,Delivered
O025961,CUST025962,R025961,10/13/2023,225,Wallet,Delivered
O025962,CUST025963,R025962,2/13/2023,1662,COD,Delivered
O025963,CUST025964,R025963,4/17/2020,619,UPI,Delivered
O025964,CUST025965,R025964,5/21/2024,1352,Card,Delivered
O025965,CUST025966,R025965,9/26/2021,524,COD,Delivered
O025966,CUST025967,R025966,12/20/2019,762,UPI,Delivered
O025967,CUST025968,R025967,6/22/2020,1822,COD,Delivered
O025968,CUST025969,R025968,9/26/2019,1380,COD,Cancelled
O025969,CUST025970,R025969,2/9/2023,473,UPI,Delivered
O025970,CUST025971,R025970,8/25/2022,795,UPI,Delivered
O025971,CUST025972,R025971,6/1/2019,1033,Wallet,Delivered
O025972,CUST025973,R025972,4/27/2023,1388,UPI,Cancelled
O025973,CUST025974,R025973,6/9/2024,1539,Wallet,Cancelled
O025974,CUST025975,R025974,6/16/2021,1282,Wallet,Delivered
O025975,CUST025976,R025975,10/14/2019,1706,COD,Cancelled
O025976,CUST025977,R025976,4/18/2025,1712,UPI,Delivered
O025977,CUST025978,R025977,3/9/2022,1439,Card,Delivered
O025978,CUST025979,R025978,1/27/2019,743,Card,Delivered
O025979,CUST025980,R025979,8/20/2022,1818,UPI,Delivered
O025980,CUST025981,R025980,10/23/2025,139,COD,Delivered
O025981,CUST025982,R025981,11/27/2024,578,COD,Delivered
O025982,CUST025983,R025982,4/25/2019,518,COD,Cancelled
O025983,CUST025984,R025983,3/7/2025,839,COD,Delivered
O025984,CUST025985,R025984,10/2/2024,187,Card,Delivered
O025985,CUST025986,R025985,9/2/2023,1005,Wallet,Delivered
O025986,CUST025987,R025986,5/10/2022,311,Wallet,Delivered
O025987,CUST025988,R025987,4/25/2019,1072,COD,Delivered
O025988,CUST025989,R025988,6/8/2021,1322,Wallet,Delivered
O025989,CUST025990,R025989,8/13/2022,1233,Wallet,Delivered
O025990,CUST025991,R025990,6/4/2024,1056,UPI,Delivered
O025991,CUST025992,R025991,8/22/2019,1415,UPI,Delivered
O025992,CUST025993,R025992,6/4/2022,1439,UPI,Delivered
O025993,CUST025994,R025993,7/24/2021,1657,Wallet,Delivered
O025994,CUST025995,R025994,5/14/2025,196,COD,Delivered
O025995,CUST025996,R025995,11/20/2019,178,Card,Delivered
O025996,CUST025997,R025996,11/1/2020,1510,Card,Delivered
O025997,CUST025998,R025997,5/11/2021,1705,UPI,Delivered
O025998,CUST025999,R025998,4/25/2025,796,Card,Delivered
O025999,CUST026000,R025999,3/19/2020,418,COD,Delivered
O026000,CUST026001,R026000,7/20/2021,732,Card,Cancelled
O026001,CUST026002,R026001,2/5/2025,1950,Wallet,Delivered
O026002,CUST026003,R026002,1/22/2022,850,COD,Delivered
O026003,CUST026004,R026003,5/8/2024,673,Card,Delivered
O026004,CUST026005,R026004,1/3/2019,1030,Wallet,Delivered
O026005,CUST026006,R026005,6/27/2019,1099,COD,Delivered
O026006,CUST026007,R026006,3/18/2023,385,Card,Delivered
O026007,CUST026008,R026007,2/23/2023,384,Wallet,Delivered
O026008,CUST026009,R026008,2/3/2025,884,Card,Delivered
O026009,CUST026010,R026009,2/27/2019,987,COD,Delivered
O026010,CUST026011,R026010,2/22/2020,560,COD,Delivered
O026011,CUST026012,R026011,11/7/2021,619,Wallet,Delivered
O026012,CUST026013,R026012,3/22/2025,1129,UPI,Delivered
O026013,CUST026014,R026013,7/10/2020,1443,Card,Delivered
O026014,CUST026015,R026014,9/3/2022,805,UPI,Delivered
O026015,CUST026016,R026015,7/5/2019,1605,UPI,Delivered
O026016,CUST026017,R026016,7/18/2023,669,Wallet,Delivered
O026017,CUST026018,R026017,12/14/2019,1742,Card,Delivered
O026018,CUST026019,R026018,8/10/2025,1986,Wallet,Delivered
O026019,CUST026020,R026019,2/16/2025,1631,UPI,Delivered
O026020,CUST026021,R026020,5/5/2022,1901,Card,Delivered
O026021,CUST026022,R026021,10/27/2022,1512,UPI,Delivered
O026022,CUST026023,R026022,10/22/2021,604,Wallet,Delivered
O026023,CUST026024,R026023,1/26/2020,176,Wallet,Delivered
O026024,CUST026025,R026024,11/17/2022,284,COD,Delivered
O026025,CUST026026,R026025,7/16/2022,223,COD,Delivered
O026026,CUST026027,R026026,2/4/2022,171,Card,Delivered
O026027,CUST026028,R026027,9/26/2022,596,Wallet,Delivered
O026028,CUST026029,R026028,11/28/2021,1221,Card,Delivered
O026029,CUST026030,R026029,9/28/2020,1012,COD,Cancelled
O026030,CUST026031,R026030,6/28/2021,1359,COD,Delivered
O026031,CUST026032,R026031,8/4/2025,713,Wallet,Delivered
O026032,CUST026033,R026032,3/13/2020,1247,UPI,Delivered
O026033,CUST026034,R026033,9/7/2019,1561,Wallet,Delivered
O026034,CUST026035,R026034,4/9/2022,1173,Wallet,Cancelled
O026035,CUST026036,R026035,10/16/2021,220,UPI,Delivered
O026036,CUST026037,R026036,9/20/2022,978,COD,Delivered
O026037,CUST026038,R026037,3/11/2025,1801,Card,Delivered
O026038,CUST026039,R026038,10/11/2024,1784,Card,Delivered
O026039,CUST026040,R026039,5/16/2020,279,UPI,Delivered
O026040,CUST026041,R026040,5/20/2024,206,COD,Delivered
O026041,CUST026042,R026041,7/24/2025,376,Card,Delivered
O026042,CUST026043,R026042,5/22/2022,1057,UPI,Delivered
O026043,CUST026044,R026043,3/9/2024,558,COD,Delivered
O026044,CUST026045,R026044,10/20/2021,757,Wallet,Delivered
O026045,CUST026046,R026045,10/14/2025,1465,Wallet,Delivered
O026046,CUST026047,R026046,1/7/2024,716,Wallet,Delivered
O026047,CUST026048,R026047,7/10/2025,1391,Wallet,Delivered
O026048,CUST026049,R026048,12/9/2019,1319,Card,Delivered
O026049,CUST026050,R026049,7/8/2020,1513,Wallet,Delivered
O026050,CUST026051,R026050,12/14/2023,1846,Wallet,Cancelled
O026051,CUST026052,R026051,6/12/2020,939,UPI,Delivered
O026052,CUST026053,R026052,4/17/2025,366,Card,Delivered
O026053,CUST026054,R026053,12/28/2024,1306,Card,Delivered
O026054,CUST026055,R026054,9/12/2021,167,UPI,Delivered
O026055,CUST026056,R026055,1/23/2025,673,Card,Delivered
O026056,CUST026057,R026056,11/3/2019,1557,COD,Delivered
O026057,CUST026058,R026057,9/15/2025,417,COD,Delivered
O026058,CUST026059,R026058,6/8/2020,193,COD,Delivered
O026059,CUST026060,R026059,3/19/2022,824,COD,Delivered
O026060,CUST026061,R026060,3/4/2020,1007,Card,Delivered
O026061,CUST026062,R026061,5/4/2024,935,UPI,Delivered
O026062,CUST026063,R026062,10/3/2022,1174,Wallet,Delivered
O026063,CUST026064,R026063,6/16/2024,748,COD,Delivered
O026064,CUST026065,R026064,12/21/2020,555,Wallet,Delivered
O026065,CUST026066,R026065,8/12/2022,157,COD,Delivered
O026066,CUST026067,R026066,1/10/2024,923,UPI,Delivered
O026067,CUST026068,R026067,9/6/2021,1728,UPI,Delivered
O026068,CUST026069,R026068,1/20/2019,1301,UPI,Delivered
O026069,CUST026070,R026069,1/12/2021,1601,UPI,Delivered
O026070,CUST026071,R026070,9/11/2020,1935,UPI,Delivered
O026071,CUST026072,R026071,10/18/2019,1754,Card,Delivered
O026072,CUST026073,R026072,11/13/2024,478,COD,Cancelled
O026073,CUST026074,R026073,8/1/2020,1635,UPI,Delivered
O026074,CUST026075,R026074,10/13/2024,1930,COD,Delivered
O026075,CUST026076,R026075,10/25/2022,790,UPI,Delivered
O026076,CUST026077,R026076,7/26/2024,1880,Card,Delivered
O026077,CUST026078,R026077,4/18/2022,1645,Card,Cancelled
O026078,CUST026079,R026078,8/28/2021,358,Card,Delivered
O026079,CUST026080,R026079,2/18/2021,603,Wallet,Delivered
O026080,CUST026081,R026080,4/23/2020,916,UPI,Delivered
O026081,CUST026082,R026081,2/24/2019,533,Wallet,Delivered
O026082,CUST026083,R026082,1/1/2020,790,Wallet,Delivered
O026083,CUST026084,R026083,7/7/2024,409,COD,Delivered
O026084,CUST026085,R026084,10/6/2024,942,UPI,Delivered
O026085,CUST026086,R026085,2/2/2024,1742,Wallet,Cancelled
O026086,CUST026087,R026086,10/7/2025,868,Wallet,Delivered
O026087,CUST026088,R026087,2/1/2021,1119,UPI,Cancelled
O026088,CUST026089,R026088,2/16/2020,996,Wallet,Delivered
O026089,CUST026090,R026089,3/14/2024,1988,UPI,Delivered
O026090,CUST026091,R026090,10/7/2021,1305,Wallet,Delivered
O026091,CUST026092,R026091,5/9/2019,1875,UPI,Delivered
O026092,CUST026093,R026092,10/13/2023,1596,UPI,Delivered
O026093,CUST026094,R026093,7/25/2025,1544,UPI,Delivered
O026094,CUST026095,R026094,10/18/2020,324,COD,Delivered
O026095,CUST026096,R026095,8/24/2020,450,UPI,Delivered
O026096,CUST026097,R026096,1/16/2024,1925,Card,Delivered
O026097,CUST026098,R026097,12/21/2021,558,Card,Delivered
O026098,CUST026099,R026098,10/24/2019,470,COD,Delivered
O026099,CUST026100,R026099,5/2/2024,976,COD,Delivered
O026100,CUST026101,R026100,5/24/2023,778,COD,Delivered
O026101,CUST026102,R026101,4/25/2023,786,COD,Delivered
O026102,CUST026103,R026102,11/8/2019,1605,COD,Delivered
O026103,CUST026104,R026103,4/9/2021,207,COD,Delivered
O026104,CUST026105,R026104,8/4/2021,1529,Wallet,Delivered
O026105,CUST026106,R026105,2/7/2019,1256,UPI,Cancelled
O026106,CUST026107,R026106,5/8/2019,1161,Wallet,Delivered
O026107,CUST026108,R026107,10/12/2020,1842,Wallet,Delivered
O026108,CUST026109,R026108,8/20/2022,1077,UPI,Delivered
O026109,CUST026110,R026109,7/11/2019,112,COD,Delivered
O026110,CUST026111,R026110,8/15/2023,1553,Card,Delivered
O026111,CUST026112,R026111,8/6/2024,514,COD,Delivered
O026112,CUST026113,R026112,9/2/2022,1193,UPI,Delivered
O026113,CUST026114,R026113,10/3/2022,1834,COD,Delivered
O026114,CUST026115,R026114,3/26/2020,875,COD,Delivered
O026115,CUST026116,R026115,5/1/2022,760,Wallet,Delivered
O026116,CUST026117,R026116,6/24/2024,250,COD,Delivered
O026117,CUST026118,R026117,1/7/2021,1573,COD,Cancelled
O026118,CUST026119,R026118,1/8/2024,412,Wallet,Delivered
O026119,CUST026120,R026119,9/10/2022,1740,Wallet,Delivered
O026120,CUST026121,R026120,2/13/2025,1001,UPI,Delivered
O026121,CUST026122,R026121,6/8/2020,1296,UPI,Delivered
O026122,CUST026123,R026122,11/12/2024,157,Wallet,Delivered
O026123,CUST026124,R026123,6/24/2019,752,UPI,Delivered
O026124,CUST026125,R026124,4/9/2022,173,COD,Delivered
O026125,CUST026126,R026125,6/25/2021,1822,Card,Delivered
O026126,CUST026127,R026126,9/15/2023,1451,Card,Delivered
O026127,CUST026128,R026127,3/21/2020,491,UPI,Delivered
O026128,CUST026129,R026128,8/24/2024,419,COD,Delivered
O026129,CUST026130,R026129,10/18/2021,358,COD,Delivered
O026130,CUST026131,R026130,9/2/2023,476,Card,Delivered
O026131,CUST026132,R026131,11/17/2022,1929,COD,Cancelled
O026132,CUST026133,R026132,4/4/2023,1531,UPI,Delivered
O026133,CUST026134,R026133,11/23/2020,661,Wallet,Delivered
O026134,CUST026135,R026134,2/2/2022,913,Wallet,Delivered
O026135,CUST026136,R026135,3/9/2024,785,Wallet,Delivered
O026136,CUST026137,R026136,11/5/2019,362,Wallet,Delivered
O026137,CUST026138,R026137,4/4/2019,1691,Wallet,Delivered
O026138,CUST026139,R026138,7/7/2021,1482,UPI,Delivered
O026139,CUST026140,R026139,8/9/2023,1733,UPI,Delivered
O026140,CUST026141,R026140,11/15/2022,1119,Wallet,Delivered
O026141,CUST026142,R026141,5/6/2024,1413,Card,Delivered
O026142,CUST026143,R026142,1/13/2023,1920,Wallet,Cancelled
O026143,CUST026144,R026143,7/11/2021,136,UPI,Delivered
O026144,CUST026145,R026144,11/14/2024,1545,Card,Delivered
O026145,CUST026146,R026145,8/26/2020,1919,Card,Delivered
O026146,CUST026147,R026146,11/17/2022,1940,COD,Delivered
O026147,CUST026148,R026147,7/22/2024,333,UPI,Delivered
O026148,CUST026149,R026148,7/14/2019,335,COD,Delivered
O026149,CUST026150,R026149,2/24/2025,166,Card,Delivered
O026150,CUST026151,R026150,10/23/2023,353,COD,Delivered
O026151,CUST026152,R026151,5/25/2023,859,Wallet,Delivered
O026152,CUST026153,R026152,10/1/2020,1158,Card,Delivered
O026153,CUST026154,R026153,4/23/2020,495,COD,Delivered
O026154,CUST026155,R026154,11/24/2021,791,Wallet,Delivered
O026155,CUST026156,R026155,4/7/2025,407,Wallet,Delivered
O026156,CUST026157,R026156,2/10/2025,1413,Wallet,Delivered
O026157,CUST026158,R026157,2/6/2025,965,Wallet,Delivered
O026158,CUST026159,R026158,12/4/2023,1536,UPI,Delivered
O026159,CUST026160,R026159,9/8/2024,1524,Wallet,Delivered
O026160,CUST026161,R026160,3/16/2019,961,Wallet,Delivered
O026161,CUST026162,R026161,6/9/2023,1896,Card,Delivered
O026162,CUST026163,R026162,2/21/2020,1728,Wallet,Delivered
O026163,CUST026164,R026163,7/4/2021,1871,Card,Delivered
O026164,CUST026165,R026164,11/12/2025,475,UPI,Delivered
O026165,CUST026166,R026165,2/23/2023,1786,COD,Delivered
O026166,CUST026167,R026166,12/25/2021,156,Card,Delivered
O026167,CUST026168,R026167,11/19/2021,407,UPI,Delivered
O026168,CUST026169,R026168,10/16/2025,192,COD,Delivered
O026169,CUST026170,R026169,6/4/2022,1520,UPI,Delivered
O026170,CUST026171,R026170,10/28/2020,1769,COD,Delivered
O026171,CUST026172,R026171,7/27/2022,1196,Wallet,Delivered
O026172,CUST026173,R026172,5/2/2019,1140,Card,Delivered
O026173,CUST026174,R026173,4/28/2019,577,Wallet,Delivered
O026174,CUST026175,R026174,2/4/2025,1513,Wallet,Delivered
O026175,CUST026176,R026175,9/16/2020,455,Wallet,Delivered
O026176,CUST026177,R026176,9/6/2023,1530,UPI,Cancelled
O026177,CUST026178,R026177,3/6/2022,1469,Wallet,Delivered
O026178,CUST026179,R026178,7/4/2024,1403,COD,Delivered
O026179,CUST026180,R026179,12/19/2021,438,Wallet,Delivered
O026180,CUST026181,R026180,2/14/2023,1506,UPI,Delivered
O026181,CUST026182,R026181,2/10/2022,279,COD,Delivered
O026182,CUST026183,R026182,8/25/2020,676,Card,Delivered
O026183,CUST026184,R026183,4/16/2021,1813,COD,Delivered
O026184,CUST026185,R026184,4/2/2021,1245,Card,Delivered
O026185,CUST026186,R026185,12/3/2019,338,COD,Delivered
O026186,CUST026187,R026186,3/8/2024,796,Wallet,Delivered
O026187,CUST026188,R026187,10/4/2021,668,Wallet,Delivered
O026188,CUST026189,R026188,11/3/2023,673,Wallet,Delivered
O026189,CUST026190,R026189,10/7/2025,1746,Wallet,Delivered
O026190,CUST026191,R026190,2/8/2019,668,Wallet,Delivered
O026191,CUST026192,R026191,8/8/2020,1448,Card,Delivered
O026192,CUST026193,R026192,4/20/2019,1493,Wallet,Delivered
O026193,CUST026194,R026193,4/4/2021,1122,UPI,Delivered
O026194,CUST026195,R026194,1/12/2020,1798,UPI,Delivered
O026195,CUST026196,R026195,8/19/2019,336,Card,Delivered
O026196,CUST026197,R026196,6/17/2023,1429,Card,Delivered
O026197,CUST026198,R026197,8/25/2024,147,Card,Delivered
O026198,CUST026199,R026198,6/12/2019,1856,Card,Cancelled
O026199,CUST026200,R026199,10/3/2024,948,UPI,Delivered
O026200,CUST026201,R026200,4/19/2022,322,COD,Delivered
O026201,CUST026202,R026201,3/26/2020,289,Wallet,Delivered
O026202,CUST026203,R026202,11/4/2020,474,COD,Delivered
O026203,CUST026204,R026203,12/17/2025,285,Card,Cancelled
O026204,CUST026205,R026204,11/3/2021,1107,COD,Delivered
O026205,CUST026206,R026205,1/1/2019,1110,Wallet,Delivered
O026206,CUST026207,R026206,5/5/2023,914,Wallet,Delivered
O026207,CUST026208,R026207,1/6/2020,525,Wallet,Delivered
O026208,CUST026209,R026208,9/1/2020,1329,UPI,Delivered
O026209,CUST026210,R026209,5/12/2020,1580,Wallet,Delivered
O026210,CUST026211,R026210,2/6/2024,1665,UPI,Delivered
O026211,CUST026212,R026211,11/9/2019,1473,UPI,Delivered
O026212,CUST026213,R026212,6/25/2019,1575,UPI,Delivered
O026213,CUST026214,R026213,1/1/2024,1839,UPI,Cancelled
O026214,CUST026215,R026214,11/20/2022,1851,Wallet,Cancelled
O026215,CUST026216,R026215,8/13/2025,1738,Card,Cancelled
O026216,CUST026217,R026216,6/12/2024,1379,UPI,Delivered
O026217,CUST026218,R026217,7/19/2022,1482,Card,Delivered
O026218,CUST026219,R026218,7/18/2025,343,Card,Delivered
O026219,CUST026220,R026219,9/21/2019,593,Wallet,Delivered
O026220,CUST026221,R026220,3/12/2024,1614,Card,Cancelled
O026221,CUST026222,R026221,10/17/2022,518,Card,Delivered
O026222,CUST026223,R026222,9/3/2019,1781,Card,Delivered
O026223,CUST026224,R026223,12/23/2021,897,Wallet,Delivered
O026224,CUST026225,R026224,10/25/2025,835,Card,Delivered
O026225,CUST026226,R026225,11/28/2025,764,Wallet,Delivered
O026226,CUST026227,R026226,7/24/2023,506,COD,Delivered
O026227,CUST026228,R026227,9/9/2025,151,COD,Delivered
O026228,CUST026229,R026228,3/2/2024,1397,Card,Cancelled
O026229,CUST026230,R026229,2/9/2021,1423,Card,Delivered
O026230,CUST026231,R026230,12/28/2022,1099,UPI,Delivered
O026231,CUST026232,R026231,5/4/2024,1860,Wallet,Delivered
O026232,CUST026233,R026232,12/16/2021,1259,Wallet,Delivered
O026233,CUST026234,R026233,7/6/2021,1274,UPI,Cancelled
O026234,CUST026235,R026234,6/11/2024,135,Wallet,Delivered
O026235,CUST026236,R026235,7/12/2024,1572,Card,Delivered
O026236,CUST026237,R026236,3/24/2023,513,UPI,Delivered
O026237,CUST026238,R026237,4/21/2020,1507,UPI,Delivered
O026238,CUST026239,R026238,12/25/2020,381,COD,Delivered
O026239,CUST026240,R026239,7/19/2023,613,UPI,Delivered
O026240,CUST026241,R026240,8/20/2019,1667,Card,Delivered
O026241,CUST026242,R026241,7/24/2021,1014,COD,Delivered
O026242,CUST026243,R026242,5/4/2022,194,UPI,Delivered
O026243,CUST026244,R026243,12/22/2022,715,Wallet,Delivered
O026244,CUST026245,R026244,1/27/2019,952,COD,Delivered
O026245,CUST026246,R026245,2/25/2023,876,Wallet,Delivered
O026246,CUST026247,R026246,8/11/2025,1065,COD,Delivered
O026247,CUST026248,R026247,1/6/2024,807,COD,Delivered
O026248,CUST026249,R026248,3/6/2019,1193,COD,Cancelled
O026249,CUST026250,R026249,5/11/2020,1569,UPI,Delivered
O026250,CUST026251,R026250,10/2/2020,1552,Card,Delivered
O026251,CUST026252,R026251,3/26/2023,468,UPI,Delivered
O026252,CUST026253,R026252,11/19/2021,1712,UPI,Delivered
O026253,CUST026254,R026253,1/21/2020,1886,COD,Delivered
O026254,CUST026255,R026254,11/25/2019,169,COD,Delivered
O026255,CUST026256,R026255,11/20/2024,413,Card,Delivered
O026256,CUST026257,R026256,6/3/2020,802,COD,Delivered
O026257,CUST026258,R026257,1/27/2019,108,COD,Cancelled
O026258,CUST026259,R026258,10/28/2021,920,Wallet,Delivered
O026259,CUST026260,R026259,4/12/2021,220,COD,Delivered
O026260,CUST026261,R026260,7/25/2020,850,COD,Delivered
O026261,CUST026262,R026261,10/8/2019,1281,Wallet,Delivered
O026262,CUST026263,R026262,9/11/2025,1154,Wallet,Delivered
O026263,CUST026264,R026263,6/2/2023,1168,UPI,Delivered
O026264,CUST026265,R026264,11/21/2025,1265,Wallet,Delivered
O026265,CUST026266,R026265,8/1/2023,1329,UPI,Delivered
O026266,CUST026267,R026266,11/23/2022,1546,Wallet,Delivered
O026267,CUST026268,R026267,9/11/2025,1687,Card,Delivered
O026268,CUST026269,R026268,7/14/2025,1929,Card,Delivered
O026269,CUST026270,R026269,9/28/2023,1431,Card,Delivered
O026270,CUST026271,R026270,2/9/2019,1669,UPI,Delivered
O026271,CUST026272,R026271,10/22/2021,580,Card,Delivered
O026272,CUST026273,R026272,9/21/2021,327,Card,Delivered
O026273,CUST026274,R026273,11/19/2024,641,Card,Cancelled
O026274,CUST026275,R026274,6/2/2021,1909,COD,Delivered
O026275,CUST026276,R026275,2/21/2023,814,Wallet,Delivered
O026276,CUST026277,R026276,1/7/2025,784,Card,Delivered
O026277,CUST026278,R026277,1/2/2020,881,Wallet,Cancelled
O026278,CUST026279,R026278,9/26/2025,946,Wallet,Delivered
O026279,CUST026280,R026279,10/18/2022,274,Wallet,Cancelled
O026280,CUST026281,R026280,10/21/2019,1351,Card,Delivered
O026281,CUST026282,R026281,11/8/2022,1546,COD,Delivered
O026282,CUST026283,R026282,3/9/2023,1649,COD,Delivered
O026283,CUST026284,R026283,2/4/2019,1286,COD,Delivered
O026284,CUST026285,R026284,1/17/2023,577,COD,Delivered
O026285,CUST026286,R026285,2/16/2020,1082,UPI,Delivered
O026286,CUST026287,R026286,7/8/2022,1353,Card,Delivered
O026287,CUST026288,R026287,3/2/2023,720,UPI,Delivered
O026288,CUST026289,R026288,4/4/2022,1525,UPI,Delivered
O026289,CUST026290,R026289,6/18/2019,650,Wallet,Delivered
O026290,CUST026291,R026290,3/13/2019,1637,Card,Delivered
O026291,CUST026292,R026291,3/9/2022,1832,Wallet,Delivered
O026292,CUST026293,R026292,10/15/2019,1476,UPI,Delivered
O026293,CUST026294,R026293,8/4/2019,1540,UPI,Delivered
O026294,CUST026295,R026294,8/19/2021,1413,UPI,Delivered
O026295,CUST026296,R026295,9/20/2020,460,Wallet,Delivered
O026296,CUST026297,R026296,3/24/2025,1991,Wallet,Delivered
O026297,CUST026298,R026297,9/15/2022,193,COD,Delivered
O026298,CUST026299,R026298,2/19/2025,699,Card,Delivered
O026299,CUST026300,R026299,2/3/2022,124,UPI,Delivered
O026300,CUST026301,R026300,10/24/2025,510,Wallet,Delivered
O026301,CUST026302,R026301,3/26/2024,1141,Card,Delivered
O026302,CUST026303,R026302,12/27/2019,933,COD,Delivered
O026303,CUST026304,R026303,10/8/2019,1254,COD,Delivered
O026304,CUST026305,R026304,11/3/2024,602,COD,Delivered
O026305,CUST026306,R026305,7/12/2023,1092,UPI,Delivered
O026306,CUST026307,R026306,10/5/2021,1157,COD,Cancelled
O026307,CUST026308,R026307,11/3/2019,1029,Wallet,Delivered
O026308,CUST026309,R026308,12/15/2021,119,UPI,Delivered
O026309,CUST026310,R026309,7/18/2022,762,COD,Delivered
O026310,CUST026311,R026310,5/9/2024,1711,Card,Delivered
O026311,CUST026312,R026311,2/13/2025,1694,Card,Cancelled
O026312,CUST026313,R026312,7/12/2022,237,UPI,Delivered
O026313,CUST026314,R026313,10/19/2022,170,Card,Delivered
O026314,CUST026315,R026314,3/23/2019,1770,UPI,Cancelled
O026315,CUST026316,R026315,12/21/2019,549,COD,Delivered
O026316,CUST026317,R026316,10/1/2020,1881,Card,Delivered
O026317,CUST026318,R026317,1/13/2021,218,Wallet,Delivered
O026318,CUST026319,R026318,10/7/2025,753,COD,Delivered
O026319,CUST026320,R026319,10/28/2021,312,Wallet,Delivered
O026320,CUST026321,R026320,3/4/2024,1247,Wallet,Delivered
O026321,CUST026322,R026321,1/15/2021,1175,UPI,Delivered
O026322,CUST026323,R026322,4/6/2025,1409,COD,Delivered
O026323,CUST026324,R026323,6/12/2020,1799,Wallet,Delivered
O026324,CUST026325,R026324,6/14/2023,848,UPI,Delivered
O026325,CUST026326,R026325,12/15/2022,281,Card,Delivered
O026326,CUST026327,R026326,7/26/2019,1227,Card,Delivered
O026327,CUST026328,R026327,4/11/2020,1858,Card,Delivered
O026328,CUST026329,R026328,4/22/2024,631,Card,Delivered
O026329,CUST026330,R026329,10/2/2020,1402,Card,Delivered
O026330,CUST026331,R026330,5/13/2019,263,COD,Delivered
O026331,CUST026332,R026331,6/7/2021,1983,Card,Cancelled
O026332,CUST026333,R026332,7/16/2025,463,COD,Delivered
O026333,CUST026334,R026333,2/26/2019,863,Card,Delivered
O026334,CUST026335,R026334,6/2/2023,792,UPI,Delivered
O026335,CUST026336,R026335,4/1/2025,1025,Wallet,Delivered
O026336,CUST026337,R026336,3/15/2022,525,COD,Delivered
O026337,CUST026338,R026337,3/24/2025,508,Wallet,Delivered
O026338,CUST026339,R026338,8/9/2024,1973,COD,Delivered
O026339,CUST026340,R026339,5/8/2024,843,UPI,Delivered
O026340,CUST026341,R026340,12/6/2022,1648,UPI,Delivered
O026341,CUST026342,R026341,3/17/2021,1259,UPI,Delivered
O026342,CUST026343,R026342,4/11/2020,1554,Card,Delivered
O026343,CUST026344,R026343,9/10/2019,1780,Wallet,Cancelled
O026344,CUST026345,R026344,12/17/2021,1604,Card,Delivered
O026345,CUST026346,R026345,4/13/2021,1980,COD,Cancelled
O026346,CUST026347,R026346,11/1/2022,1536,UPI,Delivered
O026347,CUST026348,R026347,4/11/2021,1787,Wallet,Delivered
O026348,CUST026349,R026348,12/23/2020,641,UPI,Delivered
O026349,CUST026350,R026349,10/24/2019,316,COD,Delivered
O026350,CUST026351,R026350,11/18/2020,125,COD,Cancelled
O026351,CUST026352,R026351,3/4/2024,744,Card,Delivered
O026352,CUST026353,R026352,11/22/2019,950,Wallet,Delivered
O026353,CUST026354,R026353,4/28/2019,836,Card,Delivered
O026354,CUST026355,R026354,1/1/2021,448,COD,Delivered
O026355,CUST026356,R026355,3/28/2024,743,Wallet,Delivered
O026356,CUST026357,R026356,10/6/2025,123,COD,Delivered
O026357,CUST026358,R026357,7/5/2022,793,Wallet,Delivered
O026358,CUST026359,R026358,3/1/2020,1344,COD,Delivered
O026359,CUST026360,R026359,12/4/2024,724,COD,Delivered
O026360,CUST026361,R026360,11/28/2020,1013,Wallet,Cancelled
O026361,CUST026362,R026361,12/14/2021,885,Wallet,Delivered
O026362,CUST026363,R026362,10/12/2025,188,UPI,Delivered
O026363,CUST026364,R026363,7/9/2024,1215,COD,Cancelled
O026364,CUST026365,R026364,12/7/2021,1833,UPI,Delivered
O026365,CUST026366,R026365,8/11/2025,182,UPI,Delivered
O026366,CUST026367,R026366,9/22/2024,1465,UPI,Delivered
O026367,CUST026368,R026367,5/17/2025,239,Card,Delivered
O026368,CUST026369,R026368,11/22/2019,359,UPI,Delivered
O026369,CUST026370,R026369,12/15/2020,1815,Card,Delivered
O026370,CUST026371,R026370,10/28/2024,454,UPI,Delivered
O026371,CUST026372,R026371,3/23/2020,1972,COD,Delivered
O026372,CUST026373,R026372,1/28/2019,831,COD,Delivered
O026373,CUST026374,R026373,3/22/2024,629,Card,Delivered
O026374,CUST026375,R026374,1/24/2021,502,COD,Delivered
O026375,CUST026376,R026375,5/7/2025,1749,COD,Delivered
O026376,CUST026377,R026376,9/10/2019,121,COD,Delivered
O026377,CUST026378,R026377,4/2/2025,1449,Wallet,Delivered
O026378,CUST026379,R026378,4/5/2020,1177,UPI,Delivered
O026379,CUST026380,R026379,2/4/2022,1125,Wallet,Delivered
O026380,CUST026381,R026380,1/11/2020,1799,Wallet,Delivered
O026381,CUST026382,R026381,12/19/2025,987,Wallet,Delivered
O026382,CUST026383,R026382,8/10/2022,1923,UPI,Delivered
O026383,CUST026384,R026383,8/14/2024,1082,UPI,Delivered
O026384,CUST026385,R026384,4/5/2020,1631,Card,Delivered
O026385,CUST026386,R026385,5/23/2022,622,Wallet,Delivered
O026386,CUST026387,R026386,5/24/2019,1258,Card,Cancelled
O026387,CUST026388,R026387,1/18/2021,293,COD,Delivered
O026388,CUST026389,R026388,1/1/2020,904,Wallet,Delivered
O026389,CUST026390,R026389,6/20/2021,209,COD,Delivered
O026390,CUST026391,R026390,1/5/2023,1494,Card,Delivered
O026391,CUST026392,R026391,12/6/2023,332,Wallet,Delivered
O026392,CUST026393,R026392,10/8/2020,1655,Wallet,Delivered
O026393,CUST026394,R026393,8/12/2020,954,Wallet,Delivered
O026394,CUST026395,R026394,9/7/2021,1075,Wallet,Delivered
O026395,CUST026396,R026395,4/10/2024,1967,Wallet,Delivered
O026396,CUST026397,R026396,7/22/2022,602,UPI,Delivered
O026397,CUST026398,R026397,11/6/2025,1675,Card,Delivered
O026398,CUST026399,R026398,4/24/2020,1722,UPI,Delivered
O026399,CUST026400,R026399,3/14/2020,1346,Card,Delivered
O026400,CUST026401,R026400,5/19/2019,336,UPI,Delivered
O026401,CUST026402,R026401,11/22/2019,520,COD,Delivered
O026402,CUST026403,R026402,10/21/2019,253,Card,Delivered
O026403,CUST026404,R026403,8/28/2023,265,Card,Delivered
O026404,CUST026405,R026404,6/15/2023,1849,COD,Delivered
O026405,CUST026406,R026405,3/2/2024,1445,UPI,Delivered
O026406,CUST026407,R026406,2/22/2020,571,Wallet,Delivered
O026407,CUST026408,R026407,9/2/2021,866,Wallet,Delivered
O026408,CUST026409,R026408,7/5/2019,743,Wallet,Delivered
O026409,CUST026410,R026409,9/4/2024,219,COD,Delivered
O026410,CUST026411,R026410,12/3/2020,1292,Wallet,Delivered
O026411,CUST026412,R026411,2/5/2025,1339,UPI,Delivered
O026412,CUST026413,R026412,6/9/2022,1453,UPI,Delivered
O026413,CUST026414,R026413,9/14/2025,1008,Wallet,Delivered
O026414,CUST026415,R026414,5/3/2019,1515,Card,Delivered
O026415,CUST026416,R026415,10/15/2019,1771,Wallet,Delivered
O026416,CUST026417,R026416,2/9/2023,1956,UPI,Delivered
O026417,CUST026418,R026417,5/10/2020,1509,COD,Delivered
O026418,CUST026419,R026418,10/24/2019,217,Card,Delivered
O026419,CUST026420,R026419,12/11/2023,188,COD,Delivered
O026420,CUST026421,R026420,5/24/2023,482,UPI,Delivered
O026421,CUST026422,R026421,1/17/2022,359,COD,Delivered
O026422,CUST026423,R026422,12/27/2019,371,Card,Delivered
O026423,CUST026424,R026423,11/25/2020,1855,Card,Cancelled
O026424,CUST026425,R026424,8/24/2022,709,COD,Delivered
O026425,CUST026426,R026425,9/28/2021,1004,Card,Delivered
O026426,CUST026427,R026426,1/19/2020,385,COD,Delivered
O026427,CUST026428,R026427,10/23/2021,935,COD,Delivered
O026428,CUST026429,R026428,9/8/2023,257,COD,Delivered
O026429,CUST026430,R026429,5/7/2021,1333,Wallet,Delivered
O026430,CUST026431,R026430,4/4/2024,886,COD,Delivered
O026431,CUST026432,R026431,1/3/2019,1495,UPI,Delivered
O026432,CUST026433,R026432,7/2/2020,2000,Wallet,Delivered
O026433,CUST026434,R026433,7/15/2022,870,Wallet,Delivered
O026434,CUST026435,R026434,8/8/2019,1812,Card,Delivered
O026435,CUST026436,R026435,10/17/2021,1648,COD,Delivered
O026436,CUST026437,R026436,11/3/2023,1515,Card,Delivered
O026437,CUST026438,R026437,10/11/2019,369,UPI,Delivered
O026438,CUST026439,R026438,5/22/2023,1633,Card,Delivered
O026439,CUST026440,R026439,12/23/2020,1903,Card,Delivered
O026440,CUST026441,R026440,6/17/2023,556,UPI,Delivered
O026441,CUST026442,R026441,6/18/2025,1818,COD,Delivered
O026442,CUST026443,R026442,1/2/2022,1377,UPI,Delivered
O026443,CUST026444,R026443,4/26/2024,1689,COD,Delivered
O026444,CUST026445,R026444,9/25/2021,1110,Wallet,Delivered
O026445,CUST026446,R026445,11/25/2019,1093,COD,Delivered
O026446,CUST026447,R026446,8/25/2022,531,COD,Delivered
O026447,CUST026448,R026447,7/2/2025,1428,COD,Delivered
O026448,CUST026449,R026448,10/14/2023,375,COD,Delivered
O026449,CUST026450,R026449,9/5/2020,1131,UPI,Cancelled
O026450,CUST026451,R026450,1/6/2021,998,Wallet,Delivered
O026451,CUST026452,R026451,2/3/2021,1293,Card,Cancelled
O026452,CUST026453,R026452,8/18/2022,283,COD,Delivered
O026453,CUST026454,R026453,10/12/2020,1184,Wallet,Cancelled
O026454,CUST026455,R026454,2/13/2020,1610,Card,Delivered
O026455,CUST026456,R026455,8/25/2022,148,UPI,Delivered
O026456,CUST026457,R026456,9/7/2024,1343,COD,Delivered
O026457,CUST026458,R026457,6/22/2025,1154,Card,Delivered
O026458,CUST026459,R026458,7/19/2021,248,COD,Delivered
O026459,CUST026460,R026459,2/6/2024,575,COD,Delivered
O026460,CUST026461,R026460,7/4/2023,626,Wallet,Delivered
O026461,CUST026462,R026461,3/2/2019,593,COD,Delivered
O026462,CUST026463,R026462,1/6/2024,1667,COD,Cancelled
O026463,CUST026464,R026463,9/6/2024,519,Wallet,Delivered
O026464,CUST026465,R026464,2/5/2019,1336,Card,Delivered
O026465,CUST026466,R026465,3/19/2022,1382,COD,Delivered
O026466,CUST026467,R026466,4/2/2023,1229,Wallet,Delivered
O026467,CUST026468,R026467,10/13/2023,1654,UPI,Delivered
O026468,CUST026469,R026468,10/18/2020,192,Card,Cancelled
O026469,CUST026470,R026469,11/16/2024,1387,Card,Delivered
O026470,CUST026471,R026470,10/23/2023,1827,Card,Delivered
O026471,CUST026472,R026471,1/7/2022,1766,Card,Cancelled
O026472,CUST026473,R026472,10/1/2019,862,UPI,Delivered
O026473,CUST026474,R026473,9/13/2025,242,COD,Delivered
O026474,CUST026475,R026474,6/25/2021,254,Card,Delivered
O026475,CUST026476,R026475,5/3/2024,394,COD,Delivered
O026476,CUST026477,R026476,3/16/2024,135,Card,Cancelled
O026477,CUST026478,R026477,3/1/2025,953,COD,Delivered
O026478,CUST026479,R026478,9/28/2022,1000,Wallet,Delivered
O026479,CUST026480,R026479,6/4/2023,889,Wallet,Delivered
O026480,CUST026481,R026480,5/8/2025,381,Wallet,Delivered
O026481,CUST026482,R026481,12/27/2022,1186,UPI,Delivered
O026482,CUST026483,R026482,7/10/2019,1431,Wallet,Delivered
O026483,CUST026484,R026483,3/4/2021,1618,UPI,Delivered
O026484,CUST026485,R026484,4/2/2024,1425,UPI,Delivered
O026485,CUST026486,R026485,2/23/2023,1490,Wallet,Delivered
O026486,CUST026487,R026486,3/28/2020,1760,Card,Cancelled
O026487,CUST026488,R026487,6/19/2021,1771,Wallet,Cancelled
O026488,CUST026489,R026488,6/12/2025,1949,COD,Delivered
O026489,CUST026490,R026489,1/17/2021,1696,UPI,Delivered
O026490,CUST026491,R026490,11/24/2019,1756,UPI,Delivered
O026491,CUST026492,R026491,9/23/2022,616,COD,Delivered
O026492,CUST026493,R026492,2/26/2025,743,Wallet,Delivered
O026493,CUST026494,R026493,9/18/2025,1514,Card,Delivered
O026494,CUST026495,R026494,12/15/2021,375,UPI,Delivered
O026495,CUST026496,R026495,3/1/2023,1632,Card,Delivered
O026496,CUST026497,R026496,2/20/2020,806,COD,Delivered
O026497,CUST026498,R026497,4/20/2024,614,Card,Delivered
O026498,CUST026499,R026498,6/27/2020,723,Wallet,Delivered
O026499,CUST026500,R026499,11/22/2023,426,COD,Delivered
O026500,CUST026501,R026500,6/7/2020,1971,Card,Delivered
O026501,CUST026502,R026501,2/28/2025,1312,UPI,Cancelled
O026502,CUST026503,R026502,8/6/2020,1376,Card,Delivered
O026503,CUST026504,R026503,8/27/2021,988,UPI,Delivered
O026504,CUST026505,R026504,6/3/2020,1710,Wallet,Delivered
O026505,CUST026506,R026505,9/14/2019,1371,Wallet,Delivered
O026506,CUST026507,R026506,2/8/2024,1131,UPI,Cancelled
O026507,CUST026508,R026507,7/10/2021,1936,COD,Delivered
O026508,CUST026509,R026508,9/10/2023,1291,Card,Delivered
O026509,CUST026510,R026509,6/22/2019,422,UPI,Delivered
O026510,CUST026511,R026510,12/14/2019,1417,UPI,Delivered
O026511,CUST026512,R026511,6/21/2020,339,COD,Delivered
O026512,CUST026513,R026512,2/17/2025,576,Card,Delivered
O026513,CUST026514,R026513,12/19/2022,1588,Card,Delivered
O026514,CUST026515,R026514,10/23/2020,929,COD,Delivered
O026515,CUST026516,R026515,12/3/2020,104,UPI,Delivered
O026516,CUST026517,R026516,3/22/2023,604,Wallet,Delivered
O026517,CUST026518,R026517,6/26/2024,481,COD,Delivered
O026518,CUST026519,R026518,3/24/2019,988,Wallet,Delivered
O026519,CUST026520,R026519,8/10/2024,922,COD,Delivered
O026520,CUST026521,R026520,3/4/2023,657,COD,Delivered
O026521,CUST026522,R026521,8/5/2020,1082,UPI,Cancelled
O026522,CUST026523,R026522,9/17/2021,1095,Wallet,Delivered
O026523,CUST026524,R026523,9/24/2024,1033,UPI,Cancelled
O026524,CUST026525,R026524,7/18/2022,1856,Wallet,Delivered
O026525,CUST026526,R026525,1/11/2020,1205,UPI,Cancelled
O026526,CUST026527,R026526,3/14/2024,1248,Card,Delivered
O026527,CUST026528,R026527,10/17/2020,128,COD,Delivered
O026528,CUST026529,R026528,2/18/2023,321,Card,Delivered
O026529,CUST026530,R026529,10/2/2023,648,Card,Delivered
O026530,CUST026531,R026530,10/27/2022,1904,COD,Delivered
O026531,CUST026532,R026531,6/25/2022,1076,Wallet,Delivered
O026532,CUST026533,R026532,12/10/2022,1977,COD,Delivered
O026533,CUST026534,R026533,5/22/2021,701,COD,Delivered
O026534,CUST026535,R026534,12/6/2025,1127,Wallet,Delivered
O026535,CUST026536,R026535,3/10/2023,1311,Wallet,Delivered
O026536,CUST026537,R026536,9/25/2022,1126,UPI,Delivered
O026537,CUST026538,R026537,7/19/2022,1185,Wallet,Delivered
O026538,CUST026539,R026538,3/27/2024,1250,UPI,Delivered
O026539,CUST026540,R026539,4/21/2019,1467,COD,Delivered
O026540,CUST026541,R026540,7/5/2023,1644,Card,Delivered
O026541,CUST026542,R026541,6/13/2022,1882,UPI,Delivered
O026542,CUST026543,R026542,11/26/2025,1277,UPI,Delivered
O026543,CUST026544,R026543,7/8/2020,1520,UPI,Delivered
O026544,CUST026545,R026544,7/22/2024,692,UPI,Delivered
O026545,CUST026546,R026545,9/20/2024,227,Card,Delivered
O026546,CUST026547,R026546,1/17/2023,362,Card,Delivered
O026547,CUST026548,R026547,12/28/2024,1755,COD,Delivered
O026548,CUST026549,R026548,9/19/2023,403,Wallet,Delivered
O026549,CUST026550,R026549,7/27/2019,742,Card,Delivered
O026550,CUST026551,R026550,8/28/2022,846,Wallet,Delivered
O026551,CUST026552,R026551,7/24/2023,866,Wallet,Delivered
O026552,CUST026553,R026552,12/15/2021,188,COD,Cancelled
O026553,CUST026554,R026553,9/20/2020,1261,UPI,Delivered
O026554,CUST026555,R026554,2/8/2023,1499,COD,Delivered
O026555,CUST026556,R026555,3/8/2024,1428,UPI,Delivered
O026556,CUST026557,R026556,3/2/2022,1136,UPI,Delivered
O026557,CUST026558,R026557,6/16/2019,1494,Wallet,Delivered
O026558,CUST026559,R026558,5/15/2019,1745,Card,Delivered
O026559,CUST026560,R026559,2/19/2023,153,COD,Delivered
O026560,CUST026561,R026560,10/12/2025,1414,UPI,Delivered
O026561,CUST026562,R026561,1/14/2020,1115,UPI,Delivered
O026562,CUST026563,R026562,8/24/2021,566,Wallet,Delivered
O026563,CUST026564,R026563,2/11/2019,1558,UPI,Delivered
O026564,CUST026565,R026564,5/7/2022,1621,Wallet,Cancelled
O026565,CUST026566,R026565,8/13/2020,1434,Wallet,Cancelled
O026566,CUST026567,R026566,11/2/2019,1450,UPI,Delivered
O026567,CUST026568,R026567,8/18/2020,1322,UPI,Delivered
O026568,CUST026569,R026568,6/19/2022,418,COD,Delivered
O026569,CUST026570,R026569,3/21/2023,1891,Wallet,Cancelled
O026570,CUST026571,R026570,6/14/2023,306,Card,Delivered
O026571,CUST026572,R026571,9/17/2022,556,Card,Delivered
O026572,CUST026573,R026572,5/2/2022,1876,UPI,Delivered
O026573,CUST026574,R026573,9/23/2020,225,Wallet,Delivered
O026574,CUST026575,R026574,10/25/2019,776,Card,Delivered
O026575,CUST026576,R026575,11/21/2024,784,COD,Delivered
O026576,CUST026577,R026576,10/5/2021,1173,COD,Delivered
O026577,CUST026578,R026577,9/1/2019,522,COD,Delivered
O026578,CUST026579,R026578,11/8/2022,1051,Wallet,Cancelled
O026579,CUST026580,R026579,8/7/2021,1110,Wallet,Delivered
O026580,CUST026581,R026580,7/2/2021,938,Wallet,Delivered
O026581,CUST026582,R026581,10/13/2019,1935,UPI,Delivered
O026582,CUST026583,R026582,3/18/2025,619,Wallet,Delivered
O026583,CUST026584,R026583,12/9/2023,1867,Card,Delivered
O026584,CUST026585,R026584,5/12/2024,1222,UPI,Cancelled
O026585,CUST026586,R026585,6/11/2024,1983,Wallet,Delivered
O026586,CUST026587,R026586,5/17/2022,1917,UPI,Delivered
O026587,CUST026588,R026587,10/19/2019,1404,UPI,Cancelled
O026588,CUST026589,R026588,3/16/2025,443,COD,Delivered
O026589,CUST026590,R026589,1/27/2023,1802,Card,Delivered
O026590,CUST026591,R026590,3/11/2019,139,COD,Delivered
O026591,CUST026592,R026591,4/5/2022,668,Card,Delivered
O026592,CUST026593,R026592,12/2/2023,1738,Card,Delivered
O026593,CUST026594,R026593,6/25/2024,598,COD,Delivered
O026594,CUST026595,R026594,5/8/2021,663,UPI,Delivered
O026595,CUST026596,R026595,1/27/2023,901,Wallet,Delivered
O026596,CUST026597,R026596,8/3/2025,1910,Wallet,Delivered
O026597,CUST026598,R026597,4/7/2021,743,UPI,Delivered
O026598,CUST026599,R026598,3/14/2022,171,UPI,Delivered
O026599,CUST026600,R026599,7/25/2025,1073,Card,Delivered
O026600,CUST026601,R026600,4/9/2022,1453,UPI,Delivered
O026601,CUST026602,R026601,3/17/2025,487,Card,Delivered
O026602,CUST026603,R026602,1/28/2021,1890,Card,Cancelled
O026603,CUST026604,R026603,11/11/2022,183,COD,Delivered
O026604,CUST026605,R026604,8/5/2020,1898,Card,Delivered
O026605,CUST026606,R026605,3/17/2023,372,COD,Delivered
O026606,CUST026607,R026606,10/26/2022,817,UPI,Delivered
O026607,CUST026608,R026607,6/24/2022,751,Wallet,Delivered
O026608,CUST026609,R026608,5/27/2021,945,Wallet,Delivered
O026609,CUST026610,R026609,8/13/2025,637,COD,Delivered
O026610,CUST026611,R026610,6/22/2024,360,Wallet,Delivered
O026611,CUST026612,R026611,10/9/2022,1688,COD,Delivered
O026612,CUST026613,R026612,8/7/2025,732,UPI,Delivered
O026613,CUST026614,R026613,8/3/2019,1244,UPI,Delivered
O026614,CUST026615,R026614,11/11/2020,1116,UPI,Delivered
O026615,CUST026616,R026615,10/10/2019,1411,UPI,Delivered
O026616,CUST026617,R026616,2/6/2024,1738,Wallet,Delivered
O026617,CUST026618,R026617,10/15/2022,1558,UPI,Delivered
O026618,CUST026619,R026618,3/14/2024,1890,COD,Delivered
O026619,CUST026620,R026619,3/26/2022,1445,UPI,Delivered
O026620,CUST026621,R026620,12/10/2024,367,Wallet,Delivered
O026621,CUST026622,R026621,11/23/2023,605,Card,Delivered
O026622,CUST026623,R026622,1/23/2025,429,Card,Delivered
O026623,CUST026624,R026623,6/17/2024,1877,COD,Delivered
O026624,CUST026625,R026624,6/3/2024,589,Card,Delivered
O026625,CUST026626,R026625,12/1/2022,839,Wallet,Delivered
O026626,CUST026627,R026626,11/26/2021,904,Card,Delivered
O026627,CUST026628,R026627,1/23/2025,733,Wallet,Delivered
O026628,CUST026629,R026628,6/4/2021,1026,Wallet,Delivered
O026629,CUST026630,R026629,5/10/2021,465,Card,Delivered
O026630,CUST026631,R026630,1/10/2024,1175,Wallet,Delivered
O026631,CUST026632,R026631,10/9/2024,1122,COD,Delivered
O026632,CUST026633,R026632,12/1/2019,639,COD,Delivered
O026633,CUST026634,R026633,8/26/2025,933,Wallet,Delivered
O026634,CUST026635,R026634,11/11/2022,806,Wallet,Delivered
O026635,CUST026636,R026635,12/11/2022,152,UPI,Delivered
O026636,CUST026637,R026636,10/7/2023,1109,COD,Delivered
O026637,CUST026638,R026637,5/6/2024,1679,UPI,Cancelled
O026638,CUST026639,R026638,10/10/2021,1930,UPI,Delivered
O026639,CUST026640,R026639,9/22/2025,1105,UPI,Delivered
O026640,CUST026641,R026640,8/11/2024,1865,Card,Delivered
O026641,CUST026642,R026641,2/20/2021,215,UPI,Delivered
O026642,CUST026643,R026642,2/13/2025,1730,Card,Delivered
O026643,CUST026644,R026643,4/26/2021,363,UPI,Delivered
O026644,CUST026645,R026644,10/25/2023,1924,Card,Delivered
O026645,CUST026646,R026645,12/24/2023,790,Card,Delivered
O026646,CUST026647,R026646,4/21/2020,550,Card,Delivered
O026647,CUST026648,R026647,1/22/2020,422,COD,Delivered
O026648,CUST026649,R026648,8/6/2024,1663,Card,Delivered
O026649,CUST026650,R026649,3/10/2020,1737,Card,Delivered
O026650,CUST026651,R026650,8/1/2019,1339,Wallet,Delivered
O026651,CUST026652,R026651,9/4/2021,1023,Wallet,Delivered
O026652,CUST026653,R026652,3/3/2025,720,Wallet,Delivered
O026653,CUST026654,R026653,7/6/2019,1656,Wallet,Delivered
O026654,CUST026655,R026654,5/15/2023,888,Wallet,Delivered
O026655,CUST026656,R026655,2/8/2025,1817,UPI,Delivered
O026656,CUST026657,R026656,10/12/2022,991,Wallet,Cancelled
O026657,CUST026658,R026657,12/7/2025,1541,Card,Delivered
O026658,CUST026659,R026658,12/21/2025,407,Wallet,Delivered
O026659,CUST026660,R026659,4/22/2019,1222,UPI,Cancelled
O026660,CUST026661,R026660,9/17/2022,212,Card,Delivered
O026661,CUST026662,R026661,12/28/2021,391,COD,Delivered
O026662,CUST026663,R026662,9/19/2020,1528,Card,Delivered
O026663,CUST026664,R026663,7/24/2019,956,UPI,Delivered
O026664,CUST026665,R026664,12/27/2023,1700,Wallet,Delivered
O026665,CUST026666,R026665,12/28/2022,1256,Wallet,Delivered
O026666,CUST026667,R026666,2/28/2021,812,Wallet,Delivered
O026667,CUST026668,R026667,3/5/2025,932,Wallet,Delivered
O026668,CUST026669,R026668,1/9/2023,1861,COD,Delivered
O026669,CUST026670,R026669,5/21/2024,1078,UPI,Delivered
O026670,CUST026671,R026670,4/7/2023,1585,Card,Delivered
O026671,CUST026672,R026671,8/22/2021,1637,UPI,Delivered
O026672,CUST026673,R026672,6/10/2022,1265,UPI,Delivered
O026673,CUST026674,R026673,4/18/2022,300,UPI,Delivered
O026674,CUST026675,R026674,2/21/2019,479,COD,Delivered
O026675,CUST026676,R026675,5/19/2023,163,Card,Delivered
O026676,CUST026677,R026676,4/27/2024,110,UPI,Delivered
O026677,CUST026678,R026677,10/15/2021,1744,COD,Delivered
O026678,CUST026679,R026678,11/1/2020,916,UPI,Delivered
O026679,CUST026680,R026679,8/16/2022,428,COD,Delivered
O026680,CUST026681,R026680,11/28/2020,716,COD,Delivered
O026681,CUST026682,R026681,5/3/2020,588,Wallet,Delivered
O026682,CUST026683,R026682,11/2/2024,172,Wallet,Delivered
O026683,CUST026684,R026683,11/2/2023,1245,Wallet,Delivered
O026684,CUST026685,R026684,2/3/2021,1253,Wallet,Delivered
O026685,CUST026686,R026685,10/7/2024,1373,UPI,Delivered
O026686,CUST026687,R026686,12/12/2024,929,Wallet,Delivered
O026687,CUST026688,R026687,7/3/2024,1996,Card,Delivered
O026688,CUST026689,R026688,1/14/2025,1723,Wallet,Delivered
O026689,CUST026690,R026689,6/8/2019,1802,UPI,Delivered
O026690,CUST026691,R026690,6/9/2023,1361,Card,Delivered
O026691,CUST026692,R026691,11/24/2020,1719,UPI,Delivered
O026692,CUST026693,R026692,6/18/2024,1988,COD,Delivered
O026693,CUST026694,R026693,3/22/2023,376,UPI,Cancelled
O026694,CUST026695,R026694,3/15/2020,205,COD,Delivered
O026695,CUST026696,R026695,11/24/2024,472,Card,Delivered
O026696,CUST026697,R026696,11/27/2025,1878,COD,Cancelled
O026697,CUST026698,R026697,1/26/2024,913,Wallet,Delivered
O026698,CUST026699,R026698,6/1/2019,1165,Card,Delivered
O026699,CUST026700,R026699,10/22/2022,545,COD,Delivered
O026700,CUST026701,R026700,3/25/2019,849,COD,Delivered
O026701,CUST026702,R026701,5/9/2024,210,COD,Delivered
O026702,CUST026703,R026702,2/7/2023,1223,COD,Delivered
O026703,CUST026704,R026703,9/2/2025,737,COD,Delivered
O026704,CUST026705,R026704,3/1/2022,1095,Wallet,Delivered
O026705,CUST026706,R026705,6/1/2023,1856,COD,Delivered
O026706,CUST026707,R026706,4/13/2020,765,Wallet,Delivered
O026707,CUST026708,R026707,1/6/2022,1526,Card,Delivered
O026708,CUST026709,R026708,5/15/2021,1748,COD,Delivered
O026709,CUST026710,R026709,11/5/2022,1429,UPI,Cancelled
O026710,CUST026711,R026710,7/17/2021,290,Wallet,Delivered
O026711,CUST026712,R026711,11/20/2021,1597,Card,Delivered
O026712,CUST026713,R026712,2/21/2019,1860,Card,Delivered
O026713,CUST026714,R026713,5/16/2024,466,UPI,Delivered
O026714,CUST026715,R026714,2/17/2019,1728,Card,Delivered
O026715,CUST026716,R026715,1/1/2023,1330,UPI,Delivered
O026716,CUST026717,R026716,12/25/2020,1409,Card,Delivered
O026717,CUST026718,R026717,2/24/2024,711,Wallet,Delivered
O026718,CUST026719,R026718,2/23/2025,950,COD,Delivered
O026719,CUST026720,R026719,2/23/2019,382,COD,Delivered
O026720,CUST026721,R026720,4/1/2024,1317,COD,Cancelled
O026721,CUST026722,R026721,4/10/2025,519,COD,Delivered
O026722,CUST026723,R026722,1/6/2024,1047,UPI,Delivered
O026723,CUST026724,R026723,5/4/2021,918,Wallet,Delivered
O026724,CUST026725,R026724,4/2/2021,1212,UPI,Delivered
O026725,CUST026726,R026725,1/16/2023,1968,Wallet,Delivered
O026726,CUST026727,R026726,1/10/2019,1138,Wallet,Delivered
O026727,CUST026728,R026727,2/11/2019,1519,Card,Delivered
O026728,CUST026729,R026728,9/23/2025,1963,Wallet,Delivered
O026729,CUST026730,R026729,2/7/2022,1199,UPI,Cancelled
O026730,CUST026731,R026730,5/19/2019,372,UPI,Delivered
O026731,CUST026732,R026731,2/18/2025,1578,COD,Delivered
O026732,CUST026733,R026732,9/27/2021,1899,Card,Delivered
O026733,CUST026734,R026733,2/23/2023,1945,COD,Delivered
O026734,CUST026735,R026734,2/22/2025,136,COD,Delivered
O026735,CUST026736,R026735,8/1/2024,1562,COD,Cancelled
O026736,CUST026737,R026736,9/4/2019,439,Wallet,Delivered
O026737,CUST026738,R026737,5/2/2021,1256,UPI,Delivered
O026738,CUST026739,R026738,5/17/2020,1298,Wallet,Delivered
O026739,CUST026740,R026739,2/27/2021,1182,Wallet,Delivered
O026740,CUST026741,R026740,1/13/2024,1606,Wallet,Delivered
O026741,CUST026742,R026741,8/16/2025,106,UPI,Delivered
O026742,CUST026743,R026742,12/14/2020,1244,UPI,Delivered
O026743,CUST026744,R026743,5/22/2022,1428,UPI,Delivered
O026744,CUST026745,R026744,11/6/2021,1660,Card,Delivered
O026745,CUST026746,R026745,9/27/2021,576,UPI,Delivered
O026746,CUST026747,R026746,4/11/2019,1990,COD,Cancelled
O026747,CUST026748,R026747,10/23/2021,355,Card,Cancelled
O026748,CUST026749,R026748,1/2/2022,288,COD,Delivered
O026749,CUST026750,R026749,1/14/2019,2000,COD,Delivered
O026750,CUST026751,R026750,5/27/2023,873,COD,Delivered
O026751,CUST026752,R026751,3/26/2019,914,Wallet,Delivered
O026752,CUST026753,R026752,2/2/2020,798,COD,Delivered
O026753,CUST026754,R026753,5/7/2021,334,Wallet,Delivered
O026754,CUST026755,R026754,9/26/2025,1668,UPI,Delivered
O026755,CUST026756,R026755,12/9/2020,1352,COD,Delivered
O026756,CUST026757,R026756,11/3/2022,1218,Wallet,Delivered
O026757,CUST026758,R026757,3/28/2025,1276,UPI,Delivered
O026758,CUST026759,R026758,12/22/2022,1380,Wallet,Delivered
O026759,CUST026760,R026759,10/6/2019,1650,Card,Delivered
O026760,CUST026761,R026760,6/17/2023,1877,Wallet,Delivered
O026761,CUST026762,R026761,7/14/2024,1806,COD,Delivered
O026762,CUST026763,R026762,3/16/2021,1617,UPI,Delivered
O026763,CUST026764,R026763,12/22/2023,1545,Card,Delivered
O026764,CUST026765,R026764,11/21/2020,574,COD,Cancelled
O026765,CUST026766,R026765,11/24/2025,1080,UPI,Delivered
O026766,CUST026767,R026766,11/16/2021,1852,COD,Delivered
O026767,CUST026768,R026767,8/21/2025,761,Card,Delivered
O026768,CUST026769,R026768,3/4/2021,122,UPI,Delivered
O026769,CUST026770,R026769,3/26/2019,407,COD,Delivered
O026770,CUST026771,R026770,3/25/2020,465,UPI,Delivered
O026771,CUST026772,R026771,1/25/2025,568,COD,Delivered
O026772,CUST026773,R026772,2/21/2024,838,Card,Delivered
O026773,CUST026774,R026773,9/6/2024,220,Card,Delivered
O026774,CUST026775,R026774,7/2/2023,1169,UPI,Delivered
O026775,CUST026776,R026775,7/4/2025,1233,Card,Delivered
O026776,CUST026777,R026776,9/25/2020,902,Wallet,Delivered
O026777,CUST026778,R026777,1/9/2021,1663,Wallet,Delivered
O026778,CUST026779,R026778,6/13/2024,1325,COD,Cancelled
O026779,CUST026780,R026779,7/7/2025,1040,UPI,Delivered
O026780,CUST026781,R026780,8/9/2024,1850,COD,Delivered
O026781,CUST026782,R026781,8/9/2019,1211,UPI,Delivered
O026782,CUST026783,R026782,4/21/2025,1968,Wallet,Delivered
O026783,CUST026784,R026783,7/13/2024,1137,UPI,Delivered
O026784,CUST026785,R026784,9/20/2019,184,COD,Delivered
O026785,CUST026786,R026785,6/16/2021,422,Card,Delivered
O026786,CUST026787,R026786,3/15/2024,1738,Card,Delivered
O026787,CUST026788,R026787,1/25/2023,829,Card,Delivered
O026788,CUST026789,R026788,7/1/2020,1860,UPI,Delivered
O026789,CUST026790,R026789,2/20/2024,519,Wallet,Delivered
O026790,CUST026791,R026790,7/24/2023,391,COD,Delivered
O026791,CUST026792,R026791,3/22/2022,941,Wallet,Delivered
O026792,CUST026793,R026792,3/8/2019,705,Card,Delivered
O026793,CUST026794,R026793,12/3/2020,578,Card,Delivered
O026794,CUST026795,R026794,4/4/2021,1003,UPI,Delivered
O026795,CUST026796,R026795,4/16/2025,696,Wallet,Delivered
O026796,CUST026797,R026796,8/23/2024,927,Wallet,Delivered
O026797,CUST026798,R026797,2/15/2025,1745,Wallet,Delivered
O026798,CUST026799,R026798,2/10/2023,1051,Wallet,Delivered
O026799,CUST026800,R026799,7/12/2024,1355,UPI,Delivered
O026800,CUST026801,R026800,9/19/2025,1457,Card,Delivered
O026801,CUST026802,R026801,4/11/2022,1520,UPI,Delivered
O026802,CUST026803,R026802,4/21/2019,179,Card,Delivered
O026803,CUST026804,R026803,7/18/2023,1385,COD,Delivered
O026804,CUST026805,R026804,11/17/2024,985,Wallet,Delivered
O026805,CUST026806,R026805,7/2/2023,1935,COD,Delivered
O026806,CUST026807,R026806,9/19/2024,666,COD,Delivered
O026807,CUST026808,R026807,12/4/2024,1047,COD,Delivered
O026808,CUST026809,R026808,6/9/2023,1225,Wallet,Delivered
O026809,CUST026810,R026809,8/24/2024,972,Wallet,Delivered
O026810,CUST026811,R026810,10/18/2023,901,Wallet,Delivered
O026811,CUST026812,R026811,3/26/2024,1139,UPI,Delivered
O026812,CUST026813,R026812,6/20/2022,1572,COD,Delivered
O026813,CUST026814,R026813,2/7/2021,1501,Card,Delivered
O026814,CUST026815,R026814,8/11/2020,1740,UPI,Delivered
O026815,CUST026816,R026815,7/22/2022,1235,UPI,Delivered
O026816,CUST026817,R026816,9/6/2019,1473,Card,Delivered
O026817,CUST026818,R026817,4/20/2024,601,UPI,Cancelled
O026818,CUST026819,R026818,9/18/2019,143,Card,Delivered
O026819,CUST026820,R026819,1/16/2024,282,Card,Delivered
O026820,CUST026821,R026820,3/27/2019,1718,Card,Delivered
O026821,CUST026822,R026821,8/18/2025,885,Wallet,Cancelled
O026822,CUST026823,R026822,10/25/2019,589,Card,Delivered
O026823,CUST026824,R026823,8/27/2021,692,COD,Delivered
O026824,CUST026825,R026824,11/21/2019,760,Wallet,Delivered
O026825,CUST026826,R026825,5/15/2019,343,Card,Delivered
O026826,CUST026827,R026826,8/22/2023,1118,UPI,Delivered
O026827,CUST026828,R026827,8/6/2020,1356,COD,Delivered
O026828,CUST026829,R026828,5/6/2022,1278,UPI,Delivered
O026829,CUST026830,R026829,1/1/2024,1089,UPI,Delivered
O026830,CUST026831,R026830,7/15/2019,1273,Wallet,Delivered
O026831,CUST026832,R026831,9/12/2019,1660,Card,Delivered
O026832,CUST026833,R026832,3/17/2025,1973,COD,Delivered
O026833,CUST026834,R026833,5/9/2021,1335,Card,Delivered
O026834,CUST026835,R026834,11/13/2020,1880,UPI,Delivered
O026835,CUST026836,R026835,2/22/2019,1260,UPI,Delivered
O026836,CUST026837,R026836,4/22/2023,307,COD,Delivered
O026837,CUST026838,R026837,8/17/2023,376,Wallet,Delivered
O026838,CUST026839,R026838,10/24/2019,452,Wallet,Cancelled
O026839,CUST026840,R026839,3/17/2023,1873,UPI,Delivered
O026840,CUST026841,R026840,10/16/2019,1216,Wallet,Delivered
O026841,CUST026842,R026841,4/17/2023,263,COD,Delivered
O026842,CUST026843,R026842,10/18/2024,1801,Wallet,Delivered
O026843,CUST026844,R026843,11/12/2021,259,Card,Delivered
O026844,CUST026845,R026844,6/24/2025,514,Card,Delivered
O026845,CUST026846,R026845,8/27/2024,1796,UPI,Delivered
O026846,CUST026847,R026846,12/22/2020,146,COD,Delivered
O026847,CUST026848,R026847,5/23/2023,690,Card,Delivered
O026848,CUST026849,R026848,10/20/2023,562,Card,Delivered
O026849,CUST026850,R026849,9/5/2024,1063,COD,Delivered
O026850,CUST026851,R026850,10/28/2022,374,COD,Delivered
O026851,CUST026852,R026851,4/6/2023,1163,Wallet,Cancelled
O026852,CUST026853,R026852,12/6/2022,966,Wallet,Delivered
O026853,CUST026854,R026853,7/26/2021,832,Wallet,Delivered
O026854,CUST026855,R026854,11/11/2025,1825,UPI,Delivered
O026855,CUST026856,R026855,2/15/2024,529,COD,Delivered
O026856,CUST026857,R026856,7/7/2023,1781,UPI,Delivered
O026857,CUST026858,R026857,8/10/2021,1142,UPI,Delivered
O026858,CUST026859,R026858,9/9/2024,1948,Wallet,Delivered
O026859,CUST026860,R026859,12/16/2020,1838,UPI,Delivered
O026860,CUST026861,R026860,1/18/2025,1318,UPI,Delivered
O026861,CUST026862,R026861,7/15/2021,352,COD,Delivered
O026862,CUST026863,R026862,12/6/2019,1691,Card,Delivered
O026863,CUST026864,R026863,3/10/2020,1935,COD,Delivered
O026864,CUST026865,R026864,5/3/2025,779,Card,Delivered
O026865,CUST026866,R026865,4/1/2019,1594,Card,Delivered
O026866,CUST026867,R026866,8/23/2023,449,COD,Delivered
O026867,CUST026868,R026867,6/6/2025,552,Wallet,Delivered
O026868,CUST026869,R026868,3/25/2024,360,COD,Delivered
O026869,CUST026870,R026869,11/1/2020,1397,COD,Delivered
O026870,CUST026871,R026870,4/5/2023,236,Wallet,Delivered
O026871,CUST026872,R026871,8/4/2024,1564,Wallet,Cancelled
O026872,CUST026873,R026872,8/17/2021,603,UPI,Delivered
O026873,CUST026874,R026873,7/2/2020,1406,UPI,Delivered
O026874,CUST026875,R026874,3/9/2023,397,UPI,Delivered
O026875,CUST026876,R026875,6/27/2022,1736,Card,Delivered
O026876,CUST026877,R026876,7/11/2025,1978,COD,Delivered
O026877,CUST026878,R026877,7/5/2023,1879,Card,Delivered
O026878,CUST026879,R026878,6/16/2022,229,Card,Delivered
O026879,CUST026880,R026879,4/24/2019,668,UPI,Delivered
O026880,CUST026881,R026880,8/22/2021,596,Wallet,Delivered
O026881,CUST026882,R026881,4/26/2024,578,Wallet,Delivered
O026882,CUST026883,R026882,5/10/2025,596,COD,Delivered
O026883,CUST026884,R026883,10/20/2025,280,UPI,Cancelled
O026884,CUST026885,R026884,5/7/2022,1608,COD,Delivered
O026885,CUST026886,R026885,6/5/2019,647,Wallet,Delivered
O026886,CUST026887,R026886,7/3/2025,1023,Wallet,Delivered
O026887,CUST026888,R026887,6/10/2019,1069,UPI,Delivered
O026888,CUST026889,R026888,11/8/2022,1325,UPI,Delivered
O026889,CUST026890,R026889,11/5/2022,1595,Wallet,Delivered
O026890,CUST026891,R026890,1/14/2023,1670,UPI,Delivered
O026891,CUST026892,R026891,1/11/2022,1790,COD,Delivered
O026892,CUST026893,R026892,6/25/2021,1339,Wallet,Delivered
O026893,CUST026894,R026893,4/8/2019,212,COD,Delivered
O026894,CUST026895,R026894,11/20/2025,195,UPI,Cancelled
O026895,CUST026896,R026895,7/21/2023,213,Card,Cancelled
O026896,CUST026897,R026896,1/15/2019,1840,COD,Delivered
O026897,CUST026898,R026897,9/1/2019,509,Card,Delivered
O026898,CUST026899,R026898,2/27/2021,755,COD,Delivered
O026899,CUST026900,R026899,6/25/2025,814,Card,Delivered
O026900,CUST026901,R026900,12/20/2019,685,Wallet,Delivered
O026901,CUST026902,R026901,10/3/2019,985,Card,Delivered
O026902,CUST026903,R026902,6/9/2024,323,Wallet,Delivered
O026903,CUST026904,R026903,1/8/2023,1286,Wallet,Delivered
O026904,CUST026905,R026904,1/8/2024,1400,Wallet,Delivered
O026905,CUST026906,R026905,3/7/2023,956,Wallet,Delivered
O026906,CUST026907,R026906,7/3/2021,1774,Wallet,Cancelled
O026907,CUST026908,R026907,11/15/2025,824,Wallet,Delivered
O026908,CUST026909,R026908,3/16/2025,1903,Wallet,Delivered
O026909,CUST026910,R026909,12/9/2022,1029,COD,Delivered
O026910,CUST026911,R026910,2/5/2023,1643,Wallet,Delivered
O026911,CUST026912,R026911,3/8/2024,1888,Wallet,Delivered
O026912,CUST026913,R026912,4/23/2019,1013,Wallet,Delivered
O026913,CUST026914,R026913,12/10/2020,1774,Card,Delivered
O026914,CUST026915,R026914,10/19/2024,174,UPI,Delivered
O026915,CUST026916,R026915,2/13/2019,1456,Card,Delivered
O026916,CUST026917,R026916,12/24/2022,474,UPI,Delivered
O026917,CUST026918,R026917,9/24/2024,1775,Card,Delivered
O026918,CUST026919,R026918,3/23/2022,636,Card,Delivered
O026919,CUST026920,R026919,10/19/2025,439,COD,Delivered
O026920,CUST026921,R026920,4/18/2022,1962,COD,Delivered
O026921,CUST026922,R026921,11/4/2019,1520,Card,Delivered
O026922,CUST026923,R026922,10/7/2021,1658,Card,Delivered
O026923,CUST026924,R026923,2/27/2023,1260,Wallet,Delivered
O026924,CUST026925,R026924,6/3/2019,615,Wallet,Delivered
O026925,CUST026926,R026925,6/5/2023,673,Wallet,Delivered
O026926,CUST026927,R026926,8/5/2022,1566,COD,Delivered
O026927,CUST026928,R026927,10/14/2024,802,Wallet,Delivered
O026928,CUST026929,R026928,10/7/2021,1737,UPI,Delivered
O026929,CUST026930,R026929,12/19/2019,1146,Wallet,Cancelled
O026930,CUST026931,R026930,3/5/2025,1436,UPI,Delivered
O026931,CUST026932,R026931,7/20/2022,252,COD,Delivered
O026932,CUST026933,R026932,12/21/2020,1067,UPI,Delivered
O026933,CUST026934,R026933,12/15/2019,1578,Card,Delivered
O026934,CUST026935,R026934,2/27/2021,291,Card,Delivered
O026935,CUST026936,R026935,8/17/2019,1449,Card,Cancelled
O026936,CUST026937,R026936,9/21/2025,870,UPI,Delivered
O026937,CUST026938,R026937,10/25/2023,1609,COD,Delivered
O026938,CUST026939,R026938,2/28/2025,782,COD,Delivered
O026939,CUST026940,R026939,3/28/2022,337,COD,Delivered
O026940,CUST026941,R026940,8/26/2024,418,COD,Delivered
O026941,CUST026942,R026941,9/1/2023,1353,Wallet,Delivered
O026942,CUST026943,R026942,12/13/2020,763,Wallet,Delivered
O026943,CUST026944,R026943,9/28/2025,1480,Card,Delivered
O026944,CUST026945,R026944,11/21/2020,1351,UPI,Delivered
O026945,CUST026946,R026945,10/8/2025,1111,UPI,Delivered
O026946,CUST026947,R026946,5/16/2024,1797,Wallet,Cancelled
O026947,CUST026948,R026947,7/14/2022,336,COD,Delivered
O026948,CUST026949,R026948,7/18/2024,1963,Card,Delivered
O026949,CUST026950,R026949,2/25/2025,1969,UPI,Cancelled
O026950,CUST026951,R026950,12/12/2019,1654,Card,Delivered
O026951,CUST026952,R026951,2/3/2021,826,UPI,Delivered
O026952,CUST026953,R026952,5/15/2025,386,COD,Delivered
O026953,CUST026954,R026953,4/27/2024,506,COD,Delivered
O026954,CUST026955,R026954,1/2/2021,509,Wallet,Delivered
O026955,CUST026956,R026955,6/1/2021,284,COD,Delivered
O026956,CUST026957,R026956,2/1/2022,1096,COD,Delivered
O026957,CUST026958,R026957,1/2/2024,1142,Wallet,Delivered
O026958,CUST026959,R026958,1/3/2020,1263,UPI,Delivered
O026959,CUST026960,R026959,4/10/2024,525,Wallet,Delivered
O026960,CUST026961,R026960,1/1/2024,1852,Card,Cancelled
O026961,CUST026962,R026961,11/12/2021,1579,COD,Delivered
O026962,CUST026963,R026962,3/7/2025,1587,Wallet,Delivered
O026963,CUST026964,R026963,12/7/2019,1314,Card,Delivered
O026964,CUST026965,R026964,10/25/2023,1628,UPI,Delivered
O026965,CUST026966,R026965,2/16/2022,1903,Card,Delivered
O026966,CUST026967,R026966,12/21/2019,297,UPI,Delivered
O026967,CUST026968,R026967,6/12/2019,169,COD,Delivered
O026968,CUST026969,R026968,2/23/2023,429,UPI,Delivered
O026969,CUST026970,R026969,10/26/2019,1724,Card,Delivered
O026970,CUST026971,R026970,9/25/2019,759,COD,Delivered
O026971,CUST026972,R026971,6/28/2020,879,Card,Delivered
O026972,CUST026973,R026972,5/20/2024,184,COD,Delivered
O026973,CUST026974,R026973,12/23/2019,945,COD,Delivered
O026974,CUST026975,R026974,7/7/2022,307,Wallet,Delivered
O026975,CUST026976,R026975,9/8/2025,1377,Wallet,Delivered
O026976,CUST026977,R026976,3/2/2021,929,Card,Delivered
O026977,CUST026978,R026977,7/7/2025,1048,Wallet,Delivered
O026978,CUST026979,R026978,8/2/2023,1772,COD,Delivered
O026979,CUST026980,R026979,10/12/2021,686,Wallet,Delivered
O026980,CUST026981,R026980,5/5/2023,1446,Card,Delivered
O026981,CUST026982,R026981,11/15/2022,1707,Card,Cancelled
O026982,CUST026983,R026982,2/4/2022,1145,UPI,Delivered
O026983,CUST026984,R026983,7/16/2021,136,Wallet,Delivered
O026984,CUST026985,R026984,12/19/2024,1447,UPI,Delivered
O026985,CUST026986,R026985,2/18/2023,1461,Card,Delivered
O026986,CUST026987,R026986,2/15/2023,366,Card,Delivered
O026987,CUST026988,R026987,8/15/2023,1585,Card,Delivered
O026988,CUST026989,R026988,3/27/2022,1181,UPI,Delivered
O026989,CUST026990,R026989,3/23/2022,1318,Card,Delivered
O026990,CUST026991,R026990,1/26/2022,665,Wallet,Delivered
O026991,CUST026992,R026991,1/22/2025,542,Card,Delivered
O026992,CUST026993,R026992,3/21/2021,301,COD,Delivered
O026993,CUST026994,R026993,9/28/2020,1237,COD,Delivered
O026994,CUST026995,R026994,7/9/2024,435,COD,Delivered
O026995,CUST026996,R026995,3/6/2022,936,Wallet,Delivered
O026996,CUST026997,R026996,10/11/2022,807,COD,Delivered
O026997,CUST026998,R026997,2/28/2019,1063,UPI,Delivered
O026998,CUST026999,R026998,2/15/2025,1570,COD,Delivered
O026999,CUST027000,R026999,1/9/2023,995,Wallet,Delivered
O027000,CUST027001,R027000,11/10/2025,1239,Card,Cancelled
O027001,CUST027002,R027001,7/21/2019,1852,Wallet,Delivered
O027002,CUST027003,R027002,9/4/2022,1109,UPI,Cancelled
O027003,CUST027004,R027003,1/20/2022,281,UPI,Delivered
O027004,CUST027005,R027004,9/16/2020,1536,COD,Delivered
O027005,CUST027006,R027005,2/23/2023,1862,Card,Delivered
O027006,CUST027007,R027006,5/22/2022,1866,COD,Delivered
O027007,CUST027008,R027007,9/21/2022,1952,Card,Delivered
O027008,CUST027009,R027008,11/28/2024,1043,Card,Delivered
O027009,CUST027010,R027009,12/25/2019,423,COD,Delivered
O027010,CUST027011,R027010,5/23/2021,724,UPI,Delivered
O027011,CUST027012,R027011,2/9/2025,471,Wallet,Delivered
O027012,CUST027013,R027012,7/18/2023,1038,Wallet,Delivered
O027013,CUST027014,R027013,3/4/2021,1457,Wallet,Delivered
O027014,CUST027015,R027014,5/9/2022,1897,UPI,Cancelled
O027015,CUST027016,R027015,6/13/2025,1197,UPI,Delivered
O027016,CUST027017,R027016,10/23/2020,1342,UPI,Delivered
O027017,CUST027018,R027017,7/4/2025,1580,Card,Delivered
O027018,CUST027019,R027018,11/26/2021,497,Wallet,Delivered
O027019,CUST027020,R027019,6/10/2023,1954,COD,Delivered
O027020,CUST027021,R027020,1/21/2020,138,Card,Delivered
O027021,CUST027022,R027021,5/1/2025,198,Card,Cancelled
O027022,CUST027023,R027022,2/13/2022,1846,COD,Delivered
O027023,CUST027024,R027023,1/24/2024,768,Card,Delivered
O027024,CUST027025,R027024,11/26/2021,558,Wallet,Delivered
O027025,CUST027026,R027025,6/1/2023,654,COD,Delivered
O027026,CUST027027,R027026,7/5/2019,185,COD,Cancelled
O027027,CUST027028,R027027,2/24/2022,1514,Wallet,Delivered
O027028,CUST027029,R027028,2/7/2020,1496,COD,Delivered
O027029,CUST027030,R027029,7/5/2022,1002,Wallet,Delivered
O027030,CUST027031,R027030,3/26/2020,1197,UPI,Delivered
O027031,CUST027032,R027031,11/20/2021,1300,Wallet,Delivered
O027032,CUST027033,R027032,2/5/2025,1564,Card,Delivered
O027033,CUST027034,R027033,12/16/2024,1830,COD,Delivered
O027034,CUST027035,R027034,6/11/2025,1759,COD,Delivered
O027035,CUST027036,R027035,8/14/2022,1462,UPI,Delivered
O027036,CUST027037,R027036,1/21/2019,1396,UPI,Delivered
O027037,CUST027038,R027037,10/20/2024,175,COD,Cancelled
O027038,CUST027039,R027038,9/24/2025,806,UPI,Delivered
O027039,CUST027040,R027039,4/14/2025,1746,COD,Delivered
O027040,CUST027041,R027040,10/18/2023,606,Card,Delivered
O027041,CUST027042,R027041,6/2/2024,223,Card,Cancelled
O027042,CUST027043,R027042,3/28/2024,794,Wallet,Delivered
O027043,CUST027044,R027043,10/21/2020,857,Card,Delivered
O027044,CUST027045,R027044,5/2/2021,916,Wallet,Delivered
O027045,CUST027046,R027045,9/26/2021,1180,COD,Delivered
O027046,CUST027047,R027046,8/11/2019,558,Card,Delivered
O027047,CUST027048,R027047,10/8/2025,948,UPI,Delivered
O027048,CUST027049,R027048,3/3/2021,1191,UPI,Delivered
O027049,CUST027050,R027049,7/24/2025,759,COD,Delivered
O027050,CUST027051,R027050,10/8/2022,1265,Wallet,Delivered
O027051,CUST027052,R027051,1/12/2022,1181,COD,Delivered
O027052,CUST027053,R027052,11/3/2023,934,UPI,Delivered
O027053,CUST027054,R027053,6/7/2019,1739,Wallet,Delivered
O027054,CUST027055,R027054,8/7/2021,1313,UPI,Delivered
O027055,CUST027056,R027055,12/23/2021,1883,Wallet,Delivered
O027056,CUST027057,R027056,2/12/2019,1057,UPI,Cancelled
O027057,CUST027058,R027057,8/18/2022,148,COD,Delivered
O027058,CUST027059,R027058,8/14/2020,1425,Card,Delivered
O027059,CUST027060,R027059,10/14/2021,1648,UPI,Delivered
O027060,CUST027061,R027060,10/24/2024,738,Card,Delivered
O027061,CUST027062,R027061,7/25/2025,1819,UPI,Delivered
O027062,CUST027063,R027062,10/19/2020,419,COD,Delivered
O027063,CUST027064,R027063,7/23/2022,1893,COD,Delivered
O027064,CUST027065,R027064,7/21/2022,791,COD,Delivered
O027065,CUST027066,R027065,2/7/2020,551,Card,Delivered
O027066,CUST027067,R027066,2/1/2021,467,Card,Delivered
O027067,CUST027068,R027067,3/2/2021,973,UPI,Delivered
O027068,CUST027069,R027068,8/17/2023,610,COD,Delivered
O027069,CUST027070,R027069,11/21/2019,848,Wallet,Delivered
O027070,CUST027071,R027070,3/13/2024,1666,Wallet,Delivered
O027071,CUST027072,R027071,3/9/2020,1009,UPI,Delivered
O027072,CUST027073,R027072,10/11/2023,1307,Wallet,Cancelled
O027073,CUST027074,R027073,2/18/2021,1366,Card,Delivered
O027074,CUST027075,R027074,5/9/2025,1436,UPI,Delivered
O027075,CUST027076,R027075,4/20/2020,1937,Wallet,Delivered
O027076,CUST027077,R027076,10/18/2024,1553,Card,Delivered
O027077,CUST027078,R027077,11/16/2025,451,COD,Delivered
O027078,CUST027079,R027078,10/1/2022,1354,UPI,Cancelled
O027079,CUST027080,R027079,12/11/2019,1985,UPI,Delivered
O027080,CUST027081,R027080,11/24/2023,769,COD,Delivered
O027081,CUST027082,R027081,5/27/2025,1125,Wallet,Delivered
O027082,CUST027083,R027082,7/15/2021,893,Wallet,Delivered
O027083,CUST027084,R027083,4/16/2020,821,Wallet,Delivered
O027084,CUST027085,R027084,5/24/2023,1053,UPI,Delivered
O027085,CUST027086,R027085,11/14/2022,1351,COD,Delivered
O027086,CUST027087,R027086,11/6/2024,1455,Card,Delivered
O027087,CUST027088,R027087,1/10/2021,1654,UPI,Delivered
O027088,CUST027089,R027088,8/21/2025,1091,UPI,Delivered
O027089,CUST027090,R027089,9/5/2022,1074,Card,Cancelled
O027090,CUST027091,R027090,10/17/2023,496,UPI,Cancelled
O027091,CUST027092,R027091,4/17/2024,1933,Card,Delivered
O027092,CUST027093,R027092,8/14/2024,127,Card,Delivered
O027093,CUST027094,R027093,11/25/2023,1825,Card,Delivered
O027094,CUST027095,R027094,8/20/2022,742,Wallet,Cancelled
O027095,CUST027096,R027095,4/24/2024,553,Card,Delivered
O027096,CUST027097,R027096,10/25/2020,475,COD,Delivered
O027097,CUST027098,R027097,9/18/2020,669,Wallet,Delivered
O027098,CUST027099,R027098,7/9/2024,253,Card,Delivered
O027099,CUST027100,R027099,11/1/2024,1071,UPI,Delivered
O027100,CUST027101,R027100,4/5/2023,1314,Card,Delivered
O027101,CUST027102,R027101,9/5/2025,1199,Wallet,Delivered
O027102,CUST027103,R027102,4/28/2024,691,Wallet,Delivered
O027103,CUST027104,R027103,2/14/2023,1125,Wallet,Delivered
O027104,CUST027105,R027104,7/12/2025,1549,Card,Delivered
O027105,CUST027106,R027105,2/16/2021,1688,COD,Delivered
O027106,CUST027107,R027106,5/6/2023,1442,UPI,Delivered
O027107,CUST027108,R027107,7/14/2022,1736,UPI,Delivered
O027108,CUST027109,R027108,12/18/2019,1180,UPI,Delivered
O027109,CUST027110,R027109,9/20/2024,266,Card,Delivered
O027110,CUST027111,R027110,10/15/2022,330,Card,Delivered
O027111,CUST027112,R027111,5/18/2022,361,UPI,Delivered
O027112,CUST027113,R027112,4/15/2019,692,Card,Delivered
O027113,CUST027114,R027113,8/27/2020,1942,Card,Delivered
O027114,CUST027115,R027114,1/28/2020,859,Card,Delivered
O027115,CUST027116,R027115,11/1/2024,307,Wallet,Delivered
O027116,CUST027117,R027116,8/23/2024,109,Card,Delivered
O027117,CUST027118,R027117,4/6/2024,359,Card,Delivered
O027118,CUST027119,R027118,4/27/2020,1686,Wallet,Delivered
O027119,CUST027120,R027119,6/17/2020,296,COD,Delivered
O027120,CUST027121,R027120,9/25/2021,546,COD,Delivered
O027121,CUST027122,R027121,1/18/2025,418,Card,Delivered
O027122,CUST027123,R027122,11/3/2023,978,Card,Delivered
O027123,CUST027124,R027123,11/27/2019,152,COD,Delivered
O027124,CUST027125,R027124,2/1/2021,1116,Wallet,Delivered
O027125,CUST027126,R027125,8/4/2019,881,Wallet,Delivered
O027126,CUST027127,R027126,8/25/2024,753,COD,Delivered
O027127,CUST027128,R027127,7/11/2024,1745,Wallet,Delivered
O027128,CUST027129,R027128,8/12/2023,167,COD,Delivered
O027129,CUST027130,R027129,6/5/2024,1670,UPI,Delivered
O027130,CUST027131,R027130,4/9/2023,988,UPI,Delivered
O027131,CUST027132,R027131,2/8/2025,1793,Wallet,Delivered
O027132,CUST027133,R027132,7/14/2022,1813,Wallet,Delivered
O027133,CUST027134,R027133,4/20/2023,1218,UPI,Delivered
O027134,CUST027135,R027134,9/13/2020,210,COD,Delivered
O027135,CUST027136,R027135,5/4/2023,1606,Card,Delivered
O027136,CUST027137,R027136,5/8/2019,1844,Card,Delivered
O027137,CUST027138,R027137,6/23/2024,732,UPI,Delivered
O027138,CUST027139,R027138,11/27/2021,1553,COD,Delivered
O027139,CUST027140,R027139,1/22/2024,370,COD,Delivered
O027140,CUST027141,R027140,2/5/2019,472,COD,Delivered
O027141,CUST027142,R027141,2/24/2025,275,Card,Delivered
O027142,CUST027143,R027142,9/28/2019,1287,COD,Cancelled
O027143,CUST027144,R027143,11/4/2022,648,Wallet,Delivered
O027144,CUST027145,R027144,10/2/2020,1415,UPI,Cancelled
O027145,CUST027146,R027145,5/16/2019,714,Wallet,Delivered
O027146,CUST027147,R027146,9/1/2023,835,Wallet,Delivered
O027147,CUST027148,R027147,4/8/2020,1771,Wallet,Delivered
O027148,CUST027149,R027148,11/19/2024,1266,UPI,Cancelled
O027149,CUST027150,R027149,2/2/2024,1460,COD,Delivered
O027150,CUST027151,R027150,7/20/2019,1361,Card,Delivered
O027151,CUST027152,R027151,9/8/2019,188,Card,Delivered
O027152,CUST027153,R027152,12/23/2022,457,UPI,Delivered
O027153,CUST027154,R027153,1/20/2024,516,COD,Delivered
O027154,CUST027155,R027154,7/25/2023,494,COD,Delivered
O027155,CUST027156,R027155,12/8/2022,442,COD,Delivered
O027156,CUST027157,R027156,1/19/2019,168,Wallet,Delivered
O027157,CUST027158,R027157,5/4/2020,1502,COD,Delivered
O027158,CUST027159,R027158,7/4/2022,759,Wallet,Delivered
O027159,CUST027160,R027159,10/5/2019,879,Wallet,Delivered
O027160,CUST027161,R027160,8/8/2025,919,Wallet,Delivered
O027161,CUST027162,R027161,5/7/2022,1737,UPI,Delivered
O027162,CUST027163,R027162,1/3/2022,1548,Wallet,Delivered
O027163,CUST027164,R027163,1/8/2021,1579,UPI,Delivered
O027164,CUST027165,R027164,1/9/2024,1704,Card,Delivered
O027165,CUST027166,R027165,4/24/2023,1259,Wallet,Delivered
O027166,CUST027167,R027166,4/15/2019,177,COD,Delivered
O027167,CUST027168,R027167,6/19/2023,154,UPI,Cancelled
O027168,CUST027169,R027168,10/20/2023,1959,Card,Cancelled
O027169,CUST027170,R027169,5/14/2022,1686,Card,Delivered
O027170,CUST027171,R027170,6/28/2022,230,Card,Delivered
O027171,CUST027172,R027171,2/27/2022,910,COD,Delivered
O027172,CUST027173,R027172,6/27/2021,669,Card,Cancelled
O027173,CUST027174,R027173,10/17/2020,536,Wallet,Delivered
O027174,CUST027175,R027174,12/1/2024,831,Card,Delivered
O027175,CUST027176,R027175,7/5/2022,276,COD,Cancelled
O027176,CUST027177,R027176,4/3/2022,1244,Wallet,Delivered
O027177,CUST027178,R027177,9/6/2021,1321,Wallet,Delivered
O027178,CUST027179,R027178,10/5/2024,876,Wallet,Delivered
O027179,CUST027180,R027179,1/2/2025,1694,Wallet,Delivered
O027180,CUST027181,R027180,9/14/2025,781,Wallet,Delivered
O027181,CUST027182,R027181,2/15/2021,209,UPI,Cancelled
O027182,CUST027183,R027182,1/8/2024,1303,Wallet,Delivered
O027183,CUST027184,R027183,3/10/2020,1922,UPI,Delivered
O027184,CUST027185,R027184,10/21/2024,526,Wallet,Delivered
O027185,CUST027186,R027185,11/1/2025,913,Wallet,Delivered
O027186,CUST027187,R027186,10/14/2022,1670,Card,Delivered
O027187,CUST027188,R027187,4/17/2021,1921,UPI,Delivered
O027188,CUST027189,R027188,9/10/2020,1365,Card,Delivered
O027189,CUST027190,R027189,11/19/2023,433,UPI,Delivered
O027190,CUST027191,R027190,4/22/2020,1565,Card,Delivered
O027191,CUST027192,R027191,1/21/2020,556,Card,Delivered
O027192,CUST027193,R027192,1/18/2024,353,Card,Delivered
O027193,CUST027194,R027193,3/17/2024,1871,COD,Delivered
O027194,CUST027195,R027194,2/3/2020,1474,Card,Delivered
O027195,CUST027196,R027195,6/4/2021,1547,Card,Delivered
O027196,CUST027197,R027196,3/26/2019,1110,Wallet,Delivered
O027197,CUST027198,R027197,11/1/2022,727,Wallet,Delivered
O027198,CUST027199,R027198,9/4/2022,531,COD,Delivered
O027199,CUST027200,R027199,9/3/2019,1286,COD,Delivered
O027200,CUST027201,R027200,12/12/2023,691,Wallet,Delivered
O027201,CUST027202,R027201,1/5/2023,1611,UPI,Delivered
O027202,CUST027203,R027202,7/13/2025,1062,Wallet,Delivered
O027203,CUST027204,R027203,2/4/2025,1356,UPI,Cancelled
O027204,CUST027205,R027204,4/16/2022,216,COD,Delivered
O027205,CUST027206,R027205,10/19/2021,1025,Card,Cancelled
O027206,CUST027207,R027206,3/14/2019,1488,Card,Delivered
O027207,CUST027208,R027207,2/26/2020,201,Card,Delivered
O027208,CUST027209,R027208,4/16/2022,1168,UPI,Cancelled
O027209,CUST027210,R027209,2/21/2023,770,UPI,Delivered
O027210,CUST027211,R027210,6/24/2024,1721,COD,Delivered
O027211,CUST027212,R027211,8/26/2022,638,COD,Delivered
O027212,CUST027213,R027212,5/25/2021,187,Card,Delivered
O027213,CUST027214,R027213,2/22/2020,307,COD,Delivered
O027214,CUST027215,R027214,4/28/2025,1272,Card,Delivered
O027215,CUST027216,R027215,11/7/2025,678,COD,Delivered
O027216,CUST027217,R027216,10/26/2020,972,UPI,Delivered
O027217,CUST027218,R027217,1/13/2019,844,COD,Delivered
O027218,CUST027219,R027218,11/1/2021,642,UPI,Delivered
O027219,CUST027220,R027219,3/8/2019,1148,Wallet,Cancelled
O027220,CUST027221,R027220,7/7/2020,244,Card,Delivered
O027221,CUST027222,R027221,8/10/2025,1878,UPI,Cancelled
O027222,CUST027223,R027222,6/21/2020,1827,Card,Cancelled
O027223,CUST027224,R027223,7/12/2025,1809,COD,Delivered
O027224,CUST027225,R027224,5/2/2020,720,UPI,Delivered
O027225,CUST027226,R027225,3/13/2019,231,COD,Delivered
O027226,CUST027227,R027226,11/25/2025,352,COD,Delivered
O027227,CUST027228,R027227,12/28/2021,427,Wallet,Delivered
O027228,CUST027229,R027228,9/23/2021,765,COD,Delivered
O027229,CUST027230,R027229,5/27/2025,1016,COD,Delivered
O027230,CUST027231,R027230,3/28/2022,1063,Wallet,Delivered
O027231,CUST027232,R027231,7/1/2024,1178,Wallet,Delivered
O027232,CUST027233,R027232,2/10/2023,477,COD,Delivered
O027233,CUST027234,R027233,3/8/2020,1805,Card,Cancelled
O027234,CUST027235,R027234,12/11/2023,1495,COD,Delivered
O027235,CUST027236,R027235,8/5/2019,1443,UPI,Delivered
O027236,CUST027237,R027236,3/6/2020,1425,UPI,Delivered
O027237,CUST027238,R027237,4/25/2024,1348,UPI,Delivered
O027238,CUST027239,R027238,5/15/2021,1793,Card,Delivered
O027239,CUST027240,R027239,10/19/2025,143,Wallet,Cancelled
O027240,CUST027241,R027240,6/10/2021,1949,COD,Cancelled
O027241,CUST027242,R027241,1/18/2025,286,UPI,Delivered
O027242,CUST027243,R027242,8/22/2020,1689,Card,Delivered
O027243,CUST027244,R027243,3/23/2022,679,COD,Delivered
O027244,CUST027245,R027244,8/26/2019,793,UPI,Delivered
O027245,CUST027246,R027245,9/19/2020,1994,COD,Delivered
O027246,CUST027247,R027246,9/23/2021,1422,COD,Delivered
O027247,CUST027248,R027247,7/6/2023,266,COD,Delivered
O027248,CUST027249,R027248,10/7/2021,1233,Wallet,Delivered
O027249,CUST027250,R027249,7/1/2024,1041,COD,Delivered
O027250,CUST027251,R027250,10/6/2024,1139,Wallet,Delivered
O027251,CUST027252,R027251,12/10/2021,1900,Wallet,Delivered
O027252,CUST027253,R027252,1/14/2020,814,Wallet,Delivered
O027253,CUST027254,R027253,3/7/2025,1565,Card,Delivered
O027254,CUST027255,R027254,8/12/2020,1804,Card,Cancelled
O027255,CUST027256,R027255,10/6/2025,1065,UPI,Delivered
O027256,CUST027257,R027256,4/14/2019,1995,Wallet,Cancelled
O027257,CUST027258,R027257,10/17/2025,1226,UPI,Delivered
O027258,CUST027259,R027258,1/20/2019,1372,Card,Delivered
O027259,CUST027260,R027259,7/14/2023,276,Card,Delivered
O027260,CUST027261,R027260,11/12/2025,1543,Card,Cancelled
O027261,CUST027262,R027261,3/26/2025,1144,UPI,Delivered
O027262,CUST027263,R027262,6/22/2021,1430,UPI,Delivered
O027263,CUST027264,R027263,8/25/2019,516,COD,Delivered
O027264,CUST027265,R027264,4/21/2024,387,Card,Delivered
O027265,CUST027266,R027265,2/20/2024,191,COD,Delivered
O027266,CUST027267,R027266,4/26/2022,986,COD,Delivered
O027267,CUST027268,R027267,6/3/2022,291,COD,Delivered
O027268,CUST027269,R027268,10/4/2022,855,Wallet,Delivered
O027269,CUST027270,R027269,8/9/2023,722,COD,Delivered
O027270,CUST027271,R027270,11/27/2025,1017,Wallet,Delivered
O027271,CUST027272,R027271,8/15/2019,1523,COD,Delivered
O027272,CUST027273,R027272,3/8/2025,909,Wallet,Delivered
O027273,CUST027274,R027273,8/9/2022,1159,UPI,Cancelled
O027274,CUST027275,R027274,11/21/2020,1773,Wallet,Delivered
O027275,CUST027276,R027275,11/4/2019,1090,UPI,Delivered
O027276,CUST027277,R027276,4/19/2021,175,UPI,Delivered
O027277,CUST027278,R027277,1/15/2023,1382,Card,Delivered
O027278,CUST027279,R027278,4/21/2019,1709,Card,Delivered
O027279,CUST027280,R027279,4/20/2022,1789,Card,Delivered
O027280,CUST027281,R027280,7/13/2022,1852,Card,Delivered
O027281,CUST027282,R027281,3/26/2019,899,Card,Delivered
O027282,CUST027283,R027282,2/23/2025,339,Card,Delivered
O027283,CUST027284,R027283,11/21/2025,633,Wallet,Delivered
O027284,CUST027285,R027284,9/12/2021,249,Card,Delivered
O027285,CUST027286,R027285,12/18/2020,569,COD,Delivered
O027286,CUST027287,R027286,4/3/2024,951,COD,Delivered
O027287,CUST027288,R027287,8/2/2025,1390,UPI,Cancelled
O027288,CUST027289,R027288,1/5/2021,875,UPI,Delivered
O027289,CUST027290,R027289,3/14/2025,1231,UPI,Delivered
O027290,CUST027291,R027290,2/25/2023,1470,COD,Cancelled
O027291,CUST027292,R027291,4/25/2022,343,Wallet,Delivered
O027292,CUST027293,R027292,6/8/2025,1832,COD,Delivered
O027293,CUST027294,R027293,7/16/2020,1896,Card,Delivered
O027294,CUST027295,R027294,2/27/2024,1999,Card,Delivered
O027295,CUST027296,R027295,8/11/2019,427,COD,Delivered
O027296,CUST027297,R027296,3/22/2023,677,Card,Delivered
O027297,CUST027298,R027297,7/27/2019,468,COD,Delivered
O027298,CUST027299,R027298,9/25/2025,614,COD,Delivered
O027299,CUST027300,R027299,7/4/2020,149,COD,Delivered
O027300,CUST027301,R027300,11/23/2023,1433,UPI,Delivered
O027301,CUST027302,R027301,1/6/2021,1410,Card,Delivered
O027302,CUST027303,R027302,10/4/2021,848,Wallet,Delivered
O027303,CUST027304,R027303,10/25/2019,1086,UPI,Delivered
O027304,CUST027305,R027304,7/20/2024,1020,COD,Delivered
O027305,CUST027306,R027305,10/2/2022,1449,Card,Delivered
O027306,CUST027307,R027306,3/10/2022,1687,COD,Delivered
O027307,CUST027308,R027307,11/9/2022,1616,Card,Delivered
O027308,CUST027309,R027308,5/13/2021,1420,Wallet,Delivered
O027309,CUST027310,R027309,7/17/2021,1349,UPI,Delivered
O027310,CUST027311,R027310,3/21/2021,1986,COD,Delivered
O027311,CUST027312,R027311,1/22/2025,721,Wallet,Delivered
O027312,CUST027313,R027312,1/13/2020,1666,Card,Delivered
O027313,CUST027314,R027313,10/18/2019,1093,Card,Delivered
O027314,CUST027315,R027314,9/28/2023,182,Card,Cancelled
O027315,CUST027316,R027315,10/26/2021,639,COD,Cancelled
O027316,CUST027317,R027316,6/20/2021,702,Card,Delivered
O027317,CUST027318,R027317,9/1/2019,810,COD,Delivered
O027318,CUST027319,R027318,7/5/2024,1109,COD,Delivered
O027319,CUST027320,R027319,3/5/2022,414,Card,Delivered
O027320,CUST027321,R027320,12/6/2024,1226,Card,Delivered
O027321,CUST027322,R027321,9/7/2025,1464,Card,Delivered
O027322,CUST027323,R027322,5/1/2021,966,COD,Delivered
O027323,CUST027324,R027323,9/16/2021,1646,Wallet,Delivered
O027324,CUST027325,R027324,9/16/2020,1095,COD,Delivered
O027325,CUST027326,R027325,12/8/2022,854,UPI,Delivered
O027326,CUST027327,R027326,9/6/2025,1660,Wallet,Delivered
O027327,CUST027328,R027327,6/4/2025,1272,UPI,Delivered
O027328,CUST027329,R027328,3/22/2020,1772,Wallet,Delivered
O027329,CUST027330,R027329,6/10/2022,903,Wallet,Delivered
O027330,CUST027331,R027330,9/17/2025,1901,Card,Delivered
O027331,CUST027332,R027331,9/13/2021,1310,Card,Delivered
O027332,CUST027333,R027332,7/8/2019,1547,UPI,Cancelled
O027333,CUST027334,R027333,8/22/2025,458,Card,Delivered
O027334,CUST027335,R027334,9/23/2023,1665,Wallet,Delivered
O027335,CUST027336,R027335,9/17/2025,329,COD,Delivered
O027336,CUST027337,R027336,9/5/2020,1851,COD,Delivered
O027337,CUST027338,R027337,10/20/2019,755,COD,Delivered
O027338,CUST027339,R027338,9/5/2021,472,Card,Delivered
O027339,CUST027340,R027339,9/28/2025,388,Card,Delivered
O027340,CUST027341,R027340,6/1/2020,887,Wallet,Delivered
O027341,CUST027342,R027341,8/17/2019,499,COD,Delivered
O027342,CUST027343,R027342,7/20/2022,563,Wallet,Delivered
O027343,CUST027344,R027343,9/11/2024,1517,COD,Delivered
O027344,CUST027345,R027344,5/7/2023,894,UPI,Delivered
O027345,CUST027346,R027345,11/3/2023,1163,Wallet,Cancelled
O027346,CUST027347,R027346,11/17/2020,1262,UPI,Delivered
O027347,CUST027348,R027347,11/7/2022,1325,UPI,Delivered
O027348,CUST027349,R027348,11/18/2020,1845,Wallet,Delivered
O027349,CUST027350,R027349,11/19/2024,1467,Card,Delivered
O027350,CUST027351,R027350,6/14/2021,372,COD,Delivered
O027351,CUST027352,R027351,4/28/2021,1143,UPI,Cancelled
O027352,CUST027353,R027352,3/10/2025,1943,Card,Delivered
O027353,CUST027354,R027353,10/23/2024,678,Card,Delivered
O027354,CUST027355,R027354,1/26/2019,607,Card,Delivered
O027355,CUST027356,R027355,7/15/2022,354,COD,Delivered
O027356,CUST027357,R027356,12/6/2019,287,Card,Delivered
O027357,CUST027358,R027357,1/17/2023,510,Card,Delivered
O027358,CUST027359,R027358,6/7/2025,780,COD,Delivered
O027359,CUST027360,R027359,8/26/2025,1306,Card,Delivered
O027360,CUST027361,R027360,10/8/2020,1369,UPI,Delivered
O027361,CUST027362,R027361,6/20/2020,1044,Wallet,Delivered
O027362,CUST027363,R027362,1/7/2020,989,Card,Delivered
O027363,CUST027364,R027363,2/15/2024,417,UPI,Delivered
O027364,CUST027365,R027364,6/15/2024,1852,UPI,Delivered
O027365,CUST027366,R027365,10/11/2025,1987,Card,Delivered
O027366,CUST027367,R027366,2/24/2022,1778,Card,Delivered
O027367,CUST027368,R027367,8/19/2022,651,Wallet,Delivered
O027368,CUST027369,R027368,5/23/2020,403,UPI,Delivered
O027369,CUST027370,R027369,2/24/2025,331,Card,Delivered
O027370,CUST027371,R027370,1/18/2021,598,Wallet,Cancelled
O027371,CUST027372,R027371,2/8/2021,110,Card,Delivered
O027372,CUST027373,R027372,12/26/2023,921,UPI,Delivered
O027373,CUST027374,R027373,8/3/2025,1159,Card,Delivered
O027374,CUST027375,R027374,12/1/2020,1344,Wallet,Delivered
O027375,CUST027376,R027375,8/2/2020,649,COD,Delivered
O027376,CUST027377,R027376,2/11/2019,1044,Wallet,Delivered
O027377,CUST027378,R027377,10/10/2021,1469,Card,Delivered
O027378,CUST027379,R027378,4/14/2020,1604,COD,Delivered
O027379,CUST027380,R027379,7/6/2020,1395,UPI,Delivered
O027380,CUST027381,R027380,11/14/2023,311,UPI,Delivered
O027381,CUST027382,R027381,9/17/2024,1031,Wallet,Delivered
O027382,CUST027383,R027382,10/19/2019,123,Card,Delivered
O027383,CUST027384,R027383,12/12/2021,215,UPI,Delivered
O027384,CUST027385,R027384,3/17/2021,255,UPI,Delivered
O027385,CUST027386,R027385,3/13/2019,581,Card,Cancelled
O027386,CUST027387,R027386,3/25/2020,1788,Card,Delivered
O027387,CUST027388,R027387,5/26/2020,960,Wallet,Delivered
O027388,CUST027389,R027388,10/3/2022,265,UPI,Delivered
O027389,CUST027390,R027389,6/21/2019,704,COD,Delivered
O027390,CUST027391,R027390,6/4/2023,1086,COD,Delivered
O027391,CUST027392,R027391,4/8/2020,505,Card,Delivered
O027392,CUST027393,R027392,3/28/2022,1010,COD,Delivered
O027393,CUST027394,R027393,3/8/2020,499,Card,Delivered
O027394,CUST027395,R027394,10/27/2024,377,Card,Delivered
O027395,CUST027396,R027395,4/1/2023,835,UPI,Delivered
O027396,CUST027397,R027396,7/25/2020,1938,COD,Delivered
O027397,CUST027398,R027397,1/28/2022,967,Wallet,Delivered
O027398,CUST027399,R027398,6/3/2025,405,Wallet,Delivered
O027399,CUST027400,R027399,3/23/2022,643,COD,Delivered
O027400,CUST027401,R027400,7/8/2019,1851,Wallet,Cancelled
O027401,CUST027402,R027401,9/14/2023,1988,COD,Delivered
O027402,CUST027403,R027402,8/4/2025,1591,UPI,Delivered
O027403,CUST027404,R027403,7/15/2020,952,UPI,Cancelled
O027404,CUST027405,R027404,4/6/2024,1751,Wallet,Delivered
O027405,CUST027406,R027405,11/13/2025,1722,Wallet,Delivered
O027406,CUST027407,R027406,5/19/2019,1128,UPI,Delivered
O027407,CUST027408,R027407,9/12/2021,1895,Card,Delivered
O027408,CUST027409,R027408,2/3/2025,1506,UPI,Delivered
O027409,CUST027410,R027409,9/6/2022,1728,Card,Delivered
O027410,CUST027411,R027410,9/22/2024,584,UPI,Delivered
O027411,CUST027412,R027411,6/26/2025,1399,COD,Delivered
O027412,CUST027413,R027412,10/17/2024,258,Card,Delivered
O027413,CUST027414,R027413,6/3/2023,622,COD,Delivered
O027414,CUST027415,R027414,7/26/2023,132,Card,Delivered
O027415,CUST027416,R027415,8/26/2025,1207,Card,Cancelled
O027416,CUST027417,R027416,1/2/2021,562,Wallet,Delivered
O027417,CUST027418,R027417,3/1/2021,1368,UPI,Delivered
O027418,CUST027419,R027418,3/11/2023,494,COD,Delivered
O027419,CUST027420,R027419,2/28/2024,745,Wallet,Delivered
O027420,CUST027421,R027420,5/6/2023,1685,Wallet,Delivered
O027421,CUST027422,R027421,10/13/2019,1122,Wallet,Delivered
O027422,CUST027423,R027422,12/1/2024,1389,UPI,Cancelled
O027423,CUST027424,R027423,2/19/2024,1255,Wallet,Cancelled
O027424,CUST027425,R027424,12/7/2025,1506,UPI,Delivered
O027425,CUST027426,R027425,7/14/2021,1776,Wallet,Delivered
O027426,CUST027427,R027426,12/12/2023,239,COD,Delivered
O027427,CUST027428,R027427,2/21/2023,1693,COD,Delivered
O027428,CUST027429,R027428,10/28/2020,362,COD,Delivered
O027429,CUST027430,R027429,3/11/2023,1984,Wallet,Delivered
O027430,CUST027431,R027430,7/1/2025,1412,COD,Delivered
O027431,CUST027432,R027431,9/26/2025,712,COD,Delivered
O027432,CUST027433,R027432,2/1/2022,837,Wallet,Delivered
O027433,CUST027434,R027433,5/7/2023,840,Wallet,Delivered
O027434,CUST027435,R027434,1/6/2023,1658,Wallet,Cancelled
O027435,CUST027436,R027435,8/2/2020,1433,Wallet,Delivered
O027436,CUST027437,R027436,11/7/2020,1299,Wallet,Delivered
O027437,CUST027438,R027437,12/8/2020,1593,Card,Delivered
O027438,CUST027439,R027438,6/22/2019,1106,Wallet,Delivered
O027439,CUST027440,R027439,8/13/2019,283,Card,Delivered
O027440,CUST027441,R027440,6/21/2021,1911,UPI,Delivered
O027441,CUST027442,R027441,4/16/2025,1923,Card,Delivered
O027442,CUST027443,R027442,7/12/2021,1645,UPI,Delivered
O027443,CUST027444,R027443,11/26/2025,140,Card,Delivered
O027444,CUST027445,R027444,5/21/2020,819,COD,Delivered
O027445,CUST027446,R027445,10/26/2019,453,UPI,Cancelled
O027446,CUST027447,R027446,6/17/2023,500,COD,Delivered
O027447,CUST027448,R027447,12/28/2023,751,Card,Delivered
O027448,CUST027449,R027448,10/4/2022,154,COD,Cancelled
O027449,CUST027450,R027449,3/2/2024,1090,Wallet,Delivered
O027450,CUST027451,R027450,8/3/2022,1211,COD,Delivered
O027451,CUST027452,R027451,10/4/2024,766,COD,Delivered
O027452,CUST027453,R027452,2/28/2021,1800,Wallet,Delivered
O027453,CUST027454,R027453,5/16/2023,638,Wallet,Delivered
O027454,CUST027455,R027454,4/13/2020,1967,UPI,Cancelled
O027455,CUST027456,R027455,2/7/2021,1261,Wallet,Delivered
O027456,CUST027457,R027456,5/8/2019,1700,UPI,Delivered
O027457,CUST027458,R027457,9/15/2023,435,Wallet,Delivered
O027458,CUST027459,R027458,11/27/2021,1257,Wallet,Delivered
O027459,CUST027460,R027459,6/11/2023,117,COD,Delivered
O027460,CUST027461,R027460,3/23/2025,411,Card,Delivered
O027461,CUST027462,R027461,5/16/2024,1715,Card,Delivered
O027462,CUST027463,R027462,11/24/2019,707,Wallet,Delivered
O027463,CUST027464,R027463,12/28/2022,1411,Card,Delivered
O027464,CUST027465,R027464,10/20/2023,450,Card,Delivered
O027465,CUST027466,R027465,4/16/2021,143,Card,Delivered
O027466,CUST027467,R027466,2/19/2020,1728,COD,Delivered
O027467,CUST027468,R027467,8/1/2024,1330,UPI,Delivered
O027468,CUST027469,R027468,8/2/2020,1461,Card,Cancelled
O027469,CUST027470,R027469,1/24/2021,1063,Wallet,Delivered
O027470,CUST027471,R027470,3/4/2022,680,Wallet,Delivered
O027471,CUST027472,R027471,1/2/2023,445,COD,Delivered
O027472,CUST027473,R027472,10/2/2022,1206,COD,Delivered
O027473,CUST027474,R027473,11/11/2019,611,COD,Delivered
O027474,CUST027475,R027474,11/4/2023,1396,UPI,Delivered
O027475,CUST027476,R027475,2/12/2022,951,Wallet,Delivered
O027476,CUST027477,R027476,10/3/2019,1201,UPI,Delivered
O027477,CUST027478,R027477,2/15/2020,1968,COD,Delivered
O027478,CUST027479,R027478,7/18/2023,1138,UPI,Delivered
O027479,CUST027480,R027479,9/14/2020,1388,Card,Delivered
O027480,CUST027481,R027480,4/23/2019,1996,Card,Delivered
O027481,CUST027482,R027481,2/14/2022,1078,UPI,Cancelled
O027482,CUST027483,R027482,9/19/2023,680,UPI,Delivered
O027483,CUST027484,R027483,1/18/2022,297,COD,Delivered
O027484,CUST027485,R027484,4/25/2024,596,Card,Delivered
O027485,CUST027486,R027485,9/24/2024,107,Card,Delivered
O027486,CUST027487,R027486,5/20/2019,228,Card,Delivered
O027487,CUST027488,R027487,11/27/2023,1187,Card,Delivered
O027488,CUST027489,R027488,3/22/2023,567,COD,Delivered
O027489,CUST027490,R027489,9/25/2023,861,Wallet,Delivered
O027490,CUST027491,R027490,2/11/2022,696,Wallet,Delivered
O027491,CUST027492,R027491,4/27/2022,754,COD,Delivered
O027492,CUST027493,R027492,10/11/2022,1004,COD,Delivered
O027493,CUST027494,R027493,1/5/2021,1612,UPI,Delivered
O027494,CUST027495,R027494,10/8/2024,1166,Wallet,Delivered
O027495,CUST027496,R027495,9/13/2023,1308,Wallet,Delivered
O027496,CUST027497,R027496,7/28/2022,1296,COD,Delivered
O027497,CUST027498,R027497,8/19/2021,640,UPI,Delivered
O027498,CUST027499,R027498,10/6/2024,196,Card,Delivered
O027499,CUST027500,R027499,6/24/2022,272,Card,Delivered
O027500,CUST027501,R027500,3/27/2021,341,Wallet,Delivered
O027501,CUST027502,R027501,1/22/2024,611,COD,Delivered
O027502,CUST027503,R027502,1/26/2021,906,COD,Delivered
O027503,CUST027504,R027503,3/28/2023,783,Wallet,Delivered
O027504,CUST027505,R027504,8/28/2020,1289,Wallet,Delivered
O027505,CUST027506,R027505,10/11/2021,333,COD,Delivered
O027506,CUST027507,R027506,5/6/2019,1657,UPI,Delivered
O027507,CUST027508,R027507,1/9/2020,1384,COD,Delivered
O027508,CUST027509,R027508,6/1/2019,1395,UPI,Delivered
O027509,CUST027510,R027509,7/28/2022,1340,UPI,Delivered
O027510,CUST027511,R027510,5/22/2019,1269,UPI,Delivered
O027511,CUST027512,R027511,11/13/2019,1713,Card,Delivered
O027512,CUST027513,R027512,9/19/2024,1827,Wallet,Cancelled
O027513,CUST027514,R027513,5/8/2023,1902,COD,Cancelled
O027514,CUST027515,R027514,9/17/2019,196,Wallet,Delivered
O027515,CUST027516,R027515,1/20/2021,1534,Card,Delivered
O027516,CUST027517,R027516,11/22/2025,573,COD,Delivered
O027517,CUST027518,R027517,2/23/2022,949,UPI,Delivered
O027518,CUST027519,R027518,4/20/2022,1851,COD,Cancelled
O027519,CUST027520,R027519,3/21/2025,1273,COD,Delivered
O027520,CUST027521,R027520,9/4/2022,111,COD,Delivered
O027521,CUST027522,R027521,9/5/2023,1012,Wallet,Delivered
O027522,CUST027523,R027522,10/23/2024,1000,COD,Delivered
O027523,CUST027524,R027523,2/4/2025,1060,Wallet,Delivered
O027524,CUST027525,R027524,7/7/2021,1820,COD,Cancelled
O027525,CUST027526,R027525,1/13/2021,729,COD,Delivered
O027526,CUST027527,R027526,8/3/2025,1519,Card,Delivered
O027527,CUST027528,R027527,4/12/2019,1757,Wallet,Delivered
O027528,CUST027529,R027528,11/4/2021,1155,UPI,Delivered
O027529,CUST027530,R027529,3/16/2022,190,UPI,Cancelled
O027530,CUST027531,R027530,3/20/2024,1578,UPI,Delivered
O027531,CUST027532,R027531,5/23/2022,1511,Card,Delivered
O027532,CUST027533,R027532,10/15/2020,1705,UPI,Cancelled
O027533,CUST027534,R027533,4/13/2019,1388,Card,Cancelled
O027534,CUST027535,R027534,3/24/2020,735,UPI,Delivered
O027535,CUST027536,R027535,8/14/2019,1389,UPI,Delivered
O027536,CUST027537,R027536,3/23/2022,479,COD,Delivered
O027537,CUST027538,R027537,7/18/2020,308,Card,Delivered
O027538,CUST027539,R027538,5/19/2023,106,Card,Delivered
O027539,CUST027540,R027539,11/25/2020,896,COD,Delivered
O027540,CUST027541,R027540,10/2/2023,244,Card,Delivered
O027541,CUST027542,R027541,3/3/2020,576,Wallet,Delivered
O027542,CUST027543,R027542,9/7/2019,579,COD,Delivered
O027543,CUST027544,R027543,11/26/2024,1129,Wallet,Delivered
O027544,CUST027545,R027544,11/13/2019,1373,COD,Delivered
O027545,CUST027546,R027545,8/6/2019,798,UPI,Delivered
O027546,CUST027547,R027546,5/4/2023,1049,UPI,Cancelled
O027547,CUST027548,R027547,3/18/2020,1364,Wallet,Delivered
O027548,CUST027549,R027548,7/26/2019,1005,Wallet,Delivered
O027549,CUST027550,R027549,2/17/2024,1997,UPI,Delivered
O027550,CUST027551,R027550,10/13/2022,1869,Card,Delivered
O027551,CUST027552,R027551,9/19/2022,1667,UPI,Delivered
O027552,CUST027553,R027552,7/19/2022,1697,Card,Delivered
O027553,CUST027554,R027553,12/12/2025,1761,UPI,Delivered
O027554,CUST027555,R027554,11/25/2022,858,UPI,Delivered
O027555,CUST027556,R027555,2/17/2024,239,COD,Delivered
O027556,CUST027557,R027556,7/20/2019,745,COD,Delivered
O027557,CUST027558,R027557,8/10/2023,100,Card,Delivered
O027558,CUST027559,R027558,2/16/2019,415,COD,Delivered
O027559,CUST027560,R027559,10/1/2023,665,Card,Delivered
O027560,CUST027561,R027560,4/28/2020,1028,UPI,Delivered
O027561,CUST027562,R027561,5/27/2023,795,Wallet,Delivered
O027562,CUST027563,R027562,10/12/2025,725,Wallet,Delivered
O027563,CUST027564,R027563,8/23/2020,962,UPI,Delivered
O027564,CUST027565,R027564,1/14/2024,1774,Card,Delivered
O027565,CUST027566,R027565,9/1/2025,1357,Card,Delivered
O027566,CUST027567,R027566,12/8/2020,1378,Card,Delivered
O027567,CUST027568,R027567,11/20/2022,1914,Card,Delivered
O027568,CUST027569,R027568,4/10/2022,282,COD,Delivered
O027569,CUST027570,R027569,2/21/2019,832,Card,Delivered
O027570,CUST027571,R027570,10/26/2019,189,COD,Delivered
O027571,CUST027572,R027571,4/24/2022,459,COD,Delivered
O027572,CUST027573,R027572,2/2/2021,1895,COD,Delivered
O027573,CUST027574,R027573,4/1/2020,1073,UPI,Delivered
O027574,CUST027575,R027574,4/1/2021,1311,Card,Delivered
O027575,CUST027576,R027575,9/2/2020,769,Wallet,Delivered
O027576,CUST027577,R027576,12/23/2025,1001,Wallet,Delivered
O027577,CUST027578,R027577,5/17/2024,929,COD,Delivered
O027578,CUST027579,R027578,1/2/2023,1402,Card,Delivered
O027579,CUST027580,R027579,3/10/2023,1466,COD,Delivered
O027580,CUST027581,R027580,1/7/2025,1530,Card,Delivered
O027581,CUST027582,R027581,10/12/2024,1277,Wallet,Delivered
O027582,CUST027583,R027582,10/16/2020,1461,UPI,Delivered
O027583,CUST027584,R027583,5/21/2019,1880,Card,Delivered
O027584,CUST027585,R027584,4/20/2024,610,Wallet,Delivered
O027585,CUST027586,R027585,4/11/2023,1511,Card,Delivered
O027586,CUST027587,R027586,10/16/2022,690,Card,Delivered
O027587,CUST027588,R027587,4/23/2021,1939,UPI,Delivered
O027588,CUST027589,R027588,12/25/2022,428,COD,Cancelled
O027589,CUST027590,R027589,4/18/2022,660,Card,Delivered
O027590,CUST027591,R027590,11/27/2024,721,COD,Delivered
O027591,CUST027592,R027591,10/6/2025,1019,COD,Delivered
O027592,CUST027593,R027592,11/4/2025,372,Card,Cancelled
O027593,CUST027594,R027593,12/2/2022,1190,UPI,Delivered
O027594,CUST027595,R027594,5/6/2019,1385,COD,Delivered
O027595,CUST027596,R027595,12/27/2019,1078,Wallet,Delivered
O027596,CUST027597,R027596,1/15/2021,1496,Wallet,Delivered
O027597,CUST027598,R027597,9/15/2023,1238,COD,Delivered
O027598,CUST027599,R027598,7/6/2025,1172,UPI,Delivered
O027599,CUST027600,R027599,10/10/2021,1684,UPI,Delivered
O027600,CUST027601,R027600,10/4/2021,1555,UPI,Delivered
O027601,CUST027602,R027601,10/26/2019,1692,Wallet,Delivered
O027602,CUST027603,R027602,7/13/2024,862,Wallet,Delivered
O027603,CUST027604,R027603,3/15/2021,1854,UPI,Delivered
O027604,CUST027605,R027604,8/14/2024,1218,UPI,Delivered
O027605,CUST027606,R027605,5/7/2024,1462,UPI,Delivered
O027606,CUST027607,R027606,4/21/2021,379,Card,Delivered
O027607,CUST027608,R027607,4/23/2023,1629,UPI,Delivered
O027608,CUST027609,R027608,12/16/2025,304,Card,Delivered
O027609,CUST027610,R027609,8/3/2021,1697,Card,Cancelled
O027610,CUST027611,R027610,6/18/2020,602,COD,Delivered
O027611,CUST027612,R027611,5/2/2022,361,Card,Delivered
O027612,CUST027613,R027612,4/27/2020,1927,COD,Delivered
O027613,CUST027614,R027613,5/23/2020,744,Wallet,Delivered
O027614,CUST027615,R027614,10/15/2024,420,COD,Delivered
O027615,CUST027616,R027615,1/18/2019,478,COD,Delivered
O027616,CUST027617,R027616,6/10/2023,1469,COD,Delivered
O027617,CUST027618,R027617,7/9/2021,1370,UPI,Delivered
O027618,CUST027619,R027618,1/1/2019,1079,Wallet,Delivered
O027619,CUST027620,R027619,4/15/2020,1182,UPI,Delivered
O027620,CUST027621,R027620,10/4/2023,1245,UPI,Delivered
O027621,CUST027622,R027621,5/18/2022,1995,Wallet,Delivered
O027622,CUST027623,R027622,2/18/2023,1357,Card,Delivered
O027623,CUST027624,R027623,6/13/2020,218,Card,Delivered
O027624,CUST027625,R027624,5/26/2024,994,UPI,Cancelled
O027625,CUST027626,R027625,6/8/2022,1544,Card,Delivered
O027626,CUST027627,R027626,8/18/2022,404,UPI,Delivered
O027627,CUST027628,R027627,7/24/2023,464,Card,Delivered
O027628,CUST027629,R027628,9/13/2021,268,COD,Delivered
O027629,CUST027630,R027629,3/4/2022,197,Card,Delivered
O027630,CUST027631,R027630,1/19/2021,464,UPI,Delivered
O027631,CUST027632,R027631,1/3/2025,739,UPI,Delivered
O027632,CUST027633,R027632,9/24/2021,798,Wallet,Delivered
O027633,CUST027634,R027633,6/1/2020,861,Wallet,Delivered
O027634,CUST027635,R027634,1/12/2023,723,Wallet,Delivered
O027635,CUST027636,R027635,7/28/2021,974,Card,Delivered
O027636,CUST027637,R027636,9/8/2022,305,UPI,Delivered
O027637,CUST027638,R027637,7/8/2019,1703,UPI,Delivered
O027638,CUST027639,R027638,10/9/2020,1588,Card,Cancelled
O027639,CUST027640,R027639,4/19/2025,1635,Card,Delivered
O027640,CUST027641,R027640,6/25/2021,545,COD,Delivered
O027641,CUST027642,R027641,3/20/2021,356,UPI,Delivered
O027642,CUST027643,R027642,9/22/2025,241,Card,Delivered
O027643,CUST027644,R027643,9/19/2024,508,Wallet,Delivered
O027644,CUST027645,R027644,9/6/2023,1794,Card,Delivered
O027645,CUST027646,R027645,12/26/2019,885,UPI,Delivered
O027646,CUST027647,R027646,11/2/2025,1080,Card,Delivered
O027647,CUST027648,R027647,7/28/2025,1259,COD,Delivered
O027648,CUST027649,R027648,11/1/2019,494,COD,Delivered
O027649,CUST027650,R027649,9/8/2021,933,Wallet,Delivered
O027650,CUST027651,R027650,6/9/2024,1364,UPI,Delivered
O027651,CUST027652,R027651,9/13/2020,1205,COD,Delivered
O027652,CUST027653,R027652,10/28/2025,1250,UPI,Delivered
O027653,CUST027654,R027653,9/12/2024,162,UPI,Delivered
O027654,CUST027655,R027654,6/15/2023,985,Wallet,Delivered
O027655,CUST027656,R027655,4/17/2025,1802,UPI,Delivered
O027656,CUST027657,R027656,5/14/2019,129,UPI,Delivered
O027657,CUST027658,R027657,11/15/2025,175,UPI,Delivered
O027658,CUST027659,R027658,8/20/2021,502,Card,Cancelled
O027659,CUST027660,R027659,6/25/2025,1752,Card,Delivered
O027660,CUST027661,R027660,8/25/2020,918,Wallet,Delivered
O027661,CUST027662,R027661,2/2/2025,110,UPI,Delivered
O027662,CUST027663,R027662,7/20/2022,550,COD,Cancelled
O027663,CUST027664,R027663,6/3/2024,981,COD,Delivered
O027664,CUST027665,R027664,12/8/2022,1876,Card,Delivered
O027665,CUST027666,R027665,2/22/2022,867,Wallet,Delivered
O027666,CUST027667,R027666,4/6/2019,1157,Wallet,Cancelled
O027667,CUST027668,R027667,4/25/2021,1029,Wallet,Delivered
O027668,CUST027669,R027668,12/12/2020,1593,COD,Delivered
O027669,CUST027670,R027669,4/9/2022,801,COD,Delivered
O027670,CUST027671,R027670,7/10/2020,1693,Wallet,Delivered
O027671,CUST027672,R027671,11/13/2020,325,COD,Delivered
O027672,CUST027673,R027672,6/22/2022,557,COD,Delivered
O027673,CUST027674,R027673,1/8/2020,1630,COD,Cancelled
O027674,CUST027675,R027674,12/13/2024,1878,COD,Delivered
O027675,CUST027676,R027675,2/3/2019,1436,Wallet,Delivered
O027676,CUST027677,R027676,8/14/2022,802,UPI,Delivered
O027677,CUST027678,R027677,3/5/2020,1352,Wallet,Delivered
O027678,CUST027679,R027678,11/5/2021,1623,Wallet,Cancelled
O027679,CUST027680,R027679,11/17/2023,1023,Card,Delivered
O027680,CUST027681,R027680,11/10/2020,1740,Card,Delivered
O027681,CUST027682,R027681,5/1/2021,1415,UPI,Delivered
O027682,CUST027683,R027682,9/9/2020,1513,Card,Delivered
O027683,CUST027684,R027683,8/21/2024,548,UPI,Delivered
O027684,CUST027685,R027684,1/24/2019,1318,COD,Delivered
O027685,CUST027686,R027685,10/16/2025,173,COD,Delivered
O027686,CUST027687,R027686,9/2/2022,532,Card,Delivered
O027687,CUST027688,R027687,9/22/2022,1986,Card,Delivered
O027688,CUST027689,R027688,5/26/2021,1101,Card,Delivered
O027689,CUST027690,R027689,10/28/2019,419,Wallet,Delivered
O027690,CUST027691,R027690,11/27/2022,969,Wallet,Delivered
O027691,CUST027692,R027691,10/10/2021,350,COD,Delivered
O027692,CUST027693,R027692,11/26/2023,638,Wallet,Delivered
O027693,CUST027694,R027693,3/5/2025,1400,Wallet,Delivered
O027694,CUST027695,R027694,10/10/2021,1032,Wallet,Delivered
O027695,CUST027696,R027695,8/3/2020,1304,UPI,Delivered
O027696,CUST027697,R027696,4/15/2019,1175,Wallet,Cancelled
O027697,CUST027698,R027697,10/6/2021,1470,Card,Delivered
O027698,CUST027699,R027698,10/13/2020,1735,Wallet,Delivered
O027699,CUST027700,R027699,6/11/2020,148,Card,Delivered
O027700,CUST027701,R027700,10/19/2024,1602,Card,Delivered
O027701,CUST027702,R027701,3/27/2025,1729,UPI,Delivered
O027702,CUST027703,R027702,11/10/2019,1980,COD,Delivered
O027703,CUST027704,R027703,11/22/2021,586,Card,Delivered
O027704,CUST027705,R027704,3/19/2021,135,COD,Delivered
O027705,CUST027706,R027705,3/21/2020,683,Wallet,Delivered
O027706,CUST027707,R027706,11/27/2020,730,Wallet,Delivered
O027707,CUST027708,R027707,2/12/2024,1803,Wallet,Delivered
O027708,CUST027709,R027708,1/4/2025,1347,Wallet,Delivered
O027709,CUST027710,R027709,2/5/2022,1219,Wallet,Delivered
O027710,CUST027711,R027710,2/6/2019,1514,Card,Cancelled
O027711,CUST027712,R027711,6/21/2023,890,Wallet,Delivered
O027712,CUST027713,R027712,11/12/2025,235,Card,Delivered
O027713,CUST027714,R027713,10/20/2024,1820,Wallet,Cancelled
O027714,CUST027715,R027714,5/15/2021,1774,UPI,Delivered
O027715,CUST027716,R027715,7/11/2022,1501,UPI,Delivered
O027716,CUST027717,R027716,10/23/2019,1685,Card,Delivered
O027717,CUST027718,R027717,4/19/2021,714,COD,Delivered
O027718,CUST027719,R027718,12/24/2025,300,UPI,Delivered
O027719,CUST027720,R027719,5/15/2021,346,COD,Delivered
O027720,CUST027721,R027720,8/26/2025,1424,UPI,Delivered
O027721,CUST027722,R027721,6/6/2022,118,COD,Delivered
O027722,CUST027723,R027722,10/28/2024,1011,Wallet,Delivered
O027723,CUST027724,R027723,2/1/2019,1131,COD,Delivered
O027724,CUST027725,R027724,12/2/2023,680,COD,Delivered
O027725,CUST027726,R027725,3/7/2024,1753,Wallet,Delivered
O027726,CUST027727,R027726,1/15/2025,592,Wallet,Delivered
O027727,CUST027728,R027727,9/12/2021,1882,UPI,Delivered
O027728,CUST027729,R027728,3/5/2024,1117,COD,Delivered
O027729,CUST027730,R027729,4/7/2022,1301,UPI,Delivered
O027730,CUST027731,R027730,7/14/2023,331,Wallet,Delivered
O027731,CUST027732,R027731,6/26/2025,972,Wallet,Delivered
O027732,CUST027733,R027732,1/9/2023,1863,Card,Delivered
O027733,CUST027734,R027733,12/21/2022,517,Card,Delivered
O027734,CUST027735,R027734,12/15/2022,1636,Card,Delivered
O027735,CUST027736,R027735,5/23/2024,671,UPI,Delivered
O027736,CUST027737,R027736,2/25/2020,1797,COD,Delivered
O027737,CUST027738,R027737,4/24/2020,787,COD,Delivered
O027738,CUST027739,R027738,9/22/2019,481,Card,Delivered
O027739,CUST027740,R027739,11/24/2024,208,Card,Cancelled
O027740,CUST027741,R027740,12/7/2023,1113,UPI,Delivered
O027741,CUST027742,R027741,8/7/2019,1318,Card,Cancelled
O027742,CUST027743,R027742,4/23/2020,665,COD,Delivered
O027743,CUST027744,R027743,10/2/2020,531,COD,Delivered
O027744,CUST027745,R027744,11/1/2022,334,COD,Delivered
O027745,CUST027746,R027745,4/26/2024,1095,COD,Delivered
O027746,CUST027747,R027746,11/9/2021,718,COD,Delivered
O027747,CUST027748,R027747,8/6/2019,1252,UPI,Delivered
O027748,CUST027749,R027748,4/11/2023,870,Wallet,Delivered
O027749,CUST027750,R027749,3/1/2020,985,UPI,Cancelled
O027750,CUST027751,R027750,4/12/2019,1921,COD,Delivered
O027751,CUST027752,R027751,1/12/2019,1047,UPI,Delivered
O027752,CUST027753,R027752,10/12/2022,1302,Card,Delivered
O027753,CUST027754,R027753,8/23/2023,1916,UPI,Delivered
O027754,CUST027755,R027754,1/11/2023,978,UPI,Cancelled
O027755,CUST027756,R027755,4/17/2020,281,UPI,Delivered
O027756,CUST027757,R027756,4/17/2021,147,COD,Delivered
O027757,CUST027758,R027757,8/23/2021,441,Card,Delivered
O027758,CUST027759,R027758,4/23/2019,1724,Card,Delivered
O027759,CUST027760,R027759,4/19/2019,378,Card,Delivered
O027760,CUST027761,R027760,4/28/2020,1042,Card,Delivered
O027761,CUST027762,R027761,6/20/2025,487,COD,Delivered
O027762,CUST027763,R027762,11/23/2021,777,Wallet,Delivered
O027763,CUST027764,R027763,11/7/2019,649,Wallet,Delivered
O027764,CUST027765,R027764,2/22/2019,707,Wallet,Cancelled
O027765,CUST027766,R027765,7/9/2019,919,COD,Delivered
O027766,CUST027767,R027766,2/4/2023,1533,UPI,Delivered
O027767,CUST027768,R027767,5/8/2023,1086,Wallet,Delivered
O027768,CUST027769,R027768,7/12/2022,947,Wallet,Delivered
O027769,CUST027770,R027769,6/26/2023,1708,Card,Delivered
O027770,CUST027771,R027770,4/18/2022,1960,Wallet,Delivered
O027771,CUST027772,R027771,2/4/2024,1515,UPI,Delivered
O027772,CUST027773,R027772,12/13/2021,1895,UPI,Delivered
O027773,CUST027774,R027773,10/23/2023,1714,COD,Delivered
O027774,CUST027775,R027774,6/14/2020,104,COD,Delivered
O027775,CUST027776,R027775,11/18/2021,821,COD,Delivered
O027776,CUST027777,R027776,5/26/2022,692,Wallet,Delivered
O027777,CUST027778,R027777,2/23/2019,1242,COD,Delivered
O027778,CUST027779,R027778,6/10/2024,118,COD,Delivered
O027779,CUST027780,R027779,10/5/2019,1577,UPI,Cancelled
O027780,CUST027781,R027780,10/8/2021,1304,Card,Delivered
O027781,CUST027782,R027781,5/28/2020,991,Wallet,Delivered
O027782,CUST027783,R027782,5/28/2021,1230,Wallet,Delivered
O027783,CUST027784,R027783,7/19/2025,1158,UPI,Delivered
O027784,CUST027785,R027784,12/12/2022,1564,Card,Delivered
O027785,CUST027786,R027785,5/16/2021,1939,COD,Delivered
O027786,CUST027787,R027786,12/11/2019,1759,COD,Delivered
O027787,CUST027788,R027787,10/15/2023,619,Wallet,Delivered
O027788,CUST027789,R027788,3/18/2019,1492,Card,Delivered
O027789,CUST027790,R027789,2/20/2020,483,COD,Cancelled
O027790,CUST027791,R027790,10/17/2021,859,UPI,Delivered
O027791,CUST027792,R027791,4/20/2022,1810,Card,Delivered
O027792,CUST027793,R027792,1/28/2021,1237,Card,Delivered
O027793,CUST027794,R027793,2/3/2025,1932,COD,Delivered
O027794,CUST027795,R027794,12/4/2022,608,COD,Delivered
O027795,CUST027796,R027795,5/22/2021,846,Card,Delivered
O027796,CUST027797,R027796,5/3/2019,774,Wallet,Delivered
O027797,CUST027798,R027797,11/7/2019,1715,COD,Delivered
O027798,CUST027799,R027798,1/11/2023,841,COD,Delivered
O027799,CUST027800,R027799,12/5/2019,1375,Card,Delivered
O027800,CUST027801,R027800,5/9/2024,1607,COD,Delivered
O027801,CUST027802,R027801,12/28/2021,1108,UPI,Delivered
O027802,CUST027803,R027802,5/15/2022,143,Wallet,Delivered
O027803,CUST027804,R027803,3/14/2021,1487,UPI,Delivered
O027804,CUST027805,R027804,5/20/2024,1426,Card,Delivered
O027805,CUST027806,R027805,10/14/2023,1865,Card,Cancelled
O027806,CUST027807,R027806,2/12/2025,1593,Card,Cancelled
O027807,CUST027808,R027807,12/26/2022,759,UPI,Delivered
O027808,CUST027809,R027808,1/16/2023,1474,UPI,Delivered
O027809,CUST027810,R027809,9/25/2022,325,COD,Delivered
O027810,CUST027811,R027810,7/1/2021,203,Card,Delivered
O027811,CUST027812,R027811,4/17/2023,262,UPI,Cancelled
O027812,CUST027813,R027812,10/26/2023,751,COD,Delivered
O027813,CUST027814,R027813,8/28/2023,1996,Card,Delivered
O027814,CUST027815,R027814,5/1/2019,486,Wallet,Delivered
O027815,CUST027816,R027815,3/6/2024,532,COD,Delivered
O027816,CUST027817,R027816,2/20/2023,912,Wallet,Delivered
O027817,CUST027818,R027817,7/11/2023,1293,COD,Delivered
O027818,CUST027819,R027818,4/5/2020,719,Wallet,Cancelled
O027819,CUST027820,R027819,12/3/2020,969,UPI,Cancelled
O027820,CUST027821,R027820,1/18/2019,1321,Wallet,Cancelled
O027821,CUST027822,R027821,1/23/2022,894,Wallet,Delivered
O027822,CUST027823,R027822,4/16/2019,1843,Wallet,Delivered
O027823,CUST027824,R027823,3/12/2023,1720,Card,Delivered
O027824,CUST027825,R027824,6/19/2025,1778,UPI,Delivered
O027825,CUST027826,R027825,10/21/2020,1423,Card,Delivered
O027826,CUST027827,R027826,1/9/2024,1656,UPI,Delivered
O027827,CUST027828,R027827,5/23/2025,704,UPI,Delivered
O027828,CUST027829,R027828,9/15/2024,148,COD,Delivered
O027829,CUST027830,R027829,6/15/2020,703,COD,Delivered
O027830,CUST027831,R027830,10/6/2025,1966,Card,Delivered
O027831,CUST027832,R027831,2/14/2025,335,Wallet,Delivered
O027832,CUST027833,R027832,1/28/2022,580,Card,Delivered
O027833,CUST027834,R027833,3/27/2021,938,Wallet,Delivered
O027834,CUST027835,R027834,8/27/2024,511,COD,Delivered
O027835,CUST027836,R027835,10/11/2019,614,Wallet,Delivered
O027836,CUST027837,R027836,9/21/2023,813,Card,Delivered
O027837,CUST027838,R027837,5/13/2020,1886,Card,Delivered
O027838,CUST027839,R027838,3/3/2020,1215,UPI,Delivered
O027839,CUST027840,R027839,8/4/2023,1273,UPI,Cancelled
O027840,CUST027841,R027840,1/18/2020,1375,Wallet,Delivered
O027841,CUST027842,R027841,11/2/2021,1665,Card,Delivered
O027842,CUST027843,R027842,2/9/2022,320,UPI,Delivered
O027843,CUST027844,R027843,1/18/2023,1582,COD,Delivered
O027844,CUST027845,R027844,10/16/2020,422,COD,Delivered
O027845,CUST027846,R027845,5/23/2019,1679,Card,Delivered
O027846,CUST027847,R027846,7/28/2019,983,Wallet,Delivered
O027847,CUST027848,R027847,4/27/2020,1221,Card,Delivered
O027848,CUST027849,R027848,12/27/2023,663,Wallet,Delivered
O027849,CUST027850,R027849,5/23/2023,901,Wallet,Delivered
O027850,CUST027851,R027850,2/16/2025,1042,COD,Delivered
O027851,CUST027852,R027851,11/3/2023,1259,Card,Delivered
O027852,CUST027853,R027852,5/8/2021,1316,COD,Delivered
O027853,CUST027854,R027853,11/6/2020,1419,Card,Delivered
O027854,CUST027855,R027854,5/10/2019,1753,Wallet,Delivered
O027855,CUST027856,R027855,10/10/2025,1376,UPI,Delivered
O027856,CUST027857,R027856,5/19/2021,1800,Card,Delivered
O027857,CUST027858,R027857,10/16/2019,530,Wallet,Cancelled
O027858,CUST027859,R027858,2/11/2022,1471,Card,Delivered
O027859,CUST027860,R027859,5/14/2019,643,Card,Delivered
O027860,CUST027861,R027860,12/22/2022,1848,UPI,Delivered
O027861,CUST027862,R027861,9/24/2019,279,COD,Delivered
O027862,CUST027863,R027862,12/17/2024,518,Card,Delivered
O027863,CUST027864,R027863,6/26/2024,702,COD,Delivered
O027864,CUST027865,R027864,1/5/2025,913,COD,Delivered
O027865,CUST027866,R027865,9/2/2025,218,Card,Delivered
O027866,CUST027867,R027866,7/28/2022,1036,UPI,Delivered
O027867,CUST027868,R027867,5/4/2019,1019,COD,Cancelled
O027868,CUST027869,R027868,10/20/2025,1035,Wallet,Delivered
O027869,CUST027870,R027869,4/13/2023,1416,Wallet,Delivered
O027870,CUST027871,R027870,11/13/2021,1159,COD,Delivered
O027871,CUST027872,R027871,2/5/2022,1087,UPI,Delivered
O027872,CUST027873,R027872,8/9/2021,1270,UPI,Delivered
O027873,CUST027874,R027873,9/4/2024,1508,Card,Delivered
O027874,CUST027875,R027874,11/25/2021,1971,Wallet,Delivered
O027875,CUST027876,R027875,12/11/2024,1146,UPI,Delivered
O027876,CUST027877,R027876,2/20/2025,492,Card,Delivered
O027877,CUST027878,R027877,1/28/2022,1541,UPI,Delivered
O027878,CUST027879,R027878,3/11/2025,1779,Wallet,Delivered
O027879,CUST027880,R027879,11/25/2022,225,Card,Delivered
O027880,CUST027881,R027880,4/20/2025,1224,Wallet,Delivered
O027881,CUST027882,R027881,11/10/2019,224,Card,Delivered
O027882,CUST027883,R027882,10/2/2022,1661,Card,Cancelled
O027883,CUST027884,R027883,12/16/2024,522,COD,Delivered
O027884,CUST027885,R027884,7/27/2020,275,Card,Delivered
O027885,CUST027886,R027885,9/25/2023,1837,COD,Delivered
O027886,CUST027887,R027886,9/20/2023,697,Wallet,Delivered
O027887,CUST027888,R027887,10/14/2025,315,Card,Delivered
O027888,CUST027889,R027888,2/17/2022,334,Wallet,Delivered
O027889,CUST027890,R027889,10/9/2019,1581,COD,Delivered
O027890,CUST027891,R027890,10/8/2020,1221,Wallet,Cancelled
O027891,CUST027892,R027891,1/28/2022,968,Wallet,Delivered
O027892,CUST027893,R027892,6/14/2021,896,UPI,Cancelled
O027893,CUST027894,R027893,6/2/2020,840,UPI,Delivered
O027894,CUST027895,R027894,1/12/2021,1916,Wallet,Delivered
O027895,CUST027896,R027895,8/11/2020,1278,UPI,Cancelled
O027896,CUST027897,R027896,3/11/2025,176,Card,Delivered
O027897,CUST027898,R027897,3/24/2024,947,UPI,Cancelled
O027898,CUST027899,R027898,2/7/2023,1454,UPI,Delivered
O027899,CUST027900,R027899,1/17/2023,314,UPI,Delivered
O027900,CUST027901,R027900,4/23/2025,421,Card,Delivered
O027901,CUST027902,R027901,8/12/2024,1895,COD,Delivered
O027902,CUST027903,R027902,6/3/2021,309,Card,Delivered
O027903,CUST027904,R027903,8/18/2025,315,UPI,Delivered
O027904,CUST027905,R027904,4/2/2024,584,UPI,Delivered
O027905,CUST027906,R027905,8/23/2023,687,Wallet,Delivered
O027906,CUST027907,R027906,9/25/2022,501,Wallet,Delivered
O027907,CUST027908,R027907,1/6/2021,644,COD,Delivered
O027908,CUST027909,R027908,2/26/2021,893,UPI,Delivered
O027909,CUST027910,R027909,7/6/2022,1693,COD,Delivered
O027910,CUST027911,R027910,4/6/2024,1055,Wallet,Cancelled
O027911,CUST027912,R027911,9/2/2023,1114,UPI,Cancelled
O027912,CUST027913,R027912,9/11/2025,1121,UPI,Delivered
O027913,CUST027914,R027913,8/17/2022,466,COD,Delivered
O027914,CUST027915,R027914,10/14/2019,213,UPI,Delivered
O027915,CUST027916,R027915,7/19/2022,397,Card,Delivered
O027916,CUST027917,R027916,12/18/2023,402,COD,Delivered
O027917,CUST027918,R027917,2/5/2019,1640,UPI,Cancelled
O027918,CUST027919,R027918,12/24/2021,732,Wallet,Delivered
O027919,CUST027920,R027919,10/28/2025,545,Card,Delivered
O027920,CUST027921,R027920,10/22/2024,1158,COD,Delivered
O027921,CUST027922,R027921,2/26/2021,414,COD,Delivered
O027922,CUST027923,R027922,11/6/2020,849,Wallet,Cancelled
O027923,CUST027924,R027923,12/7/2020,1274,UPI,Delivered
O027924,CUST027925,R027924,11/12/2023,1157,COD,Delivered
O027925,CUST027926,R027925,2/27/2023,1209,UPI,Delivered
O027926,CUST027927,R027926,10/10/2020,1984,UPI,Delivered
O027927,CUST027928,R027927,6/14/2022,841,UPI,Delivered
O027928,CUST027929,R027928,7/16/2024,1908,UPI,Delivered
O027929,CUST027930,R027929,11/13/2020,1919,UPI,Delivered
O027930,CUST027931,R027930,3/15/2019,1792,UPI,Delivered
O027931,CUST027932,R027931,12/18/2021,348,Card,Cancelled
O027932,CUST027933,R027932,6/22/2020,1347,UPI,Delivered
O027933,CUST027934,R027933,9/17/2019,774,COD,Delivered
O027934,CUST027935,R027934,12/1/2023,1976,Card,Delivered
O027935,CUST027936,R027935,1/18/2025,509,COD,Delivered
O027936,CUST027937,R027936,8/1/2022,889,COD,Delivered
O027937,CUST027938,R027937,8/9/2020,1785,Card,Delivered
O027938,CUST027939,R027938,10/22/2025,826,Wallet,Delivered
O027939,CUST027940,R027939,5/5/2020,755,Wallet,Cancelled
O027940,CUST027941,R027940,12/23/2022,948,Wallet,Delivered
O027941,CUST027942,R027941,11/10/2021,1699,Card,Delivered
O027942,CUST027943,R027942,7/7/2022,647,Wallet,Delivered
O027943,CUST027944,R027943,2/9/2019,1582,UPI,Delivered
O027944,CUST027945,R027944,9/20/2023,1025,UPI,Delivered
O027945,CUST027946,R027945,7/4/2022,963,UPI,Delivered
O027946,CUST027947,R027946,9/14/2021,392,COD,Delivered
O027947,CUST027948,R027947,11/23/2023,703,COD,Delivered
O027948,CUST027949,R027948,4/13/2020,1220,Wallet,Delivered
O027949,CUST027950,R027949,12/24/2021,755,Wallet,Delivered
O027950,CUST027951,R027950,8/7/2025,1262,COD,Delivered
O027951,CUST027952,R027951,4/4/2022,1538,Wallet,Cancelled
O027952,CUST027953,R027952,7/16/2019,942,UPI,Delivered
O027953,CUST027954,R027953,6/7/2023,1703,Card,Delivered
O027954,CUST027955,R027954,8/28/2020,1566,Wallet,Delivered
O027955,CUST027956,R027955,4/7/2024,1359,Card,Delivered
O027956,CUST027957,R027956,5/19/2025,392,UPI,Delivered
O027957,CUST027958,R027957,6/23/2023,1736,COD,Delivered
O027958,CUST027959,R027958,5/15/2021,1719,COD,Delivered
O027959,CUST027960,R027959,3/24/2025,389,Card,Delivered
O027960,CUST027961,R027960,11/20/2020,1836,Card,Delivered
O027961,CUST027962,R027961,3/23/2021,1011,Card,Delivered
O027962,CUST027963,R027962,12/22/2025,372,Wallet,Delivered
O027963,CUST027964,R027963,3/2/2024,922,Wallet,Delivered
O027964,CUST027965,R027964,10/7/2023,264,COD,Delivered
O027965,CUST027966,R027965,4/25/2019,559,COD,Delivered
O027966,CUST027967,R027966,6/3/2025,1321,Wallet,Delivered
O027967,CUST027968,R027967,1/10/2025,1182,Wallet,Delivered
O027968,CUST027969,R027968,11/2/2019,1018,UPI,Delivered
O027969,CUST027970,R027969,9/14/2022,1021,Wallet,Delivered
O027970,CUST027971,R027970,11/4/2024,1321,Card,Delivered
O027971,CUST027972,R027971,5/9/2021,1336,Wallet,Delivered
O027972,CUST027973,R027972,4/6/2025,1949,Card,Delivered
O027973,CUST027974,R027973,8/17/2024,1496,Card,Delivered
O027974,CUST027975,R027974,5/25/2023,1640,UPI,Delivered
O027975,CUST027976,R027975,10/8/2024,1890,COD,Delivered
O027976,CUST027977,R027976,10/24/2019,544,UPI,Delivered
O027977,CUST027978,R027977,7/17/2025,1825,Card,Delivered
O027978,CUST027979,R027978,12/20/2021,176,COD,Delivered
O027979,CUST027980,R027979,6/26/2024,222,COD,Delivered
O027980,CUST027981,R027980,8/4/2020,1289,COD,Delivered
O027981,CUST027982,R027981,4/25/2025,809,COD,Delivered
O027982,CUST027983,R027982,9/24/2022,681,Wallet,Delivered
O027983,CUST027984,R027983,11/27/2023,1365,UPI,Cancelled
O027984,CUST027985,R027984,8/19/2019,490,Wallet,Delivered
O027985,CUST027986,R027985,5/7/2025,1993,Card,Delivered
O027986,CUST027987,R027986,7/18/2022,1541,Wallet,Cancelled
O027987,CUST027988,R027987,11/13/2024,1727,UPI,Delivered
O027988,CUST027989,R027988,2/9/2022,1410,UPI,Delivered
O027989,CUST027990,R027989,11/25/2019,1600,Card,Delivered
O027990,CUST027991,R027990,11/18/2023,635,Card,Delivered
O027991,CUST027992,R027991,3/21/2024,264,UPI,Delivered
O027992,CUST027993,R027992,8/13/2021,304,COD,Delivered
O027993,CUST027994,R027993,7/25/2020,1333,UPI,Delivered
O027994,CUST027995,R027994,2/5/2023,1865,COD,Delivered
O027995,CUST027996,R027995,10/27/2025,725,COD,Delivered
O027996,CUST027997,R027996,10/28/2021,1025,COD,Delivered
O027997,CUST027998,R027997,4/1/2019,281,COD,Cancelled
O027998,CUST027999,R027998,12/1/2020,1610,COD,Delivered
O027999,CUST028000,R027999,7/13/2022,443,COD,Delivered
O028000,CUST028001,R028000,2/8/2019,1770,UPI,Delivered
O028001,CUST028002,R028001,2/4/2019,1070,Wallet,Delivered
O028002,CUST028003,R028002,9/8/2019,1217,UPI,Delivered
O028003,CUST028004,R028003,11/12/2023,251,Wallet,Cancelled
O028004,CUST028005,R028004,8/24/2025,891,Wallet,Delivered
O028005,CUST028006,R028005,7/8/2025,1821,COD,Delivered
O028006,CUST028007,R028006,3/20/2022,105,UPI,Delivered
O028007,CUST028008,R028007,12/14/2021,1482,Card,Delivered
O028008,CUST028009,R028008,6/21/2020,521,UPI,Delivered
O028009,CUST028010,R028009,2/22/2025,1653,Card,Delivered
O028010,CUST028011,R028010,7/24/2021,433,Card,Delivered
O028011,CUST028012,R028011,10/16/2020,337,COD,Delivered
O028012,CUST028013,R028012,1/22/2022,1959,COD,Cancelled
O028013,CUST028014,R028013,3/4/2025,1387,Card,Delivered
O028014,CUST028015,R028014,4/5/2021,1699,Card,Delivered
O028015,CUST028016,R028015,4/3/2019,877,Wallet,Delivered
O028016,CUST028017,R028016,7/6/2025,879,COD,Delivered
O028017,CUST028018,R028017,10/5/2020,254,Card,Cancelled
O028018,CUST028019,R028018,3/3/2019,1010,COD,Delivered
O028019,CUST028020,R028019,1/8/2025,671,Wallet,Delivered
O028020,CUST028021,R028020,7/3/2020,1205,Wallet,Delivered
O028021,CUST028022,R028021,2/9/2021,722,COD,Delivered
O028022,CUST028023,R028022,4/28/2022,842,Wallet,Delivered
O028023,CUST028024,R028023,11/12/2025,1522,COD,Delivered
O028024,CUST028025,R028024,11/12/2019,1464,UPI,Delivered
O028025,CUST028026,R028025,8/10/2023,1192,UPI,Delivered
O028026,CUST028027,R028026,3/21/2024,1762,UPI,Delivered
O028027,CUST028028,R028027,5/8/2023,888,UPI,Delivered
O028028,CUST028029,R028028,4/19/2025,239,Wallet,Delivered
O028029,CUST028030,R028029,2/10/2022,111,COD,Delivered
O028030,CUST028031,R028030,10/21/2019,362,Card,Delivered
O028031,CUST028032,R028031,11/21/2023,1639,Card,Delivered
O028032,CUST028033,R028032,7/18/2019,287,Card,Delivered
O028033,CUST028034,R028033,3/27/2024,821,Card,Delivered
O028034,CUST028035,R028034,3/19/2021,382,COD,Delivered
O028035,CUST028036,R028035,4/22/2022,633,COD,Delivered
O028036,CUST028037,R028036,7/6/2020,249,COD,Delivered
O028037,CUST028038,R028037,1/21/2021,558,Wallet,Delivered
O028038,CUST028039,R028038,12/5/2025,809,COD,Delivered
O028039,CUST028040,R028039,8/2/2022,1422,Wallet,Delivered
O028040,CUST028041,R028040,5/5/2025,1192,Wallet,Cancelled
O028041,CUST028042,R028041,8/14/2022,867,Wallet,Delivered
O028042,CUST028043,R028042,8/25/2024,1629,Card,Delivered
O028043,CUST028044,R028043,5/16/2019,1923,COD,Delivered
O028044,CUST028045,R028044,5/3/2023,1298,Card,Cancelled
O028045,CUST028046,R028045,4/12/2024,1804,UPI,Delivered
O028046,CUST028047,R028046,11/22/2025,1624,Card,Delivered
O028047,CUST028048,R028047,9/21/2021,1900,Card,Delivered
O028048,CUST028049,R028048,7/17/2024,292,UPI,Delivered
O028049,CUST028050,R028049,1/18/2022,1766,COD,Delivered
O028050,CUST028051,R028050,9/15/2023,666,COD,Delivered
O028051,CUST028052,R028051,4/2/2025,1437,COD,Delivered
O028052,CUST028053,R028052,4/25/2024,1466,UPI,Delivered
O028053,CUST028054,R028053,5/28/2022,1279,Card,Delivered
O028054,CUST028055,R028054,10/1/2025,912,Wallet,Delivered
O028055,CUST028056,R028055,4/25/2020,1150,Wallet,Cancelled
O028056,CUST028057,R028056,9/17/2024,1072,Wallet,Delivered
O028057,CUST028058,R028057,5/10/2023,1517,Card,Delivered
O028058,CUST028059,R028058,3/13/2022,1893,COD,Cancelled
O028059,CUST028060,R028059,5/9/2020,1668,Card,Cancelled
O028060,CUST028061,R028060,11/14/2025,533,Wallet,Delivered
O028061,CUST028062,R028061,2/18/2022,1348,UPI,Delivered
O028062,CUST028063,R028062,1/19/2020,1855,COD,Cancelled
O028063,CUST028064,R028063,5/16/2025,754,UPI,Delivered
O028064,CUST028065,R028064,6/18/2021,1655,Card,Delivered
O028065,CUST028066,R028065,4/25/2024,1082,Card,Delivered
O028066,CUST028067,R028066,9/1/2020,182,Card,Cancelled
O028067,CUST028068,R028067,11/4/2025,572,COD,Delivered
O028068,CUST028069,R028068,12/20/2021,766,COD,Delivered
O028069,CUST028070,R028069,3/1/2019,689,Wallet,Delivered
O028070,CUST028071,R028070,1/5/2025,1625,COD,Delivered
O028071,CUST028072,R028071,8/10/2022,620,Card,Delivered
O028072,CUST028073,R028072,8/4/2021,1333,Card,Delivered
O028073,CUST028074,R028073,3/8/2022,1527,COD,Delivered
O028074,CUST028075,R028074,8/27/2022,965,Wallet,Delivered
O028075,CUST028076,R028075,12/14/2020,1646,Wallet,Delivered
O028076,CUST028077,R028076,8/11/2020,1381,UPI,Delivered
O028077,CUST028078,R028077,4/20/2020,1315,UPI,Delivered
O028078,CUST028079,R028078,10/12/2025,1711,UPI,Delivered
O028079,CUST028080,R028079,6/10/2025,1699,Card,Delivered
O028080,CUST028081,R028080,11/1/2020,615,UPI,Delivered
O028081,CUST028082,R028081,11/15/2025,1437,UPI,Delivered
O028082,CUST028083,R028082,11/23/2021,349,COD,Delivered
O028083,CUST028084,R028083,1/27/2025,352,COD,Delivered
O028084,CUST028085,R028084,2/19/2022,410,Card,Cancelled
O028085,CUST028086,R028085,12/27/2025,950,Card,Delivered
O028086,CUST028087,R028086,6/3/2024,299,COD,Delivered
O028087,CUST028088,R028087,7/3/2023,342,COD,Delivered
O028088,CUST028089,R028088,6/4/2024,127,COD,Delivered
O028089,CUST028090,R028089,1/19/2025,758,COD,Delivered
O028090,CUST028091,R028090,11/11/2024,1183,COD,Delivered
O028091,CUST028092,R028091,3/4/2020,1131,Wallet,Delivered
O028092,CUST028093,R028092,12/1/2022,1075,UPI,Delivered
O028093,CUST028094,R028093,8/19/2024,1178,COD,Delivered
O028094,CUST028095,R028094,3/21/2021,815,Wallet,Delivered
O028095,CUST028096,R028095,4/15/2023,1801,Wallet,Cancelled
O028096,CUST028097,R028096,5/10/2021,1673,Card,Delivered
O028097,CUST028098,R028097,5/13/2025,1688,UPI,Delivered
O028098,CUST028099,R028098,11/20/2022,1339,Card,Delivered
O028099,CUST028100,R028099,2/9/2024,1577,UPI,Delivered
O028100,CUST028101,R028100,8/23/2020,493,Wallet,Delivered
O028101,CUST028102,R028101,8/14/2019,1688,Card,Delivered
O028102,CUST028103,R028102,9/13/2020,549,COD,Delivered
O028103,CUST028104,R028103,10/5/2024,1811,Card,Delivered
O028104,CUST028105,R028104,9/13/2020,229,COD,Delivered
O028105,CUST028106,R028105,12/24/2019,735,Card,Delivered
O028106,CUST028107,R028106,2/1/2024,795,Wallet,Delivered
O028107,CUST028108,R028107,2/25/2021,431,COD,Delivered
O028108,CUST028109,R028108,12/9/2025,528,COD,Delivered
O028109,CUST028110,R028109,7/20/2025,1289,Card,Cancelled
O028110,CUST028111,R028110,8/8/2020,1840,Card,Delivered
O028111,CUST028112,R028111,8/1/2021,1129,UPI,Delivered
O028112,CUST028113,R028112,10/3/2019,1192,Wallet,Cancelled
O028113,CUST028114,R028113,12/17/2023,1295,Wallet,Delivered
O028114,CUST028115,R028114,11/9/2021,1305,Card,Delivered
O028115,CUST028116,R028115,8/8/2019,209,Wallet,Delivered
O028116,CUST028117,R028116,9/17/2024,1427,Card,Delivered
O028117,CUST028118,R028117,7/14/2024,1747,Card,Delivered
O028118,CUST028119,R028118,12/21/2021,1364,UPI,Delivered
O028119,CUST028120,R028119,9/24/2024,455,COD,Delivered
O028120,CUST028121,R028120,10/19/2023,512,Card,Delivered
O028121,CUST028122,R028121,2/18/2020,572,COD,Delivered
O028122,CUST028123,R028122,3/14/2020,811,Wallet,Delivered
O028123,CUST028124,R028123,4/8/2023,995,Card,Delivered
O028124,CUST028125,R028124,8/3/2025,1217,UPI,Delivered
O028125,CUST028126,R028125,9/6/2025,1236,COD,Delivered
O028126,CUST028127,R028126,2/5/2020,1340,UPI,Cancelled
O028127,CUST028128,R028127,12/9/2023,1349,Wallet,Delivered
O028128,CUST028129,R028128,8/9/2024,1265,Wallet,Delivered
O028129,CUST028130,R028129,4/18/2024,1515,Card,Delivered
O028130,CUST028131,R028130,11/15/2022,382,Wallet,Cancelled
O028131,CUST028132,R028131,6/8/2022,1582,UPI,Delivered
O028132,CUST028133,R028132,1/24/2022,498,Card,Delivered
O028133,CUST028134,R028133,5/20/2022,1743,UPI,Delivered
O028134,CUST028135,R028134,11/21/2025,233,COD,Cancelled
O028135,CUST028136,R028135,11/15/2023,427,Card,Delivered
O028136,CUST028137,R028136,2/20/2023,616,Card,Delivered
O028137,CUST028138,R028137,5/3/2022,833,COD,Delivered
O028138,CUST028139,R028138,1/1/2019,1909,Card,Delivered
O028139,CUST028140,R028139,2/27/2019,956,Wallet,Delivered
O028140,CUST028141,R028140,8/3/2025,933,COD,Cancelled
O028141,CUST028142,R028141,3/18/2021,881,Wallet,Delivered
O028142,CUST028143,R028142,12/12/2019,1306,COD,Delivered
O028143,CUST028144,R028143,6/10/2022,1054,COD,Delivered
O028144,CUST028145,R028144,2/3/2024,1198,UPI,Delivered
O028145,CUST028146,R028145,3/11/2019,1127,UPI,Delivered
O028146,CUST028147,R028146,11/2/2023,1360,UPI,Delivered
O028147,CUST028148,R028147,12/24/2025,1750,Wallet,Delivered
O028148,CUST028149,R028148,2/10/2025,1098,UPI,Delivered
O028149,CUST028150,R028149,6/14/2020,406,Card,Delivered
O028150,CUST028151,R028150,1/26/2024,1462,Card,Delivered
O028151,CUST028152,R028151,10/11/2025,1700,UPI,Delivered
O028152,CUST028153,R028152,5/22/2021,610,Card,Delivered
O028153,CUST028154,R028153,12/26/2022,1605,Card,Delivered
O028154,CUST028155,R028154,3/15/2023,498,Card,Delivered
O028155,CUST028156,R028155,12/7/2019,1935,Card,Delivered
O028156,CUST028157,R028156,5/22/2022,241,COD,Delivered
O028157,CUST028158,R028157,2/5/2019,430,UPI,Delivered
O028158,CUST028159,R028158,3/27/2025,1694,COD,Delivered
O028159,CUST028160,R028159,2/18/2019,548,Wallet,Delivered
O028160,CUST028161,R028160,12/12/2024,223,Card,Delivered
O028161,CUST028162,R028161,8/13/2024,287,COD,Delivered
O028162,CUST028163,R028162,1/3/2019,1540,Card,Delivered
O028163,CUST028164,R028163,2/6/2020,1142,Wallet,Delivered
O028164,CUST028165,R028164,10/27/2023,888,Wallet,Delivered
O028165,CUST028166,R028165,5/12/2022,811,Wallet,Delivered
O028166,CUST028167,R028166,4/1/2019,794,Wallet,Delivered
O028167,CUST028168,R028167,8/11/2020,1631,COD,Delivered
O028168,CUST028169,R028168,9/10/2023,1128,UPI,Cancelled
O028169,CUST028170,R028169,12/10/2023,1933,Card,Delivered
O028170,CUST028171,R028170,2/21/2025,1059,UPI,Delivered
O028171,CUST028172,R028171,8/9/2023,1354,Card,Delivered
O028172,CUST028173,R028172,3/15/2021,208,UPI,Delivered
O028173,CUST028174,R028173,7/21/2021,267,Card,Delivered
O028174,CUST028175,R028174,8/10/2019,1805,COD,Delivered
O028175,CUST028176,R028175,12/25/2019,268,Card,Delivered
O028176,CUST028177,R028176,3/16/2020,801,Wallet,Delivered
O028177,CUST028178,R028177,7/27/2020,504,UPI,Delivered
O028178,CUST028179,R028178,11/22/2022,602,COD,Delivered
O028179,CUST028180,R028179,4/24/2019,410,Wallet,Delivered
O028180,CUST028181,R028180,4/5/2022,532,Card,Delivered
O028181,CUST028182,R028181,8/5/2020,788,Wallet,Delivered
O028182,CUST028183,R028182,8/4/2025,1550,Wallet,Cancelled
O028183,CUST028184,R028183,4/5/2023,1167,Wallet,Cancelled
O028184,CUST028185,R028184,3/3/2025,964,Wallet,Delivered
O028185,CUST028186,R028185,2/10/2025,836,Wallet,Delivered
O028186,CUST028187,R028186,10/16/2023,1829,Card,Delivered
O028187,CUST028188,R028187,2/11/2019,1596,Wallet,Delivered
O028188,CUST028189,R028188,6/7/2019,1784,UPI,Delivered
O028189,CUST028190,R028189,2/10/2022,1795,COD,Delivered
O028190,CUST028191,R028190,10/22/2022,1177,UPI,Cancelled
O028191,CUST028192,R028191,11/16/2022,690,COD,Delivered
O028192,CUST028193,R028192,1/27/2024,454,Card,Delivered
O028193,CUST028194,R028193,2/21/2020,1068,COD,Delivered
O028194,CUST028195,R028194,11/26/2024,833,COD,Delivered
O028195,CUST028196,R028195,11/6/2021,749,Wallet,Delivered
O028196,CUST028197,R028196,8/6/2021,1385,UPI,Delivered
O028197,CUST028198,R028197,10/11/2025,1008,COD,Delivered
O028198,CUST028199,R028198,4/25/2021,1055,Wallet,Delivered
O028199,CUST028200,R028199,6/17/2019,1873,Wallet,Delivered
O028200,CUST028201,R028200,2/13/2024,799,Wallet,Cancelled
O028201,CUST028202,R028201,11/10/2019,1828,UPI,Delivered
O028202,CUST028203,R028202,6/11/2020,1840,UPI,Delivered
O028203,CUST028204,R028203,8/12/2023,1712,Wallet,Delivered
O028204,CUST028205,R028204,10/17/2020,306,UPI,Cancelled
O028205,CUST028206,R028205,5/22/2023,1126,UPI,Delivered
O028206,CUST028207,R028206,10/15/2022,685,COD,Delivered
O028207,CUST028208,R028207,5/27/2024,1827,Card,Delivered
O028208,CUST028209,R028208,5/15/2021,365,COD,Delivered
O028209,CUST028210,R028209,7/1/2025,1045,Card,Delivered
O028210,CUST028211,R028210,11/8/2020,1681,Card,Delivered
O028211,CUST028212,R028211,4/19/2021,672,Wallet,Delivered
O028212,CUST028213,R028212,12/3/2020,599,Wallet,Cancelled
O028213,CUST028214,R028213,4/22/2019,587,Wallet,Delivered
O028214,CUST028215,R028214,2/5/2021,1489,Card,Delivered
O028215,CUST028216,R028215,6/5/2020,567,Wallet,Cancelled
O028216,CUST028217,R028216,4/7/2025,1497,UPI,Delivered
O028217,CUST028218,R028217,7/18/2023,934,Wallet,Delivered
O028218,CUST028219,R028218,11/3/2023,917,Wallet,Delivered
O028219,CUST028220,R028219,5/10/2022,345,UPI,Delivered
O028220,CUST028221,R028220,1/22/2019,554,Wallet,Cancelled
O028221,CUST028222,R028221,9/12/2023,1882,Card,Delivered
O028222,CUST028223,R028222,3/23/2020,1674,Card,Delivered
O028223,CUST028224,R028223,3/18/2025,1788,UPI,Delivered
O028224,CUST028225,R028224,12/14/2023,331,Wallet,Delivered
O028225,CUST028226,R028225,4/26/2024,788,UPI,Delivered
O028226,CUST028227,R028226,11/16/2021,1300,Card,Cancelled
O028227,CUST028228,R028227,3/23/2025,1486,Wallet,Delivered
O028228,CUST028229,R028228,1/3/2024,1322,Card,Delivered
O028229,CUST028230,R028229,3/17/2019,351,Wallet,Delivered
O028230,CUST028231,R028230,7/21/2022,1646,Card,Delivered
O028231,CUST028232,R028231,5/13/2020,1629,Card,Cancelled
O028232,CUST028233,R028232,12/23/2021,172,Card,Delivered
O028233,CUST028234,R028233,4/20/2025,1800,Card,Delivered
O028234,CUST028235,R028234,11/22/2022,868,Card,Delivered
O028235,CUST028236,R028235,7/20/2022,484,COD,Delivered
O028236,CUST028237,R028236,6/28/2024,773,COD,Delivered
O028237,CUST028238,R028237,5/4/2019,153,COD,Delivered
O028238,CUST028239,R028238,11/24/2021,449,Wallet,Delivered
O028239,CUST028240,R028239,10/1/2025,916,Wallet,Cancelled
O028240,CUST028241,R028240,8/4/2025,1102,COD,Delivered
O028241,CUST028242,R028241,10/28/2021,938,UPI,Delivered
O028242,CUST028243,R028242,6/12/2020,980,Wallet,Delivered
O028243,CUST028244,R028243,5/2/2020,1797,UPI,Delivered
O028244,CUST028245,R028244,1/8/2022,1245,Wallet,Cancelled
O028245,CUST028246,R028245,2/5/2023,1864,UPI,Delivered
O028246,CUST028247,R028246,12/14/2020,1417,Card,Delivered
O028247,CUST028248,R028247,12/24/2022,1540,UPI,Cancelled
O028248,CUST028249,R028248,1/7/2024,138,COD,Delivered
O028249,CUST028250,R028249,10/23/2021,389,UPI,Delivered
O028250,CUST028251,R028250,3/16/2019,1671,Card,Delivered
O028251,CUST028252,R028251,11/18/2021,1966,Card,Delivered
O028252,CUST028253,R028252,1/24/2020,1587,COD,Delivered
O028253,CUST028254,R028253,7/26/2020,1146,COD,Delivered
O028254,CUST028255,R028254,6/23/2023,730,Card,Delivered
O028255,CUST028256,R028255,3/22/2019,596,COD,Delivered
O028256,CUST028257,R028256,8/25/2022,890,Card,Delivered
O028257,CUST028258,R028257,10/13/2021,1916,COD,Delivered
O028258,CUST028259,R028258,9/27/2025,1481,Card,Delivered
O028259,CUST028260,R028259,4/11/2020,1034,Wallet,Delivered
O028260,CUST028261,R028260,6/6/2022,1583,Card,Delivered
O028261,CUST028262,R028261,12/2/2021,182,UPI,Delivered
O028262,CUST028263,R028262,2/23/2025,1489,UPI,Delivered
O028263,CUST028264,R028263,11/17/2022,480,Card,Delivered
O028264,CUST028265,R028264,3/19/2019,114,UPI,Delivered
O028265,CUST028266,R028265,11/12/2025,1806,COD,Delivered
O028266,CUST028267,R028266,6/28/2025,1234,UPI,Delivered
O028267,CUST028268,R028267,8/2/2019,1786,Card,Cancelled
O028268,CUST028269,R028268,12/25/2024,640,COD,Delivered
O028269,CUST028270,R028269,1/26/2024,934,Card,Delivered
O028270,CUST028271,R028270,4/3/2024,1961,COD,Cancelled
O028271,CUST028272,R028271,1/28/2021,1568,COD,Delivered
O028272,CUST028273,R028272,8/12/2025,362,COD,Cancelled
O028273,CUST028274,R028273,6/6/2022,1691,UPI,Delivered
O028274,CUST028275,R028274,5/3/2019,1177,Wallet,Delivered
O028275,CUST028276,R028275,6/5/2024,1106,UPI,Delivered
O028276,CUST028277,R028276,2/12/2024,140,COD,Delivered
O028277,CUST028278,R028277,6/23/2023,742,Wallet,Delivered
O028278,CUST028279,R028278,7/6/2020,1423,COD,Delivered
O028279,CUST028280,R028279,4/14/2024,1862,UPI,Delivered
O028280,CUST028281,R028280,9/12/2019,1440,Card,Delivered
O028281,CUST028282,R028281,4/19/2020,300,Wallet,Delivered
O028282,CUST028283,R028282,9/20/2019,1563,Card,Delivered
O028283,CUST028284,R028283,4/25/2024,342,Card,Cancelled
O028284,CUST028285,R028284,9/23/2023,295,Card,Delivered
O028285,CUST028286,R028285,12/21/2025,1923,Card,Delivered
O028286,CUST028287,R028286,7/3/2024,1308,Card,Delivered
O028287,CUST028288,R028287,11/4/2019,1805,Card,Delivered
O028288,CUST028289,R028288,7/2/2019,721,Wallet,Delivered
O028289,CUST028290,R028289,6/6/2021,768,Wallet,Delivered
O028290,CUST028291,R028290,7/5/2023,403,COD,Delivered
O028291,CUST028292,R028291,7/28/2020,1039,Wallet,Delivered
O028292,CUST028293,R028292,12/9/2019,955,Wallet,Delivered
O028293,CUST028294,R028293,1/7/2023,1483,Wallet,Delivered
O028294,CUST028295,R028294,7/14/2022,1103,COD,Delivered
O028295,CUST028296,R028295,2/2/2024,795,Wallet,Delivered
O028296,CUST028297,R028296,3/13/2023,1437,COD,Delivered
O028297,CUST028298,R028297,8/9/2023,1385,UPI,Delivered
O028298,CUST028299,R028298,12/10/2024,1113,UPI,Delivered
O028299,CUST028300,R028299,5/20/2021,1552,Card,Delivered
O028300,CUST028301,R028300,8/7/2023,1037,UPI,Delivered
O028301,CUST028302,R028301,8/18/2021,1985,Wallet,Delivered
O028302,CUST028303,R028302,3/9/2025,1858,Card,Delivered
O028303,CUST028304,R028303,10/21/2020,257,UPI,Delivered
O028304,CUST028305,R028304,2/17/2025,1283,Card,Delivered
O028305,CUST028306,R028305,6/12/2025,143,COD,Delivered
O028306,CUST028307,R028306,5/25/2022,673,UPI,Delivered
O028307,CUST028308,R028307,8/17/2024,292,Card,Delivered
O028308,CUST028309,R028308,6/20/2023,411,COD,Delivered
O028309,CUST028310,R028309,3/8/2019,207,COD,Delivered
O028310,CUST028311,R028310,1/19/2023,479,Wallet,Delivered
O028311,CUST028312,R028311,12/4/2024,729,Card,Delivered
O028312,CUST028313,R028312,11/1/2021,1336,UPI,Delivered
O028313,CUST028314,R028313,7/2/2020,1145,Wallet,Cancelled
O028314,CUST028315,R028314,11/13/2023,757,COD,Delivered
O028315,CUST028316,R028315,1/23/2024,1474,UPI,Delivered
O028316,CUST028317,R028316,6/15/2022,1774,COD,Delivered
O028317,CUST028318,R028317,3/1/2019,899,UPI,Cancelled
O028318,CUST028319,R028318,9/7/2020,1705,UPI,Delivered
O028319,CUST028320,R028319,5/20/2022,1344,Card,Delivered
O028320,CUST028321,R028320,10/19/2019,1808,Card,Delivered
O028321,CUST028322,R028321,10/15/2019,202,Wallet,Delivered
O028322,CUST028323,R028322,8/18/2020,1726,Card,Delivered
O028323,CUST028324,R028323,8/14/2023,630,UPI,Delivered
O028324,CUST028325,R028324,12/1/2019,1356,Card,Delivered
O028325,CUST028326,R028325,3/24/2025,953,Wallet,Delivered
O028326,CUST028327,R028326,8/27/2022,762,UPI,Delivered
O028327,CUST028328,R028327,8/22/2021,373,COD,Delivered
O028328,CUST028329,R028328,4/18/2019,1139,Wallet,Cancelled
O028329,CUST028330,R028329,10/9/2019,929,Wallet,Delivered
O028330,CUST028331,R028330,5/3/2021,1118,Card,Delivered
O028331,CUST028332,R028331,5/7/2023,1749,COD,Delivered
O028332,CUST028333,R028332,2/8/2025,1562,Card,Delivered
O028333,CUST028334,R028333,11/20/2021,422,Wallet,Delivered
O028334,CUST028335,R028334,2/15/2024,1259,UPI,Delivered
O028335,CUST028336,R028335,9/21/2023,1770,COD,Cancelled
O028336,CUST028337,R028336,12/14/2021,673,Wallet,Delivered
O028337,CUST028338,R028337,5/17/2024,1444,Card,Delivered
O028338,CUST028339,R028338,7/24/2023,1041,COD,Delivered
O028339,CUST028340,R028339,4/28/2024,1992,Card,Cancelled
O028340,CUST028341,R028340,7/2/2019,417,COD,Delivered
O028341,CUST028342,R028341,5/19/2019,660,COD,Delivered
O028342,CUST028343,R028342,7/26/2022,589,COD,Delivered
O028343,CUST028344,R028343,1/3/2024,1226,COD,Delivered
O028344,CUST028345,R028344,5/4/2025,470,Card,Delivered
O028345,CUST028346,R028345,6/2/2022,1179,UPI,Delivered
O028346,CUST028347,R028346,5/7/2023,1051,COD,Delivered
O028347,CUST028348,R028347,7/25/2023,918,Wallet,Delivered
O028348,CUST028349,R028348,5/15/2024,1560,Wallet,Delivered
O028349,CUST028350,R028349,11/9/2023,1301,Wallet,Delivered
O028350,CUST028351,R028350,6/18/2019,1236,UPI,Delivered
O028351,CUST028352,R028351,2/19/2023,1669,Card,Delivered
O028352,CUST028353,R028352,9/9/2025,1651,UPI,Delivered
O028353,CUST028354,R028353,4/27/2023,524,Wallet,Delivered
O028354,CUST028355,R028354,1/13/2021,1289,UPI,Delivered
O028355,CUST028356,R028355,12/23/2022,206,Card,Delivered
O028356,CUST028357,R028356,4/26/2019,1897,Card,Delivered
O028357,CUST028358,R028357,7/13/2020,130,Card,Delivered
O028358,CUST028359,R028358,2/25/2024,796,COD,Delivered
O028359,CUST028360,R028359,5/1/2023,145,COD,Delivered
O028360,CUST028361,R028360,9/27/2025,540,COD,Delivered
O028361,CUST028362,R028361,4/10/2021,331,COD,Delivered
O028362,CUST028363,R028362,10/20/2023,919,COD,Delivered
O028363,CUST028364,R028363,6/12/2025,1343,Card,Delivered
O028364,CUST028365,R028364,8/6/2024,1045,Wallet,Delivered
O028365,CUST028366,R028365,2/4/2023,1028,Wallet,Delivered
O028366,CUST028367,R028366,5/19/2020,957,COD,Delivered
O028367,CUST028368,R028367,8/19/2021,666,Wallet,Delivered
O028368,CUST028369,R028368,6/13/2019,1657,COD,Delivered
O028369,CUST028370,R028369,4/4/2023,1274,Card,Cancelled
O028370,CUST028371,R028370,3/12/2024,1583,Wallet,Delivered
O028371,CUST028372,R028371,5/18/2019,1228,Card,Delivered
O028372,CUST028373,R028372,9/7/2025,1421,UPI,Delivered
O028373,CUST028374,R028373,4/20/2024,599,Wallet,Delivered
O028374,CUST028375,R028374,8/16/2024,1609,Card,Delivered
O028375,CUST028376,R028375,3/12/2025,339,Card,Delivered
O028376,CUST028377,R028376,12/3/2022,1769,UPI,Delivered
O028377,CUST028378,R028377,8/12/2022,139,Wallet,Delivered
O028378,CUST028379,R028378,8/23/2020,645,Card,Delivered
O028379,CUST028380,R028379,2/28/2025,748,COD,Delivered
O028380,CUST028381,R028380,6/21/2023,325,COD,Delivered
O028381,CUST028382,R028381,5/8/2021,384,Card,Delivered
O028382,CUST028383,R028382,10/19/2024,891,UPI,Cancelled
O028383,CUST028384,R028383,2/6/2024,1691,Card,Delivered
O028384,CUST028385,R028384,5/28/2019,844,UPI,Delivered
O028385,CUST028386,R028385,8/2/2022,1081,Wallet,Delivered
O028386,CUST028387,R028386,12/15/2019,1402,COD,Cancelled
O028387,CUST028388,R028387,8/10/2023,1225,UPI,Cancelled
O028388,CUST028389,R028388,11/6/2020,129,Wallet,Delivered
O028389,CUST028390,R028389,9/13/2025,1386,Card,Delivered
O028390,CUST028391,R028390,9/12/2023,1700,UPI,Delivered
O028391,CUST028392,R028391,12/20/2020,1273,UPI,Cancelled
O028392,CUST028393,R028392,10/22/2020,369,COD,Delivered
O028393,CUST028394,R028393,2/18/2020,433,Wallet,Delivered
O028394,CUST028395,R028394,5/18/2021,1946,Card,Delivered
O028395,CUST028396,R028395,10/13/2024,1885,COD,Delivered
O028396,CUST028397,R028396,10/1/2019,417,UPI,Delivered
O028397,CUST028398,R028397,3/22/2025,634,UPI,Delivered
O028398,CUST028399,R028398,4/24/2024,699,Card,Delivered
O028399,CUST028400,R028399,5/25/2024,1490,UPI,Delivered
O028400,CUST028401,R028400,4/10/2021,1269,Wallet,Delivered
O028401,CUST028402,R028401,11/7/2020,1185,Wallet,Delivered
O028402,CUST028403,R028402,6/16/2023,1430,Card,Cancelled
O028403,CUST028404,R028403,12/14/2019,335,Wallet,Delivered
O028404,CUST028405,R028404,9/8/2023,1360,UPI,Delivered
O028405,CUST028406,R028405,11/23/2020,413,UPI,Delivered
O028406,CUST028407,R028406,7/19/2025,1664,Wallet,Delivered
O028407,CUST028408,R028407,2/18/2024,1990,Card,Delivered
O028408,CUST028409,R028408,9/14/2022,1967,COD,Delivered
O028409,CUST028410,R028409,1/19/2024,505,Card,Cancelled
O028410,CUST028411,R028410,1/2/2023,679,COD,Delivered
O028411,CUST028412,R028411,4/27/2020,1755,Card,Delivered
O028412,CUST028413,R028412,9/25/2022,1106,Wallet,Delivered
O028413,CUST028414,R028413,10/5/2023,1941,COD,Delivered
O028414,CUST028415,R028414,5/16/2020,802,COD,Delivered
O028415,CUST028416,R028415,6/10/2022,1221,COD,Delivered
O028416,CUST028417,R028416,8/8/2021,962,COD,Delivered
O028417,CUST028418,R028417,1/2/2020,1151,Wallet,Delivered
O028418,CUST028419,R028418,2/18/2022,1086,Wallet,Delivered
O028419,CUST028420,R028419,4/28/2023,1280,UPI,Delivered
O028420,CUST028421,R028420,8/22/2019,1606,COD,Delivered
O028421,CUST028422,R028421,1/9/2019,694,UPI,Delivered
O028422,CUST028423,R028422,4/14/2019,122,UPI,Delivered
O028423,CUST028424,R028423,8/25/2023,1351,Card,Delivered
O028424,CUST028425,R028424,10/8/2020,1550,UPI,Delivered
O028425,CUST028426,R028425,1/20/2025,722,Card,Delivered
O028426,CUST028427,R028426,6/28/2025,1462,Card,Cancelled
O028427,CUST028428,R028427,12/11/2020,462,COD,Delivered
O028428,CUST028429,R028428,2/5/2024,1892,Card,Cancelled
O028429,CUST028430,R028429,8/20/2025,579,COD,Delivered
O028430,CUST028431,R028430,10/27/2019,768,Card,Delivered
O028431,CUST028432,R028431,11/5/2022,702,Wallet,Delivered
O028432,CUST028433,R028432,7/23/2025,939,COD,Delivered
O028433,CUST028434,R028433,12/17/2023,1981,Card,Delivered
O028434,CUST028435,R028434,7/18/2019,1784,COD,Delivered
O028435,CUST028436,R028435,8/2/2023,1386,Card,Delivered
O028436,CUST028437,R028436,5/28/2020,1030,Wallet,Delivered
O028437,CUST028438,R028437,1/25/2020,782,COD,Delivered
O028438,CUST028439,R028438,5/10/2024,923,Wallet,Delivered
O028439,CUST028440,R028439,8/3/2020,650,Wallet,Delivered
O028440,CUST028441,R028440,10/9/2019,1545,COD,Delivered
O028441,CUST028442,R028441,2/8/2023,1081,UPI,Delivered
O028442,CUST028443,R028442,2/8/2024,1712,Card,Delivered
O028443,CUST028444,R028443,1/15/2023,969,Wallet,Delivered
O028444,CUST028445,R028444,9/8/2019,1268,Card,Delivered
O028445,CUST028446,R028445,10/11/2024,128,UPI,Delivered
O028446,CUST028447,R028446,5/20/2020,232,UPI,Delivered
O028447,CUST028448,R028447,3/8/2023,1444,Card,Delivered
O028448,CUST028449,R028448,4/24/2025,113,UPI,Delivered
O028449,CUST028450,R028449,7/15/2023,647,Wallet,Delivered
O028450,CUST028451,R028450,3/27/2023,399,UPI,Delivered
O028451,CUST028452,R028451,10/20/2023,583,COD,Delivered
O028452,CUST028453,R028452,3/25/2022,266,Wallet,Delivered
O028453,CUST028454,R028453,2/3/2023,447,Card,Delivered
O028454,CUST028455,R028454,10/3/2025,698,Wallet,Delivered
O028455,CUST028456,R028455,2/3/2023,1503,COD,Delivered
O028456,CUST028457,R028456,2/25/2023,1125,Wallet,Delivered
O028457,CUST028458,R028457,1/2/2022,884,Wallet,Delivered
O028458,CUST028459,R028458,10/8/2019,757,Wallet,Delivered
O028459,CUST028460,R028459,5/15/2020,1749,UPI,Delivered
O028460,CUST028461,R028460,1/11/2025,1060,Wallet,Delivered
O028461,CUST028462,R028461,6/6/2022,1673,UPI,Delivered
O028462,CUST028463,R028462,3/9/2025,1641,UPI,Delivered
O028463,CUST028464,R028463,3/21/2022,1028,Wallet,Delivered
O028464,CUST028465,R028464,6/14/2024,373,Card,Delivered
O028465,CUST028466,R028465,3/20/2019,1827,UPI,Delivered
O028466,CUST028467,R028466,8/13/2023,535,Card,Delivered
O028467,CUST028468,R028467,8/17/2025,314,COD,Delivered
O028468,CUST028469,R028468,10/25/2025,658,Wallet,Delivered
O028469,CUST028470,R028469,11/22/2020,1169,UPI,Delivered
O028470,CUST028471,R028470,5/10/2020,973,Card,Delivered
O028471,CUST028472,R028471,4/24/2021,975,Wallet,Delivered
O028472,CUST028473,R028472,9/15/2025,1787,Wallet,Delivered
O028473,CUST028474,R028473,1/11/2025,389,Wallet,Delivered
O028474,CUST028475,R028474,10/7/2020,1718,UPI,Delivered
O028475,CUST028476,R028475,6/10/2021,1729,Card,Delivered
O028476,CUST028477,R028476,10/11/2019,1562,Wallet,Delivered
O028477,CUST028478,R028477,1/15/2023,417,UPI,Delivered
O028478,CUST028479,R028478,11/23/2024,983,UPI,Delivered
O028479,CUST028480,R028479,11/14/2019,579,COD,Cancelled
O028480,CUST028481,R028480,7/25/2023,1413,Card,Delivered
O028481,CUST028482,R028481,8/13/2024,274,COD,Delivered
O028482,CUST028483,R028482,3/23/2025,960,Card,Delivered
O028483,CUST028484,R028483,5/4/2020,1601,Card,Delivered
O028484,CUST028485,R028484,7/19/2022,635,COD,Cancelled
O028485,CUST028486,R028485,11/2/2021,558,COD,Cancelled
O028486,CUST028487,R028486,7/21/2025,498,COD,Delivered
O028487,CUST028488,R028487,2/4/2020,1335,Card,Delivered
O028488,CUST028489,R028488,2/5/2023,461,Wallet,Cancelled
O028489,CUST028490,R028489,9/6/2023,1222,UPI,Delivered
O028490,CUST028491,R028490,3/17/2025,1046,Wallet,Delivered
O028491,CUST028492,R028491,9/5/2022,774,Wallet,Cancelled
O028492,CUST028493,R028492,7/8/2021,195,Wallet,Delivered
O028493,CUST028494,R028493,11/20/2021,507,UPI,Delivered
O028494,CUST028495,R028494,11/8/2025,1836,Card,Delivered
O028495,CUST028496,R028495,3/17/2025,1588,Card,Delivered
O028496,CUST028497,R028496,3/16/2020,1708,UPI,Delivered
O028497,CUST028498,R028497,11/13/2019,251,UPI,Delivered
O028498,CUST028499,R028498,2/25/2023,175,Card,Delivered
O028499,CUST028500,R028499,6/15/2025,157,Wallet,Delivered
O028500,CUST028501,R028500,4/5/2022,236,UPI,Delivered
O028501,CUST028502,R028501,4/14/2025,1979,UPI,Delivered
O028502,CUST028503,R028502,5/28/2024,1014,Wallet,Cancelled
O028503,CUST028504,R028503,8/27/2023,1802,Card,Delivered
O028504,CUST028505,R028504,11/15/2021,1523,Card,Delivered
O028505,CUST028506,R028505,10/21/2022,1918,Card,Delivered
O028506,CUST028507,R028506,11/17/2019,1646,UPI,Delivered
O028507,CUST028508,R028507,10/21/2022,646,Card,Delivered
O028508,CUST028509,R028508,10/15/2022,442,COD,Delivered
O028509,CUST028510,R028509,9/26/2019,693,COD,Delivered
O028510,CUST028511,R028510,7/2/2025,1975,Card,Delivered
O028511,CUST028512,R028511,6/22/2019,364,Wallet,Delivered
O028512,CUST028513,R028512,4/26/2024,869,COD,Cancelled
O028513,CUST028514,R028513,8/3/2021,991,COD,Delivered
O028514,CUST028515,R028514,11/27/2024,790,Wallet,Delivered
O028515,CUST028516,R028515,11/11/2021,836,Wallet,Delivered
O028516,CUST028517,R028516,8/1/2021,1909,UPI,Delivered
O028517,CUST028518,R028517,10/10/2025,1139,COD,Cancelled
O028518,CUST028519,R028518,3/3/2022,1579,UPI,Delivered
O028519,CUST028520,R028519,11/12/2019,1263,Card,Delivered
O028520,CUST028521,R028520,12/22/2024,1454,UPI,Delivered
O028521,CUST028522,R028521,2/9/2019,1959,Card,Delivered
O028522,CUST028523,R028522,12/21/2021,354,UPI,Delivered
O028523,CUST028524,R028523,9/14/2023,1592,Card,Delivered
O028524,CUST028525,R028524,2/17/2020,1880,Card,Delivered
O028525,CUST028526,R028525,5/23/2023,1497,COD,Delivered
O028526,CUST028527,R028526,4/26/2023,1099,Card,Delivered
O028527,CUST028528,R028527,6/22/2024,450,Card,Delivered
O028528,CUST028529,R028528,4/20/2021,452,COD,Delivered
O028529,CUST028530,R028529,12/24/2025,1002,Card,Delivered
O028530,CUST028531,R028530,1/12/2020,1768,COD,Delivered
O028531,CUST028532,R028531,10/26/2022,1370,Wallet,Cancelled
O028532,CUST028533,R028532,2/7/2020,922,COD,Cancelled
O028533,CUST028534,R028533,2/3/2020,1070,UPI,Delivered
O028534,CUST028535,R028534,8/24/2020,1577,Wallet,Delivered
O028535,CUST028536,R028535,12/16/2021,982,Wallet,Delivered
O028536,CUST028537,R028536,12/9/2025,1737,Card,Delivered
O028537,CUST028538,R028537,6/11/2024,1968,Wallet,Delivered
O028538,CUST028539,R028538,11/4/2023,1716,COD,Delivered
O028539,CUST028540,R028539,12/26/2019,1143,UPI,Delivered
O028540,CUST028541,R028540,4/2/2022,1680,Card,Delivered
O028541,CUST028542,R028541,7/22/2020,540,COD,Delivered
O028542,CUST028543,R028542,4/24/2023,1047,COD,Delivered
O028543,CUST028544,R028543,11/2/2021,1812,COD,Delivered
O028544,CUST028545,R028544,3/26/2020,1413,COD,Delivered
O028545,CUST028546,R028545,7/10/2020,1978,COD,Delivered
O028546,CUST028547,R028546,1/5/2024,1331,UPI,Delivered
O028547,CUST028548,R028547,4/25/2023,1098,Wallet,Delivered
O028548,CUST028549,R028548,1/3/2024,1025,Wallet,Delivered
O028549,CUST028550,R028549,12/9/2025,1955,COD,Delivered
O028550,CUST028551,R028550,10/19/2022,696,COD,Delivered
O028551,CUST028552,R028551,2/5/2019,1376,Card,Delivered
O028552,CUST028553,R028552,6/13/2020,1776,UPI,Delivered
O028553,CUST028554,R028553,6/11/2024,1296,Card,Delivered
O028554,CUST028555,R028554,7/19/2022,157,UPI,Delivered
O028555,CUST028556,R028555,11/19/2023,1719,UPI,Delivered
O028556,CUST028557,R028556,7/24/2023,1963,Card,Delivered
O028557,CUST028558,R028557,12/20/2025,141,Card,Cancelled
O028558,CUST028559,R028558,12/19/2021,1769,Card,Delivered
O028559,CUST028560,R028559,1/27/2024,947,Card,Delivered
O028560,CUST028561,R028560,1/27/2025,1769,COD,Delivered
O028561,CUST028562,R028561,10/28/2021,642,Wallet,Delivered
O028562,CUST028563,R028562,8/4/2019,683,Wallet,Delivered
O028563,CUST028564,R028563,12/3/2020,312,Card,Delivered
O028564,CUST028565,R028564,10/28/2021,992,Wallet,Delivered
O028565,CUST028566,R028565,5/8/2024,1436,Wallet,Delivered
O028566,CUST028567,R028566,2/5/2019,1404,UPI,Delivered
O028567,CUST028568,R028567,7/13/2021,959,Wallet,Delivered
O028568,CUST028569,R028568,5/1/2023,1329,UPI,Delivered
O028569,CUST028570,R028569,6/19/2020,1754,COD,Delivered
O028570,CUST028571,R028570,1/2/2025,1702,UPI,Delivered
O028571,CUST028572,R028571,12/14/2020,1386,UPI,Delivered
O028572,CUST028573,R028572,2/24/2019,1147,UPI,Delivered
O028573,CUST028574,R028573,10/8/2019,957,Wallet,Delivered
O028574,CUST028575,R028574,5/17/2020,1776,Wallet,Cancelled
O028575,CUST028576,R028575,9/7/2022,1817,Card,Delivered
O028576,CUST028577,R028576,12/19/2019,166,UPI,Delivered
O028577,CUST028578,R028577,6/16/2021,1192,Card,Delivered
O028578,CUST028579,R028578,2/11/2021,103,Card,Delivered
O028579,CUST028580,R028579,1/22/2023,637,UPI,Delivered
O028580,CUST028581,R028580,4/16/2019,147,Card,Delivered
O028581,CUST028582,R028581,5/19/2024,517,COD,Delivered
O028582,CUST028583,R028582,6/7/2019,1955,COD,Delivered
O028583,CUST028584,R028583,8/18/2022,891,Wallet,Delivered
O028584,CUST028585,R028584,7/2/2019,623,Card,Delivered
O028585,CUST028586,R028585,7/27/2025,938,UPI,Delivered
O028586,CUST028587,R028586,10/24/2024,1002,Wallet,Delivered
O028587,CUST028588,R028587,5/11/2020,677,COD,Delivered
O028588,CUST028589,R028588,12/2/2023,1432,UPI,Delivered
O028589,CUST028590,R028589,4/13/2024,1727,Card,Delivered
O028590,CUST028591,R028590,4/28/2022,809,UPI,Delivered
O028591,CUST028592,R028591,2/5/2021,1620,UPI,Delivered
O028592,CUST028593,R028592,1/19/2025,1264,UPI,Cancelled
O028593,CUST028594,R028593,10/18/2023,1708,Card,Delivered
O028594,CUST028595,R028594,1/14/2019,178,Wallet,Delivered
O028595,CUST028596,R028595,3/16/2024,1571,Card,Delivered
O028596,CUST028597,R028596,4/12/2024,475,UPI,Delivered
O028597,CUST028598,R028597,11/25/2023,1251,Card,Delivered
O028598,CUST028599,R028598,10/22/2020,598,Wallet,Delivered
O028599,CUST028600,R028599,2/21/2024,618,UPI,Delivered
O028600,CUST028601,R028600,10/20/2020,288,COD,Delivered
O028601,CUST028602,R028601,2/16/2020,1049,COD,Delivered
O028602,CUST028603,R028602,12/8/2019,455,COD,Delivered
O028603,CUST028604,R028603,9/5/2024,469,Wallet,Delivered
O028604,CUST028605,R028604,10/28/2023,1236,Card,Delivered
O028605,CUST028606,R028605,10/28/2025,1055,Card,Delivered
O028606,CUST028607,R028606,6/12/2024,1817,Wallet,Delivered
O028607,CUST028608,R028607,8/9/2019,1408,Wallet,Delivered
O028608,CUST028609,R028608,12/20/2022,1658,Card,Cancelled
O028609,CUST028610,R028609,5/13/2024,519,Wallet,Delivered
O028610,CUST028611,R028610,5/15/2019,1296,Card,Cancelled
O028611,CUST028612,R028611,6/23/2023,642,Card,Delivered
O028612,CUST028613,R028612,1/22/2022,1717,Card,Cancelled
O028613,CUST028614,R028613,5/28/2020,375,COD,Delivered
O028614,CUST028615,R028614,7/17/2025,570,COD,Delivered
O028615,CUST028616,R028615,6/23/2020,499,COD,Delivered
O028616,CUST028617,R028616,1/5/2022,1184,COD,Delivered
O028617,CUST028618,R028617,5/1/2023,434,Card,Delivered
O028618,CUST028619,R028618,2/1/2023,1100,UPI,Delivered
O028619,CUST028620,R028619,12/5/2020,972,COD,Delivered
O028620,CUST028621,R028620,10/24/2022,1024,Wallet,Delivered
O028621,CUST028622,R028621,4/15/2021,1275,Wallet,Delivered
O028622,CUST028623,R028622,8/8/2019,1191,Wallet,Delivered
O028623,CUST028624,R028623,11/16/2019,1087,UPI,Delivered
O028624,CUST028625,R028624,2/17/2025,1270,Card,Delivered
O028625,CUST028626,R028625,3/4/2024,1508,UPI,Delivered
O028626,CUST028627,R028626,8/23/2022,420,Wallet,Delivered
O028627,CUST028628,R028627,6/11/2025,1242,Card,Delivered
O028628,CUST028629,R028628,7/20/2022,115,Card,Cancelled
O028629,CUST028630,R028629,5/28/2025,1812,Card,Delivered
O028630,CUST028631,R028630,4/13/2023,1952,UPI,Delivered
O028631,CUST028632,R028631,9/24/2023,760,COD,Delivered
O028632,CUST028633,R028632,8/28/2022,625,Wallet,Delivered
O028633,CUST028634,R028633,8/26/2019,641,COD,Delivered
O028634,CUST028635,R028634,12/9/2022,177,COD,Cancelled
O028635,CUST028636,R028635,5/17/2024,808,COD,Delivered
O028636,CUST028637,R028636,3/11/2021,1237,Card,Delivered
O028637,CUST028638,R028637,11/4/2020,886,UPI,Delivered
O028638,CUST028639,R028638,11/26/2019,1125,UPI,Delivered
O028639,CUST028640,R028639,12/20/2022,1048,Wallet,Delivered
O028640,CUST028641,R028640,7/21/2025,858,Wallet,Delivered
O028641,CUST028642,R028641,6/15/2019,1436,COD,Delivered
O028642,CUST028643,R028642,11/9/2019,1189,Card,Delivered
O028643,CUST028644,R028643,7/10/2025,1503,Wallet,Delivered
O028644,CUST028645,R028644,3/15/2020,1147,UPI,Delivered
O028645,CUST028646,R028645,3/6/2019,1380,Card,Cancelled
O028646,CUST028647,R028646,7/19/2023,553,Wallet,Delivered
O028647,CUST028648,R028647,8/15/2023,1454,Card,Delivered
O028648,CUST028649,R028648,4/11/2021,189,Card,Delivered
O028649,CUST028650,R028649,5/2/2020,1626,UPI,Delivered
O028650,CUST028651,R028650,10/10/2022,307,Wallet,Delivered
O028651,CUST028652,R028651,9/17/2021,501,Card,Delivered
O028652,CUST028653,R028652,4/26/2024,598,COD,Delivered
O028653,CUST028654,R028653,9/19/2019,234,COD,Delivered
O028654,CUST028655,R028654,12/6/2023,338,Card,Delivered
O028655,CUST028656,R028655,4/28/2021,849,UPI,Delivered
O028656,CUST028657,R028656,3/4/2019,1610,UPI,Cancelled
O028657,CUST028658,R028657,10/27/2022,764,Wallet,Delivered
O028658,CUST028659,R028658,11/28/2021,997,Wallet,Delivered
O028659,CUST028660,R028659,2/14/2023,1181,COD,Cancelled
O028660,CUST028661,R028660,11/10/2025,1114,UPI,Cancelled
O028661,CUST028662,R028661,8/5/2025,1881,COD,Delivered
O028662,CUST028663,R028662,10/11/2020,1243,UPI,Delivered
O028663,CUST028664,R028663,4/12/2022,1301,UPI,Delivered
O028664,CUST028665,R028664,12/12/2023,1167,UPI,Cancelled
O028665,CUST028666,R028665,8/20/2021,258,COD,Delivered
O028666,CUST028667,R028666,9/16/2021,279,Wallet,Delivered
O028667,CUST028668,R028667,9/15/2021,1855,Card,Delivered
O028668,CUST028669,R028668,10/15/2022,465,COD,Delivered
O028669,CUST028670,R028669,9/27/2021,381,UPI,Delivered
O028670,CUST028671,R028670,6/21/2024,555,Wallet,Delivered
O028671,CUST028672,R028671,11/23/2021,613,Card,Delivered
O028672,CUST028673,R028672,8/23/2023,971,COD,Delivered
O028673,CUST028674,R028673,9/11/2022,730,Card,Delivered
O028674,CUST028675,R028674,11/28/2020,652,Wallet,Delivered
O028675,CUST028676,R028675,3/8/2020,859,UPI,Cancelled
O028676,CUST028677,R028676,12/6/2024,1836,Wallet,Delivered
O028677,CUST028678,R028677,7/24/2025,1211,UPI,Delivered
O028678,CUST028679,R028678,8/22/2019,303,UPI,Delivered
O028679,CUST028680,R028679,1/17/2024,1379,Wallet,Delivered
O028680,CUST028681,R028680,2/16/2019,1904,Card,Delivered
O028681,CUST028682,R028681,10/16/2022,1887,COD,Delivered
O028682,CUST028683,R028682,11/15/2025,426,Card,Delivered
O028683,CUST028684,R028683,2/1/2020,643,Card,Delivered
O028684,CUST028685,R028684,8/26/2019,1712,Card,Delivered
O028685,CUST028686,R028685,1/24/2025,1015,Wallet,Delivered
O028686,CUST028687,R028686,12/4/2019,1787,COD,Delivered
O028687,CUST028688,R028687,5/15/2021,697,COD,Delivered
O028688,CUST028689,R028688,2/10/2025,946,Card,Delivered
O028689,CUST028690,R028689,12/7/2024,563,COD,Delivered
O028690,CUST028691,R028690,11/24/2023,1003,Wallet,Delivered
O028691,CUST028692,R028691,7/16/2019,931,Wallet,Delivered
O028692,CUST028693,R028692,6/27/2024,1169,UPI,Delivered
O028693,CUST028694,R028693,7/18/2023,1564,COD,Delivered
O028694,CUST028695,R028694,6/10/2024,615,UPI,Delivered
O028695,CUST028696,R028695,3/12/2025,1943,UPI,Delivered
O028696,CUST028697,R028696,10/23/2021,1265,UPI,Delivered
O028697,CUST028698,R028697,4/8/2021,1329,UPI,Delivered
O028698,CUST028699,R028698,4/19/2020,676,UPI,Delivered
O028699,CUST028700,R028699,11/26/2019,1371,Card,Delivered
O028700,CUST028701,R028700,1/10/2023,312,Card,Delivered
O028701,CUST028702,R028701,1/4/2020,1749,Card,Delivered
O028702,CUST028703,R028702,1/17/2024,224,COD,Cancelled
O028703,CUST028704,R028703,5/26/2023,663,Card,Delivered
O028704,CUST028705,R028704,1/3/2020,547,Wallet,Delivered
O028705,CUST028706,R028705,10/21/2021,785,Wallet,Delivered
O028706,CUST028707,R028706,8/15/2025,292,Card,Cancelled
O028707,CUST028708,R028707,11/20/2022,275,Wallet,Delivered
O028708,CUST028709,R028708,11/6/2020,1733,COD,Delivered
O028709,CUST028710,R028709,12/4/2024,1373,Wallet,Delivered
O028710,CUST028711,R028710,12/2/2023,1120,COD,Delivered
O028711,CUST028712,R028711,4/13/2019,876,Wallet,Delivered
O028712,CUST028713,R028712,4/2/2023,608,UPI,Delivered
O028713,CUST028714,R028713,7/8/2024,1402,COD,Delivered
O028714,CUST028715,R028714,11/7/2024,938,Wallet,Delivered
O028715,CUST028716,R028715,9/7/2021,1314,Card,Delivered
O028716,CUST028717,R028716,12/15/2022,863,Wallet,Delivered
O028717,CUST028718,R028717,7/6/2021,1680,Card,Cancelled
O028718,CUST028719,R028718,10/9/2019,1875,UPI,Delivered
O028719,CUST028720,R028719,9/18/2020,338,UPI,Delivered
O028720,CUST028721,R028720,10/8/2021,1364,Card,Delivered
O028721,CUST028722,R028721,2/23/2020,1977,UPI,Delivered
O028722,CUST028723,R028722,9/13/2022,606,Wallet,Delivered
O028723,CUST028724,R028723,9/25/2019,309,UPI,Delivered
O028724,CUST028725,R028724,6/19/2024,492,COD,Delivered
O028725,CUST028726,R028725,8/24/2020,225,COD,Delivered
O028726,CUST028727,R028726,10/3/2019,173,Card,Delivered
O028727,CUST028728,R028727,10/1/2024,554,Wallet,Delivered
O028728,CUST028729,R028728,5/1/2023,1098,COD,Delivered
O028729,CUST028730,R028729,1/24/2024,970,COD,Delivered
O028730,CUST028731,R028730,3/28/2023,774,COD,Delivered
O028731,CUST028732,R028731,5/4/2019,646,Wallet,Delivered
O028732,CUST028733,R028732,5/12/2022,1855,UPI,Delivered
O028733,CUST028734,R028733,8/12/2023,980,Wallet,Cancelled
O028734,CUST028735,R028734,8/4/2020,1594,Wallet,Cancelled
O028735,CUST028736,R028735,4/8/2022,222,UPI,Delivered
O028736,CUST028737,R028736,5/19/2021,980,Wallet,Delivered
O028737,CUST028738,R028737,10/13/2020,283,Card,Delivered
O028738,CUST028739,R028738,4/19/2022,1743,UPI,Delivered
O028739,CUST028740,R028739,8/12/2024,455,UPI,Delivered
O028740,CUST028741,R028740,1/24/2019,214,UPI,Delivered
O028741,CUST028742,R028741,9/24/2020,1770,Card,Delivered
O028742,CUST028743,R028742,2/21/2019,587,Wallet,Delivered
O028743,CUST028744,R028743,9/2/2023,391,UPI,Delivered
O028744,CUST028745,R028744,3/16/2020,267,Wallet,Delivered
O028745,CUST028746,R028745,4/7/2019,1942,COD,Cancelled
O028746,CUST028747,R028746,4/7/2025,310,Wallet,Delivered
O028747,CUST028748,R028747,4/5/2023,1639,UPI,Delivered
O028748,CUST028749,R028748,8/8/2020,1643,UPI,Delivered
O028749,CUST028750,R028749,3/7/2021,1515,Wallet,Delivered
O028750,CUST028751,R028750,9/14/2025,371,Wallet,Delivered
O028751,CUST028752,R028751,5/22/2025,898,UPI,Delivered
O028752,CUST028753,R028752,12/13/2022,499,COD,Delivered
O028753,CUST028754,R028753,6/24/2019,1270,UPI,Delivered
O028754,CUST028755,R028754,6/12/2023,1815,COD,Delivered
O028755,CUST028756,R028755,10/21/2022,675,Card,Delivered
O028756,CUST028757,R028756,1/3/2021,1446,UPI,Delivered
O028757,CUST028758,R028757,3/17/2020,486,COD,Delivered
O028758,CUST028759,R028758,8/8/2024,670,COD,Delivered
O028759,CUST028760,R028759,5/23/2019,398,COD,Cancelled
O028760,CUST028761,R028760,4/2/2025,1292,Card,Delivered
O028761,CUST028762,R028761,12/2/2024,371,Wallet,Cancelled
O028762,CUST028763,R028762,4/4/2023,1132,UPI,Delivered
O028763,CUST028764,R028763,10/11/2022,999,Wallet,Delivered
O028764,CUST028765,R028764,5/4/2025,557,Wallet,Cancelled
O028765,CUST028766,R028765,11/7/2024,115,Wallet,Delivered
O028766,CUST028767,R028766,2/19/2021,364,Wallet,Delivered
O028767,CUST028768,R028767,6/6/2023,1431,Card,Delivered
O028768,CUST028769,R028768,1/16/2024,1477,UPI,Delivered
O028769,CUST028770,R028769,10/13/2023,1597,UPI,Delivered
O028770,CUST028771,R028770,11/11/2021,103,UPI,Delivered
O028771,CUST028772,R028771,6/23/2024,287,Card,Delivered
O028772,CUST028773,R028772,1/17/2021,1914,Wallet,Delivered
O028773,CUST028774,R028773,10/4/2022,1921,UPI,Delivered
O028774,CUST028775,R028774,6/12/2024,1932,COD,Delivered
O028775,CUST028776,R028775,4/26/2023,923,Card,Delivered
O028776,CUST028777,R028776,4/21/2022,621,COD,Cancelled
O028777,CUST028778,R028777,9/26/2022,348,COD,Delivered
O028778,CUST028779,R028778,2/2/2019,788,Card,Delivered
O028779,CUST028780,R028779,11/28/2019,471,Card,Delivered
O028780,CUST028781,R028780,7/3/2025,241,UPI,Delivered
O028781,CUST028782,R028781,8/26/2021,288,COD,Delivered
O028782,CUST028783,R028782,5/26/2022,408,COD,Delivered
O028783,CUST028784,R028783,7/1/2025,1870,Card,Delivered
O028784,CUST028785,R028784,6/20/2021,475,COD,Delivered
O028785,CUST028786,R028785,11/28/2022,725,COD,Delivered
O028786,CUST028787,R028786,10/1/2020,906,COD,Delivered
O028787,CUST028788,R028787,7/23/2021,743,Wallet,Delivered
O028788,CUST028789,R028788,1/9/2022,789,Wallet,Delivered
O028789,CUST028790,R028789,12/23/2023,1823,UPI,Delivered
O028790,CUST028791,R028790,12/9/2021,1060,COD,Delivered
O028791,CUST028792,R028791,11/2/2021,1499,UPI,Delivered
O028792,CUST028793,R028792,9/11/2025,1220,UPI,Delivered
O028793,CUST028794,R028793,11/21/2019,913,UPI,Delivered
O028794,CUST028795,R028794,10/8/2020,1806,Card,Delivered
O028795,CUST028796,R028795,5/20/2022,199,Wallet,Delivered
O028796,CUST028797,R028796,12/11/2019,1486,Card,Delivered
O028797,CUST028798,R028797,12/15/2023,135,UPI,Delivered
O028798,CUST028799,R028798,12/25/2024,1354,Card,Delivered
O028799,CUST028800,R028799,9/24/2019,950,Card,Delivered
O028800,CUST028801,R028800,8/20/2023,359,Card,Delivered
O028801,CUST028802,R028801,3/19/2024,405,COD,Delivered
O028802,CUST028803,R028802,3/18/2025,1484,Card,Delivered
O028803,CUST028804,R028803,5/9/2020,1688,Card,Delivered
O028804,CUST028805,R028804,7/24/2023,1290,Wallet,Cancelled
O028805,CUST028806,R028805,1/6/2022,837,Card,Delivered
O028806,CUST028807,R028806,12/3/2019,705,Wallet,Delivered
O028807,CUST028808,R028807,5/3/2020,1466,Wallet,Delivered
O028808,CUST028809,R028808,1/14/2024,832,Wallet,Delivered
O028809,CUST028810,R028809,9/7/2023,1593,UPI,Delivered
O028810,CUST028811,R028810,8/10/2025,1653,COD,Delivered
O028811,CUST028812,R028811,5/6/2022,1014,Card,Delivered
O028812,CUST028813,R028812,5/18/2021,610,Wallet,Delivered
O028813,CUST028814,R028813,11/21/2021,1161,Card,Cancelled
O028814,CUST028815,R028814,11/13/2019,1923,COD,Delivered
O028815,CUST028816,R028815,3/13/2025,1005,COD,Delivered
O028816,CUST028817,R028816,2/26/2023,1775,COD,Delivered
O028817,CUST028818,R028817,7/25/2023,1334,Card,Delivered
O028818,CUST028819,R028818,10/9/2020,1894,Card,Delivered
O028819,CUST028820,R028819,8/4/2022,1240,Wallet,Delivered
O028820,CUST028821,R028820,7/24/2024,620,Wallet,Delivered
O028821,CUST028822,R028821,6/2/2022,920,Wallet,Delivered
O028822,CUST028823,R028822,1/8/2020,1813,COD,Cancelled
O028823,CUST028824,R028823,10/17/2021,808,COD,Delivered
O028824,CUST028825,R028824,9/7/2020,1226,Card,Delivered
O028825,CUST028826,R028825,1/19/2021,1666,UPI,Delivered
O028826,CUST028827,R028826,8/9/2025,1250,UPI,Delivered
O028827,CUST028828,R028827,11/16/2022,1967,UPI,Delivered
O028828,CUST028829,R028828,7/13/2022,1633,UPI,Delivered
O028829,CUST028830,R028829,5/23/2025,1883,Card,Delivered
O028830,CUST028831,R028830,10/20/2024,105,Card,Cancelled
O028831,CUST028832,R028831,7/18/2025,1554,Card,Delivered
O028832,CUST028833,R028832,4/26/2024,856,Card,Delivered
O028833,CUST028834,R028833,6/26/2021,1614,COD,Cancelled
O028834,CUST028835,R028834,2/25/2024,537,COD,Delivered
O028835,CUST028836,R028835,8/3/2020,583,Wallet,Delivered
O028836,CUST028837,R028836,9/1/2021,423,Card,Cancelled
O028837,CUST028838,R028837,1/1/2024,843,COD,Delivered
O028838,CUST028839,R028838,7/6/2023,1283,Wallet,Delivered
O028839,CUST028840,R028839,8/4/2025,1293,UPI,Delivered
O028840,CUST028841,R028840,2/11/2024,743,Wallet,Delivered
O028841,CUST028842,R028841,9/23/2025,1249,Wallet,Delivered
O028842,CUST028843,R028842,1/17/2020,1675,COD,Delivered
O028843,CUST028844,R028843,7/1/2023,1623,UPI,Delivered
O028844,CUST028845,R028844,10/13/2020,1344,UPI,Delivered
O028845,CUST028846,R028845,8/21/2022,1528,Card,Delivered
O028846,CUST028847,R028846,11/7/2021,1231,UPI,Delivered
O028847,CUST028848,R028847,6/22/2024,153,UPI,Cancelled
O028848,CUST028849,R028848,2/12/2020,199,Card,Cancelled
O028849,CUST028850,R028849,8/24/2025,147,UPI,Delivered
O028850,CUST028851,R028850,9/24/2019,1087,Card,Delivered
O028851,CUST028852,R028851,8/9/2025,1849,Card,Delivered
O028852,CUST028853,R028852,8/20/2023,481,UPI,Delivered
O028853,CUST028854,R028853,8/14/2023,106,Card,Delivered
O028854,CUST028855,R028854,4/11/2023,482,COD,Delivered
O028855,CUST028856,R028855,5/5/2024,1875,Card,Delivered
O028856,CUST028857,R028856,10/16/2021,805,COD,Delivered
O028857,CUST028858,R028857,6/1/2021,532,Card,Delivered
O028858,CUST028859,R028858,10/26/2019,717,Wallet,Delivered
O028859,CUST028860,R028859,10/24/2025,955,COD,Delivered
O028860,CUST028861,R028860,6/10/2023,528,COD,Delivered
O028861,CUST028862,R028861,5/28/2019,1289,Card,Delivered
O028862,CUST028863,R028862,7/12/2024,1839,Card,Delivered
O028863,CUST028864,R028863,5/27/2021,704,UPI,Delivered
O028864,CUST028865,R028864,4/3/2020,1508,Wallet,Cancelled
O028865,CUST028866,R028865,4/17/2020,1110,UPI,Delivered
O028866,CUST028867,R028866,10/16/2025,1624,Card,Delivered
O028867,CUST028868,R028867,8/8/2023,1999,Wallet,Delivered
O028868,CUST028869,R028868,5/15/2024,1534,Card,Delivered
O028869,CUST028870,R028869,2/10/2024,956,UPI,Delivered
O028870,CUST028871,R028870,2/23/2022,1161,UPI,Delivered
O028871,CUST028872,R028871,10/21/2019,508,Wallet,Delivered
O028872,CUST028873,R028872,6/18/2020,576,UPI,Delivered
O028873,CUST028874,R028873,3/20/2025,188,Card,Delivered
O028874,CUST028875,R028874,11/15/2021,906,COD,Delivered
O028875,CUST028876,R028875,7/7/2024,567,Card,Delivered
O028876,CUST028877,R028876,12/4/2023,320,Wallet,Delivered
O028877,CUST028878,R028877,8/26/2025,1125,Card,Delivered
O028878,CUST028879,R028878,5/27/2020,770,UPI,Delivered
O028879,CUST028880,R028879,10/10/2025,1412,COD,Delivered
O028880,CUST028881,R028880,4/3/2025,900,COD,Delivered
O028881,CUST028882,R028881,9/9/2021,1151,UPI,Delivered
O028882,CUST028883,R028882,5/5/2019,1951,UPI,Cancelled
O028883,CUST028884,R028883,4/7/2021,821,UPI,Delivered
O028884,CUST028885,R028884,6/15/2021,551,Card,Delivered
O028885,CUST028886,R028885,2/15/2024,1632,Card,Cancelled
O028886,CUST028887,R028886,1/28/2023,232,COD,Delivered
O028887,CUST028888,R028887,2/16/2024,104,COD,Delivered
O028888,CUST028889,R028888,9/22/2020,648,Card,Delivered
O028889,CUST028890,R028889,12/4/2023,1029,Card,Delivered
O028890,CUST028891,R028890,12/27/2023,280,Card,Delivered
O028891,CUST028892,R028891,1/27/2023,989,UPI,Delivered
O028892,CUST028893,R028892,9/11/2023,610,COD,Delivered
O028893,CUST028894,R028893,9/18/2022,944,COD,Delivered
O028894,CUST028895,R028894,6/12/2019,1196,COD,Delivered
O028895,CUST028896,R028895,1/6/2022,1106,Wallet,Delivered
O028896,CUST028897,R028896,9/15/2025,865,Wallet,Delivered
O028897,CUST028898,R028897,1/16/2021,1223,UPI,Delivered
O028898,CUST028899,R028898,4/2/2020,1423,UPI,Delivered
O028899,CUST028900,R028899,1/22/2023,340,Wallet,Delivered
O028900,CUST028901,R028900,10/11/2019,1098,Card,Delivered
O028901,CUST028902,R028901,8/17/2024,265,Card,Cancelled
O028902,CUST028903,R028902,8/27/2025,1702,Card,Cancelled
O028903,CUST028904,R028903,2/11/2021,1798,UPI,Delivered
O028904,CUST028905,R028904,9/22/2025,610,Card,Delivered
O028905,CUST028906,R028905,11/26/2019,227,COD,Delivered
O028906,CUST028907,R028906,6/20/2024,605,COD,Delivered
O028907,CUST028908,R028907,6/7/2019,1998,COD,Delivered
O028908,CUST028909,R028908,7/15/2022,722,COD,Delivered
O028909,CUST028910,R028909,6/9/2024,1147,UPI,Delivered
O028910,CUST028911,R028910,7/26/2021,840,UPI,Delivered
O028911,CUST028912,R028911,11/25/2020,1083,Wallet,Delivered
O028912,CUST028913,R028912,2/19/2025,968,COD,Delivered
O028913,CUST028914,R028913,11/20/2021,714,Wallet,Delivered
O028914,CUST028915,R028914,9/14/2019,1783,COD,Delivered
O028915,CUST028916,R028915,1/8/2023,1318,Card,Delivered
O028916,CUST028917,R028916,12/13/2024,1457,Wallet,Delivered
O028917,CUST028918,R028917,1/16/2022,1238,UPI,Delivered
O028918,CUST028919,R028918,5/7/2019,1222,Card,Delivered
O028919,CUST028920,R028919,6/15/2024,409,Wallet,Delivered
O028920,CUST028921,R028920,5/13/2021,1412,UPI,Delivered
O028921,CUST028922,R028921,2/8/2021,142,Card,Cancelled
O028922,CUST028923,R028922,12/28/2021,1536,Wallet,Delivered
O028923,CUST028924,R028923,3/9/2023,217,COD,Delivered
O028924,CUST028925,R028924,6/16/2024,459,UPI,Delivered
O028925,CUST028926,R028925,4/25/2020,388,COD,Delivered
O028926,CUST028927,R028926,12/18/2025,1993,COD,Delivered
O028927,CUST028928,R028927,7/5/2021,444,Card,Delivered
O028928,CUST028929,R028928,7/27/2020,694,UPI,Delivered
O028929,CUST028930,R028929,2/4/2022,1499,UPI,Delivered
O028930,CUST028931,R028930,12/22/2024,659,Wallet,Delivered
O028931,CUST028932,R028931,3/26/2021,598,Wallet,Delivered
O028932,CUST028933,R028932,5/8/2021,1037,COD,Delivered
O028933,CUST028934,R028933,9/7/2025,1029,UPI,Delivered
O028934,CUST028935,R028934,5/3/2023,1660,COD,Delivered
O028935,CUST028936,R028935,5/10/2019,1196,UPI,Delivered
O028936,CUST028937,R028936,9/13/2020,1216,UPI,Delivered
O028937,CUST028938,R028937,10/10/2021,1088,UPI,Delivered
O028938,CUST028939,R028938,12/20/2022,179,Card,Delivered
O028939,CUST028940,R028939,7/13/2025,243,Wallet,Delivered
O028940,CUST028941,R028940,12/14/2021,104,UPI,Delivered
O028941,CUST028942,R028941,2/14/2025,310,Card,Delivered
O028942,CUST028943,R028942,10/26/2024,227,UPI,Delivered
O028943,CUST028944,R028943,5/19/2024,276,Wallet,Delivered
O028944,CUST028945,R028944,6/21/2023,257,Card,Delivered
O028945,CUST028946,R028945,7/17/2023,827,COD,Delivered
O028946,CUST028947,R028946,11/9/2020,646,Card,Delivered
O028947,CUST028948,R028947,5/26/2023,562,COD,Delivered
O028948,CUST028949,R028948,12/4/2021,811,Wallet,Delivered
O028949,CUST028950,R028949,8/8/2024,1367,Wallet,Delivered
O028950,CUST028951,R028950,8/22/2021,705,Wallet,Delivered
O028951,CUST028952,R028951,11/14/2022,1697,Wallet,Delivered
O028952,CUST028953,R028952,7/10/2020,865,UPI,Delivered
O028953,CUST028954,R028953,12/9/2024,148,UPI,Delivered
O028954,CUST028955,R028954,5/9/2020,1411,Card,Cancelled
O028955,CUST028956,R028955,4/13/2019,271,Card,Delivered
O028956,CUST028957,R028956,3/27/2022,493,Card,Delivered
O028957,CUST028958,R028957,1/22/2021,1313,Card,Delivered
O028958,CUST028959,R028958,6/19/2021,916,COD,Delivered
O028959,CUST028960,R028959,5/2/2023,1745,Card,Cancelled
O028960,CUST028961,R028960,7/13/2019,605,COD,Delivered
O028961,CUST028962,R028961,5/7/2021,856,Card,Delivered
O028962,CUST028963,R028962,12/9/2022,522,COD,Delivered
O028963,CUST028964,R028963,11/24/2024,792,Wallet,Delivered
O028964,CUST028965,R028964,4/15/2020,851,Wallet,Delivered
O028965,CUST028966,R028965,5/25/2025,1083,UPI,Delivered
O028966,CUST028967,R028966,10/17/2023,1666,COD,Delivered
O028967,CUST028968,R028967,1/10/2023,504,Card,Delivered
O028968,CUST028969,R028968,7/8/2020,1837,UPI,Delivered
O028969,CUST028970,R028969,7/22/2019,1122,UPI,Delivered
O028970,CUST028971,R028970,11/6/2021,931,UPI,Delivered
O028971,CUST028972,R028971,6/13/2021,532,UPI,Delivered
O028972,CUST028973,R028972,8/25/2025,1788,Card,Delivered
O028973,CUST028974,R028973,11/8/2025,265,Card,Delivered
O028974,CUST028975,R028974,1/2/2023,1659,UPI,Delivered
O028975,CUST028976,R028975,10/18/2020,139,COD,Cancelled
O028976,CUST028977,R028976,12/24/2025,582,UPI,Delivered
O028977,CUST028978,R028977,1/25/2022,511,COD,Delivered
O028978,CUST028979,R028978,1/20/2020,744,Wallet,Delivered
O028979,CUST028980,R028979,3/14/2023,393,Card,Cancelled
O028980,CUST028981,R028980,7/19/2023,120,Wallet,Delivered
O028981,CUST028982,R028981,3/5/2024,1454,Card,Delivered
O028982,CUST028983,R028982,8/3/2019,1274,UPI,Delivered
O028983,CUST028984,R028983,11/28/2021,721,Wallet,Delivered
O028984,CUST028985,R028984,2/7/2022,1154,Wallet,Delivered
O028985,CUST028986,R028985,10/6/2020,882,Card,Delivered
O028986,CUST028987,R028986,1/10/2020,1783,COD,Delivered
O028987,CUST028988,R028987,6/12/2021,1319,Wallet,Delivered
O028988,CUST028989,R028988,10/15/2022,1228,UPI,Delivered
O028989,CUST028990,R028989,11/19/2021,783,Wallet,Delivered
O028990,CUST028991,R028990,10/5/2020,1601,Card,Cancelled
O028991,CUST028992,R028991,12/9/2024,1834,UPI,Delivered
O028992,CUST028993,R028992,12/17/2020,116,Wallet,Cancelled
O028993,CUST028994,R028993,3/7/2024,1209,Card,Delivered
O028994,CUST028995,R028994,3/21/2023,1829,UPI,Delivered
O028995,CUST028996,R028995,11/20/2023,462,COD,Delivered
O028996,CUST028997,R028996,12/24/2020,1854,UPI,Cancelled
O028997,CUST028998,R028997,12/13/2022,387,COD,Delivered
O028998,CUST028999,R028998,10/22/2019,1972,COD,Delivered
O028999,CUST029000,R028999,9/28/2024,1984,Card,Delivered
O029000,CUST029001,R029000,6/28/2019,512,COD,Delivered
O029001,CUST029002,R029001,1/4/2023,888,COD,Delivered
O029002,CUST029003,R029002,8/22/2025,891,COD,Delivered
O029003,CUST029004,R029003,10/27/2020,694,COD,Cancelled
O029004,CUST029005,R029004,8/3/2019,560,Wallet,Delivered
O029005,CUST029006,R029005,4/12/2025,1808,UPI,Delivered
O029006,CUST029007,R029006,12/9/2019,870,COD,Cancelled
O029007,CUST029008,R029007,1/3/2021,1445,Wallet,Cancelled
O029008,CUST029009,R029008,5/6/2025,1979,UPI,Delivered
O029009,CUST029010,R029009,4/18/2024,581,Wallet,Delivered
O029010,CUST029011,R029010,3/8/2023,1905,Card,Delivered
O029011,CUST029012,R029011,10/17/2025,1632,UPI,Delivered
O029012,CUST029013,R029012,3/10/2024,300,UPI,Delivered
O029013,CUST029014,R029013,10/22/2023,129,UPI,Delivered
O029014,CUST029015,R029014,9/26/2024,1691,Card,Delivered
O029015,CUST029016,R029015,3/17/2024,551,COD,Delivered
O029016,CUST029017,R029016,11/28/2022,348,Card,Delivered
O029017,CUST029018,R029017,2/15/2021,177,COD,Delivered
O029018,CUST029019,R029018,12/6/2020,1425,Card,Cancelled
O029019,CUST029020,R029019,4/6/2019,1498,COD,Delivered
O029020,CUST029021,R029020,4/26/2023,1105,COD,Delivered
O029021,CUST029022,R029021,4/1/2020,1072,UPI,Delivered
O029022,CUST029023,R029022,10/28/2024,689,Wallet,Delivered
O029023,CUST029024,R029023,2/2/2023,222,Wallet,Delivered
O029024,CUST029025,R029024,9/18/2023,786,UPI,Delivered
O029025,CUST029026,R029025,10/11/2024,388,Card,Delivered
O029026,CUST029027,R029026,6/22/2021,1185,UPI,Delivered
O029027,CUST029028,R029027,3/14/2019,1735,Card,Cancelled
O029028,CUST029029,R029028,12/20/2023,595,Card,Delivered
O029029,CUST029030,R029029,6/1/2021,1404,UPI,Delivered
O029030,CUST029031,R029030,6/15/2019,265,COD,Delivered
O029031,CUST029032,R029031,8/7/2023,580,Card,Delivered
O029032,CUST029033,R029032,6/22/2022,312,COD,Delivered
O029033,CUST029034,R029033,4/26/2023,1149,Card,Delivered
O029034,CUST029035,R029034,4/2/2025,271,Wallet,Delivered
O029035,CUST029036,R029035,11/3/2020,733,Wallet,Delivered
O029036,CUST029037,R029036,1/10/2021,850,Wallet,Delivered
O029037,CUST029038,R029037,9/2/2020,403,Wallet,Delivered
O029038,CUST029039,R029038,6/5/2019,1906,Wallet,Delivered
O029039,CUST029040,R029039,1/17/2021,845,Wallet,Delivered
O029040,CUST029041,R029040,11/8/2021,1351,Card,Delivered
O029041,CUST029042,R029041,4/14/2019,1397,UPI,Delivered
O029042,CUST029043,R029042,12/10/2022,1513,Wallet,Delivered
O029043,CUST029044,R029043,1/10/2019,1957,UPI,Delivered
O029044,CUST029045,R029044,9/17/2023,239,Card,Delivered
O029045,CUST029046,R029045,10/16/2019,1829,COD,Delivered
O029046,CUST029047,R029046,11/2/2025,1778,UPI,Delivered
O029047,CUST029048,R029047,1/11/2023,1789,Card,Delivered
O029048,CUST029049,R029048,2/26/2022,387,Card,Delivered
O029049,CUST029050,R029049,3/19/2024,510,COD,Cancelled
O029050,CUST029051,R029050,4/24/2022,194,COD,Delivered
O029051,CUST029052,R029051,6/28/2019,633,COD,Delivered
O029052,CUST029053,R029052,7/26/2021,621,COD,Delivered
O029053,CUST029054,R029053,5/3/2023,1011,COD,Delivered
O029054,CUST029055,R029054,10/23/2019,1014,Wallet,Delivered
O029055,CUST029056,R029055,5/7/2022,1129,UPI,Delivered
O029056,CUST029057,R029056,2/11/2020,683,COD,Delivered
O029057,CUST029058,R029057,11/3/2020,951,COD,Delivered
O029058,CUST029059,R029058,1/11/2021,684,COD,Delivered
O029059,CUST029060,R029059,3/28/2020,763,Card,Delivered
O029060,CUST029061,R029060,3/22/2022,599,Wallet,Delivered
O029061,CUST029062,R029061,12/8/2023,384,COD,Delivered
O029062,CUST029063,R029062,12/3/2022,1713,Wallet,Cancelled
O029063,CUST029064,R029063,6/7/2019,949,COD,Delivered
O029064,CUST029065,R029064,11/28/2023,1350,UPI,Delivered
O029065,CUST029066,R029065,5/9/2022,1332,UPI,Delivered
O029066,CUST029067,R029066,6/23/2022,834,UPI,Delivered
O029067,CUST029068,R029067,11/7/2023,1770,Card,Delivered
O029068,CUST029069,R029068,7/18/2020,1884,Wallet,Delivered
O029069,CUST029070,R029069,4/8/2021,1395,Card,Delivered
O029070,CUST029071,R029070,1/14/2019,1946,Wallet,Delivered
O029071,CUST029072,R029071,7/21/2025,1312,Card,Delivered
O029072,CUST029073,R029072,6/23/2022,913,Card,Delivered
O029073,CUST029074,R029073,12/19/2019,215,UPI,Delivered
O029074,CUST029075,R029074,6/17/2023,1902,COD,Delivered
O029075,CUST029076,R029075,10/17/2022,1330,Card,Delivered
O029076,CUST029077,R029076,8/9/2021,1577,Card,Delivered
O029077,CUST029078,R029077,10/23/2020,1010,Wallet,Delivered
O029078,CUST029079,R029078,1/3/2024,949,Card,Delivered
O029079,CUST029080,R029079,3/4/2020,625,Wallet,Delivered
O029080,CUST029081,R029080,7/1/2025,1380,COD,Delivered
O029081,CUST029082,R029081,6/13/2024,785,COD,Delivered
O029082,CUST029083,R029082,7/3/2023,1547,UPI,Delivered
O029083,CUST029084,R029083,1/8/2025,1562,COD,Cancelled
O029084,CUST029085,R029084,6/5/2025,928,UPI,Cancelled
O029085,CUST029086,R029085,5/17/2024,530,COD,Delivered
O029086,CUST029087,R029086,9/21/2021,888,Wallet,Cancelled
O029087,CUST029088,R029087,5/12/2023,1562,Card,Delivered
O029088,CUST029089,R029088,6/12/2024,422,Card,Delivered
O029089,CUST029090,R029089,10/18/2023,1193,UPI,Cancelled
O029090,CUST029091,R029090,6/17/2022,801,Card,Delivered
O029091,CUST029092,R029091,8/26/2024,1621,Card,Delivered
O029092,CUST029093,R029092,11/27/2022,1096,Wallet,Delivered
O029093,CUST029094,R029093,9/16/2022,535,COD,Delivered
O029094,CUST029095,R029094,8/28/2021,830,Wallet,Delivered
O029095,CUST029096,R029095,7/7/2019,1591,COD,Cancelled
O029096,CUST029097,R029096,1/12/2020,765,COD,Delivered
O029097,CUST029098,R029097,6/6/2025,1147,UPI,Delivered
O029098,CUST029099,R029098,9/18/2022,1587,Wallet,Delivered
O029099,CUST029100,R029099,3/8/2022,1106,Wallet,Delivered
O029100,CUST029101,R029100,5/13/2021,1606,Wallet,Cancelled
O029101,CUST029102,R029101,6/13/2019,1522,Card,Delivered
O029102,CUST029103,R029102,6/21/2021,1729,Card,Delivered
O029103,CUST029104,R029103,2/18/2025,1857,Card,Delivered
O029104,CUST029105,R029104,2/16/2020,1665,UPI,Delivered
O029105,CUST029106,R029105,7/28/2022,756,Card,Delivered
O029106,CUST029107,R029106,8/23/2020,196,COD,Cancelled
O029107,CUST029108,R029107,8/23/2020,446,COD,Delivered
O029108,CUST029109,R029108,3/1/2021,492,Wallet,Delivered
O029109,CUST029110,R029109,3/21/2022,382,Card,Cancelled
O029110,CUST029111,R029110,9/1/2020,807,COD,Delivered
O029111,CUST029112,R029111,7/5/2022,1203,Wallet,Delivered
O029112,CUST029113,R029112,11/3/2024,1208,Wallet,Delivered
O029113,CUST029114,R029113,2/10/2025,333,Wallet,Delivered
O029114,CUST029115,R029114,12/22/2019,1139,Wallet,Delivered
O029115,CUST029116,R029115,1/16/2021,1389,COD,Delivered
O029116,CUST029117,R029116,8/27/2025,1473,UPI,Delivered
O029117,CUST029118,R029117,1/11/2022,1455,UPI,Delivered
O029118,CUST029119,R029118,3/22/2024,1385,Card,Delivered
O029119,CUST029120,R029119,12/5/2025,1190,Card,Delivered
O029120,CUST029121,R029120,8/20/2022,106,UPI,Delivered
O029121,CUST029122,R029121,5/10/2023,109,COD,Cancelled
O029122,CUST029123,R029122,3/18/2024,490,UPI,Cancelled
O029123,CUST029124,R029123,9/23/2020,1436,Card,Delivered
O029124,CUST029125,R029124,7/14/2022,862,COD,Delivered
O029125,CUST029126,R029125,3/25/2021,868,Wallet,Delivered
O029126,CUST029127,R029126,7/19/2025,124,Card,Delivered
O029127,CUST029128,R029127,12/16/2019,328,Card,Delivered
O029128,CUST029129,R029128,1/4/2020,1769,Card,Cancelled
O029129,CUST029130,R029129,5/23/2019,705,COD,Delivered
O029130,CUST029131,R029130,1/27/2021,645,UPI,Delivered
O029131,CUST029132,R029131,9/28/2019,573,Wallet,Delivered
O029132,CUST029133,R029132,12/21/2024,805,COD,Delivered
O029133,CUST029134,R029133,4/8/2025,306,COD,Delivered
O029134,CUST029135,R029134,12/27/2022,1242,UPI,Delivered
O029135,CUST029136,R029135,7/6/2021,1754,Card,Delivered
O029136,CUST029137,R029136,6/26/2024,623,UPI,Delivered
O029137,CUST029138,R029137,3/3/2023,1429,COD,Delivered
O029138,CUST029139,R029138,10/14/2020,1069,UPI,Delivered
O029139,CUST029140,R029139,5/15/2022,1258,UPI,Cancelled
O029140,CUST029141,R029140,4/7/2024,1844,Wallet,Delivered
O029141,CUST029142,R029141,3/13/2022,1385,Card,Delivered
O029142,CUST029143,R029142,11/9/2020,813,UPI,Delivered
O029143,CUST029144,R029143,8/22/2021,1317,UPI,Delivered
O029144,CUST029145,R029144,4/22/2021,227,COD,Delivered
O029145,CUST029146,R029145,4/16/2021,421,Wallet,Delivered
O029146,CUST029147,R029146,10/17/2025,1999,Card,Delivered
O029147,CUST029148,R029147,12/21/2022,859,COD,Delivered
O029148,CUST029149,R029148,10/1/2023,524,Card,Delivered
O029149,CUST029150,R029149,3/1/2025,240,Wallet,Delivered
O029150,CUST029151,R029150,11/25/2025,1046,UPI,Delivered
O029151,CUST029152,R029151,12/26/2025,685,Wallet,Delivered
O029152,CUST029153,R029152,8/10/2024,1365,COD,Delivered
O029153,CUST029154,R029153,3/2/2021,615,COD,Delivered
O029154,CUST029155,R029154,11/8/2024,1002,UPI,Delivered
O029155,CUST029156,R029155,10/4/2020,1808,Wallet,Cancelled
O029156,CUST029157,R029156,2/3/2021,932,Wallet,Delivered
O029157,CUST029158,R029157,4/17/2024,1919,UPI,Delivered
O029158,CUST029159,R029158,4/13/2023,1094,UPI,Delivered
O029159,CUST029160,R029159,4/19/2025,1615,Card,Delivered
O029160,CUST029161,R029160,6/8/2023,1492,COD,Delivered
O029161,CUST029162,R029161,12/11/2025,568,Card,Delivered
O029162,CUST029163,R029162,6/24/2020,819,Card,Delivered
O029163,CUST029164,R029163,7/26/2021,201,Card,Delivered
O029164,CUST029165,R029164,4/26/2023,903,Wallet,Delivered
O029165,CUST029166,R029165,1/10/2019,520,COD,Delivered
O029166,CUST029167,R029166,5/18/2024,834,COD,Delivered
O029167,CUST029168,R029167,2/9/2020,1090,COD,Delivered
O029168,CUST029169,R029168,3/4/2025,962,UPI,Delivered
O029169,CUST029170,R029169,1/14/2021,976,Wallet,Delivered
O029170,CUST029171,R029170,8/18/2022,1075,UPI,Delivered
O029171,CUST029172,R029171,5/1/2024,1138,UPI,Delivered
O029172,CUST029173,R029172,3/20/2023,229,Wallet,Delivered
O029173,CUST029174,R029173,6/8/2023,1013,Card,Delivered
O029174,CUST029175,R029174,4/11/2023,186,Card,Delivered
O029175,CUST029176,R029175,2/25/2023,1622,UPI,Delivered
O029176,CUST029177,R029176,8/7/2021,1756,UPI,Delivered
O029177,CUST029178,R029177,8/21/2020,563,UPI,Delivered
O029178,CUST029179,R029178,7/25/2020,137,COD,Delivered
O029179,CUST029180,R029179,11/19/2025,451,COD,Delivered
O029180,CUST029181,R029180,2/6/2022,1718,Card,Delivered
O029181,CUST029182,R029181,6/14/2025,622,Wallet,Delivered
O029182,CUST029183,R029182,9/8/2023,1259,UPI,Delivered
O029183,CUST029184,R029183,5/27/2021,691,Wallet,Delivered
O029184,CUST029185,R029184,1/23/2019,928,Wallet,Delivered
O029185,CUST029186,R029185,7/15/2020,857,COD,Delivered
O029186,CUST029187,R029186,7/18/2023,673,UPI,Delivered
O029187,CUST029188,R029187,8/8/2023,1703,COD,Delivered
O029188,CUST029189,R029188,8/6/2023,1238,Card,Delivered
O029189,CUST029190,R029189,10/11/2024,1372,Wallet,Delivered
O029190,CUST029191,R029190,11/16/2021,1192,UPI,Delivered
O029191,CUST029192,R029191,12/7/2025,1698,Card,Delivered
O029192,CUST029193,R029192,7/14/2019,563,Wallet,Delivered
O029193,CUST029194,R029193,4/15/2024,1508,Card,Delivered
O029194,CUST029195,R029194,2/9/2020,239,Card,Cancelled
O029195,CUST029196,R029195,4/3/2023,1931,Wallet,Delivered
O029196,CUST029197,R029196,11/14/2022,111,COD,Delivered
O029197,CUST029198,R029197,10/17/2024,305,UPI,Delivered
O029198,CUST029199,R029198,4/23/2022,234,COD,Delivered
O029199,CUST029200,R029199,11/16/2025,1951,COD,Delivered
O029200,CUST029201,R029200,10/28/2020,233,Card,Delivered
O029201,CUST029202,R029201,10/25/2022,614,UPI,Delivered
O029202,CUST029203,R029202,4/1/2021,1415,UPI,Delivered
O029203,CUST029204,R029203,7/21/2022,569,COD,Delivered
O029204,CUST029205,R029204,6/26/2022,550,COD,Delivered
O029205,CUST029206,R029205,5/5/2025,995,COD,Delivered
O029206,CUST029207,R029206,10/6/2021,886,UPI,Delivered
O029207,CUST029208,R029207,5/2/2022,1517,Wallet,Cancelled
O029208,CUST029209,R029208,8/9/2025,1301,Wallet,Delivered
O029209,CUST029210,R029209,3/13/2021,1628,Wallet,Delivered
O029210,CUST029211,R029210,12/9/2021,977,UPI,Delivered
O029211,CUST029212,R029211,4/17/2022,1926,Card,Delivered
O029212,CUST029213,R029212,7/11/2020,1739,Wallet,Delivered
O029213,CUST029214,R029213,6/9/2020,1925,UPI,Delivered
O029214,CUST029215,R029214,1/20/2024,275,Card,Delivered
O029215,CUST029216,R029215,4/24/2021,186,Wallet,Delivered
O029216,CUST029217,R029216,8/18/2024,184,COD,Delivered
O029217,CUST029218,R029217,10/20/2019,167,UPI,Delivered
O029218,CUST029219,R029218,3/17/2019,612,COD,Delivered
O029219,CUST029220,R029219,12/8/2021,546,Card,Delivered
O029220,CUST029221,R029220,1/25/2024,418,COD,Delivered
O029221,CUST029222,R029221,12/3/2022,918,Wallet,Delivered
O029222,CUST029223,R029222,11/7/2023,1213,Wallet,Delivered
O029223,CUST029224,R029223,9/18/2019,594,Wallet,Delivered
O029224,CUST029225,R029224,7/12/2024,1591,COD,Delivered
O029225,CUST029226,R029225,4/8/2024,466,COD,Delivered
O029226,CUST029227,R029226,2/3/2022,1542,Wallet,Cancelled
O029227,CUST029228,R029227,11/7/2024,903,UPI,Cancelled
O029228,CUST029229,R029228,5/6/2021,1702,UPI,Cancelled
O029229,CUST029230,R029229,5/19/2022,1745,UPI,Delivered
O029230,CUST029231,R029230,6/14/2021,796,UPI,Delivered
O029231,CUST029232,R029231,3/11/2025,831,COD,Delivered
O029232,CUST029233,R029232,4/9/2019,1601,Card,Cancelled
O029233,CUST029234,R029233,6/13/2022,505,COD,Delivered
O029234,CUST029235,R029234,8/6/2020,1006,Card,Delivered
O029235,CUST029236,R029235,7/8/2019,368,COD,Delivered
O029236,CUST029237,R029236,6/21/2024,637,Wallet,Delivered
O029237,CUST029238,R029237,7/13/2024,746,Wallet,Delivered
O029238,CUST029239,R029238,1/24/2020,554,UPI,Delivered
O029239,CUST029240,R029239,5/11/2025,1586,COD,Delivered
O029240,CUST029241,R029240,3/7/2022,418,UPI,Delivered
O029241,CUST029242,R029241,5/6/2021,1747,UPI,Delivered
O029242,CUST029243,R029242,9/20/2020,1075,Wallet,Delivered
O029243,CUST029244,R029243,7/2/2022,884,UPI,Delivered
O029244,CUST029245,R029244,7/12/2023,446,UPI,Delivered
O029245,CUST029246,R029245,1/24/2021,1709,UPI,Delivered
O029246,CUST029247,R029246,2/7/2024,122,COD,Delivered
O029247,CUST029248,R029247,3/1/2020,1635,UPI,Delivered
O029248,CUST029249,R029248,1/17/2019,1928,COD,Delivered
O029249,CUST029250,R029249,4/23/2021,428,UPI,Delivered
O029250,CUST029251,R029250,1/22/2024,363,COD,Delivered
O029251,CUST029252,R029251,12/18/2020,345,Wallet,Delivered
O029252,CUST029253,R029252,8/6/2020,356,Card,Delivered
O029253,CUST029254,R029253,5/17/2024,1979,UPI,Delivered
O029254,CUST029255,R029254,5/3/2023,1364,Card,Delivered
O029255,CUST029256,R029255,7/1/2025,1183,Wallet,Delivered
O029256,CUST029257,R029256,8/27/2024,505,Wallet,Delivered
O029257,CUST029258,R029257,6/7/2020,1118,Wallet,Delivered
O029258,CUST029259,R029258,6/5/2021,803,Card,Delivered
O029259,CUST029260,R029259,8/9/2024,1640,Wallet,Delivered
O029260,CUST029261,R029260,9/10/2020,1425,Wallet,Delivered
O029261,CUST029262,R029261,5/12/2025,1545,Card,Delivered
O029262,CUST029263,R029262,7/18/2023,1101,Wallet,Delivered
O029263,CUST029264,R029263,10/9/2024,1880,Card,Cancelled
O029264,CUST029265,R029264,8/13/2022,1862,UPI,Cancelled
O029265,CUST029266,R029265,2/18/2022,1873,Wallet,Cancelled
O029266,CUST029267,R029266,8/12/2019,1168,Card,Delivered
O029267,CUST029268,R029267,9/19/2020,1608,UPI,Delivered
O029268,CUST029269,R029268,6/17/2024,371,COD,Delivered
O029269,CUST029270,R029269,1/25/2020,1769,Wallet,Cancelled
O029270,CUST029271,R029270,3/10/2024,308,Card,Delivered
O029271,CUST029272,R029271,5/22/2025,1936,Card,Delivered
O029272,CUST029273,R029272,12/27/2023,1878,Card,Cancelled
O029273,CUST029274,R029273,5/27/2021,613,COD,Delivered
O029274,CUST029275,R029274,9/2/2024,734,Card,Delivered
O029275,CUST029276,R029275,9/21/2025,780,COD,Delivered
O029276,CUST029277,R029276,5/26/2022,1112,COD,Delivered
O029277,CUST029278,R029277,11/1/2021,161,Wallet,Delivered
O029278,CUST029279,R029278,2/6/2021,1665,Wallet,Cancelled
O029279,CUST029280,R029279,6/7/2023,785,COD,Delivered
O029280,CUST029281,R029280,10/1/2020,1398,Wallet,Delivered
O029281,CUST029282,R029281,6/12/2020,1932,Wallet,Delivered
O029282,CUST029283,R029282,9/20/2022,497,Wallet,Delivered
O029283,CUST029284,R029283,8/7/2024,1825,Card,Delivered
O029284,CUST029285,R029284,1/16/2020,1551,Wallet,Delivered
O029285,CUST029286,R029285,9/9/2025,1985,UPI,Delivered
O029286,CUST029287,R029286,1/21/2023,274,Wallet,Delivered
O029287,CUST029288,R029287,9/25/2024,1537,Card,Delivered
O029288,CUST029289,R029288,5/15/2020,401,COD,Delivered
O029289,CUST029290,R029289,4/27/2019,205,Card,Delivered
O029290,CUST029291,R029290,12/11/2021,1723,COD,Delivered
O029291,CUST029292,R029291,1/28/2021,1281,Card,Delivered
O029292,CUST029293,R029292,6/4/2025,1412,Card,Delivered
O029293,CUST029294,R029293,7/23/2019,1014,COD,Delivered
O029294,CUST029295,R029294,12/27/2022,660,Wallet,Delivered
O029295,CUST029296,R029295,2/2/2020,648,COD,Delivered
O029296,CUST029297,R029296,4/1/2019,1615,COD,Delivered
O029297,CUST029298,R029297,5/10/2023,279,COD,Delivered
O029298,CUST029299,R029298,5/4/2020,1777,COD,Delivered
O029299,CUST029300,R029299,2/23/2023,902,UPI,Delivered
O029300,CUST029301,R029300,10/7/2024,1624,Card,Delivered
O029301,CUST029302,R029301,1/12/2024,446,UPI,Delivered
O029302,CUST029303,R029302,8/28/2024,1262,UPI,Delivered
O029303,CUST029304,R029303,12/14/2024,1767,COD,Delivered
O029304,CUST029305,R029304,1/2/2019,474,Card,Delivered
O029305,CUST029306,R029305,4/19/2023,1928,COD,Delivered
O029306,CUST029307,R029306,11/24/2023,1059,UPI,Delivered
O029307,CUST029308,R029307,8/28/2025,181,Wallet,Delivered
O029308,CUST029309,R029308,6/2/2025,691,Wallet,Delivered
O029309,CUST029310,R029309,11/9/2024,814,COD,Delivered
O029310,CUST029311,R029310,12/28/2020,324,Wallet,Delivered
O029311,CUST029312,R029311,1/4/2023,1821,Wallet,Delivered
O029312,CUST029313,R029312,4/16/2020,946,Wallet,Delivered
O029313,CUST029314,R029313,10/7/2024,1240,UPI,Delivered
O029314,CUST029315,R029314,1/14/2022,1118,UPI,Delivered
O029315,CUST029316,R029315,5/9/2022,1369,Wallet,Delivered
O029316,CUST029317,R029316,8/8/2019,1557,UPI,Delivered
O029317,CUST029318,R029317,3/11/2021,1991,UPI,Delivered
O029318,CUST029319,R029318,7/14/2025,1719,COD,Delivered
O029319,CUST029320,R029319,12/26/2024,1731,UPI,Delivered
O029320,CUST029321,R029320,1/9/2025,1703,Card,Delivered
O029321,CUST029322,R029321,2/27/2022,308,Card,Delivered
O029322,CUST029323,R029322,5/18/2024,431,COD,Delivered
O029323,CUST029324,R029323,6/23/2020,1885,COD,Delivered
O029324,CUST029325,R029324,9/27/2025,591,Wallet,Delivered
O029325,CUST029326,R029325,11/25/2024,530,COD,Delivered
O029326,CUST029327,R029326,6/2/2025,857,COD,Delivered
O029327,CUST029328,R029327,10/23/2020,909,Wallet,Delivered
O029328,CUST029329,R029328,8/4/2024,1028,Wallet,Delivered
O029329,CUST029330,R029329,7/10/2023,285,Wallet,Cancelled
O029330,CUST029331,R029330,9/26/2023,1608,UPI,Delivered
O029331,CUST029332,R029331,7/9/2025,1335,Wallet,Delivered
O029332,CUST029333,R029332,10/10/2024,1347,Wallet,Delivered
O029333,CUST029334,R029333,1/4/2022,1363,COD,Delivered
O029334,CUST029335,R029334,10/22/2024,1111,COD,Delivered
O029335,CUST029336,R029335,5/12/2024,1634,Wallet,Cancelled
O029336,CUST029337,R029336,9/6/2025,863,Card,Delivered
O029337,CUST029338,R029337,12/25/2024,1303,UPI,Delivered
O029338,CUST029339,R029338,8/8/2023,1286,COD,Delivered
O029339,CUST029340,R029339,11/22/2023,680,Wallet,Delivered
O029340,CUST029341,R029340,12/5/2019,1620,Card,Cancelled
O029341,CUST029342,R029341,6/17/2024,1740,COD,Delivered
O029342,CUST029343,R029342,2/8/2020,1041,Card,Delivered
O029343,CUST029344,R029343,3/8/2020,462,Wallet,Delivered
O029344,CUST029345,R029344,9/19/2023,1157,Card,Delivered
O029345,CUST029346,R029345,9/21/2025,759,UPI,Delivered
O029346,CUST029347,R029346,3/14/2021,174,UPI,Delivered
O029347,CUST029348,R029347,9/20/2019,1866,Card,Delivered
O029348,CUST029349,R029348,5/15/2022,1249,Card,Cancelled
O029349,CUST029350,R029349,6/7/2022,1492,Card,Delivered
O029350,CUST029351,R029350,1/21/2019,920,Wallet,Delivered
O029351,CUST029352,R029351,8/3/2023,902,Card,Delivered
O029352,CUST029353,R029352,12/4/2023,344,Wallet,Delivered
O029353,CUST029354,R029353,4/28/2023,1236,COD,Cancelled
O029354,CUST029355,R029354,2/12/2025,642,COD,Delivered
O029355,CUST029356,R029355,2/2/2020,1148,UPI,Delivered
O029356,CUST029357,R029356,6/3/2021,1456,Wallet,Delivered
O029357,CUST029358,R029357,11/1/2020,817,UPI,Delivered
O029358,CUST029359,R029358,5/15/2019,376,COD,Delivered
O029359,CUST029360,R029359,1/19/2021,803,Wallet,Delivered
O029360,CUST029361,R029360,5/14/2021,1482,Card,Delivered
O029361,CUST029362,R029361,4/10/2019,1921,Card,Delivered
O029362,CUST029363,R029362,12/16/2022,1152,UPI,Cancelled
O029363,CUST029364,R029363,1/16/2019,711,Card,Delivered
O029364,CUST029365,R029364,4/25/2025,1530,UPI,Delivered
O029365,CUST029366,R029365,4/26/2020,626,COD,Delivered
O029366,CUST029367,R029366,7/23/2025,1909,Card,Delivered
O029367,CUST029368,R029367,12/21/2024,259,Card,Delivered
O029368,CUST029369,R029368,2/27/2022,758,COD,Delivered
O029369,CUST029370,R029369,4/5/2025,611,COD,Delivered
O029370,CUST029371,R029370,12/26/2022,862,UPI,Delivered
O029371,CUST029372,R029371,8/16/2022,1476,Wallet,Delivered
O029372,CUST029373,R029372,3/6/2024,1020,Wallet,Delivered
O029373,CUST029374,R029373,12/15/2019,1526,Wallet,Delivered
O029374,CUST029375,R029374,8/11/2024,1443,Card,Delivered
O029375,CUST029376,R029375,3/17/2025,1688,UPI,Delivered
O029376,CUST029377,R029376,5/16/2024,1810,Card,Delivered
O029377,CUST029378,R029377,7/15/2023,1574,UPI,Cancelled
O029378,CUST029379,R029378,8/27/2025,671,UPI,Delivered
O029379,CUST029380,R029379,8/23/2021,1953,Card,Delivered
O029380,CUST029381,R029380,11/22/2022,346,Card,Delivered
O029381,CUST029382,R029381,2/28/2022,1858,COD,Cancelled
O029382,CUST029383,R029382,6/20/2022,228,Card,Delivered
O029383,CUST029384,R029383,8/27/2025,653,COD,Delivered
O029384,CUST029385,R029384,2/26/2023,1097,Wallet,Delivered
O029385,CUST029386,R029385,3/1/2021,1363,COD,Delivered
O029386,CUST029387,R029386,1/12/2021,254,COD,Cancelled
O029387,CUST029388,R029387,6/20/2022,1059,Wallet,Delivered
O029388,CUST029389,R029388,3/14/2020,1303,COD,Delivered
O029389,CUST029390,R029389,7/26/2021,1426,UPI,Delivered
O029390,CUST029391,R029390,10/10/2025,1235,Wallet,Delivered
O029391,CUST029392,R029391,8/21/2024,1300,Card,Delivered
O029392,CUST029393,R029392,2/4/2021,1046,Card,Delivered
O029393,CUST029394,R029393,3/16/2025,1863,Wallet,Cancelled
O029394,CUST029395,R029394,3/10/2022,1649,COD,Delivered
O029395,CUST029396,R029395,10/17/2022,379,UPI,Delivered
O029396,CUST029397,R029396,4/21/2020,1280,Card,Delivered
O029397,CUST029398,R029397,4/12/2019,713,COD,Cancelled
O029398,CUST029399,R029398,10/23/2023,980,UPI,Delivered
O029399,CUST029400,R029399,6/22/2019,1815,COD,Delivered
O029400,CUST029401,R029400,2/14/2024,713,COD,Delivered
O029401,CUST029402,R029401,7/8/2024,205,COD,Cancelled
O029402,CUST029403,R029402,8/27/2022,1043,Wallet,Delivered
O029403,CUST029404,R029403,10/5/2025,1026,UPI,Delivered
O029404,CUST029405,R029404,9/3/2025,531,Wallet,Delivered
O029405,CUST029406,R029405,12/26/2023,725,Card,Delivered
O029406,CUST029407,R029406,7/7/2024,163,Card,Delivered
O029407,CUST029408,R029407,7/26/2019,838,UPI,Delivered
O029408,CUST029409,R029408,5/6/2020,1468,UPI,Delivered
O029409,CUST029410,R029409,5/25/2019,513,UPI,Delivered
O029410,CUST029411,R029410,3/28/2025,1280,COD,Delivered
O029411,CUST029412,R029411,2/11/2020,1181,Wallet,Delivered
O029412,CUST029413,R029412,12/17/2025,1177,UPI,Delivered
O029413,CUST029414,R029413,5/3/2025,1803,Wallet,Delivered
O029414,CUST029415,R029414,5/11/2021,1339,UPI,Delivered
O029415,CUST029416,R029415,10/7/2019,723,UPI,Delivered
O029416,CUST029417,R029416,9/21/2024,1231,Wallet,Cancelled
O029417,CUST029418,R029417,9/22/2025,147,COD,Delivered
O029418,CUST029419,R029418,7/15/2022,386,Wallet,Delivered
O029419,CUST029420,R029419,5/16/2022,1855,UPI,Delivered
O029420,CUST029421,R029420,3/20/2021,454,Card,Delivered
O029421,CUST029422,R029421,2/28/2019,370,Card,Delivered
O029422,CUST029423,R029422,7/26/2021,130,Wallet,Delivered
O029423,CUST029424,R029423,10/23/2025,940,Card,Delivered
O029424,CUST029425,R029424,12/23/2020,796,Wallet,Delivered
O029425,CUST029426,R029425,4/11/2022,1221,COD,Cancelled
O029426,CUST029427,R029426,5/28/2020,531,COD,Delivered
O029427,CUST029428,R029427,12/6/2021,955,UPI,Cancelled
O029428,CUST029429,R029428,1/2/2021,1394,Wallet,Delivered
O029429,CUST029430,R029429,11/2/2019,847,Wallet,Delivered
O029430,CUST029431,R029430,5/16/2020,1840,Wallet,Delivered
O029431,CUST029432,R029431,7/9/2022,1014,Wallet,Delivered
O029432,CUST029433,R029432,2/19/2024,1509,Wallet,Delivered
O029433,CUST029434,R029433,5/7/2024,1126,Card,Delivered
O029434,CUST029435,R029434,8/9/2019,1888,UPI,Delivered
O029435,CUST029436,R029435,11/23/2021,237,UPI,Delivered
O029436,CUST029437,R029436,6/18/2020,1568,UPI,Delivered
O029437,CUST029438,R029437,6/18/2022,456,Wallet,Delivered
O029438,CUST029439,R029438,11/5/2024,1850,COD,Delivered
O029439,CUST029440,R029439,3/9/2025,749,COD,Delivered
O029440,CUST029441,R029440,4/7/2019,999,COD,Delivered
O029441,CUST029442,R029441,1/3/2020,915,UPI,Delivered
O029442,CUST029443,R029442,12/1/2020,936,Wallet,Delivered
O029443,CUST029444,R029443,1/17/2023,995,UPI,Delivered
O029444,CUST029445,R029444,2/28/2025,1058,UPI,Delivered
O029445,CUST029446,R029445,2/19/2024,143,COD,Delivered
O029446,CUST029447,R029446,4/8/2022,1170,Card,Delivered
O029447,CUST029448,R029447,11/11/2022,1976,UPI,Cancelled
O029448,CUST029449,R029448,3/24/2019,1472,UPI,Delivered
O029449,CUST029450,R029449,4/5/2025,1612,UPI,Delivered
O029450,CUST029451,R029450,10/19/2020,676,UPI,Delivered
O029451,CUST029452,R029451,12/22/2025,1938,COD,Cancelled
O029452,CUST029453,R029452,1/17/2023,408,Card,Delivered
O029453,CUST029454,R029453,6/4/2024,1627,Card,Cancelled
O029454,CUST029455,R029454,7/12/2021,532,COD,Delivered
O029455,CUST029456,R029455,4/26/2020,1043,UPI,Delivered
O029456,CUST029457,R029456,2/27/2023,654,Wallet,Delivered
O029457,CUST029458,R029457,6/22/2022,849,Wallet,Delivered
O029458,CUST029459,R029458,10/14/2019,772,Card,Delivered
O029459,CUST029460,R029459,2/17/2020,264,UPI,Delivered
O029460,CUST029461,R029460,7/5/2024,1591,COD,Delivered
O029461,CUST029462,R029461,12/6/2021,1132,UPI,Delivered
O029462,CUST029463,R029462,11/9/2020,1229,Wallet,Delivered
O029463,CUST029464,R029463,10/13/2020,1304,UPI,Delivered
O029464,CUST029465,R029464,6/8/2020,1548,Card,Delivered
O029465,CUST029466,R029465,12/12/2020,452,Wallet,Delivered
O029466,CUST029467,R029466,6/14/2024,1288,Card,Delivered
O029467,CUST029468,R029467,6/7/2020,148,COD,Delivered
O029468,CUST029469,R029468,12/21/2022,1845,Wallet,Delivered
O029469,CUST029470,R029469,1/21/2025,271,COD,Delivered
O029470,CUST029471,R029470,9/17/2024,509,UPI,Delivered
O029471,CUST029472,R029471,12/25/2024,432,COD,Delivered
O029472,CUST029473,R029472,4/19/2022,1780,COD,Delivered
O029473,CUST029474,R029473,4/2/2021,1980,UPI,Cancelled
O029474,CUST029475,R029474,8/28/2023,510,Wallet,Delivered
O029475,CUST029476,R029475,4/1/2022,1141,UPI,Delivered
O029476,CUST029477,R029476,2/19/2022,680,COD,Delivered
O029477,CUST029478,R029477,9/27/2019,401,COD,Delivered
O029478,CUST029479,R029478,7/3/2024,841,COD,Delivered
O029479,CUST029480,R029479,4/5/2019,839,Wallet,Delivered
O029480,CUST029481,R029480,8/26/2024,1474,COD,Delivered
O029481,CUST029482,R029481,12/26/2019,1222,Wallet,Delivered
O029482,CUST029483,R029482,10/10/2022,1549,Wallet,Delivered
O029483,CUST029484,R029483,7/8/2019,898,Wallet,Delivered
O029484,CUST029485,R029484,2/17/2021,1709,UPI,Delivered
O029485,CUST029486,R029485,6/10/2023,1692,Wallet,Delivered
O029486,CUST029487,R029486,8/8/2023,1771,UPI,Delivered
O029487,CUST029488,R029487,6/19/2025,126,Card,Delivered
O029488,CUST029489,R029488,12/23/2024,1943,Wallet,Cancelled
O029489,CUST029490,R029489,1/14/2019,340,COD,Delivered
O029490,CUST029491,R029490,5/22/2020,1963,Card,Delivered
O029491,CUST029492,R029491,9/15/2022,458,COD,Delivered
O029492,CUST029493,R029492,7/6/2021,454,Card,Delivered
O029493,CUST029494,R029493,4/23/2021,202,COD,Delivered
O029494,CUST029495,R029494,3/21/2021,882,Wallet,Delivered
O029495,CUST029496,R029495,10/5/2022,1133,COD,Delivered
O029496,CUST029497,R029496,12/17/2019,508,COD,Delivered
O029497,CUST029498,R029497,6/11/2025,1500,COD,Delivered
O029498,CUST029499,R029498,2/4/2025,420,COD,Delivered
O029499,CUST029500,R029499,2/3/2023,1431,Wallet,Delivered
O029500,CUST029501,R029500,12/5/2020,754,UPI,Delivered
O029501,CUST029502,R029501,9/4/2024,1559,UPI,Delivered
O029502,CUST029503,R029502,8/18/2021,1858,Wallet,Delivered
O029503,CUST029504,R029503,11/17/2020,690,Wallet,Delivered
O029504,CUST029505,R029504,5/9/2024,117,Card,Delivered
O029505,CUST029506,R029505,11/28/2025,1083,UPI,Cancelled
O029506,CUST029507,R029506,10/4/2022,1894,COD,Delivered
O029507,CUST029508,R029507,3/16/2021,499,Card,Delivered
O029508,CUST029509,R029508,1/28/2023,331,Wallet,Delivered
O029509,CUST029510,R029509,9/14/2023,596,Wallet,Delivered
O029510,CUST029511,R029510,10/12/2023,656,COD,Delivered
O029511,CUST029512,R029511,1/23/2019,464,Wallet,Delivered
O029512,CUST029513,R029512,1/10/2021,1480,Card,Delivered
O029513,CUST029514,R029513,8/7/2019,841,UPI,Delivered
O029514,CUST029515,R029514,1/5/2022,1604,UPI,Delivered
O029515,CUST029516,R029515,4/19/2024,1187,Wallet,Delivered
O029516,CUST029517,R029516,1/4/2023,734,Wallet,Delivered
O029517,CUST029518,R029517,5/10/2019,336,Wallet,Cancelled
O029518,CUST029519,R029518,8/17/2021,1599,UPI,Delivered
O029519,CUST029520,R029519,6/5/2024,1938,Card,Delivered
O029520,CUST029521,R029520,12/19/2019,1554,UPI,Delivered
O029521,CUST029522,R029521,11/15/2022,1849,COD,Delivered
O029522,CUST029523,R029522,1/22/2020,213,UPI,Cancelled
O029523,CUST029524,R029523,8/21/2021,316,Card,Delivered
O029524,CUST029525,R029524,9/17/2021,254,Wallet,Delivered
O029525,CUST029526,R029525,5/5/2025,207,Card,Delivered
O029526,CUST029527,R029526,1/16/2020,1836,Wallet,Delivered
O029527,CUST029528,R029527,8/28/2022,1264,Card,Delivered
O029528,CUST029529,R029528,10/28/2024,1332,COD,Delivered
O029529,CUST029530,R029529,10/1/2020,350,Wallet,Delivered
O029530,CUST029531,R029530,1/5/2021,965,Wallet,Delivered
O029531,CUST029532,R029531,6/3/2021,1215,Card,Delivered
O029532,CUST029533,R029532,3/7/2020,1598,Wallet,Delivered
O029533,CUST029534,R029533,9/28/2019,1345,Wallet,Delivered
O029534,CUST029535,R029534,7/10/2023,1466,Card,Delivered
O029535,CUST029536,R029535,1/16/2020,1015,Wallet,Delivered
O029536,CUST029537,R029536,11/16/2023,1832,Card,Cancelled
O029537,CUST029538,R029537,8/12/2025,1815,UPI,Delivered
O029538,CUST029539,R029538,3/17/2025,316,UPI,Delivered
O029539,CUST029540,R029539,1/10/2019,1453,Card,Delivered
O029540,CUST029541,R029540,8/25/2024,1891,Card,Delivered
O029541,CUST029542,R029541,9/23/2021,949,COD,Delivered
O029542,CUST029543,R029542,12/3/2022,1912,Wallet,Delivered
O029543,CUST029544,R029543,11/14/2019,153,Card,Delivered
O029544,CUST029545,R029544,5/19/2020,1786,Card,Delivered
O029545,CUST029546,R029545,11/23/2020,1798,Card,Delivered
O029546,CUST029547,R029546,3/17/2025,578,COD,Delivered
O029547,CUST029548,R029547,3/28/2020,654,Card,Delivered
O029548,CUST029549,R029548,11/19/2024,695,COD,Delivered
O029549,CUST029550,R029549,9/24/2025,1021,Card,Delivered
O029550,CUST029551,R029550,7/28/2024,115,Wallet,Delivered
O029551,CUST029552,R029551,2/5/2022,1449,Wallet,Delivered
O029552,CUST029553,R029552,7/6/2025,641,COD,Delivered
O029553,CUST029554,R029553,2/28/2023,1254,Wallet,Delivered
O029554,CUST029555,R029554,9/11/2020,138,Wallet,Delivered
O029555,CUST029556,R029555,11/19/2019,386,COD,Delivered
O029556,CUST029557,R029556,5/3/2025,1713,UPI,Delivered
O029557,CUST029558,R029557,9/14/2024,1402,Wallet,Delivered
O029558,CUST029559,R029558,9/7/2021,1587,UPI,Delivered
O029559,CUST029560,R029559,3/11/2025,194,Wallet,Delivered
O029560,CUST029561,R029560,6/23/2022,1320,Card,Cancelled
O029561,CUST029562,R029561,3/13/2021,354,COD,Delivered
O029562,CUST029563,R029562,11/25/2020,115,UPI,Delivered
O029563,CUST029564,R029563,5/9/2022,1632,COD,Delivered
O029564,CUST029565,R029564,10/28/2024,1239,UPI,Delivered
O029565,CUST029566,R029565,1/1/2021,1312,Card,Delivered
O029566,CUST029567,R029566,10/22/2025,871,COD,Delivered
O029567,CUST029568,R029567,7/26/2019,766,COD,Delivered
O029568,CUST029569,R029568,5/1/2019,493,COD,Delivered
O029569,CUST029570,R029569,2/27/2022,1330,COD,Delivered
O029570,CUST029571,R029570,12/9/2019,174,COD,Delivered
O029571,CUST029572,R029571,9/1/2020,1378,Card,Cancelled
O029572,CUST029573,R029572,5/13/2020,822,COD,Delivered
O029573,CUST029574,R029573,8/4/2024,1111,UPI,Delivered
O029574,CUST029575,R029574,6/8/2023,1873,Wallet,Delivered
O029575,CUST029576,R029575,5/20/2020,787,Wallet,Delivered
O029576,CUST029577,R029576,5/6/2024,1254,COD,Delivered
O029577,CUST029578,R029577,2/22/2021,394,Card,Delivered
O029578,CUST029579,R029578,11/12/2021,1849,Card,Delivered
O029579,CUST029580,R029579,1/24/2021,959,Card,Delivered
O029580,CUST029581,R029580,11/26/2024,853,Wallet,Delivered
O029581,CUST029582,R029581,10/1/2021,537,Wallet,Delivered
O029582,CUST029583,R029582,1/7/2020,660,COD,Delivered
O029583,CUST029584,R029583,6/24/2020,218,COD,Delivered
O029584,CUST029585,R029584,9/3/2025,1465,Wallet,Delivered
O029585,CUST029586,R029585,4/6/2020,866,Wallet,Delivered
O029586,CUST029587,R029586,12/5/2022,1156,UPI,Delivered
O029587,CUST029588,R029587,6/11/2019,1028,Wallet,Delivered
O029588,CUST029589,R029588,7/8/2023,1321,COD,Delivered
O029589,CUST029590,R029589,1/7/2024,1341,Wallet,Delivered
O029590,CUST029591,R029590,4/10/2024,1912,UPI,Delivered
O029591,CUST029592,R029591,7/13/2024,1639,Card,Delivered
O029592,CUST029593,R029592,3/25/2023,1581,UPI,Delivered
O029593,CUST029594,R029593,8/8/2019,1847,COD,Cancelled
O029594,CUST029595,R029594,1/24/2023,197,UPI,Delivered
O029595,CUST029596,R029595,10/17/2025,276,Card,Delivered
O029596,CUST029597,R029596,7/21/2022,1735,COD,Delivered
O029597,CUST029598,R029597,7/25/2020,192,COD,Delivered
O029598,CUST029599,R029598,5/16/2020,954,COD,Delivered
O029599,CUST029600,R029599,12/27/2022,816,COD,Delivered
O029600,CUST029601,R029600,12/21/2019,818,Wallet,Delivered
O029601,CUST029602,R029601,11/2/2020,938,Wallet,Delivered
O029602,CUST029603,R029602,6/12/2021,244,Wallet,Delivered
O029603,CUST029604,R029603,11/5/2024,1572,Wallet,Delivered
O029604,CUST029605,R029604,3/7/2019,1255,Wallet,Delivered
O029605,CUST029606,R029605,10/9/2025,1198,Wallet,Delivered
O029606,CUST029607,R029606,4/3/2021,1464,UPI,Delivered
O029607,CUST029608,R029607,5/21/2023,826,UPI,Delivered
O029608,CUST029609,R029608,1/12/2020,432,Card,Delivered
O029609,CUST029610,R029609,11/16/2019,1526,Wallet,Delivered
O029610,CUST029611,R029610,1/6/2021,1710,UPI,Delivered
O029611,CUST029612,R029611,4/10/2020,1948,Card,Cancelled
O029612,CUST029613,R029612,9/2/2024,638,Wallet,Delivered
O029613,CUST029614,R029613,4/16/2025,1573,UPI,Delivered
O029614,CUST029615,R029614,6/15/2019,1650,COD,Delivered
O029615,CUST029616,R029615,10/9/2023,955,UPI,Delivered
O029616,CUST029617,R029616,11/7/2022,382,Wallet,Delivered
O029617,CUST029618,R029617,9/19/2019,1121,Card,Delivered
O029618,CUST029619,R029618,12/19/2024,544,Card,Delivered
O029619,CUST029620,R029619,10/13/2025,275,Wallet,Delivered
O029620,CUST029621,R029620,5/18/2020,1711,Card,Cancelled
O029621,CUST029622,R029621,11/22/2021,1144,UPI,Cancelled
O029622,CUST029623,R029622,2/6/2025,1393,UPI,Delivered
O029623,CUST029624,R029623,12/19/2025,521,Wallet,Delivered
O029624,CUST029625,R029624,7/21/2019,753,Card,Delivered
O029625,CUST029626,R029625,10/2/2023,254,COD,Delivered
O029626,CUST029627,R029626,7/26/2023,1190,COD,Delivered
O029627,CUST029628,R029627,1/10/2019,421,COD,Delivered
O029628,CUST029629,R029628,6/4/2025,1062,UPI,Cancelled
O029629,CUST029630,R029629,10/2/2025,1376,COD,Delivered
O029630,CUST029631,R029630,2/28/2020,738,UPI,Delivered
O029631,CUST029632,R029631,7/14/2024,335,COD,Delivered
O029632,CUST029633,R029632,4/17/2020,946,Wallet,Delivered
O029633,CUST029634,R029633,9/13/2024,1328,Card,Delivered
O029634,CUST029635,R029634,5/9/2022,1773,UPI,Delivered
O029635,CUST029636,R029635,12/15/2023,1009,UPI,Cancelled
O029636,CUST029637,R029636,3/14/2019,180,UPI,Delivered
O029637,CUST029638,R029637,11/15/2022,1425,UPI,Delivered
O029638,CUST029639,R029638,6/24/2025,473,COD,Delivered
O029639,CUST029640,R029639,6/20/2023,1818,Card,Delivered
O029640,CUST029641,R029640,7/19/2019,217,Card,Delivered
O029641,CUST029642,R029641,5/27/2022,722,Card,Delivered
O029642,CUST029643,R029642,11/2/2019,104,COD,Delivered
O029643,CUST029644,R029643,7/25/2020,355,Wallet,Delivered
O029644,CUST029645,R029644,3/9/2019,962,Wallet,Delivered
O029645,CUST029646,R029645,7/27/2024,563,Wallet,Delivered
O029646,CUST029647,R029646,1/8/2019,988,Wallet,Delivered
O029647,CUST029648,R029647,5/3/2022,1294,Card,Delivered
O029648,CUST029649,R029648,4/16/2021,1544,UPI,Delivered
O029649,CUST029650,R029649,3/15/2019,1411,Card,Delivered
O029650,CUST029651,R029650,8/3/2019,1469,UPI,Delivered
O029651,CUST029652,R029651,2/25/2021,560,UPI,Delivered
O029652,CUST029653,R029652,3/21/2021,1862,Card,Cancelled
O029653,CUST029654,R029653,7/20/2019,261,Card,Delivered
O029654,CUST029655,R029654,2/2/2020,1779,COD,Delivered
O029655,CUST029656,R029655,12/19/2020,192,Card,Delivered
O029656,CUST029657,R029656,11/25/2024,436,Card,Delivered
O029657,CUST029658,R029657,1/24/2024,1006,Wallet,Delivered
O029658,CUST029659,R029658,11/28/2022,1273,COD,Delivered
O029659,CUST029660,R029659,9/8/2022,143,COD,Cancelled
O029660,CUST029661,R029660,2/19/2025,953,UPI,Delivered
O029661,CUST029662,R029661,8/13/2023,1160,COD,Delivered
O029662,CUST029663,R029662,9/24/2019,1028,UPI,Delivered
O029663,CUST029664,R029663,12/28/2019,1086,Wallet,Delivered
O029664,CUST029665,R029664,5/20/2023,1188,UPI,Delivered
O029665,CUST029666,R029665,12/2/2023,1522,Card,Delivered
O029666,CUST029667,R029666,3/14/2020,1779,Wallet,Cancelled
O029667,CUST029668,R029667,12/11/2025,1570,Card,Delivered
O029668,CUST029669,R029668,8/13/2022,299,UPI,Delivered
O029669,CUST029670,R029669,10/20/2021,1239,Card,Delivered
O029670,CUST029671,R029670,7/11/2025,667,COD,Cancelled
O029671,CUST029672,R029671,10/22/2022,890,UPI,Delivered
O029672,CUST029673,R029672,7/20/2022,1665,Card,Delivered
O029673,CUST029674,R029673,6/14/2022,570,COD,Delivered
O029674,CUST029675,R029674,11/8/2025,1832,Card,Cancelled
O029675,CUST029676,R029675,3/26/2020,644,Wallet,Delivered
O029676,CUST029677,R029676,8/22/2021,876,UPI,Delivered
O029677,CUST029678,R029677,12/1/2020,804,UPI,Delivered
O029678,CUST029679,R029678,8/25/2025,1043,COD,Delivered
O029679,CUST029680,R029679,10/9/2020,550,COD,Delivered
O029680,CUST029681,R029680,8/5/2020,1185,UPI,Delivered
O029681,CUST029682,R029681,5/10/2019,1389,UPI,Delivered
O029682,CUST029683,R029682,4/2/2021,428,Wallet,Delivered
O029683,CUST029684,R029683,5/28/2022,1757,Wallet,Delivered
O029684,CUST029685,R029684,5/11/2021,1133,Wallet,Delivered
O029685,CUST029686,R029685,9/15/2023,1028,UPI,Delivered
O029686,CUST029687,R029686,6/2/2021,1660,COD,Cancelled
O029687,CUST029688,R029687,12/11/2020,1195,Wallet,Delivered
O029688,CUST029689,R029688,10/14/2025,361,UPI,Delivered
O029689,CUST029690,R029689,4/10/2021,1120,Wallet,Delivered
O029690,CUST029691,R029690,4/19/2019,1895,COD,Delivered
O029691,CUST029692,R029691,11/13/2022,232,Wallet,Delivered
O029692,CUST029693,R029692,12/15/2025,1639,UPI,Delivered
O029693,CUST029694,R029693,5/22/2019,418,Card,Delivered
O029694,CUST029695,R029694,4/26/2025,291,UPI,Delivered
O029695,CUST029696,R029695,12/24/2025,1946,COD,Delivered
O029696,CUST029697,R029696,1/22/2024,849,COD,Delivered
O029697,CUST029698,R029697,7/20/2023,749,COD,Delivered
O029698,CUST029699,R029698,12/10/2025,1180,Card,Delivered
O029699,CUST029700,R029699,10/27/2021,387,COD,Delivered
O029700,CUST029701,R029700,8/5/2022,811,Wallet,Delivered
O029701,CUST029702,R029701,12/1/2022,990,Wallet,Delivered
O029702,CUST029703,R029702,5/20/2021,737,COD,Delivered
O029703,CUST029704,R029703,11/14/2019,1555,Wallet,Delivered
O029704,CUST029705,R029704,7/7/2024,865,Wallet,Delivered
O029705,CUST029706,R029705,10/16/2022,1429,Wallet,Delivered
O029706,CUST029707,R029706,1/17/2021,1047,Card,Cancelled
O029707,CUST029708,R029707,9/8/2023,1852,UPI,Delivered
O029708,CUST029709,R029708,1/21/2020,195,UPI,Delivered
O029709,CUST029710,R029709,10/16/2023,1477,UPI,Delivered
O029710,CUST029711,R029710,8/17/2025,366,COD,Delivered
O029711,CUST029712,R029711,12/5/2025,1808,Card,Delivered
O029712,CUST029713,R029712,11/8/2021,1947,Card,Delivered
O029713,CUST029714,R029713,12/27/2019,428,UPI,Delivered
O029714,CUST029715,R029714,8/23/2024,1985,UPI,Delivered
O029715,CUST029716,R029715,11/22/2021,353,Wallet,Delivered
O029716,CUST029717,R029716,7/9/2021,883,Wallet,Delivered
O029717,CUST029718,R029717,4/17/2019,952,Wallet,Delivered
O029718,CUST029719,R029718,3/17/2019,256,COD,Delivered
O029719,CUST029720,R029719,7/9/2023,1091,Card,Delivered
O029720,CUST029721,R029720,1/8/2021,1890,UPI,Cancelled
O029721,CUST029722,R029721,9/22/2020,1251,UPI,Delivered
O029722,CUST029723,R029722,8/5/2019,1566,UPI,Delivered
O029723,CUST029724,R029723,4/18/2021,585,UPI,Delivered
O029724,CUST029725,R029724,2/20/2021,1852,COD,Delivered
O029725,CUST029726,R029725,1/16/2019,265,Card,Delivered
O029726,CUST029727,R029726,11/1/2024,1528,UPI,Cancelled
O029727,CUST029728,R029727,2/11/2025,171,Wallet,Delivered
O029728,CUST029729,R029728,7/25/2020,888,UPI,Delivered
O029729,CUST029730,R029729,5/24/2019,500,Wallet,Delivered
O029730,CUST029731,R029730,1/20/2024,569,Wallet,Delivered
O029731,CUST029732,R029731,9/12/2019,928,Card,Delivered
O029732,CUST029733,R029732,1/19/2024,183,UPI,Delivered
O029733,CUST029734,R029733,5/3/2025,1506,Card,Delivered
O029734,CUST029735,R029734,2/3/2020,1043,UPI,Delivered
O029735,CUST029736,R029735,12/5/2025,1182,Wallet,Delivered
O029736,CUST029737,R029736,7/13/2023,1262,Wallet,Delivered
O029737,CUST029738,R029737,4/7/2024,1468,Card,Delivered
O029738,CUST029739,R029738,9/11/2021,373,Wallet,Delivered
O029739,CUST029740,R029739,1/13/2022,1144,UPI,Delivered
O029740,CUST029741,R029740,5/6/2020,1688,Card,Delivered
O029741,CUST029742,R029741,12/20/2025,1560,Wallet,Delivered
O029742,CUST029743,R029742,1/19/2021,117,COD,Delivered
O029743,CUST029744,R029743,1/15/2024,360,UPI,Cancelled
O029744,CUST029745,R029744,3/21/2020,543,Card,Delivered
O029745,CUST029746,R029745,7/21/2021,1744,Card,Delivered
O029746,CUST029747,R029746,6/28/2020,278,Card,Cancelled
O029747,CUST029748,R029747,2/26/2020,659,UPI,Delivered
O029748,CUST029749,R029748,1/2/2020,1289,UPI,Delivered
O029749,CUST029750,R029749,8/22/2025,878,COD,Delivered
O029750,CUST029751,R029750,7/2/2019,1129,COD,Delivered
O029751,CUST029752,R029751,8/5/2021,762,Card,Delivered
O029752,CUST029753,R029752,7/3/2019,689,COD,Delivered
O029753,CUST029754,R029753,7/25/2019,1065,COD,Delivered
O029754,CUST029755,R029754,4/26/2020,1112,Wallet,Delivered
O029755,CUST029756,R029755,12/17/2023,1438,Wallet,Delivered
O029756,CUST029757,R029756,7/6/2021,748,Wallet,Delivered
O029757,CUST029758,R029757,5/15/2024,1821,UPI,Delivered
O029758,CUST029759,R029758,1/12/2025,1549,Wallet,Delivered
O029759,CUST029760,R029759,9/6/2020,1555,Wallet,Delivered
O029760,CUST029761,R029760,8/17/2024,1979,Card,Delivered
O029761,CUST029762,R029761,3/21/2019,1852,Wallet,Delivered
O029762,CUST029763,R029762,3/13/2022,255,Card,Delivered
O029763,CUST029764,R029763,5/21/2021,1883,Card,Delivered
O029764,CUST029765,R029764,7/11/2023,421,COD,Delivered
O029765,CUST029766,R029765,6/5/2023,349,UPI,Delivered
O029766,CUST029767,R029766,7/22/2021,1694,Card,Delivered
O029767,CUST029768,R029767,3/20/2020,728,COD,Delivered
O029768,CUST029769,R029768,6/4/2024,170,COD,Delivered
O029769,CUST029770,R029769,4/15/2023,408,COD,Delivered
O029770,CUST029771,R029770,1/9/2019,1612,Card,Delivered
O029771,CUST029772,R029771,12/6/2024,276,COD,Delivered
O029772,CUST029773,R029772,4/28/2022,1345,Wallet,Delivered
O029773,CUST029774,R029773,12/12/2022,707,UPI,Cancelled
O029774,CUST029775,R029774,4/3/2019,1513,Wallet,Delivered
O029775,CUST029776,R029775,8/12/2019,1773,Wallet,Delivered
O029776,CUST029777,R029776,1/15/2023,610,Wallet,Delivered
O029777,CUST029778,R029777,4/8/2020,1938,Card,Delivered
O029778,CUST029779,R029778,9/28/2025,978,Wallet,Cancelled
O029779,CUST029780,R029779,5/3/2019,1354,Card,Delivered
O029780,CUST029781,R029780,11/15/2022,344,UPI,Delivered
O029781,CUST029782,R029781,10/26/2021,1656,Card,Delivered
O029782,CUST029783,R029782,12/10/2025,1926,COD,Delivered
O029783,CUST029784,R029783,8/4/2019,383,Card,Delivered
O029784,CUST029785,R029784,11/18/2025,1831,Wallet,Delivered
O029785,CUST029786,R029785,3/2/2019,1390,Card,Delivered
O029786,CUST029787,R029786,6/26/2024,752,UPI,Delivered
O029787,CUST029788,R029787,12/3/2022,1557,UPI,Delivered
O029788,CUST029789,R029788,7/13/2024,971,Wallet,Delivered
O029789,CUST029790,R029789,6/3/2020,654,Wallet,Delivered
O029790,CUST029791,R029790,8/9/2025,257,Wallet,Delivered
O029791,CUST029792,R029791,3/16/2019,1513,Wallet,Delivered
O029792,CUST029793,R029792,4/4/2024,1571,Card,Delivered
O029793,CUST029794,R029793,7/16/2022,1443,UPI,Delivered
O029794,CUST029795,R029794,12/14/2024,1700,Card,Delivered
O029795,CUST029796,R029795,7/20/2021,1970,UPI,Delivered
O029796,CUST029797,R029796,10/20/2022,427,Card,Delivered
O029797,CUST029798,R029797,6/19/2025,1875,COD,Delivered
O029798,CUST029799,R029798,7/3/2024,161,UPI,Delivered
O029799,CUST029800,R029799,12/14/2025,1746,Wallet,Delivered
O029800,CUST029801,R029800,8/26/2024,1178,Card,Delivered
O029801,CUST029802,R029801,9/23/2019,1253,COD,Delivered
O029802,CUST029803,R029802,9/26/2021,315,COD,Delivered
O029803,CUST029804,R029803,8/3/2025,885,COD,Delivered
O029804,CUST029805,R029804,9/2/2020,1129,UPI,Delivered
O029805,CUST029806,R029805,8/6/2023,1188,COD,Delivered
O029806,CUST029807,R029806,5/28/2022,1060,Wallet,Delivered
O029807,CUST029808,R029807,7/9/2024,1360,Card,Delivered
O029808,CUST029809,R029808,2/15/2023,871,Wallet,Delivered
O029809,CUST029810,R029809,2/14/2019,1944,UPI,Delivered
O029810,CUST029811,R029810,2/14/2019,1667,UPI,Delivered
O029811,CUST029812,R029811,12/13/2022,205,UPI,Delivered
O029812,CUST029813,R029812,3/9/2020,1405,Card,Delivered
O029813,CUST029814,R029813,5/23/2021,1806,UPI,Delivered
O029814,CUST029815,R029814,5/17/2020,870,Wallet,Delivered
O029815,CUST029816,R029815,6/1/2021,1832,UPI,Delivered
O029816,CUST029817,R029816,9/13/2025,539,COD,Delivered
O029817,CUST029818,R029817,1/25/2024,789,Card,Delivered
O029818,CUST029819,R029818,4/28/2024,1817,Card,Delivered
O029819,CUST029820,R029819,5/22/2022,851,Card,Delivered
O029820,CUST029821,R029820,3/3/2019,548,Card,Delivered
O029821,CUST029822,R029821,6/25/2023,595,Card,Delivered
O029822,CUST029823,R029822,11/22/2024,1133,Card,Delivered
O029823,CUST029824,R029823,6/2/2023,1867,COD,Delivered
O029824,CUST029825,R029824,4/3/2021,1294,Wallet,Delivered
O029825,CUST029826,R029825,5/4/2021,594,COD,Delivered
O029826,CUST029827,R029826,9/26/2025,1039,Wallet,Delivered
O029827,CUST029828,R029827,8/5/2024,1959,Wallet,Delivered
O029828,CUST029829,R029828,6/17/2020,305,COD,Delivered
O029829,CUST029830,R029829,5/1/2019,1628,UPI,Delivered
O029830,CUST029831,R029830,7/13/2023,1356,Wallet,Cancelled
O029831,CUST029832,R029831,12/4/2020,1540,UPI,Delivered
O029832,CUST029833,R029832,4/10/2021,1945,Wallet,Delivered
O029833,CUST029834,R029833,3/22/2020,1177,UPI,Cancelled
O029834,CUST029835,R029834,6/13/2022,212,COD,Delivered
O029835,CUST029836,R029835,1/24/2024,1805,UPI,Delivered
O029836,CUST029837,R029836,11/11/2023,1526,COD,Delivered
O029837,CUST029838,R029837,1/25/2019,1085,UPI,Delivered
O029838,CUST029839,R029838,1/26/2023,1223,Card,Delivered
O029839,CUST029840,R029839,9/21/2025,830,COD,Delivered
O029840,CUST029841,R029840,11/28/2019,729,COD,Delivered
O029841,CUST029842,R029841,8/26/2022,413,Card,Delivered
O029842,CUST029843,R029842,5/26/2021,1245,Card,Cancelled
O029843,CUST029844,R029843,7/8/2023,1984,Card,Delivered
O029844,CUST029845,R029844,12/1/2022,1156,UPI,Cancelled
O029845,CUST029846,R029845,10/12/2025,716,COD,Delivered
O029846,CUST029847,R029846,9/3/2020,968,Wallet,Delivered
O029847,CUST029848,R029847,6/7/2022,1729,UPI,Delivered
O029848,CUST029849,R029848,8/19/2019,892,Wallet,Delivered
O029849,CUST029850,R029849,10/6/2020,1143,Card,Delivered
O029850,CUST029851,R029850,4/20/2021,1757,UPI,Delivered
O029851,CUST029852,R029851,3/10/2021,1266,UPI,Delivered
O029852,CUST029853,R029852,5/15/2020,445,UPI,Delivered
O029853,CUST029854,R029853,8/15/2021,346,COD,Delivered
O029854,CUST029855,R029854,11/21/2024,1975,Wallet,Delivered
O029855,CUST029856,R029855,10/27/2020,444,COD,Delivered
O029856,CUST029857,R029856,9/23/2019,127,COD,Delivered
O029857,CUST029858,R029857,1/1/2021,1374,COD,Delivered
O029858,CUST029859,R029858,12/28/2021,761,COD,Delivered
O029859,CUST029860,R029859,12/4/2023,1056,UPI,Delivered
O029860,CUST029861,R029860,2/10/2020,883,UPI,Delivered
O029861,CUST029862,R029861,7/6/2024,1428,COD,Delivered
O029862,CUST029863,R029862,7/9/2025,1188,Wallet,Delivered
O029863,CUST029864,R029863,10/8/2022,1801,UPI,Delivered
O029864,CUST029865,R029864,3/11/2019,1359,Card,Delivered
O029865,CUST029866,R029865,11/23/2020,1502,UPI,Delivered
O029866,CUST029867,R029866,10/2/2024,1768,COD,Delivered
O029867,CUST029868,R029867,7/22/2020,118,UPI,Delivered
O029868,CUST029869,R029868,7/15/2023,234,Card,Delivered
O029869,CUST029870,R029869,1/18/2025,1688,Card,Delivered
O029870,CUST029871,R029870,9/24/2023,102,COD,Delivered
O029871,CUST029872,R029871,10/14/2021,869,COD,Delivered
O029872,CUST029873,R029872,8/27/2025,671,Card,Delivered
O029873,CUST029874,R029873,11/20/2022,543,Wallet,Delivered
O029874,CUST029875,R029874,2/1/2019,1088,COD,Delivered
O029875,CUST029876,R029875,1/11/2025,1990,COD,Delivered
O029876,CUST029877,R029876,6/2/2024,1417,Wallet,Delivered
O029877,CUST029878,R029877,7/6/2023,1150,Wallet,Delivered
O029878,CUST029879,R029878,12/5/2020,1162,Wallet,Cancelled
O029879,CUST029880,R029879,10/25/2024,1385,Wallet,Delivered
O029880,CUST029881,R029880,7/19/2022,740,Wallet,Delivered
O029881,CUST029882,R029881,11/9/2020,342,UPI,Delivered
O029882,CUST029883,R029882,2/15/2020,1305,COD,Delivered
O029883,CUST029884,R029883,1/6/2021,1663,Card,Delivered
O029884,CUST029885,R029884,6/9/2023,1862,Wallet,Cancelled
O029885,CUST029886,R029885,1/28/2020,1300,Card,Delivered
O029886,CUST029887,R029886,7/14/2024,335,COD,Delivered
O029887,CUST029888,R029887,9/24/2019,705,UPI,Delivered
O029888,CUST029889,R029888,7/20/2025,1650,UPI,Delivered
O029889,CUST029890,R029889,8/17/2021,228,Wallet,Delivered
O029890,CUST029891,R029890,3/28/2025,973,Card,Delivered
O029891,CUST029892,R029891,11/18/2024,1762,Card,Delivered
O029892,CUST029893,R029892,7/8/2023,238,Wallet,Delivered
O029893,CUST029894,R029893,4/16/2021,1495,Card,Delivered
O029894,CUST029895,R029894,1/20/2019,1054,UPI,Delivered
O029895,CUST029896,R029895,1/4/2023,1302,UPI,Delivered
O029896,CUST029897,R029896,4/16/2020,479,Wallet,Delivered
O029897,CUST029898,R029897,11/20/2023,717,Card,Delivered
O029898,CUST029899,R029898,6/28/2024,111,COD,Delivered
O029899,CUST029900,R029899,1/25/2021,1046,COD,Delivered
O029900,CUST029901,R029900,4/9/2025,527,Card,Delivered
O029901,CUST029902,R029901,6/3/2021,951,UPI,Cancelled
O029902,CUST029903,R029902,5/28/2020,900,COD,Delivered
O029903,CUST029904,R029903,6/26/2020,589,UPI,Cancelled
O029904,CUST029905,R029904,7/12/2019,1552,COD,Delivered
O029905,CUST029906,R029905,6/9/2020,867,Wallet,Delivered
O029906,CUST029907,R029906,7/11/2023,1287,UPI,Delivered
O029907,CUST029908,R029907,11/7/2019,1726,UPI,Delivered
O029908,CUST029909,R029908,7/13/2023,918,Wallet,Cancelled
O029909,CUST029910,R029909,12/13/2024,1996,UPI,Delivered
O029910,CUST029911,R029910,7/14/2025,1346,UPI,Delivered
O029911,CUST029912,R029911,1/23/2024,262,Card,Delivered
O029912,CUST029913,R029912,9/19/2023,1712,Card,Delivered
O029913,CUST029914,R029913,6/18/2020,317,UPI,Delivered
O029914,CUST029915,R029914,1/25/2023,569,Card,Delivered
O029915,CUST029916,R029915,11/2/2020,1894,Card,Delivered
O029916,CUST029917,R029916,9/21/2022,249,Wallet,Delivered
O029917,CUST029918,R029917,6/7/2021,280,COD,Delivered
O029918,CUST029919,R029918,4/21/2020,484,COD,Delivered
O029919,CUST029920,R029919,6/6/2022,903,COD,Delivered
O029920,CUST029921,R029920,2/2/2021,1342,UPI,Delivered
O029921,CUST029922,R029921,6/8/2020,1069,COD,Cancelled
O029922,CUST029923,R029922,8/7/2019,898,UPI,Delivered
O029923,CUST029924,R029923,5/24/2023,962,UPI,Delivered
O029924,CUST029925,R029924,9/18/2019,480,UPI,Delivered
O029925,CUST029926,R029925,6/1/2025,1756,COD,Delivered
O029926,CUST029927,R029926,10/19/2025,406,Card,Delivered
O029927,CUST029928,R029927,2/1/2019,1625,COD,Delivered
O029928,CUST029929,R029928,1/17/2023,1943,UPI,Cancelled
O029929,CUST029930,R029929,2/24/2022,293,Card,Delivered
O029930,CUST029931,R029930,3/23/2024,368,Wallet,Delivered
O029931,CUST029932,R029931,12/22/2023,1130,COD,Delivered
O029932,CUST029933,R029932,10/6/2020,1958,COD,Delivered
O029933,CUST029934,R029933,5/17/2021,863,UPI,Delivered
O029934,CUST029935,R029934,10/9/2025,1114,Card,Delivered
O029935,CUST029936,R029935,9/23/2020,986,UPI,Delivered
O029936,CUST029937,R029936,1/27/2021,1005,Wallet,Delivered
O029937,CUST029938,R029937,9/18/2019,1108,UPI,Delivered
O029938,CUST029939,R029938,3/1/2023,1373,Card,Delivered
O029939,CUST029940,R029939,5/14/2025,1923,COD,Delivered
O029940,CUST029941,R029940,3/10/2019,1284,Card,Delivered
O029941,CUST029942,R029941,5/12/2020,150,UPI,Delivered
O029942,CUST029943,R029942,10/18/2023,1096,UPI,Delivered
O029943,CUST029944,R029943,3/17/2024,1885,COD,Delivered
O029944,CUST029945,R029944,3/17/2025,783,Wallet,Delivered
O029945,CUST029946,R029945,5/18/2023,1618,Card,Delivered
O029946,CUST029947,R029946,1/11/2022,480,COD,Cancelled
O029947,CUST029948,R029947,3/6/2025,1742,Card,Delivered
O029948,CUST029949,R029948,3/28/2024,602,Wallet,Delivered
O029949,CUST029950,R029949,7/22/2024,665,UPI,Delivered
O029950,CUST029951,R029950,3/28/2019,725,Wallet,Delivered
O029951,CUST029952,R029951,3/24/2022,958,COD,Delivered
O029952,CUST029953,R029952,1/8/2020,650,COD,Delivered
O029953,CUST029954,R029953,7/5/2023,1075,UPI,Delivered
O029954,CUST029955,R029954,8/7/2022,1712,Card,Delivered
O029955,CUST029956,R029955,8/27/2022,712,UPI,Delivered
O029956,CUST029957,R029956,9/4/2019,1501,Wallet,Delivered
O029957,CUST029958,R029957,7/11/2022,1412,Wallet,Delivered
O029958,CUST029959,R029958,2/20/2025,1235,UPI,Delivered
O029959,CUST029960,R029959,8/6/2022,1613,COD,Delivered
O029960,CUST029961,R029960,12/8/2022,1110,Wallet,Delivered
O029961,CUST029962,R029961,10/16/2025,282,Wallet,Delivered
O029962,CUST029963,R029962,7/10/2022,1041,Wallet,Delivered
O029963,CUST029964,R029963,1/16/2023,1859,COD,Delivered
O029964,CUST029965,R029964,2/12/2021,189,UPI,Delivered
O029965,CUST029966,R029965,4/13/2021,1739,UPI,Delivered
O029966,CUST029967,R029966,7/21/2022,264,Card,Delivered
O029967,CUST029968,R029967,4/25/2019,1912,UPI,Cancelled
O029968,CUST029969,R029968,9/23/2021,1845,COD,Delivered
O029969,CUST029970,R029969,4/20/2019,167,COD,Delivered
O029970,CUST029971,R029970,4/14/2019,601,COD,Delivered
O029971,CUST029972,R029971,6/8/2021,1026,Card,Delivered
O029972,CUST029973,R029972,8/22/2021,339,Card,Delivered
O029973,CUST029974,R029973,11/3/2019,770,Wallet,Delivered
O029974,CUST029975,R029974,4/3/2020,911,Wallet,Delivered
O029975,CUST029976,R029975,5/19/2021,657,COD,Delivered
O029976,CUST029977,R029976,2/13/2025,1469,Wallet,Delivered
O029977,CUST029978,R029977,1/7/2025,818,UPI,Delivered
O029978,CUST029979,R029978,2/16/2023,1400,Wallet,Delivered
O029979,CUST029980,R029979,6/15/2022,892,UPI,Cancelled
O029980,CUST029981,R029980,10/6/2019,1702,Wallet,Cancelled
O029981,CUST029982,R029981,8/18/2023,1953,UPI,Delivered
O029982,CUST029983,R029982,7/15/2021,839,Card,Delivered
O029983,CUST029984,R029983,9/11/2019,261,Card,Delivered
O029984,CUST029985,R029984,2/3/2023,1653,UPI,Delivered
O029985,CUST029986,R029985,2/6/2023,1857,Card,Delivered
O029986,CUST029987,R029986,7/26/2021,387,UPI,Delivered
O029987,CUST029988,R029987,11/26/2020,571,Wallet,Delivered
O029988,CUST029989,R029988,6/20/2022,273,Card,Delivered
O029989,CUST029990,R029989,6/8/2022,371,COD,Delivered
O029990,CUST029991,R029990,7/16/2025,435,Wallet,Delivered
O029991,CUST029992,R029991,1/10/2023,1682,UPI,Delivered
O029992,CUST029993,R029992,7/25/2022,557,UPI,Delivered
O029993,CUST029994,R029993,2/1/2023,1746,UPI,Delivered
O029994,CUST029995,R029994,8/15/2025,1108,UPI,Cancelled
O029995,CUST029996,R029995,1/2/2023,883,UPI,Delivered
O029996,CUST029997,R029996,8/12/2024,304,UPI,Delivered
O029997,CUST029998,R029997,12/19/2023,1741,COD,Cancelled
O029998,CUST029999,R029998,1/14/2021,175,Card,Cancelled
O029999,CUST030000,R029999,3/26/2024,1443,UPI,Cancelled
O030000,CUST030001,R030000,1/13/2023,1992,Wallet,Delivered
O030001,CUST030002,R030001,1/21/2022,852,UPI,Delivered
O030002,CUST030003,R030002,8/23/2025,459,COD,Delivered
O030003,CUST030004,R030003,8/19/2021,479,Wallet,Delivered
O030004,CUST030005,R030004,6/11/2020,836,Card,Delivered
O030005,CUST030006,R030005,6/18/2021,601,UPI,Delivered
O030006,CUST030007,R030006,1/2/2020,1407,Card,Delivered
O030007,CUST030008,R030007,2/2/2019,899,Wallet,Delivered
O030008,CUST030009,R030008,3/4/2025,493,Wallet,Delivered
O030009,CUST030010,R030009,12/7/2021,1107,Wallet,Delivered
O030010,CUST030011,R030010,8/13/2025,1358,Card,Delivered
O030011,CUST030012,R030011,8/9/2021,262,COD,Delivered
O030012,CUST030013,R030012,1/10/2024,1058,Wallet,Delivered
O030013,CUST030014,R030013,12/8/2025,1608,Card,Delivered
O030014,CUST030015,R030014,2/18/2024,1481,Wallet,Delivered
O030015,CUST030016,R030015,3/18/2025,1976,COD,Delivered
O030016,CUST030017,R030016,4/14/2023,138,UPI,Delivered
O030017,CUST030018,R030017,7/20/2023,453,Card,Delivered
O030018,CUST030019,R030018,8/20/2023,1596,Card,Delivered
O030019,CUST030020,R030019,1/24/2020,134,UPI,Delivered
O030020,CUST030021,R030020,5/25/2021,558,Wallet,Delivered
O030021,CUST030022,R030021,12/1/2022,645,UPI,Delivered
O030022,CUST030023,R030022,6/16/2021,724,COD,Delivered
O030023,CUST030024,R030023,6/28/2025,975,COD,Delivered
O030024,CUST030025,R030024,4/3/2023,895,COD,Delivered
O030025,CUST030026,R030025,1/5/2021,718,Wallet,Delivered
O030026,CUST030027,R030026,8/2/2020,1225,COD,Delivered
O030027,CUST030028,R030027,11/27/2022,1272,Wallet,Delivered
O030028,CUST030029,R030028,4/19/2019,1352,Wallet,Delivered
O030029,CUST030030,R030029,8/8/2022,701,Wallet,Delivered
O030030,CUST030031,R030030,9/11/2020,1775,UPI,Delivered
O030031,CUST030032,R030031,6/10/2025,1464,Wallet,Delivered
O030032,CUST030033,R030032,10/5/2023,1411,Wallet,Delivered
O030033,CUST030034,R030033,8/16/2020,1836,UPI,Delivered
O030034,CUST030035,R030034,1/20/2019,1034,Wallet,Delivered
O030035,CUST030036,R030035,4/7/2023,144,Card,Delivered
O030036,CUST030037,R030036,12/19/2022,1728,Card,Delivered
O030037,CUST030038,R030037,4/9/2020,272,Card,Delivered
O030038,CUST030039,R030038,1/3/2025,270,UPI,Delivered
O030039,CUST030040,R030039,1/21/2022,1657,Card,Delivered
O030040,CUST030041,R030040,5/18/2019,686,COD,Delivered
O030041,CUST030042,R030041,4/2/2025,1980,COD,Delivered
O030042,CUST030043,R030042,12/14/2024,318,Wallet,Delivered
O030043,CUST030044,R030043,1/8/2020,1391,Card,Delivered
O030044,CUST030045,R030044,9/5/2020,234,COD,Delivered
O030045,CUST030046,R030045,9/27/2025,1202,COD,Delivered
O030046,CUST030047,R030046,3/10/2022,564,Wallet,Delivered
O030047,CUST030048,R030047,11/2/2024,825,Wallet,Delivered
O030048,CUST030049,R030048,1/9/2025,1661,COD,Delivered
O030049,CUST030050,R030049,11/14/2025,499,UPI,Delivered
O030050,CUST030051,R030050,4/6/2022,1790,Card,Delivered
O030051,CUST030052,R030051,1/26/2025,898,Wallet,Delivered
O030052,CUST030053,R030052,12/5/2022,1273,UPI,Cancelled
O030053,CUST030054,R030053,5/13/2023,302,Wallet,Delivered
O030054,CUST030055,R030054,12/24/2020,231,Card,Delivered
O030055,CUST030056,R030055,12/8/2024,1835,COD,Delivered
O030056,CUST030057,R030056,9/3/2021,298,UPI,Delivered
O030057,CUST030058,R030057,11/15/2022,1751,COD,Delivered
O030058,CUST030059,R030058,6/1/2020,863,UPI,Delivered
O030059,CUST030060,R030059,1/25/2021,180,COD,Delivered
O030060,CUST030061,R030060,7/24/2019,440,Wallet,Delivered
O030061,CUST030062,R030061,3/6/2023,388,Wallet,Delivered
O030062,CUST030063,R030062,5/23/2019,116,Wallet,Delivered
O030063,CUST030064,R030063,11/1/2022,1878,Wallet,Cancelled
O030064,CUST030065,R030064,3/13/2021,1625,Wallet,Cancelled
O030065,CUST030066,R030065,12/6/2022,1492,Card,Delivered
O030066,CUST030067,R030066,9/14/2021,1359,UPI,Delivered
O030067,CUST030068,R030067,1/12/2021,1653,COD,Delivered
O030068,CUST030069,R030068,4/16/2021,1923,UPI,Cancelled
O030069,CUST030070,R030069,7/18/2020,342,Card,Delivered
O030070,CUST030071,R030070,7/18/2020,1796,COD,Delivered
O030071,CUST030072,R030071,2/2/2023,1919,UPI,Cancelled
O030072,CUST030073,R030072,10/13/2024,262,COD,Delivered
O030073,CUST030074,R030073,7/25/2025,528,Card,Delivered
O030074,CUST030075,R030074,5/21/2020,1099,COD,Delivered
O030075,CUST030076,R030075,1/24/2022,160,COD,Cancelled
O030076,CUST030077,R030076,3/2/2020,779,COD,Delivered
O030077,CUST030078,R030077,9/8/2023,1284,UPI,Delivered
O030078,CUST030079,R030078,2/7/2024,1109,COD,Delivered
O030079,CUST030080,R030079,11/26/2019,975,Wallet,Delivered
O030080,CUST030081,R030080,9/7/2023,1269,UPI,Delivered
O030081,CUST030082,R030081,1/13/2025,650,Wallet,Delivered
O030082,CUST030083,R030082,10/13/2021,1903,UPI,Delivered
O030083,CUST030084,R030083,7/12/2020,1587,UPI,Delivered
O030084,CUST030085,R030084,8/11/2023,125,Wallet,Delivered
O030085,CUST030086,R030085,2/8/2021,1256,UPI,Delivered
O030086,CUST030087,R030086,10/20/2020,1157,UPI,Delivered
O030087,CUST030088,R030087,12/16/2020,759,COD,Delivered
O030088,CUST030089,R030088,8/28/2024,1683,UPI,Delivered
O030089,CUST030090,R030089,5/11/2022,395,COD,Cancelled
O030090,CUST030091,R030090,3/23/2025,902,Card,Delivered
O030091,CUST030092,R030091,9/2/2024,1781,COD,Delivered
O030092,CUST030093,R030092,7/20/2021,635,COD,Delivered
O030093,CUST030094,R030093,6/1/2022,885,COD,Delivered
O030094,CUST030095,R030094,6/22/2025,932,COD,Delivered
O030095,CUST030096,R030095,10/8/2021,1520,Card,Delivered
O030096,CUST030097,R030096,10/7/2022,357,COD,Delivered
O030097,CUST030098,R030097,4/8/2020,1214,Wallet,Delivered
O030098,CUST030099,R030098,5/9/2023,445,Card,Delivered
O030099,CUST030100,R030099,4/25/2023,346,Wallet,Delivered
O030100,CUST030101,R030100,12/5/2025,1848,Wallet,Delivered
O030101,CUST030102,R030101,10/16/2024,1927,COD,Delivered
O030102,CUST030103,R030102,5/27/2021,1485,UPI,Delivered
O030103,CUST030104,R030103,6/11/2021,1468,Wallet,Delivered
O030104,CUST030105,R030104,6/5/2021,1390,UPI,Delivered
O030105,CUST030106,R030105,10/9/2022,1898,COD,Cancelled
O030106,CUST030107,R030106,1/18/2020,1130,UPI,Cancelled
O030107,CUST030108,R030107,10/10/2022,121,COD,Delivered
O030108,CUST030109,R030108,8/18/2024,1720,UPI,Delivered
O030109,CUST030110,R030109,11/10/2019,1447,Card,Delivered
O030110,CUST030111,R030110,11/25/2019,875,UPI,Delivered
O030111,CUST030112,R030111,8/25/2020,1117,UPI,Delivered
O030112,CUST030113,R030112,12/19/2024,136,COD,Delivered
O030113,CUST030114,R030113,4/27/2022,575,COD,Delivered
O030114,CUST030115,R030114,4/26/2025,308,Card,Delivered
O030115,CUST030116,R030115,12/22/2021,1145,Card,Delivered
O030116,CUST030117,R030116,2/5/2023,195,COD,Delivered
O030117,CUST030118,R030117,3/2/2025,1007,UPI,Delivered
O030118,CUST030119,R030118,12/10/2024,626,COD,Delivered
O030119,CUST030120,R030119,3/2/2019,747,Wallet,Delivered
O030120,CUST030121,R030120,1/5/2024,1687,UPI,Delivered
O030121,CUST030122,R030121,12/13/2020,813,Wallet,Delivered
O030122,CUST030123,R030122,7/5/2021,1064,Card,Delivered
O030123,CUST030124,R030123,11/19/2019,1677,Wallet,Cancelled
O030124,CUST030125,R030124,9/7/2020,1224,Wallet,Delivered
O030125,CUST030126,R030125,4/14/2023,1697,Wallet,Delivered
O030126,CUST030127,R030126,9/13/2024,192,Card,Delivered
O030127,CUST030128,R030127,4/20/2025,1826,COD,Delivered
O030128,CUST030129,R030128,6/26/2023,1773,Card,Delivered
O030129,CUST030130,R030129,11/15/2025,1756,Card,Delivered
O030130,CUST030131,R030130,11/25/2020,667,COD,Delivered
O030131,CUST030132,R030131,9/19/2022,243,COD,Delivered
O030132,CUST030133,R030132,11/24/2020,964,Wallet,Delivered
O030133,CUST030134,R030133,5/28/2021,842,UPI,Delivered
O030134,CUST030135,R030134,9/1/2024,1392,Wallet,Delivered
O030135,CUST030136,R030135,7/8/2024,1108,Wallet,Delivered
O030136,CUST030137,R030136,1/7/2022,1715,UPI,Delivered
O030137,CUST030138,R030137,2/10/2020,1268,Card,Delivered
O030138,CUST030139,R030138,3/22/2021,852,UPI,Delivered
O030139,CUST030140,R030139,10/2/2025,280,Card,Delivered
O030140,CUST030141,R030140,8/21/2022,1869,UPI,Delivered
O030141,CUST030142,R030141,11/14/2019,1992,Card,Delivered
O030142,CUST030143,R030142,3/16/2023,1800,Card,Delivered
O030143,CUST030144,R030143,2/26/2023,1898,COD,Delivered
O030144,CUST030145,R030144,12/12/2019,757,Card,Delivered
O030145,CUST030146,R030145,11/25/2020,581,Card,Delivered
O030146,CUST030147,R030146,12/18/2024,459,Wallet,Delivered
O030147,CUST030148,R030147,9/23/2024,1009,COD,Delivered
O030148,CUST030149,R030148,3/9/2019,1779,COD,Delivered
O030149,CUST030150,R030149,5/1/2019,1375,Wallet,Delivered
O030150,CUST030151,R030150,10/5/2022,1060,COD,Delivered
O030151,CUST030152,R030151,12/4/2019,469,Wallet,Cancelled
O030152,CUST030153,R030152,6/24/2020,1279,Wallet,Delivered
O030153,CUST030154,R030153,7/16/2019,640,Wallet,Delivered
O030154,CUST030155,R030154,7/8/2021,199,UPI,Delivered
O030155,CUST030156,R030155,8/13/2023,1417,COD,Delivered
O030156,CUST030157,R030156,8/7/2023,1514,Card,Delivered
O030157,CUST030158,R030157,4/7/2025,374,Wallet,Delivered
O030158,CUST030159,R030158,9/27/2022,1253,UPI,Delivered
O030159,CUST030160,R030159,11/12/2024,250,COD,Delivered
O030160,CUST030161,R030160,5/18/2025,624,UPI,Cancelled
O030161,CUST030162,R030161,5/18/2021,1570,Card,Delivered
O030162,CUST030163,R030162,8/24/2020,992,UPI,Delivered
O030163,CUST030164,R030163,9/27/2022,1732,Card,Delivered
O030164,CUST030165,R030164,1/28/2021,576,COD,Cancelled
O030165,CUST030166,R030165,10/18/2024,895,Wallet,Delivered
O030166,CUST030167,R030166,6/27/2020,257,Card,Delivered
O030167,CUST030168,R030167,2/3/2021,954,UPI,Delivered
O030168,CUST030169,R030168,4/3/2022,1277,UPI,Delivered
O030169,CUST030170,R030169,6/18/2024,324,Wallet,Delivered
O030170,CUST030171,R030170,6/18/2024,563,Card,Delivered
O030171,CUST030172,R030171,12/24/2025,1965,COD,Delivered
O030172,CUST030173,R030172,9/23/2023,1004,COD,Delivered
O030173,CUST030174,R030173,3/3/2025,447,Card,Delivered
O030174,CUST030175,R030174,7/1/2020,872,Wallet,Delivered
O030175,CUST030176,R030175,12/27/2024,815,COD,Delivered
O030176,CUST030177,R030176,5/25/2019,542,Wallet,Delivered
O030177,CUST030178,R030177,6/12/2022,1331,COD,Delivered
O030178,CUST030179,R030178,7/8/2023,718,COD,Delivered
O030179,CUST030180,R030179,12/10/2023,1143,UPI,Delivered
O030180,CUST030181,R030180,4/14/2020,1582,Card,Delivered
O030181,CUST030182,R030181,1/12/2025,1068,Wallet,Delivered
O030182,CUST030183,R030182,7/15/2019,1886,UPI,Delivered
O030183,CUST030184,R030183,6/12/2024,1191,Wallet,Cancelled
O030184,CUST030185,R030184,1/21/2020,113,Card,Delivered
O030185,CUST030186,R030185,1/18/2020,1633,Card,Delivered
O030186,CUST030187,R030186,4/13/2025,108,UPI,Delivered
O030187,CUST030188,R030187,7/23/2020,489,Card,Delivered
O030188,CUST030189,R030188,1/28/2025,1809,Card,Delivered
O030189,CUST030190,R030189,2/19/2025,158,COD,Delivered
O030190,CUST030191,R030190,2/6/2024,233,COD,Delivered
O030191,CUST030192,R030191,12/18/2021,378,COD,Delivered
O030192,CUST030193,R030192,8/4/2025,759,Card,Delivered
O030193,CUST030194,R030193,7/28/2024,1198,UPI,Delivered
O030194,CUST030195,R030194,9/7/2019,1176,COD,Cancelled
O030195,CUST030196,R030195,2/10/2025,613,Wallet,Delivered
O030196,CUST030197,R030196,7/22/2024,850,Wallet,Delivered
O030197,CUST030198,R030197,5/15/2023,1804,COD,Delivered
O030198,CUST030199,R030198,6/27/2020,1250,UPI,Delivered
O030199,CUST030200,R030199,4/7/2025,1799,UPI,Delivered
O030200,CUST030201,R030200,10/18/2021,1155,COD,Delivered
O030201,CUST030202,R030201,3/9/2021,1896,Card,Cancelled
O030202,CUST030203,R030202,2/16/2020,203,UPI,Delivered
O030203,CUST030204,R030203,8/21/2025,277,COD,Delivered
O030204,CUST030205,R030204,8/21/2019,913,COD,Delivered
O030205,CUST030206,R030205,10/6/2023,1858,COD,Delivered
O030206,CUST030207,R030206,8/16/2020,720,UPI,Delivered
O030207,CUST030208,R030207,5/7/2022,1220,Card,Delivered
O030208,CUST030209,R030208,4/25/2022,831,Wallet,Delivered
O030209,CUST030210,R030209,7/23/2024,895,Wallet,Delivered
O030210,CUST030211,R030210,4/17/2021,1004,UPI,Delivered
O030211,CUST030212,R030211,7/27/2023,1294,Card,Delivered
O030212,CUST030213,R030212,8/8/2023,1843,COD,Delivered
O030213,CUST030214,R030213,1/8/2020,1199,Card,Delivered
O030214,CUST030215,R030214,2/10/2025,104,Wallet,Delivered
O030215,CUST030216,R030215,5/18/2023,875,UPI,Delivered
O030216,CUST030217,R030216,4/16/2020,1800,COD,Delivered
O030217,CUST030218,R030217,12/16/2023,704,Wallet,Delivered
O030218,CUST030219,R030218,4/15/2024,1475,Card,Delivered
O030219,CUST030220,R030219,3/11/2020,380,Card,Delivered
O030220,CUST030221,R030220,6/4/2024,1891,Card,Delivered
O030221,CUST030222,R030221,7/27/2020,447,Wallet,Delivered
O030222,CUST030223,R030222,8/20/2019,512,UPI,Delivered
O030223,CUST030224,R030223,2/26/2019,620,Wallet,Delivered
O030224,CUST030225,R030224,10/22/2025,1125,COD,Delivered
O030225,CUST030226,R030225,12/2/2019,570,Card,Delivered
O030226,CUST030227,R030226,9/3/2022,990,UPI,Delivered
O030227,CUST030228,R030227,2/4/2025,1621,Card,Delivered
O030228,CUST030229,R030228,11/27/2023,665,Wallet,Delivered
O030229,CUST030230,R030229,3/11/2024,1460,Wallet,Delivered
O030230,CUST030231,R030230,8/10/2025,1333,UPI,Delivered
O030231,CUST030232,R030231,2/19/2024,1092,UPI,Delivered
O030232,CUST030233,R030232,11/5/2022,1891,Wallet,Delivered
O030233,CUST030234,R030233,3/14/2019,1508,UPI,Delivered
O030234,CUST030235,R030234,10/22/2022,599,Wallet,Delivered
O030235,CUST030236,R030235,7/14/2019,1314,COD,Delivered
O030236,CUST030237,R030236,10/20/2021,1709,COD,Delivered
O030237,CUST030238,R030237,9/16/2020,1691,UPI,Delivered
O030238,CUST030239,R030238,4/6/2024,1704,UPI,Cancelled
O030239,CUST030240,R030239,12/19/2025,222,Card,Delivered
O030240,CUST030241,R030240,6/23/2024,1821,UPI,Delivered
O030241,CUST030242,R030241,12/21/2023,1754,COD,Delivered
O030242,CUST030243,R030242,1/19/2022,1661,Card,Cancelled
O030243,CUST030244,R030243,5/14/2020,565,COD,Delivered
O030244,CUST030245,R030244,2/7/2023,945,Card,Delivered
O030245,CUST030246,R030245,7/21/2022,190,COD,Delivered
O030246,CUST030247,R030246,2/2/2025,871,COD,Delivered
O030247,CUST030248,R030247,1/10/2019,800,Wallet,Delivered
O030248,CUST030249,R030248,12/18/2023,551,COD,Delivered
O030249,CUST030250,R030249,10/11/2022,1325,Wallet,Delivered
O030250,CUST030251,R030250,8/4/2025,419,Wallet,Delivered
O030251,CUST030252,R030251,3/10/2024,1320,Wallet,Cancelled
O030252,CUST030253,R030252,3/14/2020,850,UPI,Delivered
O030253,CUST030254,R030253,8/5/2021,1481,Wallet,Delivered
O030254,CUST030255,R030254,8/15/2025,1863,Wallet,Delivered
O030255,CUST030256,R030255,1/14/2022,754,UPI,Cancelled
O030256,CUST030257,R030256,1/8/2022,181,Card,Delivered
O030257,CUST030258,R030257,1/2/2019,1617,UPI,Delivered
O030258,CUST030259,R030258,5/5/2023,1752,Card,Delivered
O030259,CUST030260,R030259,2/25/2025,488,UPI,Delivered
O030260,CUST030261,R030260,7/24/2021,415,Wallet,Delivered
O030261,CUST030262,R030261,10/19/2020,168,Card,Delivered
O030262,CUST030263,R030262,1/6/2024,1998,COD,Delivered
O030263,CUST030264,R030263,6/14/2024,1937,Wallet,Delivered
O030264,CUST030265,R030264,11/4/2019,1532,UPI,Delivered
O030265,CUST030266,R030265,5/23/2022,466,Wallet,Delivered
O030266,CUST030267,R030266,4/27/2023,1272,COD,Delivered
O030267,CUST030268,R030267,3/10/2025,633,COD,Cancelled
O030268,CUST030269,R030268,6/23/2022,370,Wallet,Delivered
O030269,CUST030270,R030269,4/5/2024,1698,Wallet,Delivered
O030270,CUST030271,R030270,7/11/2020,1234,Card,Cancelled
O030271,CUST030272,R030271,6/7/2023,1796,Card,Cancelled
O030272,CUST030273,R030272,6/25/2023,1587,UPI,Cancelled
O030273,CUST030274,R030273,5/12/2019,1837,Wallet,Delivered
O030274,CUST030275,R030274,2/20/2025,704,Wallet,Delivered
O030275,CUST030276,R030275,7/22/2025,315,COD,Delivered
O030276,CUST030277,R030276,5/15/2022,123,Wallet,Delivered
O030277,CUST030278,R030277,11/5/2025,731,UPI,Delivered
O030278,CUST030279,R030278,7/16/2020,511,Wallet,Delivered
O030279,CUST030280,R030279,12/28/2019,1316,Card,Delivered
O030280,CUST030281,R030280,9/1/2021,682,Wallet,Delivered
O030281,CUST030282,R030281,11/6/2024,457,Wallet,Delivered
O030282,CUST030283,R030282,8/6/2022,1028,Wallet,Delivered
O030283,CUST030284,R030283,3/12/2022,1278,UPI,Delivered
O030284,CUST030285,R030284,11/8/2021,177,COD,Delivered
O030285,CUST030286,R030285,8/7/2020,1203,Wallet,Delivered
O030286,CUST030287,R030286,9/7/2021,1498,UPI,Delivered
O030287,CUST030288,R030287,7/17/2025,1332,Wallet,Delivered
O030288,CUST030289,R030288,3/16/2020,1832,COD,Delivered
O030289,CUST030290,R030289,2/12/2019,1640,UPI,Delivered
O030290,CUST030291,R030290,12/15/2019,348,Card,Delivered
O030291,CUST030292,R030291,2/18/2020,171,Card,Delivered
O030292,CUST030293,R030292,8/22/2021,1944,UPI,Delivered
O030293,CUST030294,R030293,1/23/2025,473,COD,Delivered
O030294,CUST030295,R030294,7/28/2019,566,UPI,Delivered
O030295,CUST030296,R030295,1/15/2020,688,COD,Delivered
O030296,CUST030297,R030296,9/27/2024,932,COD,Delivered
O030297,CUST030298,R030297,3/2/2024,805,COD,Delivered
O030298,CUST030299,R030298,9/4/2022,820,COD,Delivered
O030299,CUST030300,R030299,8/1/2021,1115,COD,Delivered
O030300,CUST030301,R030300,8/27/2025,991,Wallet,Delivered
O030301,CUST030302,R030301,8/18/2022,1448,Wallet,Delivered
O030302,CUST030303,R030302,10/6/2020,543,Wallet,Delivered
O030303,CUST030304,R030303,12/9/2025,1866,UPI,Cancelled
O030304,CUST030305,R030304,5/13/2022,1592,UPI,Delivered
O030305,CUST030306,R030305,5/4/2023,1364,Wallet,Delivered
O030306,CUST030307,R030306,9/17/2020,1751,UPI,Delivered
O030307,CUST030308,R030307,10/22/2021,954,Wallet,Delivered
O030308,CUST030309,R030308,7/6/2024,1965,Card,Delivered
O030309,CUST030310,R030309,6/18/2023,1321,Card,Delivered
O030310,CUST030311,R030310,7/8/2020,226,COD,Delivered
O030311,CUST030312,R030311,1/2/2024,371,Wallet,Delivered
O030312,CUST030313,R030312,2/20/2025,1508,Card,Delivered
O030313,CUST030314,R030313,10/17/2024,542,COD,Delivered
O030314,CUST030315,R030314,9/9/2019,1881,COD,Delivered
O030315,CUST030316,R030315,6/12/2021,1820,COD,Delivered
O030316,CUST030317,R030316,11/2/2023,1241,Card,Cancelled
O030317,CUST030318,R030317,12/3/2023,1981,COD,Delivered
O030318,CUST030319,R030318,4/26/2020,981,COD,Delivered
O030319,CUST030320,R030319,3/9/2022,522,Wallet,Delivered
O030320,CUST030321,R030320,4/3/2021,744,Wallet,Delivered
O030321,CUST030322,R030321,4/7/2020,1581,COD,Delivered
O030322,CUST030323,R030322,2/12/2025,415,UPI,Delivered
O030323,CUST030324,R030323,2/3/2020,1743,Card,Delivered
O030324,CUST030325,R030324,4/25/2019,1042,Wallet,Delivered
O030325,CUST030326,R030325,9/4/2020,1124,UPI,Cancelled
O030326,CUST030327,R030326,6/12/2019,159,Wallet,Delivered
O030327,CUST030328,R030327,7/24/2019,1989,Card,Delivered
O030328,CUST030329,R030328,9/7/2023,1474,COD,Delivered
O030329,CUST030330,R030329,3/25/2019,1913,UPI,Delivered
O030330,CUST030331,R030330,6/13/2023,1598,COD,Delivered
O030331,CUST030332,R030331,10/27/2020,772,UPI,Delivered
O030332,CUST030333,R030332,8/18/2022,138,COD,Delivered
O030333,CUST030334,R030333,10/26/2024,404,COD,Delivered
O030334,CUST030335,R030334,5/4/2022,309,Card,Delivered
O030335,CUST030336,R030335,12/22/2023,1932,COD,Delivered
O030336,CUST030337,R030336,2/28/2022,1359,COD,Cancelled
O030337,CUST030338,R030337,6/6/2021,1150,COD,Cancelled
O030338,CUST030339,R030338,12/27/2022,785,UPI,Delivered
O030339,CUST030340,R030339,5/6/2025,788,Wallet,Delivered
O030340,CUST030341,R030340,1/5/2019,1509,Card,Delivered
O030341,CUST030342,R030341,7/9/2020,1518,UPI,Delivered
O030342,CUST030343,R030342,12/13/2023,232,UPI,Delivered
O030343,CUST030344,R030343,9/14/2019,1685,COD,Delivered
O030344,CUST030345,R030344,2/28/2025,1833,UPI,Delivered
O030345,CUST030346,R030345,7/11/2021,182,COD,Delivered
O030346,CUST030347,R030346,2/27/2022,449,Card,Delivered
O030347,CUST030348,R030347,6/20/2023,888,COD,Delivered
O030348,CUST030349,R030348,4/22/2021,118,COD,Delivered
O030349,CUST030350,R030349,8/1/2023,688,COD,Delivered
O030350,CUST030351,R030350,10/7/2019,1195,Wallet,Delivered
O030351,CUST030352,R030351,2/7/2025,1003,COD,Delivered
O030352,CUST030353,R030352,3/22/2022,875,Wallet,Delivered
O030353,CUST030354,R030353,1/6/2019,1126,COD,Delivered
O030354,CUST030355,R030354,4/12/2025,246,Wallet,Delivered
O030355,CUST030356,R030355,11/7/2022,1749,UPI,Delivered
O030356,CUST030357,R030356,9/11/2021,1301,Wallet,Delivered
O030357,CUST030358,R030357,11/10/2020,1920,Wallet,Delivered
O030358,CUST030359,R030358,3/5/2023,1177,UPI,Delivered
O030359,CUST030360,R030359,2/21/2021,1077,UPI,Delivered
O030360,CUST030361,R030360,2/14/2025,673,COD,Delivered
O030361,CUST030362,R030361,8/24/2024,1636,Wallet,Delivered
O030362,CUST030363,R030362,8/10/2023,349,COD,Delivered
O030363,CUST030364,R030363,8/22/2025,811,Card,Delivered
O030364,CUST030365,R030364,10/1/2020,1631,Card,Delivered
O030365,CUST030366,R030365,6/19/2024,491,COD,Delivered
O030366,CUST030367,R030366,4/1/2021,786,UPI,Delivered
O030367,CUST030368,R030367,1/21/2023,397,COD,Delivered
O030368,CUST030369,R030368,7/2/2024,1365,Card,Delivered
O030369,CUST030370,R030369,1/5/2025,203,Wallet,Delivered
O030370,CUST030371,R030370,7/4/2022,1537,Wallet,Delivered
O030371,CUST030372,R030371,4/8/2023,837,Wallet,Delivered
O030372,CUST030373,R030372,12/5/2022,693,Wallet,Delivered
O030373,CUST030374,R030373,6/9/2022,289,Wallet,Cancelled
O030374,CUST030375,R030374,9/21/2019,363,COD,Delivered
O030375,CUST030376,R030375,8/5/2023,1438,UPI,Delivered
O030376,CUST030377,R030376,3/10/2024,1060,Wallet,Delivered
O030377,CUST030378,R030377,4/4/2019,1311,UPI,Delivered
O030378,CUST030379,R030378,6/7/2023,1756,COD,Cancelled
O030379,CUST030380,R030379,8/17/2025,987,Wallet,Delivered
O030380,CUST030381,R030380,8/10/2022,1661,COD,Delivered
O030381,CUST030382,R030381,10/25/2020,1609,UPI,Cancelled
O030382,CUST030383,R030382,11/8/2022,1293,Card,Cancelled
O030383,CUST030384,R030383,3/23/2019,726,UPI,Delivered
O030384,CUST030385,R030384,3/24/2022,1037,UPI,Delivered
O030385,CUST030386,R030385,3/22/2022,1826,COD,Delivered
O030386,CUST030387,R030386,5/25/2021,534,COD,Delivered
O030387,CUST030388,R030387,10/24/2021,218,Card,Delivered
O030388,CUST030389,R030388,8/21/2022,1054,COD,Delivered
O030389,CUST030390,R030389,7/5/2021,153,COD,Delivered
O030390,CUST030391,R030390,7/27/2021,971,UPI,Delivered
O030391,CUST030392,R030391,12/9/2023,483,Card,Delivered
O030392,CUST030393,R030392,6/28/2025,597,COD,Delivered
O030393,CUST030394,R030393,12/4/2025,1277,Wallet,Cancelled
O030394,CUST030395,R030394,4/12/2022,1226,Wallet,Cancelled
O030395,CUST030396,R030395,6/3/2021,953,Card,Cancelled
O030396,CUST030397,R030396,11/17/2021,1528,Wallet,Delivered
O030397,CUST030398,R030397,12/5/2023,1336,Wallet,Delivered
O030398,CUST030399,R030398,11/16/2024,1618,Wallet,Delivered
O030399,CUST030400,R030399,10/7/2019,150,Card,Delivered
O030400,CUST030401,R030400,6/18/2023,1778,Card,Delivered
O030401,CUST030402,R030401,10/24/2025,1682,Card,Delivered
O030402,CUST030403,R030402,12/14/2021,1671,UPI,Delivered
O030403,CUST030404,R030403,11/24/2020,588,Card,Delivered
O030404,CUST030405,R030404,1/19/2023,142,Card,Delivered
O030405,CUST030406,R030405,10/23/2022,257,Card,Delivered
O030406,CUST030407,R030406,8/26/2020,1906,COD,Delivered
O030407,CUST030408,R030407,1/21/2020,810,COD,Delivered
O030408,CUST030409,R030408,2/25/2023,574,Wallet,Delivered
O030409,CUST030410,R030409,8/27/2023,1616,Wallet,Delivered
O030410,CUST030411,R030410,1/2/2025,1381,UPI,Cancelled
O030411,CUST030412,R030411,1/24/2020,773,Wallet,Delivered
O030412,CUST030413,R030412,12/28/2024,194,Card,Delivered
O030413,CUST030414,R030413,6/19/2025,1822,UPI,Delivered
O030414,CUST030415,R030414,7/12/2022,1771,Card,Delivered
O030415,CUST030416,R030415,8/15/2024,1715,UPI,Cancelled
O030416,CUST030417,R030416,3/25/2025,1818,Card,Cancelled
O030417,CUST030418,R030417,1/19/2023,678,Card,Delivered
O030418,CUST030419,R030418,9/24/2020,476,Wallet,Cancelled
O030419,CUST030420,R030419,6/17/2022,1994,Wallet,Delivered
O030420,CUST030421,R030420,5/22/2025,854,COD,Delivered
O030421,CUST030422,R030421,1/8/2023,1630,COD,Delivered
O030422,CUST030423,R030422,12/28/2021,1233,Wallet,Delivered
O030423,CUST030424,R030423,4/3/2020,1041,COD,Delivered
O030424,CUST030425,R030424,7/5/2021,427,Wallet,Delivered
O030425,CUST030426,R030425,4/22/2020,1188,COD,Delivered
O030426,CUST030427,R030426,2/13/2020,550,Wallet,Delivered
O030427,CUST030428,R030427,6/7/2022,152,UPI,Delivered
O030428,CUST030429,R030428,11/10/2019,1375,COD,Delivered
O030429,CUST030430,R030429,12/6/2019,1434,Card,Delivered
O030430,CUST030431,R030430,7/6/2024,295,COD,Delivered
O030431,CUST030432,R030431,4/26/2020,1104,Wallet,Delivered
O030432,CUST030433,R030432,10/12/2023,1609,COD,Delivered
O030433,CUST030434,R030433,4/17/2022,514,Wallet,Cancelled
O030434,CUST030435,R030434,6/17/2024,1422,Card,Delivered
O030435,CUST030436,R030435,12/22/2021,849,UPI,Delivered
O030436,CUST030437,R030436,12/25/2022,1843,Card,Delivered
O030437,CUST030438,R030437,6/28/2024,470,COD,Cancelled
O030438,CUST030439,R030438,12/16/2022,849,COD,Delivered
O030439,CUST030440,R030439,4/25/2025,166,COD,Delivered
O030440,CUST030441,R030440,2/1/2023,1674,COD,Delivered
O030441,CUST030442,R030441,9/9/2020,102,Card,Delivered
O030442,CUST030443,R030442,3/1/2021,1095,COD,Delivered
O030443,CUST030444,R030443,7/28/2024,1289,Card,Delivered
O030444,CUST030445,R030444,9/7/2020,1815,UPI,Delivered
O030445,CUST030446,R030445,7/6/2022,594,Card,Delivered
O030446,CUST030447,R030446,7/28/2020,337,Card,Delivered
O030447,CUST030448,R030447,8/28/2021,767,Wallet,Delivered
O030448,CUST030449,R030448,12/25/2019,671,COD,Delivered
O030449,CUST030450,R030449,8/23/2021,653,Wallet,Delivered
O030450,CUST030451,R030450,1/13/2023,1183,COD,Delivered
O030451,CUST030452,R030451,8/7/2019,671,COD,Delivered
O030452,CUST030453,R030452,2/8/2024,921,UPI,Delivered
O030453,CUST030454,R030453,1/11/2024,1497,UPI,Cancelled
O030454,CUST030455,R030454,9/6/2024,989,COD,Delivered
O030455,CUST030456,R030455,9/11/2025,1806,UPI,Delivered
O030456,CUST030457,R030456,4/12/2023,1149,UPI,Delivered
O030457,CUST030458,R030457,12/20/2021,1967,UPI,Delivered
O030458,CUST030459,R030458,9/16/2021,1223,Card,Cancelled
O030459,CUST030460,R030459,9/11/2019,1854,UPI,Delivered
O030460,CUST030461,R030460,4/23/2022,383,UPI,Delivered
O030461,CUST030462,R030461,1/27/2021,331,Card,Delivered
O030462,CUST030463,R030462,4/17/2023,270,COD,Delivered
O030463,CUST030464,R030463,12/8/2023,1985,COD,Delivered
O030464,CUST030465,R030464,2/16/2020,287,Card,Delivered
O030465,CUST030466,R030465,6/3/2021,712,Card,Delivered
O030466,CUST030467,R030466,1/21/2024,1157,UPI,Delivered
O030467,CUST030468,R030467,9/1/2024,1096,COD,Delivered
O030468,CUST030469,R030468,10/8/2020,533,Wallet,Delivered
O030469,CUST030470,R030469,6/21/2025,765,COD,Delivered
O030470,CUST030471,R030470,3/15/2023,1584,Card,Delivered
O030471,CUST030472,R030471,2/26/2019,883,UPI,Delivered
O030472,CUST030473,R030472,5/6/2021,1650,Wallet,Delivered
O030473,CUST030474,R030473,8/17/2019,1011,Card,Cancelled
O030474,CUST030475,R030474,6/8/2022,1326,UPI,Delivered
O030475,CUST030476,R030475,11/12/2023,1831,Wallet,Delivered
O030476,CUST030477,R030476,6/17/2023,1645,Card,Delivered
O030477,CUST030478,R030477,3/13/2025,331,Card,Delivered
O030478,CUST030479,R030478,2/25/2023,1341,COD,Delivered
O030479,CUST030480,R030479,11/8/2024,1201,UPI,Delivered
O030480,CUST030481,R030480,8/2/2022,1183,UPI,Delivered
O030481,CUST030482,R030481,8/24/2025,751,Wallet,Delivered
O030482,CUST030483,R030482,10/21/2023,810,COD,Delivered
O030483,CUST030484,R030483,11/16/2019,913,COD,Delivered
O030484,CUST030485,R030484,12/6/2024,927,UPI,Delivered
O030485,CUST030486,R030485,12/7/2020,1738,COD,Cancelled
O030486,CUST030487,R030486,2/7/2023,1056,Card,Delivered
O030487,CUST030488,R030487,2/9/2025,1861,Wallet,Delivered
O030488,CUST030489,R030488,7/15/2021,980,UPI,Delivered
O030489,CUST030490,R030489,2/18/2023,1689,Card,Delivered
O030490,CUST030491,R030490,3/14/2023,419,Wallet,Delivered
O030491,CUST030492,R030491,8/13/2024,1385,Card,Delivered
O030492,CUST030493,R030492,4/9/2022,294,Card,Delivered
O030493,CUST030494,R030493,7/24/2024,1811,Card,Delivered
O030494,CUST030495,R030494,4/25/2019,412,COD,Cancelled
O030495,CUST030496,R030495,2/18/2023,470,UPI,Delivered
O030496,CUST030497,R030496,5/25/2019,529,COD,Delivered
O030497,CUST030498,R030497,2/21/2021,1034,COD,Delivered
O030498,CUST030499,R030498,8/1/2022,465,Card,Delivered
O030499,CUST030500,R030499,9/2/2022,716,UPI,Delivered
O030500,CUST030501,R030500,10/3/2019,1477,Card,Delivered
O030501,CUST030502,R030501,9/25/2023,771,Wallet,Delivered
O030502,CUST030503,R030502,9/12/2025,1306,Wallet,Delivered
O030503,CUST030504,R030503,2/8/2023,1222,Wallet,Delivered
O030504,CUST030505,R030504,5/15/2019,1050,UPI,Delivered
O030505,CUST030506,R030505,8/3/2019,1811,Wallet,Delivered
O030506,CUST030507,R030506,5/8/2024,1429,UPI,Delivered
O030507,CUST030508,R030507,4/20/2019,520,UPI,Delivered
O030508,CUST030509,R030508,5/13/2025,1098,Wallet,Delivered
O030509,CUST030510,R030509,9/20/2024,189,Card,Delivered
O030510,CUST030511,R030510,10/15/2022,128,Card,Delivered
O030511,CUST030512,R030511,6/11/2020,1983,UPI,Cancelled
O030512,CUST030513,R030512,5/24/2024,506,UPI,Delivered
O030513,CUST030514,R030513,9/26/2023,1721,UPI,Delivered
O030514,CUST030515,R030514,11/26/2025,1905,Card,Delivered
O030515,CUST030516,R030515,11/21/2022,1506,Card,Delivered
O030516,CUST030517,R030516,12/11/2020,410,COD,Delivered
O030517,CUST030518,R030517,5/5/2020,666,UPI,Delivered
O030518,CUST030519,R030518,2/20/2025,155,COD,Delivered
O030519,CUST030520,R030519,9/24/2021,792,COD,Delivered
O030520,CUST030521,R030520,3/8/2025,714,COD,Delivered
O030521,CUST030522,R030521,11/16/2024,461,Card,Delivered
O030522,CUST030523,R030522,9/8/2023,1279,Card,Delivered
O030523,CUST030524,R030523,9/4/2019,372,UPI,Delivered
O030524,CUST030525,R030524,4/8/2020,1171,Wallet,Cancelled
O030525,CUST030526,R030525,8/12/2023,706,UPI,Delivered
O030526,CUST030527,R030526,11/4/2020,1338,Wallet,Delivered
O030527,CUST030528,R030527,10/15/2022,112,Wallet,Delivered
O030528,CUST030529,R030528,7/15/2024,1166,UPI,Cancelled
O030529,CUST030530,R030529,4/6/2024,1927,Card,Delivered
O030530,CUST030531,R030530,1/28/2022,1469,UPI,Delivered
O030531,CUST030532,R030531,12/1/2023,1672,Card,Delivered
O030532,CUST030533,R030532,12/19/2023,451,Wallet,Delivered
O030533,CUST030534,R030533,5/22/2021,374,Wallet,Delivered
O030534,CUST030535,R030534,12/17/2025,1979,Card,Delivered
O030535,CUST030536,R030535,1/5/2023,1907,Card,Delivered
O030536,CUST030537,R030536,2/13/2019,1895,COD,Delivered
O030537,CUST030538,R030537,3/3/2023,1322,UPI,Delivered
O030538,CUST030539,R030538,1/22/2023,323,Wallet,Delivered
O030539,CUST030540,R030539,11/26/2020,1129,Wallet,Delivered
O030540,CUST030541,R030540,6/9/2024,739,COD,Delivered
O030541,CUST030542,R030541,9/25/2020,259,UPI,Delivered
O030542,CUST030543,R030542,7/1/2019,1588,COD,Delivered
O030543,CUST030544,R030543,11/9/2020,1085,UPI,Delivered
O030544,CUST030545,R030544,7/5/2025,1288,UPI,Delivered
O030545,CUST030546,R030545,4/14/2020,1079,Wallet,Delivered
O030546,CUST030547,R030546,6/4/2021,1892,Wallet,Delivered
O030547,CUST030548,R030547,12/11/2025,229,Wallet,Delivered
O030548,CUST030549,R030548,7/14/2023,224,Card,Delivered
O030549,CUST030550,R030549,6/7/2023,1939,COD,Delivered
O030550,CUST030551,R030550,8/4/2021,652,UPI,Delivered
O030551,CUST030552,R030551,5/23/2019,411,Wallet,Delivered
O030552,CUST030553,R030552,3/27/2025,1210,Card,Delivered
O030553,CUST030554,R030553,9/27/2022,783,Wallet,Delivered
O030554,CUST030555,R030554,7/5/2025,304,Wallet,Delivered
O030555,CUST030556,R030555,8/4/2022,743,COD,Delivered
O030556,CUST030557,R030556,10/10/2025,1172,UPI,Delivered
O030557,CUST030558,R030557,2/6/2023,1679,COD,Delivered
O030558,CUST030559,R030558,6/1/2023,1124,Wallet,Delivered
O030559,CUST030560,R030559,2/5/2024,1413,UPI,Cancelled
O030560,CUST030561,R030560,11/13/2023,1284,COD,Delivered
O030561,CUST030562,R030561,2/15/2023,1785,UPI,Cancelled
O030562,CUST030563,R030562,3/11/2021,1556,UPI,Delivered
O030563,CUST030564,R030563,5/13/2019,268,Card,Delivered
O030564,CUST030565,R030564,5/17/2021,1928,Card,Delivered
O030565,CUST030566,R030565,3/22/2022,1839,Card,Delivered
O030566,CUST030567,R030566,4/22/2024,444,COD,Delivered
O030567,CUST030568,R030567,7/27/2025,411,UPI,Delivered
O030568,CUST030569,R030568,1/13/2022,538,COD,Delivered
O030569,CUST030570,R030569,2/5/2021,789,COD,Delivered
O030570,CUST030571,R030570,5/1/2025,450,Card,Delivered
O030571,CUST030572,R030571,10/26/2023,740,COD,Delivered
O030572,CUST030573,R030572,10/27/2019,1029,COD,Delivered
O030573,CUST030574,R030573,11/24/2020,901,Wallet,Delivered
O030574,CUST030575,R030574,3/16/2025,1402,COD,Delivered
O030575,CUST030576,R030575,10/6/2021,327,Wallet,Delivered
O030576,CUST030577,R030576,1/8/2021,1785,UPI,Cancelled
O030577,CUST030578,R030577,9/11/2025,1512,UPI,Delivered
O030578,CUST030579,R030578,8/3/2022,1456,UPI,Delivered
O030579,CUST030580,R030579,11/17/2024,235,UPI,Delivered
O030580,CUST030581,R030580,10/22/2020,1082,Wallet,Delivered
O030581,CUST030582,R030581,5/7/2019,155,Card,Delivered
O030582,CUST030583,R030582,8/19/2023,1418,UPI,Delivered
O030583,CUST030584,R030583,2/10/2023,1728,COD,Delivered
O030584,CUST030585,R030584,6/25/2020,154,Wallet,Delivered
O030585,CUST030586,R030585,12/18/2025,1461,Card,Delivered
O030586,CUST030587,R030586,5/15/2024,452,Card,Delivered
O030587,CUST030588,R030587,1/7/2020,1791,UPI,Delivered
O030588,CUST030589,R030588,2/11/2023,1778,COD,Cancelled
O030589,CUST030590,R030589,5/27/2019,1205,Card,Delivered
O030590,CUST030591,R030590,3/2/2022,1902,Wallet,Delivered
O030591,CUST030592,R030591,11/24/2024,832,COD,Delivered
O030592,CUST030593,R030592,6/8/2021,623,Wallet,Delivered
O030593,CUST030594,R030593,3/2/2025,459,Wallet,Delivered
O030594,CUST030595,R030594,1/6/2023,1477,COD,Delivered
O030595,CUST030596,R030595,6/10/2025,271,UPI,Delivered
O030596,CUST030597,R030596,9/1/2020,1344,Card,Delivered
O030597,CUST030598,R030597,10/19/2024,957,COD,Delivered
O030598,CUST030599,R030598,1/28/2025,1078,UPI,Delivered
O030599,CUST030600,R030599,12/10/2024,112,Wallet,Delivered
O030600,CUST030601,R030600,7/21/2021,1903,UPI,Delivered
O030601,CUST030602,R030601,6/6/2020,1394,Card,Delivered
O030602,CUST030603,R030602,6/24/2020,1834,UPI,Delivered
O030603,CUST030604,R030603,8/12/2020,1561,COD,Delivered
O030604,CUST030605,R030604,1/26/2019,492,UPI,Delivered
O030605,CUST030606,R030605,12/17/2025,239,COD,Delivered
O030606,CUST030607,R030606,11/25/2019,250,COD,Delivered
O030607,CUST030608,R030607,1/1/2023,204,Card,Delivered
O030608,CUST030609,R030608,7/20/2025,1831,Wallet,Delivered
O030609,CUST030610,R030609,5/26/2024,960,COD,Delivered
O030610,CUST030611,R030610,3/28/2024,1001,COD,Delivered
O030611,CUST030612,R030611,6/25/2025,694,Wallet,Delivered
O030612,CUST030613,R030612,8/5/2019,740,COD,Delivered
O030613,CUST030614,R030613,4/3/2023,1563,UPI,Delivered
O030614,CUST030615,R030614,12/10/2024,1011,Wallet,Delivered
O030615,CUST030616,R030615,3/5/2019,1625,Wallet,Delivered
O030616,CUST030617,R030616,4/6/2022,1172,COD,Delivered
O030617,CUST030618,R030617,12/21/2023,1722,UPI,Delivered
O030618,CUST030619,R030618,4/12/2020,327,COD,Delivered
O030619,CUST030620,R030619,7/25/2022,295,Card,Delivered
O030620,CUST030621,R030620,7/19/2019,739,Card,Delivered
O030621,CUST030622,R030621,2/21/2023,1876,COD,Delivered
O030622,CUST030623,R030622,5/27/2022,159,COD,Delivered
O030623,CUST030624,R030623,11/1/2020,1089,Wallet,Delivered
O030624,CUST030625,R030624,4/5/2023,912,Card,Delivered
O030625,CUST030626,R030625,6/20/2024,784,COD,Delivered
O030626,CUST030627,R030626,9/4/2021,1085,COD,Delivered
O030627,CUST030628,R030627,3/11/2020,210,Wallet,Cancelled
O030628,CUST030629,R030628,8/6/2024,1669,Wallet,Delivered
O030629,CUST030630,R030629,9/10/2022,1216,Wallet,Delivered
O030630,CUST030631,R030630,2/8/2019,1830,Wallet,Delivered
O030631,CUST030632,R030631,10/5/2022,1845,Wallet,Cancelled
O030632,CUST030633,R030632,10/20/2024,971,UPI,Delivered
O030633,CUST030634,R030633,11/13/2023,529,Card,Delivered
O030634,CUST030635,R030634,4/22/2025,1493,Wallet,Delivered
O030635,CUST030636,R030635,2/8/2020,1851,Card,Delivered
O030636,CUST030637,R030636,2/24/2022,705,UPI,Delivered
O030637,CUST030638,R030637,8/28/2022,1584,Card,Delivered
O030638,CUST030639,R030638,6/17/2019,401,COD,Cancelled
O030639,CUST030640,R030639,8/26/2021,701,UPI,Delivered
O030640,CUST030641,R030640,1/23/2021,317,COD,Cancelled
O030641,CUST030642,R030641,7/1/2020,1328,Card,Delivered
O030642,CUST030643,R030642,4/4/2024,1888,COD,Cancelled
O030643,CUST030644,R030643,2/3/2019,1447,UPI,Delivered
O030644,CUST030645,R030644,12/6/2024,937,Wallet,Delivered
O030645,CUST030646,R030645,12/2/2019,588,Wallet,Delivered
O030646,CUST030647,R030646,2/8/2025,190,Wallet,Delivered
O030647,CUST030648,R030647,9/19/2025,220,COD,Delivered
O030648,CUST030649,R030648,10/3/2022,1461,Card,Delivered
O030649,CUST030650,R030649,5/11/2025,1333,UPI,Delivered
O030650,CUST030651,R030650,2/9/2022,1628,Wallet,Delivered
O030651,CUST030652,R030651,1/12/2019,1962,COD,Delivered
O030652,CUST030653,R030652,4/21/2023,901,Wallet,Delivered
O030653,CUST030654,R030653,12/18/2023,1581,Card,Delivered
O030654,CUST030655,R030654,12/23/2019,1530,Wallet,Delivered
O030655,CUST030656,R030655,1/7/2019,1251,Card,Delivered
O030656,CUST030657,R030656,6/21/2025,678,UPI,Delivered
O030657,CUST030658,R030657,8/22/2025,1138,UPI,Delivered
O030658,CUST030659,R030658,4/20/2025,1678,Card,Cancelled
O030659,CUST030660,R030659,6/24/2022,391,COD,Delivered
O030660,CUST030661,R030660,1/23/2022,1844,Card,Delivered
O030661,CUST030662,R030661,6/19/2023,693,COD,Delivered
O030662,CUST030663,R030662,4/27/2024,1900,COD,Delivered
O030663,CUST030664,R030663,6/25/2019,817,UPI,Delivered
O030664,CUST030665,R030664,7/7/2025,441,Card,Delivered
O030665,CUST030666,R030665,5/24/2022,561,COD,Delivered
O030666,CUST030667,R030666,12/6/2021,1198,Wallet,Cancelled
O030667,CUST030668,R030667,9/10/2025,1146,Wallet,Cancelled
O030668,CUST030669,R030668,9/2/2021,867,UPI,Cancelled
O030669,CUST030670,R030669,10/16/2024,1306,Wallet,Delivered
O030670,CUST030671,R030670,8/4/2025,1290,Wallet,Delivered
O030671,CUST030672,R030671,4/15/2025,1469,Wallet,Cancelled
O030672,CUST030673,R030672,11/5/2022,1907,Card,Delivered
O030673,CUST030674,R030673,5/17/2019,1634,UPI,Delivered
O030674,CUST030675,R030674,3/21/2025,1322,Card,Delivered
O030675,CUST030676,R030675,2/8/2022,1560,Card,Delivered
O030676,CUST030677,R030676,6/22/2021,433,Card,Delivered
O030677,CUST030678,R030677,9/17/2020,1958,Card,Delivered
O030678,CUST030679,R030678,5/21/2024,178,Card,Delivered
O030679,CUST030680,R030679,6/1/2021,1870,COD,Delivered
O030680,CUST030681,R030680,3/19/2025,1291,COD,Cancelled
O030681,CUST030682,R030681,1/24/2025,483,COD,Delivered
O030682,CUST030683,R030682,4/26/2024,1098,Wallet,Delivered
O030683,CUST030684,R030683,8/27/2025,906,Wallet,Cancelled
O030684,CUST030685,R030684,1/17/2020,239,COD,Delivered
O030685,CUST030686,R030685,8/20/2024,1524,Card,Delivered
O030686,CUST030687,R030686,1/12/2021,1251,Wallet,Delivered
O030687,CUST030688,R030687,5/5/2023,1367,Card,Delivered
O030688,CUST030689,R030688,1/9/2020,1604,UPI,Cancelled
O030689,CUST030690,R030689,2/23/2021,1532,Card,Cancelled
O030690,CUST030691,R030690,1/17/2025,529,Card,Delivered
O030691,CUST030692,R030691,1/22/2020,396,Wallet,Delivered
O030692,CUST030693,R030692,8/16/2025,1913,COD,Delivered
O030693,CUST030694,R030693,11/21/2025,812,UPI,Delivered
O030694,CUST030695,R030694,3/6/2022,1584,COD,Delivered
O030695,CUST030696,R030695,12/26/2020,1142,Wallet,Delivered
O030696,CUST030697,R030696,5/2/2023,955,Card,Delivered
O030697,CUST030698,R030697,11/4/2025,283,COD,Delivered
O030698,CUST030699,R030698,8/21/2022,1612,COD,Delivered
O030699,CUST030700,R030699,9/12/2024,407,COD,Delivered
O030700,CUST030701,R030700,9/5/2021,1648,UPI,Delivered
O030701,CUST030702,R030701,10/4/2019,1220,COD,Delivered
O030702,CUST030703,R030702,7/4/2021,1324,UPI,Delivered
O030703,CUST030704,R030703,8/12/2025,189,COD,Delivered
O030704,CUST030705,R030704,4/23/2022,1024,Wallet,Delivered
O030705,CUST030706,R030705,5/13/2021,1530,COD,Delivered
O030706,CUST030707,R030706,6/15/2020,429,Wallet,Delivered
O030707,CUST030708,R030707,7/16/2020,1200,Card,Delivered
O030708,CUST030709,R030708,3/21/2022,801,UPI,Delivered
O030709,CUST030710,R030709,9/24/2020,1758,Card,Delivered
O030710,CUST030711,R030710,7/27/2020,391,COD,Delivered
O030711,CUST030712,R030711,7/16/2021,705,Card,Delivered
O030712,CUST030713,R030712,10/22/2024,1961,Card,Delivered
O030713,CUST030714,R030713,1/28/2025,1308,Card,Delivered
O030714,CUST030715,R030714,5/8/2021,1849,Card,Delivered
O030715,CUST030716,R030715,7/27/2021,940,UPI,Delivered
O030716,CUST030717,R030716,2/27/2019,817,Wallet,Cancelled
O030717,CUST030718,R030717,7/5/2022,684,COD,Delivered
O030718,CUST030719,R030718,1/7/2023,1321,Wallet,Delivered
O030719,CUST030720,R030719,6/9/2020,1057,COD,Delivered
O030720,CUST030721,R030720,3/10/2022,1481,COD,Delivered
O030721,CUST030722,R030721,7/16/2019,624,COD,Delivered
O030722,CUST030723,R030722,10/6/2020,613,COD,Delivered
O030723,CUST030724,R030723,6/12/2024,1103,Card,Delivered
O030724,CUST030725,R030724,4/5/2020,527,COD,Delivered
O030725,CUST030726,R030725,1/7/2025,772,Wallet,Delivered
O030726,CUST030727,R030726,11/11/2024,1131,UPI,Delivered
O030727,CUST030728,R030727,4/6/2023,703,COD,Delivered
O030728,CUST030729,R030728,9/9/2020,1657,UPI,Cancelled
O030729,CUST030730,R030729,12/9/2020,1005,UPI,Delivered
O030730,CUST030731,R030730,10/16/2021,178,UPI,Delivered
O030731,CUST030732,R030731,2/19/2020,1187,Card,Delivered
O030732,CUST030733,R030732,11/9/2024,1812,UPI,Delivered
O030733,CUST030734,R030733,7/20/2025,292,UPI,Delivered
O030734,CUST030735,R030734,1/25/2024,241,Card,Delivered
O030735,CUST030736,R030735,4/17/2024,229,COD,Delivered
O030736,CUST030737,R030736,9/7/2019,1774,COD,Delivered
O030737,CUST030738,R030737,6/15/2023,144,Card,Delivered
O030738,CUST030739,R030738,9/2/2020,564,UPI,Delivered
O030739,CUST030740,R030739,8/20/2022,747,Wallet,Delivered
O030740,CUST030741,R030740,12/28/2025,985,COD,Delivered
O030741,CUST030742,R030741,8/4/2024,427,Wallet,Delivered
O030742,CUST030743,R030742,6/19/2020,622,COD,Delivered
O030743,CUST030744,R030743,2/13/2021,1695,Card,Delivered
O030744,CUST030745,R030744,8/28/2020,798,UPI,Delivered
O030745,CUST030746,R030745,10/4/2021,1428,Wallet,Delivered
O030746,CUST030747,R030746,10/15/2020,965,UPI,Delivered
O030747,CUST030748,R030747,10/6/2022,1235,UPI,Cancelled
O030748,CUST030749,R030748,12/11/2019,1746,Wallet,Delivered
O030749,CUST030750,R030749,6/16/2019,1565,Card,Delivered
O030750,CUST030751,R030750,9/10/2024,295,UPI,Delivered
O030751,CUST030752,R030751,9/24/2020,1235,Wallet,Delivered
O030752,CUST030753,R030752,2/7/2023,363,Wallet,Delivered
O030753,CUST030754,R030753,4/22/2022,601,Wallet,Delivered
O030754,CUST030755,R030754,7/16/2024,1946,Wallet,Delivered
O030755,CUST030756,R030755,1/14/2020,282,COD,Delivered
O030756,CUST030757,R030756,10/7/2023,1024,COD,Delivered
O030757,CUST030758,R030757,6/1/2024,842,UPI,Delivered
O030758,CUST030759,R030758,2/5/2019,1648,Card,Delivered
O030759,CUST030760,R030759,4/3/2021,1009,Card,Delivered
O030760,CUST030761,R030760,10/7/2020,1819,Wallet,Delivered
O030761,CUST030762,R030761,5/14/2019,901,Wallet,Delivered
O030762,CUST030763,R030762,10/17/2024,1610,Card,Cancelled
O030763,CUST030764,R030763,10/13/2021,340,Wallet,Delivered
O030764,CUST030765,R030764,6/12/2023,1279,UPI,Cancelled
O030765,CUST030766,R030765,3/8/2025,451,Card,Delivered
O030766,CUST030767,R030766,8/23/2020,1658,UPI,Delivered
O030767,CUST030768,R030767,9/24/2020,263,COD,Cancelled
O030768,CUST030769,R030768,5/14/2025,326,UPI,Cancelled
O030769,CUST030770,R030769,3/23/2021,684,Card,Delivered
O030770,CUST030771,R030770,8/22/2022,930,COD,Delivered
O030771,CUST030772,R030771,2/27/2019,375,Card,Delivered
O030772,CUST030773,R030772,4/28/2023,625,UPI,Delivered
O030773,CUST030774,R030773,2/2/2024,1435,Card,Delivered
O030774,CUST030775,R030774,6/24/2019,561,Wallet,Delivered
O030775,CUST030776,R030775,9/11/2024,1226,Wallet,Delivered
O030776,CUST030777,R030776,5/7/2022,1136,Wallet,Delivered
O030777,CUST030778,R030777,4/14/2020,895,Wallet,Delivered
O030778,CUST030779,R030778,11/2/2020,1446,UPI,Delivered
O030779,CUST030780,R030779,1/5/2025,1318,UPI,Delivered
O030780,CUST030781,R030780,5/18/2022,370,UPI,Delivered
O030781,CUST030782,R030781,9/11/2020,954,Wallet,Delivered
O030782,CUST030783,R030782,11/18/2023,301,Card,Delivered
O030783,CUST030784,R030783,3/17/2022,1558,Card,Delivered
O030784,CUST030785,R030784,8/8/2019,1935,UPI,Delivered
O030785,CUST030786,R030785,8/22/2020,415,Card,Delivered
O030786,CUST030787,R030786,9/24/2025,163,Card,Delivered
O030787,CUST030788,R030787,6/21/2023,352,COD,Delivered
O030788,CUST030789,R030788,1/6/2019,1897,COD,Delivered
O030789,CUST030790,R030789,7/16/2024,796,Card,Delivered
O030790,CUST030791,R030790,5/11/2022,1003,UPI,Delivered
O030791,CUST030792,R030791,11/25/2020,1646,Card,Cancelled
O030792,CUST030793,R030792,5/24/2024,511,COD,Delivered
O030793,CUST030794,R030793,8/7/2023,614,COD,Delivered
O030794,CUST030795,R030794,6/14/2024,318,Card,Delivered
O030795,CUST030796,R030795,3/6/2020,1391,Card,Delivered
O030796,CUST030797,R030796,3/5/2021,223,UPI,Delivered
O030797,CUST030798,R030797,10/4/2022,1124,Wallet,Delivered
O030798,CUST030799,R030798,3/11/2025,660,Wallet,Delivered
O030799,CUST030800,R030799,3/1/2021,1253,Wallet,Delivered
O030800,CUST030801,R030800,6/9/2022,1932,COD,Delivered
O030801,CUST030802,R030801,6/15/2020,1086,UPI,Delivered
O030802,CUST030803,R030802,2/5/2023,1886,Card,Delivered
O030803,CUST030804,R030803,8/27/2019,1248,Wallet,Delivered
O030804,CUST030805,R030804,8/28/2024,1262,UPI,Cancelled
O030805,CUST030806,R030805,9/18/2021,302,Wallet,Delivered
O030806,CUST030807,R030806,2/16/2023,231,COD,Delivered
O030807,CUST030808,R030807,7/16/2024,1879,UPI,Delivered
O030808,CUST030809,R030808,3/3/2022,156,Card,Delivered
O030809,CUST030810,R030809,5/15/2023,1740,COD,Delivered
O030810,CUST030811,R030810,10/1/2024,1168,UPI,Cancelled
O030811,CUST030812,R030811,12/20/2024,276,Wallet,Delivered
O030812,CUST030813,R030812,6/24/2022,912,Wallet,Delivered
O030813,CUST030814,R030813,5/3/2024,659,COD,Delivered
O030814,CUST030815,R030814,12/24/2020,180,Wallet,Delivered
O030815,CUST030816,R030815,2/27/2023,1503,COD,Delivered
O030816,CUST030817,R030816,9/9/2019,1038,Wallet,Cancelled
O030817,CUST030818,R030817,1/2/2021,922,UPI,Delivered
O030818,CUST030819,R030818,5/12/2022,931,Wallet,Delivered
O030819,CUST030820,R030819,11/3/2022,1748,Card,Delivered
O030820,CUST030821,R030820,3/11/2019,1986,COD,Delivered
O030821,CUST030822,R030821,12/13/2024,1673,UPI,Delivered
O030822,CUST030823,R030822,1/9/2025,1401,Card,Delivered
O030823,CUST030824,R030823,10/24/2024,1971,Wallet,Delivered
O030824,CUST030825,R030824,8/14/2019,1799,Wallet,Delivered
O030825,CUST030826,R030825,10/19/2019,1131,Card,Delivered
O030826,CUST030827,R030826,5/13/2024,748,Wallet,Delivered
O030827,CUST030828,R030827,1/3/2022,224,COD,Delivered
O030828,CUST030829,R030828,11/3/2021,657,COD,Delivered
O030829,CUST030830,R030829,2/9/2021,1082,UPI,Delivered
O030830,CUST030831,R030830,10/5/2019,1458,COD,Delivered
O030831,CUST030832,R030831,6/1/2024,1019,Wallet,Delivered
O030832,CUST030833,R030832,4/3/2020,1269,UPI,Delivered
O030833,CUST030834,R030833,3/11/2019,1141,COD,Delivered
O030834,CUST030835,R030834,4/13/2022,1892,UPI,Delivered
O030835,CUST030836,R030835,4/10/2021,1445,UPI,Delivered
O030836,CUST030837,R030836,7/12/2020,157,UPI,Cancelled
O030837,CUST030838,R030837,1/15/2025,1843,UPI,Delivered
O030838,CUST030839,R030838,3/19/2024,1760,UPI,Delivered
O030839,CUST030840,R030839,6/16/2020,364,COD,Delivered
O030840,CUST030841,R030840,4/26/2024,369,UPI,Delivered
O030841,CUST030842,R030841,12/12/2023,317,Card,Delivered
O030842,CUST030843,R030842,10/3/2023,699,Card,Delivered
O030843,CUST030844,R030843,10/27/2019,360,Card,Delivered
O030844,CUST030845,R030844,2/23/2019,634,COD,Delivered
O030845,CUST030846,R030845,10/26/2022,929,Wallet,Delivered
O030846,CUST030847,R030846,2/23/2019,758,Wallet,Delivered
O030847,CUST030848,R030847,10/15/2022,1509,COD,Delivered
O030848,CUST030849,R030848,4/7/2023,172,Wallet,Delivered
O030849,CUST030850,R030849,11/6/2024,1674,UPI,Delivered
O030850,CUST030851,R030850,4/10/2020,614,UPI,Delivered
O030851,CUST030852,R030851,12/1/2022,1376,UPI,Delivered
O030852,CUST030853,R030852,2/11/2022,154,Wallet,Delivered
O030853,CUST030854,R030853,8/20/2021,997,Wallet,Delivered
O030854,CUST030855,R030854,3/7/2025,108,Card,Cancelled
O030855,CUST030856,R030855,5/26/2022,1371,UPI,Delivered
O030856,CUST030857,R030856,4/9/2019,1882,COD,Cancelled
O030857,CUST030858,R030857,5/27/2023,251,Wallet,Delivered
O030858,CUST030859,R030858,6/21/2024,1558,Card,Delivered
O030859,CUST030860,R030859,9/18/2019,418,COD,Delivered
O030860,CUST030861,R030860,6/9/2024,1940,UPI,Delivered
O030861,CUST030862,R030861,11/16/2019,1624,COD,Delivered
O030862,CUST030863,R030862,5/25/2021,1052,Card,Delivered
O030863,CUST030864,R030863,2/28/2022,1796,COD,Delivered
O030864,CUST030865,R030864,1/20/2019,795,COD,Delivered
O030865,CUST030866,R030865,4/2/2021,543,COD,Delivered
O030866,CUST030867,R030866,5/28/2023,375,Wallet,Delivered
O030867,CUST030868,R030867,7/4/2020,1386,COD,Delivered
O030868,CUST030869,R030868,9/10/2019,747,Wallet,Delivered
O030869,CUST030870,R030869,1/28/2025,1302,Card,Delivered
O030870,CUST030871,R030870,11/18/2020,814,COD,Delivered
O030871,CUST030872,R030871,1/27/2024,934,UPI,Delivered
O030872,CUST030873,R030872,3/9/2023,1864,Wallet,Delivered
O030873,CUST030874,R030873,1/15/2021,147,UPI,Delivered
O030874,CUST030875,R030874,1/8/2023,1284,Card,Cancelled
O030875,CUST030876,R030875,10/22/2021,1680,UPI,Delivered
O030876,CUST030877,R030876,8/10/2022,1412,COD,Delivered
O030877,CUST030878,R030877,11/24/2022,412,UPI,Delivered
O030878,CUST030879,R030878,5/12/2021,203,COD,Delivered
O030879,CUST030880,R030879,5/23/2023,1936,COD,Delivered
O030880,CUST030881,R030880,2/26/2022,113,Card,Delivered
O030881,CUST030882,R030881,11/19/2021,1741,COD,Delivered
O030882,CUST030883,R030882,9/22/2020,919,COD,Delivered
O030883,CUST030884,R030883,4/28/2025,965,Card,Delivered
O030884,CUST030885,R030884,2/23/2019,550,Wallet,Delivered
O030885,CUST030886,R030885,7/3/2020,591,Wallet,Delivered
O030886,CUST030887,R030886,7/2/2023,1665,UPI,Delivered
O030887,CUST030888,R030887,7/9/2023,901,Wallet,Delivered
O030888,CUST030889,R030888,11/4/2021,1345,Wallet,Delivered
O030889,CUST030890,R030889,12/4/2019,1028,Card,Delivered
O030890,CUST030891,R030890,7/19/2024,1215,Wallet,Delivered
O030891,CUST030892,R030891,5/6/2021,1721,Card,Delivered
O030892,CUST030893,R030892,8/18/2025,1726,Wallet,Delivered
O030893,CUST030894,R030893,5/8/2025,264,Card,Delivered
O030894,CUST030895,R030894,7/13/2023,1358,Card,Delivered
O030895,CUST030896,R030895,1/19/2020,1975,COD,Delivered
O030896,CUST030897,R030896,8/28/2023,1009,Wallet,Delivered
O030897,CUST030898,R030897,4/4/2019,638,Card,Delivered
O030898,CUST030899,R030898,9/19/2023,679,Wallet,Delivered
O030899,CUST030900,R030899,3/3/2025,1186,COD,Cancelled
O030900,CUST030901,R030900,11/10/2021,1956,Wallet,Delivered
O030901,CUST030902,R030901,11/4/2021,1563,Wallet,Delivered
O030902,CUST030903,R030902,11/5/2024,1117,Wallet,Cancelled
O030903,CUST030904,R030903,1/6/2025,1431,Wallet,Delivered
O030904,CUST030905,R030904,7/27/2025,1759,Wallet,Cancelled
O030905,CUST030906,R030905,8/18/2025,881,UPI,Delivered
O030906,CUST030907,R030906,1/11/2023,309,Card,Delivered
O030907,CUST030908,R030907,3/21/2019,1446,COD,Delivered
O030908,CUST030909,R030908,3/7/2023,1765,Card,Delivered
O030909,CUST030910,R030909,7/23/2025,625,UPI,Delivered
O030910,CUST030911,R030910,11/26/2021,1441,UPI,Delivered
O030911,CUST030912,R030911,4/14/2023,296,COD,Delivered
O030912,CUST030913,R030912,11/25/2020,845,Card,Delivered
O030913,CUST030914,R030913,5/22/2024,163,COD,Cancelled
O030914,CUST030915,R030914,7/27/2023,1180,Card,Delivered
O030915,CUST030916,R030915,4/2/2024,1745,COD,Delivered
O030916,CUST030917,R030916,4/1/2020,1091,UPI,Delivered
O030917,CUST030918,R030917,5/28/2022,530,COD,Delivered
O030918,CUST030919,R030918,2/28/2025,498,Wallet,Delivered
O030919,CUST030920,R030919,1/6/2023,2000,Wallet,Delivered
O030920,CUST030921,R030920,11/15/2020,178,COD,Delivered
O030921,CUST030922,R030921,3/2/2020,1425,UPI,Delivered
O030922,CUST030923,R030922,1/9/2019,1254,Wallet,Delivered
O030923,CUST030924,R030923,9/8/2019,1549,UPI,Delivered
O030924,CUST030925,R030924,4/11/2025,1812,Wallet,Delivered
O030925,CUST030926,R030925,4/20/2019,1473,Wallet,Delivered
O030926,CUST030927,R030926,8/17/2025,1724,COD,Delivered
O030927,CUST030928,R030927,1/28/2023,1808,UPI,Delivered
O030928,CUST030929,R030928,9/12/2024,1535,UPI,Delivered
O030929,CUST030930,R030929,8/24/2024,279,UPI,Delivered
O030930,CUST030931,R030930,8/23/2024,1097,Card,Delivered
O030931,CUST030932,R030931,10/18/2022,1631,Card,Delivered
O030932,CUST030933,R030932,1/22/2022,299,Card,Delivered
O030933,CUST030934,R030933,9/21/2020,1759,UPI,Delivered
O030934,CUST030935,R030934,2/18/2025,614,Card,Delivered
O030935,CUST030936,R030935,11/26/2023,486,COD,Delivered
O030936,CUST030937,R030936,9/24/2025,775,Wallet,Delivered
O030937,CUST030938,R030937,6/6/2019,286,COD,Delivered
O030938,CUST030939,R030938,1/23/2023,662,COD,Delivered
O030939,CUST030940,R030939,12/5/2022,1087,COD,Delivered
O030940,CUST030941,R030940,5/4/2020,1040,COD,Delivered
O030941,CUST030942,R030941,12/28/2023,724,UPI,Cancelled
O030942,CUST030943,R030942,12/14/2022,908,Wallet,Delivered
O030943,CUST030944,R030943,10/26/2019,1141,Wallet,Delivered
O030944,CUST030945,R030944,1/13/2024,1247,Wallet,Cancelled
O030945,CUST030946,R030945,10/4/2024,1860,Card,Delivered
O030946,CUST030947,R030946,5/15/2021,1550,UPI,Delivered
O030947,CUST030948,R030947,11/22/2021,1243,UPI,Cancelled
O030948,CUST030949,R030948,5/7/2023,1480,Card,Delivered
O030949,CUST030950,R030949,8/19/2022,391,Card,Delivered
O030950,CUST030951,R030950,12/15/2019,1848,Card,Delivered
O030951,CUST030952,R030951,5/20/2023,279,Card,Delivered
O030952,CUST030953,R030952,8/27/2024,1720,COD,Delivered
O030953,CUST030954,R030953,8/19/2023,1148,COD,Cancelled
O030954,CUST030955,R030954,3/23/2025,384,Card,Delivered
O030955,CUST030956,R030955,10/24/2021,699,Wallet,Delivered
O030956,CUST030957,R030956,6/21/2021,756,Wallet,Delivered
O030957,CUST030958,R030957,4/15/2023,148,COD,Delivered
O030958,CUST030959,R030958,6/26/2019,1477,UPI,Cancelled
O030959,CUST030960,R030959,12/10/2021,1210,COD,Cancelled
O030960,CUST030961,R030960,10/6/2021,858,UPI,Delivered
O030961,CUST030962,R030961,9/2/2020,1096,Wallet,Delivered
O030962,CUST030963,R030962,8/16/2024,1020,Card,Delivered
O030963,CUST030964,R030963,7/10/2019,1955,Card,Delivered
O030964,CUST030965,R030964,8/15/2025,366,Wallet,Delivered
O030965,CUST030966,R030965,10/9/2019,1764,COD,Delivered
O030966,CUST030967,R030966,12/19/2021,669,UPI,Delivered
O030967,CUST030968,R030967,5/3/2021,1440,COD,Delivered
O030968,CUST030969,R030968,9/25/2019,781,Wallet,Delivered
O030969,CUST030970,R030969,11/24/2021,844,Card,Delivered
O030970,CUST030971,R030970,6/2/2019,193,COD,Delivered
O030971,CUST030972,R030971,12/19/2022,1521,COD,Delivered
O030972,CUST030973,R030972,4/11/2019,364,COD,Delivered
O030973,CUST030974,R030973,12/8/2019,1437,UPI,Delivered
O030974,CUST030975,R030974,1/2/2025,1141,Card,Delivered
O030975,CUST030976,R030975,2/3/2025,1239,UPI,Delivered
O030976,CUST030977,R030976,11/11/2024,1999,Wallet,Delivered
O030977,CUST030978,R030977,3/23/2025,1169,COD,Delivered
O030978,CUST030979,R030978,9/10/2024,1425,Card,Delivered
O030979,CUST030980,R030979,11/14/2021,286,UPI,Delivered
O030980,CUST030981,R030980,4/14/2021,1056,Card,Delivered
O030981,CUST030982,R030981,1/19/2022,397,UPI,Delivered
O030982,CUST030983,R030982,2/19/2023,1473,Card,Delivered
O030983,CUST030984,R030983,1/25/2019,280,COD,Delivered
O030984,CUST030985,R030984,8/13/2024,619,Card,Delivered
O030985,CUST030986,R030985,6/20/2021,1882,Card,Delivered
O030986,CUST030987,R030986,8/2/2021,1229,Card,Delivered
O030987,CUST030988,R030987,1/4/2025,1813,Card,Delivered
O030988,CUST030989,R030988,10/25/2020,898,Wallet,Delivered
O030989,CUST030990,R030989,6/26/2022,726,Wallet,Cancelled
O030990,CUST030991,R030990,9/4/2025,786,COD,Delivered
O030991,CUST030992,R030991,1/7/2024,1041,Wallet,Delivered
O030992,CUST030993,R030992,3/9/2023,957,COD,Delivered
O030993,CUST030994,R030993,8/9/2025,1338,UPI,Delivered
O030994,CUST030995,R030994,9/13/2024,1026,Wallet,Delivered
O030995,CUST030996,R030995,11/28/2021,1264,UPI,Delivered
O030996,CUST030997,R030996,9/20/2021,1797,Wallet,Delivered
O030997,CUST030998,R030997,1/16/2021,1291,Wallet,Delivered
O030998,CUST030999,R030998,7/17/2023,1499,Wallet,Delivered
O030999,CUST031000,R030999,8/24/2021,1051,UPI,Delivered
O031000,CUST031001,R031000,6/4/2022,618,COD,Delivered
O031001,CUST031002,R031001,4/9/2021,1610,Wallet,Cancelled
O031002,CUST031003,R031002,4/9/2021,1482,UPI,Delivered
O031003,CUST031004,R031003,3/15/2022,1988,Wallet,Delivered
O031004,CUST031005,R031004,3/17/2023,1038,UPI,Delivered
O031005,CUST031006,R031005,6/6/2020,1669,UPI,Cancelled
O031006,CUST031007,R031006,5/20/2024,193,UPI,Delivered
O031007,CUST031008,R031007,8/24/2021,1781,Card,Delivered
O031008,CUST031009,R031008,1/11/2020,1975,COD,Delivered
O031009,CUST031010,R031009,12/5/2021,1620,Card,Delivered
O031010,CUST031011,R031010,1/13/2025,103,Card,Delivered
O031011,CUST031012,R031011,8/28/2020,353,UPI,Delivered
O031012,CUST031013,R031012,8/22/2025,667,Wallet,Delivered
O031013,CUST031014,R031013,10/26/2019,899,Card,Delivered
O031014,CUST031015,R031014,11/3/2023,338,Wallet,Delivered
O031015,CUST031016,R031015,1/18/2019,575,UPI,Delivered
O031016,CUST031017,R031016,6/10/2024,1653,Card,Delivered
O031017,CUST031018,R031017,5/27/2025,654,UPI,Delivered
O031018,CUST031019,R031018,6/3/2022,1286,Wallet,Cancelled
O031019,CUST031020,R031019,5/14/2024,821,UPI,Delivered
O031020,CUST031021,R031020,8/5/2021,1397,UPI,Cancelled
O031021,CUST031022,R031021,6/6/2019,1635,Wallet,Delivered
O031022,CUST031023,R031022,6/14/2022,1411,Card,Cancelled
O031023,CUST031024,R031023,1/7/2025,146,UPI,Delivered
O031024,CUST031025,R031024,4/22/2022,1155,Wallet,Cancelled
O031025,CUST031026,R031025,7/17/2022,327,COD,Delivered
O031026,CUST031027,R031026,6/20/2020,560,Wallet,Delivered
O031027,CUST031028,R031027,2/15/2021,1855,COD,Delivered
O031028,CUST031029,R031028,9/12/2021,191,COD,Delivered
O031029,CUST031030,R031029,3/6/2021,380,Card,Delivered
O031030,CUST031031,R031030,3/1/2020,315,Wallet,Delivered
O031031,CUST031032,R031031,6/25/2022,1076,UPI,Delivered
O031032,CUST031033,R031032,10/23/2024,431,UPI,Delivered
O031033,CUST031034,R031033,12/28/2025,1409,Wallet,Cancelled
O031034,CUST031035,R031034,2/28/2021,790,Wallet,Delivered
O031035,CUST031036,R031035,9/15/2025,1499,Card,Delivered
O031036,CUST031037,R031036,10/11/2023,190,COD,Delivered
O031037,CUST031038,R031037,9/10/2025,1199,UPI,Delivered
O031038,CUST031039,R031038,9/10/2019,372,Card,Delivered
O031039,CUST031040,R031039,9/22/2023,1616,UPI,Cancelled
O031040,CUST031041,R031040,11/22/2019,1942,COD,Delivered
O031041,CUST031042,R031041,9/13/2021,235,UPI,Delivered
O031042,CUST031043,R031042,4/22/2024,600,Card,Delivered
O031043,CUST031044,R031043,11/1/2023,850,Card,Delivered
O031044,CUST031045,R031044,5/27/2020,274,UPI,Cancelled
O031045,CUST031046,R031045,3/27/2024,519,Wallet,Delivered
O031046,CUST031047,R031046,5/28/2023,1026,Card,Delivered
O031047,CUST031048,R031047,12/18/2022,407,COD,Delivered
O031048,CUST031049,R031048,5/10/2019,1120,COD,Delivered
O031049,CUST031050,R031049,9/6/2020,862,Wallet,Delivered
O031050,CUST031051,R031050,11/11/2020,816,Wallet,Delivered
O031051,CUST031052,R031051,9/4/2019,1366,UPI,Delivered
O031052,CUST031053,R031052,3/3/2024,1232,Wallet,Delivered
O031053,CUST031054,R031053,3/17/2024,323,Wallet,Delivered
O031054,CUST031055,R031054,12/8/2023,908,Wallet,Delivered
O031055,CUST031056,R031055,4/16/2024,216,Card,Cancelled
O031056,CUST031057,R031056,5/16/2025,1478,UPI,Delivered
O031057,CUST031058,R031057,7/8/2022,1792,UPI,Delivered
O031058,CUST031059,R031058,6/22/2019,136,UPI,Delivered
O031059,CUST031060,R031059,4/23/2023,1698,Card,Delivered
O031060,CUST031061,R031060,2/20/2024,197,COD,Delivered
O031061,CUST031062,R031061,9/4/2023,1748,COD,Delivered
O031062,CUST031063,R031062,3/15/2020,653,COD,Cancelled
O031063,CUST031064,R031063,6/6/2020,1159,UPI,Delivered
O031064,CUST031065,R031064,5/26/2021,131,Wallet,Delivered
O031065,CUST031066,R031065,11/28/2021,848,Wallet,Delivered
O031066,CUST031067,R031066,11/11/2019,952,COD,Delivered
O031067,CUST031068,R031067,3/20/2021,524,Card,Delivered
O031068,CUST031069,R031068,7/11/2019,1349,Card,Delivered
O031069,CUST031070,R031069,4/10/2020,143,UPI,Delivered
O031070,CUST031071,R031070,1/3/2021,981,COD,Delivered
O031071,CUST031072,R031071,10/10/2023,511,Wallet,Delivered
O031072,CUST031073,R031072,9/26/2020,886,Wallet,Delivered
O031073,CUST031074,R031073,5/8/2025,1821,COD,Delivered
O031074,CUST031075,R031074,6/12/2022,938,UPI,Delivered
O031075,CUST031076,R031075,6/3/2023,1743,Card,Delivered
O031076,CUST031077,R031076,10/25/2019,1359,Wallet,Delivered
O031077,CUST031078,R031077,6/2/2020,1220,UPI,Cancelled
O031078,CUST031079,R031078,11/16/2019,1982,Wallet,Delivered
O031079,CUST031080,R031079,12/14/2021,140,COD,Delivered
O031080,CUST031081,R031080,7/14/2020,1793,Card,Delivered
O031081,CUST031082,R031081,3/27/2020,1977,UPI,Delivered
O031082,CUST031083,R031082,8/14/2024,1705,Wallet,Delivered
O031083,CUST031084,R031083,5/28/2021,1089,UPI,Delivered
O031084,CUST031085,R031084,4/19/2023,127,COD,Delivered
O031085,CUST031086,R031085,11/23/2019,502,COD,Delivered
O031086,CUST031087,R031086,1/3/2020,549,COD,Delivered
O031087,CUST031088,R031087,11/22/2020,598,Wallet,Delivered
O031088,CUST031089,R031088,2/25/2025,1358,COD,Delivered
O031089,CUST031090,R031089,12/6/2021,1149,Wallet,Delivered
O031090,CUST031091,R031090,8/4/2022,837,UPI,Delivered
O031091,CUST031092,R031091,6/11/2019,884,COD,Delivered
O031092,CUST031093,R031092,3/9/2023,1701,Card,Delivered
O031093,CUST031094,R031093,11/8/2023,1901,COD,Delivered
O031094,CUST031095,R031094,1/11/2020,1594,Wallet,Delivered
O031095,CUST031096,R031095,8/8/2024,1321,Card,Delivered
O031096,CUST031097,R031096,8/23/2023,1754,Wallet,Delivered
O031097,CUST031098,R031097,8/13/2020,1688,Card,Delivered
O031098,CUST031099,R031098,7/18/2020,294,UPI,Delivered
O031099,CUST031100,R031099,11/12/2025,166,COD,Delivered
O031100,CUST031101,R031100,1/24/2022,1591,Card,Delivered
O031101,CUST031102,R031101,8/20/2020,129,COD,Delivered
O031102,CUST031103,R031102,8/1/2023,767,Wallet,Delivered
O031103,CUST031104,R031103,12/28/2022,1309,COD,Delivered
O031104,CUST031105,R031104,8/26/2022,927,Wallet,Delivered
O031105,CUST031106,R031105,2/2/2023,1745,UPI,Delivered
O031106,CUST031107,R031106,11/10/2021,1100,Wallet,Delivered
O031107,CUST031108,R031107,9/12/2023,1812,UPI,Cancelled
O031108,CUST031109,R031108,12/9/2022,1365,Wallet,Delivered
O031109,CUST031110,R031109,6/11/2021,1973,UPI,Delivered
O031110,CUST031111,R031110,1/22/2025,1733,UPI,Delivered
O031111,CUST031112,R031111,10/19/2023,1393,UPI,Delivered
O031112,CUST031113,R031112,7/15/2023,215,COD,Delivered
O031113,CUST031114,R031113,2/24/2022,225,UPI,Delivered
O031114,CUST031115,R031114,3/10/2024,174,Card,Cancelled
O031115,CUST031116,R031115,11/2/2019,854,Card,Delivered
O031116,CUST031117,R031116,4/1/2020,1980,Card,Cancelled
O031117,CUST031118,R031117,5/21/2021,544,COD,Delivered
O031118,CUST031119,R031118,10/24/2024,839,Wallet,Delivered
O031119,CUST031120,R031119,8/19/2020,716,Wallet,Delivered
O031120,CUST031121,R031120,1/9/2021,1472,Card,Delivered
O031121,CUST031122,R031121,9/6/2019,1993,Wallet,Delivered
O031122,CUST031123,R031122,2/5/2023,1590,Wallet,Delivered
O031123,CUST031124,R031123,11/8/2024,460,Wallet,Delivered
O031124,CUST031125,R031124,3/28/2023,1009,Wallet,Delivered
O031125,CUST031126,R031125,7/10/2020,1776,Wallet,Delivered
O031126,CUST031127,R031126,10/19/2024,854,Wallet,Delivered
O031127,CUST031128,R031127,2/5/2024,1866,UPI,Delivered
O031128,CUST031129,R031128,7/24/2021,1476,UPI,Delivered
O031129,CUST031130,R031129,1/11/2022,1771,Card,Delivered
O031130,CUST031131,R031130,2/23/2023,204,Wallet,Delivered
O031131,CUST031132,R031131,9/19/2024,1467,Card,Delivered
O031132,CUST031133,R031132,9/16/2021,332,COD,Cancelled
O031133,CUST031134,R031133,12/4/2024,199,Card,Delivered
O031134,CUST031135,R031134,10/16/2019,1654,COD,Delivered
O031135,CUST031136,R031135,2/27/2023,1250,Card,Delivered
O031136,CUST031137,R031136,7/3/2019,1945,COD,Delivered
O031137,CUST031138,R031137,7/22/2020,386,COD,Delivered
O031138,CUST031139,R031138,2/4/2022,438,COD,Delivered
O031139,CUST031140,R031139,12/25/2024,275,COD,Delivered
O031140,CUST031141,R031140,3/3/2021,1242,Card,Delivered
O031141,CUST031142,R031141,7/7/2020,853,Wallet,Delivered
O031142,CUST031143,R031142,7/2/2019,1148,UPI,Delivered
O031143,CUST031144,R031143,5/16/2025,593,COD,Delivered
O031144,CUST031145,R031144,9/25/2020,892,UPI,Delivered
O031145,CUST031146,R031145,11/7/2020,1784,Wallet,Delivered
O031146,CUST031147,R031146,4/10/2019,1969,Wallet,Delivered
O031147,CUST031148,R031147,8/7/2021,1204,Card,Delivered
O031148,CUST031149,R031148,3/19/2020,1638,UPI,Delivered
O031149,CUST031150,R031149,7/9/2025,1365,COD,Delivered
O031150,CUST031151,R031150,1/23/2025,1904,Wallet,Delivered
O031151,CUST031152,R031151,10/10/2022,1956,Card,Delivered
O031152,CUST031153,R031152,1/22/2019,1791,COD,Delivered
O031153,CUST031154,R031153,2/26/2025,1914,Card,Delivered
O031154,CUST031155,R031154,1/17/2020,514,COD,Delivered
O031155,CUST031156,R031155,7/24/2019,765,COD,Delivered
O031156,CUST031157,R031156,11/26/2025,810,Card,Delivered
O031157,CUST031158,R031157,1/19/2023,508,Wallet,Delivered
O031158,CUST031159,R031158,2/2/2022,555,COD,Delivered
O031159,CUST031160,R031159,2/24/2025,1585,UPI,Delivered
O031160,CUST031161,R031160,9/7/2022,815,COD,Delivered
O031161,CUST031162,R031161,10/3/2022,1254,Wallet,Cancelled
O031162,CUST031163,R031162,3/3/2020,982,UPI,Delivered
O031163,CUST031164,R031163,7/18/2024,675,Wallet,Delivered
O031164,CUST031165,R031164,6/5/2024,1571,Card,Delivered
O031165,CUST031166,R031165,12/16/2021,1582,Wallet,Delivered
O031166,CUST031167,R031166,8/7/2025,121,UPI,Delivered
O031167,CUST031168,R031167,8/12/2020,1508,Wallet,Delivered
O031168,CUST031169,R031168,8/21/2021,1436,Card,Delivered
O031169,CUST031170,R031169,3/20/2022,427,COD,Delivered
O031170,CUST031171,R031170,7/23/2019,126,Card,Delivered
O031171,CUST031172,R031171,12/11/2020,172,Wallet,Delivered
O031172,CUST031173,R031172,5/19/2020,1672,COD,Cancelled
O031173,CUST031174,R031173,1/2/2019,1914,COD,Delivered
O031174,CUST031175,R031174,2/3/2020,1473,Wallet,Delivered
O031175,CUST031176,R031175,11/4/2023,1026,COD,Cancelled
O031176,CUST031177,R031176,9/6/2021,1389,Wallet,Delivered
O031177,CUST031178,R031177,2/6/2024,1659,Wallet,Delivered
O031178,CUST031179,R031178,4/17/2019,738,Wallet,Delivered
O031179,CUST031180,R031179,8/10/2021,165,COD,Delivered
O031180,CUST031181,R031180,6/20/2025,1551,COD,Cancelled
O031181,CUST031182,R031181,6/9/2021,1480,Card,Delivered
O031182,CUST031183,R031182,2/21/2020,515,UPI,Delivered
O031183,CUST031184,R031183,3/24/2021,1356,UPI,Delivered
O031184,CUST031185,R031184,4/12/2025,215,COD,Delivered
O031185,CUST031186,R031185,5/20/2020,765,Card,Delivered
O031186,CUST031187,R031186,10/18/2022,122,COD,Cancelled
O031187,CUST031188,R031187,2/26/2020,1133,UPI,Delivered
O031188,CUST031189,R031188,12/1/2025,1654,Card,Delivered
O031189,CUST031190,R031189,1/28/2024,1005,Wallet,Delivered
O031190,CUST031191,R031190,2/28/2025,387,COD,Delivered
O031191,CUST031192,R031191,9/27/2024,398,Wallet,Delivered
O031192,CUST031193,R031192,4/5/2023,1720,Wallet,Delivered
O031193,CUST031194,R031193,10/14/2022,279,Card,Delivered
O031194,CUST031195,R031194,2/4/2023,1271,UPI,Delivered
O031195,CUST031196,R031195,2/16/2020,1143,Wallet,Delivered
O031196,CUST031197,R031196,4/6/2022,1443,UPI,Delivered
O031197,CUST031198,R031197,7/9/2021,1733,Wallet,Delivered
O031198,CUST031199,R031198,1/14/2022,1394,Wallet,Delivered
O031199,CUST031200,R031199,2/15/2022,1639,COD,Delivered
O031200,CUST031201,R031200,10/27/2021,1761,UPI,Delivered
O031201,CUST031202,R031201,9/11/2020,1314,Card,Delivered
O031202,CUST031203,R031202,9/22/2019,623,Card,Delivered
O031203,CUST031204,R031203,2/22/2025,1381,Card,Delivered
O031204,CUST031205,R031204,5/21/2019,1914,COD,Delivered
O031205,CUST031206,R031205,3/28/2020,622,Card,Cancelled
O031206,CUST031207,R031206,9/26/2022,430,UPI,Delivered
O031207,CUST031208,R031207,2/26/2023,460,Card,Delivered
O031208,CUST031209,R031208,11/24/2025,337,COD,Delivered
O031209,CUST031210,R031209,12/22/2022,631,Wallet,Delivered
O031210,CUST031211,R031210,8/5/2020,1977,Card,Cancelled
O031211,CUST031212,R031211,2/17/2024,583,Card,Delivered
O031212,CUST031213,R031212,2/3/2021,1001,COD,Delivered
O031213,CUST031214,R031213,9/2/2022,949,COD,Delivered
O031214,CUST031215,R031214,8/27/2019,677,Wallet,Delivered
O031215,CUST031216,R031215,8/11/2023,867,Wallet,Delivered
O031216,CUST031217,R031216,11/25/2022,1060,UPI,Delivered
O031217,CUST031218,R031217,5/12/2020,1103,COD,Cancelled
O031218,CUST031219,R031218,1/3/2024,1712,Card,Delivered
O031219,CUST031220,R031219,7/14/2019,1520,UPI,Delivered
O031220,CUST031221,R031220,3/22/2022,1131,UPI,Cancelled
O031221,CUST031222,R031221,1/5/2020,1331,Card,Delivered
O031222,CUST031223,R031222,8/16/2024,248,Card,Delivered
O031223,CUST031224,R031223,6/14/2025,1768,Card,Cancelled
O031224,CUST031225,R031224,5/12/2019,237,Card,Delivered
O031225,CUST031226,R031225,6/25/2025,1673,COD,Delivered
O031226,CUST031227,R031226,3/16/2024,1058,Card,Delivered
O031227,CUST031228,R031227,8/21/2019,294,Card,Delivered
O031228,CUST031229,R031228,6/23/2023,482,COD,Delivered
O031229,CUST031230,R031229,5/20/2024,720,Wallet,Delivered
O031230,CUST031231,R031230,7/14/2022,1906,COD,Delivered
O031231,CUST031232,R031231,12/25/2023,1328,UPI,Delivered
O031232,CUST031233,R031232,3/9/2021,1310,Card,Cancelled
O031233,CUST031234,R031233,5/3/2024,748,UPI,Delivered
O031234,CUST031235,R031234,4/28/2022,992,COD,Delivered
O031235,CUST031236,R031235,12/13/2024,877,UPI,Cancelled
O031236,CUST031237,R031236,2/8/2020,1556,UPI,Delivered
O031237,CUST031238,R031237,2/9/2023,1754,COD,Delivered
O031238,CUST031239,R031238,7/7/2025,1290,Card,Cancelled
O031239,CUST031240,R031239,9/11/2024,718,Wallet,Delivered
O031240,CUST031241,R031240,9/22/2020,927,Card,Delivered
O031241,CUST031242,R031241,10/17/2020,701,COD,Delivered
O031242,CUST031243,R031242,1/14/2019,765,Card,Delivered
O031243,CUST031244,R031243,8/2/2023,1994,COD,Delivered
O031244,CUST031245,R031244,3/18/2021,1415,COD,Delivered
O031245,CUST031246,R031245,9/9/2022,465,COD,Delivered
O031246,CUST031247,R031246,1/6/2022,1284,UPI,Delivered
O031247,CUST031248,R031247,12/1/2025,1036,Card,Delivered
O031248,CUST031249,R031248,9/1/2020,964,UPI,Delivered
O031249,CUST031250,R031249,2/9/2019,1600,COD,Cancelled
O031250,CUST031251,R031250,1/17/2021,1084,COD,Delivered
O031251,CUST031252,R031251,3/8/2021,1334,Card,Delivered
O031252,CUST031253,R031252,2/12/2021,238,UPI,Delivered
O031253,CUST031254,R031253,2/10/2025,1014,UPI,Delivered
O031254,CUST031255,R031254,2/18/2025,318,UPI,Delivered
O031255,CUST031256,R031255,2/18/2022,1393,UPI,Delivered
O031256,CUST031257,R031256,4/24/2025,195,Card,Delivered
O031257,CUST031258,R031257,2/13/2025,143,COD,Delivered
O031258,CUST031259,R031258,10/19/2022,126,Card,Delivered
O031259,CUST031260,R031259,1/1/2022,1074,Card,Delivered
O031260,CUST031261,R031260,2/2/2020,1663,UPI,Delivered
O031261,CUST031262,R031261,8/24/2023,754,Wallet,Delivered
O031262,CUST031263,R031262,5/4/2021,372,Wallet,Delivered
O031263,CUST031264,R031263,10/26/2019,744,Card,Delivered
O031264,CUST031265,R031264,3/5/2023,950,Wallet,Delivered
O031265,CUST031266,R031265,6/6/2025,866,COD,Delivered
O031266,CUST031267,R031266,3/7/2020,1123,Wallet,Delivered
O031267,CUST031268,R031267,9/13/2025,990,Wallet,Delivered
O031268,CUST031269,R031268,7/27/2022,1183,UPI,Delivered
O031269,CUST031270,R031269,8/18/2022,1712,Wallet,Delivered
O031270,CUST031271,R031270,4/14/2020,1138,Card,Delivered
O031271,CUST031272,R031271,9/14/2022,1643,UPI,Delivered
O031272,CUST031273,R031272,4/24/2024,1751,Card,Delivered
O031273,CUST031274,R031273,9/14/2023,1280,UPI,Delivered
O031274,CUST031275,R031274,4/18/2024,371,Wallet,Cancelled
O031275,CUST031276,R031275,3/18/2021,1889,UPI,Delivered
O031276,CUST031277,R031276,1/21/2021,1882,Wallet,Delivered
O031277,CUST031278,R031277,7/28/2021,816,UPI,Delivered
O031278,CUST031279,R031278,6/4/2022,1579,Wallet,Delivered
O031279,CUST031280,R031279,9/18/2024,108,Wallet,Delivered
O031280,CUST031281,R031280,9/10/2022,1701,Card,Delivered
O031281,CUST031282,R031281,1/10/2023,1939,Card,Delivered
O031282,CUST031283,R031282,3/4/2021,1579,Card,Cancelled
O031283,CUST031284,R031283,8/12/2022,1849,Card,Cancelled
O031284,CUST031285,R031284,4/27/2021,453,UPI,Delivered
O031285,CUST031286,R031285,12/21/2023,562,Wallet,Delivered
O031286,CUST031287,R031286,6/25/2021,626,Card,Delivered
O031287,CUST031288,R031287,10/1/2021,194,COD,Delivered
O031288,CUST031289,R031288,3/16/2025,170,Wallet,Delivered
O031289,CUST031290,R031289,11/4/2022,1499,Card,Delivered
O031290,CUST031291,R031290,7/25/2019,608,Wallet,Delivered
O031291,CUST031292,R031291,1/27/2022,1239,Wallet,Delivered
O031292,CUST031293,R031292,5/12/2019,735,Wallet,Cancelled
O031293,CUST031294,R031293,4/7/2019,1317,UPI,Delivered
O031294,CUST031295,R031294,9/4/2025,1556,Wallet,Delivered
O031295,CUST031296,R031295,8/13/2019,1195,UPI,Cancelled
O031296,CUST031297,R031296,4/6/2024,2000,UPI,Delivered
O031297,CUST031298,R031297,8/21/2025,1256,Wallet,Delivered
O031298,CUST031299,R031298,8/15/2024,179,COD,Delivered
O031299,CUST031300,R031299,6/20/2021,417,COD,Delivered
O031300,CUST031301,R031300,11/11/2021,1754,COD,Delivered
O031301,CUST031302,R031301,7/10/2022,1731,Card,Delivered
O031302,CUST031303,R031302,12/1/2024,227,Card,Delivered
O031303,CUST031304,R031303,1/27/2019,224,Wallet,Delivered
O031304,CUST031305,R031304,1/24/2024,860,UPI,Delivered
O031305,CUST031306,R031305,2/22/2021,395,Wallet,Delivered
O031306,CUST031307,R031306,12/1/2021,902,Card,Delivered
O031307,CUST031308,R031307,8/27/2025,283,COD,Delivered
O031308,CUST031309,R031308,4/8/2021,985,UPI,Delivered
O031309,CUST031310,R031309,8/1/2023,1616,Wallet,Delivered
O031310,CUST031311,R031310,9/3/2025,917,Wallet,Delivered
O031311,CUST031312,R031311,6/2/2024,223,UPI,Delivered
O031312,CUST031313,R031312,10/20/2019,1472,UPI,Delivered
O031313,CUST031314,R031313,10/21/2022,1798,COD,Delivered
O031314,CUST031315,R031314,6/11/2020,1776,UPI,Delivered
O031315,CUST031316,R031315,6/16/2025,314,Card,Delivered
O031316,CUST031317,R031316,6/27/2024,695,Card,Delivered
O031317,CUST031318,R031317,1/24/2024,189,UPI,Delivered
O031318,CUST031319,R031318,6/22/2019,440,Wallet,Delivered
O031319,CUST031320,R031319,3/3/2024,990,Card,Delivered
O031320,CUST031321,R031320,3/17/2021,365,COD,Delivered
O031321,CUST031322,R031321,4/8/2021,1029,COD,Delivered
O031322,CUST031323,R031322,5/4/2021,772,Wallet,Delivered
O031323,CUST031324,R031323,11/11/2021,961,Wallet,Delivered
O031324,CUST031325,R031324,5/3/2022,894,UPI,Delivered
O031325,CUST031326,R031325,7/2/2020,1088,Wallet,Delivered
O031326,CUST031327,R031326,6/15/2023,180,Wallet,Delivered
O031327,CUST031328,R031327,6/6/2020,503,Wallet,Delivered
O031328,CUST031329,R031328,9/11/2020,105,UPI,Delivered
O031329,CUST031330,R031329,5/22/2020,1367,UPI,Delivered
O031330,CUST031331,R031330,7/6/2024,1707,UPI,Delivered
O031331,CUST031332,R031331,10/19/2019,1958,UPI,Delivered
O031332,CUST031333,R031332,11/25/2019,1618,Card,Delivered
O031333,CUST031334,R031333,7/18/2025,1882,Card,Delivered
O031334,CUST031335,R031334,12/3/2023,1702,Card,Delivered
O031335,CUST031336,R031335,2/14/2019,563,COD,Cancelled
O031336,CUST031337,R031336,7/5/2023,1073,UPI,Delivered
O031337,CUST031338,R031337,9/26/2019,1888,Wallet,Delivered
O031338,CUST031339,R031338,10/25/2021,749,COD,Delivered
O031339,CUST031340,R031339,6/10/2023,808,COD,Delivered
O031340,CUST031341,R031340,4/18/2020,119,COD,Cancelled
O031341,CUST031342,R031341,6/5/2025,1622,COD,Delivered
O031342,CUST031343,R031342,11/9/2022,984,Card,Delivered
O031343,CUST031344,R031343,8/8/2024,1367,Wallet,Delivered
O031344,CUST031345,R031344,6/14/2021,859,COD,Delivered
O031345,CUST031346,R031345,1/6/2021,806,Wallet,Delivered
O031346,CUST031347,R031346,3/12/2019,1737,COD,Delivered
O031347,CUST031348,R031347,8/6/2025,891,UPI,Delivered
O031348,CUST031349,R031348,9/2/2025,1695,UPI,Delivered
O031349,CUST031350,R031349,8/24/2024,1274,COD,Delivered
O031350,CUST031351,R031350,7/1/2023,1078,UPI,Delivered
O031351,CUST031352,R031351,6/15/2025,1839,Wallet,Delivered
O031352,CUST031353,R031352,11/13/2020,1935,Card,Delivered
O031353,CUST031354,R031353,6/13/2021,1252,Card,Delivered
O031354,CUST031355,R031354,6/21/2024,1823,UPI,Delivered
O031355,CUST031356,R031355,12/12/2024,1550,Wallet,Delivered
O031356,CUST031357,R031356,8/24/2023,982,Wallet,Delivered
O031357,CUST031358,R031357,2/17/2025,1992,COD,Delivered
O031358,CUST031359,R031358,5/25/2020,423,COD,Delivered
O031359,CUST031360,R031359,7/1/2023,464,Card,Delivered
O031360,CUST031361,R031360,2/21/2019,506,Wallet,Delivered
O031361,CUST031362,R031361,1/25/2021,1312,COD,Delivered
O031362,CUST031363,R031362,8/6/2024,934,Wallet,Delivered
O031363,CUST031364,R031363,1/2/2023,694,Wallet,Delivered
O031364,CUST031365,R031364,2/10/2020,740,COD,Delivered
O031365,CUST031366,R031365,3/8/2024,1552,Card,Delivered
O031366,CUST031367,R031366,10/8/2023,1535,COD,Delivered
O031367,CUST031368,R031367,10/3/2022,1483,Wallet,Delivered
O031368,CUST031369,R031368,8/6/2019,1171,Card,Cancelled
O031369,CUST031370,R031369,5/21/2020,1611,Wallet,Delivered
O031370,CUST031371,R031370,10/12/2020,1609,Card,Delivered
O031371,CUST031372,R031371,12/20/2020,1984,Wallet,Delivered
O031372,CUST031373,R031372,12/10/2023,123,COD,Delivered
O031373,CUST031374,R031373,4/22/2024,1501,UPI,Delivered
O031374,CUST031375,R031374,9/19/2023,1940,Card,Delivered
O031375,CUST031376,R031375,8/28/2024,725,COD,Delivered
O031376,CUST031377,R031376,4/25/2025,844,Card,Delivered
O031377,CUST031378,R031377,4/19/2022,356,Card,Delivered
O031378,CUST031379,R031378,9/22/2019,1169,Wallet,Delivered
O031379,CUST031380,R031379,9/2/2023,262,COD,Delivered
O031380,CUST031381,R031380,11/28/2024,1527,Wallet,Delivered
O031381,CUST031382,R031381,7/1/2023,1259,Wallet,Delivered
O031382,CUST031383,R031382,7/8/2023,1830,UPI,Delivered
O031383,CUST031384,R031383,12/20/2023,1653,Wallet,Delivered
O031384,CUST031385,R031384,4/20/2025,1308,UPI,Delivered
O031385,CUST031386,R031385,8/11/2023,168,COD,Delivered
O031386,CUST031387,R031386,4/23/2022,179,UPI,Delivered
O031387,CUST031388,R031387,8/9/2025,1985,Card,Delivered
O031388,CUST031389,R031388,12/1/2022,768,UPI,Delivered
O031389,CUST031390,R031389,4/28/2023,1900,Card,Cancelled
O031390,CUST031391,R031390,3/20/2020,444,COD,Delivered
O031391,CUST031392,R031391,5/23/2022,368,COD,Delivered
O031392,CUST031393,R031392,11/18/2019,306,COD,Delivered
O031393,CUST031394,R031393,5/8/2024,1317,Card,Delivered
O031394,CUST031395,R031394,11/2/2021,1888,Wallet,Cancelled
O031395,CUST031396,R031395,1/3/2023,1490,Wallet,Delivered
O031396,CUST031397,R031396,6/6/2025,380,Wallet,Delivered
O031397,CUST031398,R031397,6/2/2020,924,Wallet,Delivered
O031398,CUST031399,R031398,8/8/2025,1686,Wallet,Cancelled
O031399,CUST031400,R031399,4/17/2022,807,COD,Delivered
O031400,CUST031401,R031400,11/4/2019,1649,Card,Delivered
O031401,CUST031402,R031401,4/23/2019,1397,UPI,Delivered
O031402,CUST031403,R031402,9/10/2023,1692,Card,Delivered
O031403,CUST031404,R031403,9/22/2020,1962,Wallet,Cancelled
O031404,CUST031405,R031404,8/18/2024,1361,Card,Delivered
O031405,CUST031406,R031405,4/13/2024,1867,COD,Cancelled
O031406,CUST031407,R031406,1/2/2019,1946,UPI,Cancelled
O031407,CUST031408,R031407,1/14/2019,1505,COD,Delivered
O031408,CUST031409,R031408,9/26/2025,1106,Card,Delivered
O031409,CUST031410,R031409,5/1/2022,722,COD,Delivered
O031410,CUST031411,R031410,2/24/2022,585,COD,Delivered
O031411,CUST031412,R031411,8/2/2025,587,COD,Delivered
O031412,CUST031413,R031412,9/26/2022,423,Wallet,Delivered
O031413,CUST031414,R031413,8/5/2023,1440,COD,Delivered
O031414,CUST031415,R031414,5/5/2019,1057,COD,Delivered
O031415,CUST031416,R031415,9/4/2023,1069,UPI,Delivered
O031416,CUST031417,R031416,8/15/2024,443,COD,Delivered
O031417,CUST031418,R031417,8/24/2021,738,Wallet,Delivered
O031418,CUST031419,R031418,2/6/2022,1244,Wallet,Delivered
O031419,CUST031420,R031419,4/9/2020,1858,Wallet,Delivered
O031420,CUST031421,R031420,8/4/2023,1055,UPI,Delivered
O031421,CUST031422,R031421,7/17/2022,1494,Wallet,Delivered
O031422,CUST031423,R031422,9/7/2024,1477,COD,Delivered
O031423,CUST031424,R031423,1/23/2024,1862,Wallet,Delivered
O031424,CUST031425,R031424,12/8/2020,1908,Card,Delivered
O031425,CUST031426,R031425,4/20/2021,1701,Card,Delivered
O031426,CUST031427,R031426,2/24/2020,1829,Card,Delivered
O031427,CUST031428,R031427,1/16/2021,434,COD,Delivered
O031428,CUST031429,R031428,10/24/2020,728,Card,Delivered
O031429,CUST031430,R031429,10/24/2020,594,Card,Delivered
O031430,CUST031431,R031430,4/18/2023,355,COD,Delivered
O031431,CUST031432,R031431,2/28/2021,146,COD,Delivered
O031432,CUST031433,R031432,12/3/2021,1479,Wallet,Delivered
O031433,CUST031434,R031433,1/7/2020,715,COD,Delivered
O031434,CUST031435,R031434,5/28/2022,1111,Wallet,Delivered
O031435,CUST031436,R031435,9/1/2024,1094,UPI,Delivered
O031436,CUST031437,R031436,2/20/2019,589,COD,Delivered
O031437,CUST031438,R031437,4/3/2019,1524,Card,Delivered
O031438,CUST031439,R031438,7/15/2023,1361,Wallet,Delivered
O031439,CUST031440,R031439,12/5/2025,1937,UPI,Delivered
O031440,CUST031441,R031440,9/10/2023,1428,Wallet,Delivered
O031441,CUST031442,R031441,3/18/2024,1356,Card,Delivered
O031442,CUST031443,R031442,1/19/2021,386,Card,Delivered
O031443,CUST031444,R031443,2/22/2023,1916,Wallet,Delivered
O031444,CUST031445,R031444,8/10/2022,1662,Card,Delivered
O031445,CUST031446,R031445,2/18/2025,1095,Card,Delivered
O031446,CUST031447,R031446,9/1/2022,1344,Card,Delivered
O031447,CUST031448,R031447,12/23/2022,771,COD,Delivered
O031448,CUST031449,R031448,5/24/2019,748,COD,Delivered
O031449,CUST031450,R031449,4/1/2021,1235,Wallet,Delivered
O031450,CUST031451,R031450,12/25/2021,1569,Wallet,Delivered
O031451,CUST031452,R031451,3/15/2019,691,Wallet,Delivered
O031452,CUST031453,R031452,11/6/2023,123,COD,Cancelled
O031453,CUST031454,R031453,5/14/2025,1472,Wallet,Delivered
O031454,CUST031455,R031454,9/8/2020,1401,Card,Delivered
O031455,CUST031456,R031455,9/20/2024,430,UPI,Delivered
O031456,CUST031457,R031456,2/24/2021,1070,UPI,Delivered
O031457,CUST031458,R031457,3/11/2021,1750,Card,Delivered
O031458,CUST031459,R031458,6/18/2023,617,Card,Cancelled
O031459,CUST031460,R031459,3/17/2023,1879,Card,Delivered
O031460,CUST031461,R031460,4/24/2020,989,UPI,Delivered
O031461,CUST031462,R031461,12/25/2019,1804,Card,Cancelled
O031462,CUST031463,R031462,8/2/2019,895,Wallet,Delivered
O031463,CUST031464,R031463,1/26/2024,296,COD,Delivered
O031464,CUST031465,R031464,9/25/2019,312,COD,Delivered
O031465,CUST031466,R031465,8/3/2020,1640,Wallet,Delivered
O031466,CUST031467,R031466,8/9/2019,243,Card,Cancelled
O031467,CUST031468,R031467,9/2/2020,1192,UPI,Delivered
O031468,CUST031469,R031468,5/14/2019,1057,Wallet,Delivered
O031469,CUST031470,R031469,9/5/2025,1352,Wallet,Delivered
O031470,CUST031471,R031470,11/5/2023,1367,Wallet,Delivered
O031471,CUST031472,R031471,1/13/2023,1289,UPI,Delivered
O031472,CUST031473,R031472,3/13/2025,1495,COD,Delivered
O031473,CUST031474,R031473,2/26/2024,1617,UPI,Delivered
O031474,CUST031475,R031474,11/9/2019,1421,UPI,Delivered
O031475,CUST031476,R031475,3/25/2019,512,Card,Cancelled
O031476,CUST031477,R031476,4/21/2019,1857,Card,Cancelled
O031477,CUST031478,R031477,1/19/2023,1829,COD,Cancelled
O031478,CUST031479,R031478,3/25/2022,543,COD,Delivered
O031479,CUST031480,R031479,6/18/2025,351,UPI,Delivered
O031480,CUST031481,R031480,12/25/2022,846,Card,Delivered
O031481,CUST031482,R031481,7/1/2023,717,COD,Delivered
O031482,CUST031483,R031482,4/27/2020,969,COD,Delivered
O031483,CUST031484,R031483,10/10/2023,1995,Card,Cancelled
O031484,CUST031485,R031484,7/23/2023,477,Card,Delivered
O031485,CUST031486,R031485,9/9/2020,727,COD,Delivered
O031486,CUST031487,R031486,12/1/2021,807,COD,Delivered
O031487,CUST031488,R031487,2/25/2023,784,Wallet,Delivered
O031488,CUST031489,R031488,2/13/2024,712,Wallet,Delivered
O031489,CUST031490,R031489,9/23/2025,949,UPI,Delivered
O031490,CUST031491,R031490,8/8/2022,1062,COD,Delivered
O031491,CUST031492,R031491,5/28/2024,1632,UPI,Delivered
O031492,CUST031493,R031492,10/8/2023,1440,UPI,Delivered
O031493,CUST031494,R031493,1/20/2022,1046,UPI,Delivered
O031494,CUST031495,R031494,11/5/2020,1808,Card,Delivered
O031495,CUST031496,R031495,3/16/2023,201,UPI,Delivered
O031496,CUST031497,R031496,7/12/2021,1363,UPI,Cancelled
O031497,CUST031498,R031497,3/11/2024,1994,UPI,Delivered
O031498,CUST031499,R031498,9/25/2019,1530,Card,Delivered
O031499,CUST031500,R031499,7/24/2021,958,Card,Delivered
O031500,CUST031501,R031500,10/19/2025,443,UPI,Delivered
O031501,CUST031502,R031501,2/24/2021,328,COD,Delivered
O031502,CUST031503,R031502,5/18/2019,566,Wallet,Delivered
O031503,CUST031504,R031503,6/12/2022,1690,Card,Delivered
O031504,CUST031505,R031504,8/23/2019,1292,UPI,Delivered
O031505,CUST031506,R031505,2/3/2020,1230,Card,Delivered
O031506,CUST031507,R031506,6/1/2022,663,Wallet,Delivered
O031507,CUST031508,R031507,11/27/2020,901,COD,Delivered
O031508,CUST031509,R031508,11/10/2025,829,Wallet,Delivered
O031509,CUST031510,R031509,6/7/2024,1514,UPI,Delivered
O031510,CUST031511,R031510,3/8/2019,1611,COD,Delivered
O031511,CUST031512,R031511,7/6/2024,1147,Card,Cancelled
O031512,CUST031513,R031512,12/10/2023,568,Wallet,Delivered
O031513,CUST031514,R031513,3/21/2022,1071,UPI,Delivered
O031514,CUST031515,R031514,5/19/2023,1890,Card,Delivered
O031515,CUST031516,R031515,5/12/2019,183,UPI,Delivered
O031516,CUST031517,R031516,12/21/2022,1481,Card,Delivered
O031517,CUST031518,R031517,7/18/2021,908,COD,Delivered
O031518,CUST031519,R031518,5/26/2022,1903,Card,Delivered
O031519,CUST031520,R031519,11/26/2022,1242,Wallet,Delivered
O031520,CUST031521,R031520,3/28/2025,944,Card,Delivered
O031521,CUST031522,R031521,2/28/2023,873,Wallet,Delivered
O031522,CUST031523,R031522,11/8/2022,1559,COD,Cancelled
O031523,CUST031524,R031523,1/16/2022,810,COD,Delivered
O031524,CUST031525,R031524,11/7/2022,1190,Card,Delivered
O031525,CUST031526,R031525,1/11/2023,1990,UPI,Delivered
O031526,CUST031527,R031526,5/9/2025,1116,UPI,Delivered
O031527,CUST031528,R031527,1/20/2019,207,UPI,Cancelled
O031528,CUST031529,R031528,4/13/2024,1287,UPI,Delivered
O031529,CUST031530,R031529,12/22/2022,1952,Card,Delivered
O031530,CUST031531,R031530,9/11/2025,1965,Card,Delivered
O031531,CUST031532,R031531,11/13/2023,1947,Card,Delivered
O031532,CUST031533,R031532,10/27/2020,858,Card,Delivered
O031533,CUST031534,R031533,1/1/2023,1616,UPI,Delivered
O031534,CUST031535,R031534,10/23/2025,664,COD,Delivered
O031535,CUST031536,R031535,10/2/2022,286,COD,Delivered
O031536,CUST031537,R031536,6/25/2022,600,Card,Delivered
O031537,CUST031538,R031537,10/2/2019,850,COD,Delivered
O031538,CUST031539,R031538,9/5/2025,762,Wallet,Delivered
O031539,CUST031540,R031539,10/6/2025,1224,Wallet,Delivered
O031540,CUST031541,R031540,9/14/2021,835,Wallet,Cancelled
O031541,CUST031542,R031541,11/25/2020,904,Wallet,Delivered
O031542,CUST031543,R031542,3/17/2024,1613,COD,Delivered
O031543,CUST031544,R031543,3/12/2025,1058,Card,Delivered
O031544,CUST031545,R031544,7/8/2025,1557,UPI,Delivered
O031545,CUST031546,R031545,2/21/2024,1660,Card,Delivered
O031546,CUST031547,R031546,6/10/2023,1233,Wallet,Delivered
O031547,CUST031548,R031547,4/18/2025,324,UPI,Delivered
O031548,CUST031549,R031548,4/17/2024,1803,COD,Delivered
O031549,CUST031550,R031549,5/20/2024,707,Card,Delivered
O031550,CUST031551,R031550,10/26/2021,1479,Card,Delivered
O031551,CUST031552,R031551,1/15/2023,378,Card,Delivered
O031552,CUST031553,R031552,6/28/2020,883,Wallet,Delivered
O031553,CUST031554,R031553,11/24/2023,1546,Card,Delivered
O031554,CUST031555,R031554,7/20/2021,1790,Card,Delivered
O031555,CUST031556,R031555,10/27/2021,1435,Card,Cancelled
O031556,CUST031557,R031556,10/10/2023,1812,COD,Delivered
O031557,CUST031558,R031557,10/21/2019,412,UPI,Delivered
O031558,CUST031559,R031558,2/19/2021,472,Wallet,Delivered
O031559,CUST031560,R031559,5/23/2020,535,Card,Delivered
O031560,CUST031561,R031560,7/28/2024,152,COD,Delivered
O031561,CUST031562,R031561,8/15/2023,657,Wallet,Delivered
O031562,CUST031563,R031562,8/2/2023,1420,UPI,Delivered
O031563,CUST031564,R031563,2/24/2023,464,Wallet,Delivered
O031564,CUST031565,R031564,4/26/2022,1089,Wallet,Delivered
O031565,CUST031566,R031565,4/11/2022,880,Wallet,Delivered
O031566,CUST031567,R031566,2/14/2022,1207,UPI,Delivered
O031567,CUST031568,R031567,1/2/2025,1407,Wallet,Delivered
O031568,CUST031569,R031568,8/11/2021,1051,UPI,Delivered
O031569,CUST031570,R031569,2/5/2019,1601,UPI,Delivered
O031570,CUST031571,R031570,1/16/2021,1041,Wallet,Delivered
O031571,CUST031572,R031571,2/13/2021,132,COD,Delivered
O031572,CUST031573,R031572,1/17/2022,325,COD,Delivered
O031573,CUST031574,R031573,9/9/2019,1669,Card,Delivered
O031574,CUST031575,R031574,3/9/2025,1652,Card,Delivered
O031575,CUST031576,R031575,3/25/2023,191,Card,Delivered
O031576,CUST031577,R031576,5/25/2025,118,COD,Delivered
O031577,CUST031578,R031577,12/22/2019,705,UPI,Delivered
O031578,CUST031579,R031578,10/21/2022,497,COD,Delivered
O031579,CUST031580,R031579,12/1/2022,1315,Card,Delivered
O031580,CUST031581,R031580,4/25/2020,177,COD,Delivered
O031581,CUST031582,R031581,7/6/2023,842,Wallet,Delivered
O031582,CUST031583,R031582,10/27/2021,1218,COD,Cancelled
O031583,CUST031584,R031583,10/25/2019,831,COD,Delivered
O031584,CUST031585,R031584,5/8/2023,1648,Wallet,Delivered
O031585,CUST031586,R031585,12/12/2019,997,COD,Delivered
O031586,CUST031587,R031586,2/13/2021,1286,Card,Delivered
O031587,CUST031588,R031587,3/4/2025,1269,Wallet,Cancelled
O031588,CUST031589,R031588,1/9/2023,234,Card,Delivered
O031589,CUST031590,R031589,4/20/2022,653,Card,Delivered
O031590,CUST031591,R031590,4/23/2023,1806,UPI,Delivered
O031591,CUST031592,R031591,6/21/2025,541,COD,Delivered
O031592,CUST031593,R031592,4/1/2020,840,Card,Delivered
O031593,CUST031594,R031593,2/13/2025,221,COD,Delivered
O031594,CUST031595,R031594,6/7/2021,930,COD,Delivered
O031595,CUST031596,R031595,11/2/2024,373,Wallet,Delivered
O031596,CUST031597,R031596,9/5/2024,875,Wallet,Delivered
O031597,CUST031598,R031597,9/1/2024,803,UPI,Delivered
O031598,CUST031599,R031598,2/28/2022,1042,Wallet,Delivered
O031599,CUST031600,R031599,5/14/2024,1865,COD,Cancelled
O031600,CUST031601,R031600,7/4/2023,423,Wallet,Delivered
O031601,CUST031602,R031601,1/10/2023,1926,UPI,Delivered
O031602,CUST031603,R031602,8/21/2020,1282,UPI,Delivered
O031603,CUST031604,R031603,9/5/2022,1596,UPI,Delivered
O031604,CUST031605,R031604,9/16/2020,200,UPI,Delivered
O031605,CUST031606,R031605,8/24/2024,1469,UPI,Delivered
O031606,CUST031607,R031606,9/17/2020,1739,Card,Cancelled
O031607,CUST031608,R031607,6/1/2021,1558,Card,Delivered
O031608,CUST031609,R031608,12/12/2024,1928,COD,Delivered
O031609,CUST031610,R031609,1/27/2021,962,UPI,Delivered
O031610,CUST031611,R031610,4/23/2019,1798,Wallet,Delivered
O031611,CUST031612,R031611,2/22/2022,658,COD,Delivered
O031612,CUST031613,R031612,1/8/2019,766,Card,Delivered
O031613,CUST031614,R031613,11/14/2023,1984,COD,Cancelled
O031614,CUST031615,R031614,9/4/2025,1543,Card,Delivered
O031615,CUST031616,R031615,6/8/2019,899,UPI,Delivered
O031616,CUST031617,R031616,11/7/2024,1212,Wallet,Delivered
O031617,CUST031618,R031617,6/13/2024,829,Wallet,Delivered
O031618,CUST031619,R031618,9/6/2024,1129,UPI,Delivered
O031619,CUST031620,R031619,8/11/2020,120,Wallet,Cancelled
O031620,CUST031621,R031620,12/10/2021,1174,UPI,Delivered
O031621,CUST031622,R031621,4/6/2021,1719,UPI,Delivered
O031622,CUST031623,R031622,4/22/2023,1591,COD,Delivered
O031623,CUST031624,R031623,9/5/2024,1031,Card,Delivered
O031624,CUST031625,R031624,6/13/2021,1753,Wallet,Delivered
O031625,CUST031626,R031625,7/11/2025,1856,Card,Delivered
O031626,CUST031627,R031626,1/15/2024,1173,UPI,Delivered
O031627,CUST031628,R031627,8/21/2022,1787,UPI,Delivered
O031628,CUST031629,R031628,3/11/2023,130,Wallet,Delivered
O031629,CUST031630,R031629,12/23/2019,892,UPI,Delivered
O031630,CUST031631,R031630,3/16/2021,192,Card,Delivered
O031631,CUST031632,R031631,1/22/2021,318,COD,Delivered
O031632,CUST031633,R031632,3/28/2019,364,Card,Delivered
O031633,CUST031634,R031633,5/19/2022,363,Wallet,Delivered
O031634,CUST031635,R031634,3/22/2020,908,COD,Delivered
O031635,CUST031636,R031635,10/28/2025,780,Wallet,Delivered
O031636,CUST031637,R031636,3/1/2023,646,Wallet,Delivered
O031637,CUST031638,R031637,5/8/2024,524,COD,Delivered
O031638,CUST031639,R031638,3/5/2019,1473,UPI,Delivered
O031639,CUST031640,R031639,1/9/2024,1455,COD,Cancelled
O031640,CUST031641,R031640,1/2/2022,1397,Wallet,Delivered
O031641,CUST031642,R031641,2/6/2020,1124,UPI,Delivered
O031642,CUST031643,R031642,3/18/2021,1564,Wallet,Delivered
O031643,CUST031644,R031643,3/10/2021,1710,Card,Delivered
O031644,CUST031645,R031644,1/19/2023,1835,Wallet,Delivered
O031645,CUST031646,R031645,12/9/2020,1881,Card,Delivered
O031646,CUST031647,R031646,3/21/2024,1924,UPI,Delivered
O031647,CUST031648,R031647,3/17/2020,1580,Card,Delivered
O031648,CUST031649,R031648,6/22/2020,570,COD,Delivered
O031649,CUST031650,R031649,7/23/2020,690,UPI,Delivered
O031650,CUST031651,R031650,11/17/2025,315,Card,Delivered
O031651,CUST031652,R031651,10/28/2019,1133,COD,Delivered
O031652,CUST031653,R031652,9/4/2019,182,Card,Delivered
O031653,CUST031654,R031653,10/27/2019,1014,COD,Delivered
O031654,CUST031655,R031654,10/28/2022,742,COD,Delivered
O031655,CUST031656,R031655,5/1/2019,1181,Wallet,Delivered
O031656,CUST031657,R031656,12/13/2023,1374,Wallet,Delivered
O031657,CUST031658,R031657,5/13/2019,1164,Wallet,Delivered
O031658,CUST031659,R031658,8/4/2021,1926,Card,Delivered
O031659,CUST031660,R031659,11/22/2020,1937,UPI,Delivered
O031660,CUST031661,R031660,12/5/2023,1623,Card,Cancelled
O031661,CUST031662,R031661,6/23/2022,658,UPI,Delivered
O031662,CUST031663,R031662,4/26/2025,1747,Card,Delivered
O031663,CUST031664,R031663,7/18/2020,359,Card,Delivered
O031664,CUST031665,R031664,12/21/2024,287,COD,Delivered
O031665,CUST031666,R031665,2/20/2024,270,COD,Delivered
O031666,CUST031667,R031666,7/6/2023,1102,Card,Delivered
O031667,CUST031668,R031667,6/1/2025,1798,COD,Cancelled
O031668,CUST031669,R031668,10/2/2024,1399,Wallet,Delivered
O031669,CUST031670,R031669,12/13/2023,529,COD,Delivered
O031670,CUST031671,R031670,2/1/2023,825,Wallet,Delivered
O031671,CUST031672,R031671,8/7/2024,1542,Wallet,Cancelled
O031672,CUST031673,R031672,7/16/2021,658,COD,Delivered
O031673,CUST031674,R031673,9/2/2020,1240,Card,Delivered
O031674,CUST031675,R031674,2/18/2024,1287,UPI,Delivered
O031675,CUST031676,R031675,9/8/2023,1407,Card,Delivered
O031676,CUST031677,R031676,9/19/2023,1876,Wallet,Delivered
O031677,CUST031678,R031677,11/16/2019,1281,Card,Delivered
O031678,CUST031679,R031678,10/14/2019,1788,COD,Delivered
O031679,CUST031680,R031679,2/1/2023,1905,UPI,Delivered
O031680,CUST031681,R031680,5/12/2025,1457,Card,Delivered
O031681,CUST031682,R031681,2/24/2021,1015,Card,Delivered
O031682,CUST031683,R031682,6/28/2025,638,COD,Delivered
O031683,CUST031684,R031683,2/23/2022,441,COD,Delivered
O031684,CUST031685,R031684,11/2/2019,312,COD,Delivered
O031685,CUST031686,R031685,8/25/2024,318,COD,Delivered
O031686,CUST031687,R031686,11/4/2022,1031,COD,Delivered
O031687,CUST031688,R031687,12/27/2022,903,Wallet,Delivered
O031688,CUST031689,R031688,4/2/2025,1202,UPI,Delivered
O031689,CUST031690,R031689,8/14/2019,647,COD,Delivered
O031690,CUST031691,R031690,5/25/2019,898,UPI,Delivered
O031691,CUST031692,R031691,2/11/2019,1404,COD,Delivered
O031692,CUST031693,R031692,8/10/2023,1772,Wallet,Cancelled
O031693,CUST031694,R031693,9/7/2024,833,UPI,Delivered
O031694,CUST031695,R031694,3/16/2025,1448,UPI,Delivered
O031695,CUST031696,R031695,2/6/2025,1392,Card,Delivered
O031696,CUST031697,R031696,3/21/2020,1718,Wallet,Delivered
O031697,CUST031698,R031697,12/7/2024,1764,Card,Delivered
O031698,CUST031699,R031698,10/17/2021,1596,Card,Delivered
O031699,CUST031700,R031699,9/22/2024,1463,Card,Delivered
O031700,CUST031701,R031700,4/10/2025,279,Card,Delivered
O031701,CUST031702,R031701,7/21/2024,579,Card,Delivered
O031702,CUST031703,R031702,5/23/2022,451,Card,Delivered
O031703,CUST031704,R031703,10/17/2021,319,COD,Delivered
O031704,CUST031705,R031704,8/2/2023,1830,COD,Delivered
O031705,CUST031706,R031705,10/1/2022,1388,Wallet,Delivered
O031706,CUST031707,R031706,8/4/2020,625,Card,Delivered
O031707,CUST031708,R031707,12/25/2023,1064,Wallet,Delivered
O031708,CUST031709,R031708,5/1/2020,1051,Wallet,Delivered
O031709,CUST031710,R031709,6/18/2022,445,COD,Delivered
O031710,CUST031711,R031710,7/2/2025,1381,UPI,Delivered
O031711,CUST031712,R031711,2/14/2021,1212,COD,Delivered
O031712,CUST031713,R031712,10/4/2024,1570,UPI,Delivered
O031713,CUST031714,R031713,3/5/2022,1840,Wallet,Delivered
O031714,CUST031715,R031714,3/16/2019,1208,UPI,Cancelled
O031715,CUST031716,R031715,5/17/2022,242,Card,Delivered
O031716,CUST031717,R031716,12/18/2023,1835,Wallet,Delivered
O031717,CUST031718,R031717,5/12/2025,1621,Card,Delivered
O031718,CUST031719,R031718,4/16/2024,1049,UPI,Delivered
O031719,CUST031720,R031719,8/27/2020,1253,Card,Cancelled
O031720,CUST031721,R031720,1/22/2025,685,COD,Delivered
O031721,CUST031722,R031721,9/23/2024,668,Card,Delivered
O031722,CUST031723,R031722,7/28/2022,597,Card,Delivered
O031723,CUST031724,R031723,7/24/2025,998,COD,Cancelled
O031724,CUST031725,R031724,10/8/2022,113,Card,Delivered
O031725,CUST031726,R031725,7/27/2023,1186,Card,Cancelled
O031726,CUST031727,R031726,5/7/2024,934,Wallet,Delivered
O031727,CUST031728,R031727,7/26/2024,1296,Card,Delivered
O031728,CUST031729,R031728,9/18/2020,286,Wallet,Delivered
O031729,CUST031730,R031729,5/21/2023,990,Wallet,Delivered
O031730,CUST031731,R031730,10/13/2023,1666,Card,Cancelled
O031731,CUST031732,R031731,7/17/2020,204,Card,Delivered
O031732,CUST031733,R031732,5/15/2023,1831,Card,Delivered
O031733,CUST031734,R031733,1/23/2025,904,UPI,Delivered
O031734,CUST031735,R031734,1/24/2021,1725,Card,Delivered
O031735,CUST031736,R031735,3/1/2025,816,Wallet,Delivered
O031736,CUST031737,R031736,1/5/2023,190,COD,Delivered
O031737,CUST031738,R031737,8/24/2021,201,Card,Delivered
O031738,CUST031739,R031738,4/2/2021,1231,Wallet,Delivered
O031739,CUST031740,R031739,1/7/2020,1990,Card,Cancelled
O031740,CUST031741,R031740,4/1/2022,911,UPI,Delivered
O031741,CUST031742,R031741,3/13/2022,958,Wallet,Delivered
O031742,CUST031743,R031742,10/3/2023,1465,Wallet,Delivered
O031743,CUST031744,R031743,9/7/2023,1282,Wallet,Delivered
O031744,CUST031745,R031744,3/11/2021,1197,UPI,Delivered
O031745,CUST031746,R031745,9/9/2020,1448,Card,Delivered
O031746,CUST031747,R031746,10/24/2019,1576,UPI,Delivered
O031747,CUST031748,R031747,4/7/2020,1341,UPI,Delivered
O031748,CUST031749,R031748,11/23/2020,431,UPI,Cancelled
O031749,CUST031750,R031749,3/19/2020,1708,Card,Cancelled
O031750,CUST031751,R031750,11/19/2022,1719,Card,Cancelled
O031751,CUST031752,R031751,11/25/2021,1903,COD,Delivered
O031752,CUST031753,R031752,7/17/2020,201,UPI,Cancelled
O031753,CUST031754,R031753,8/23/2019,702,Card,Delivered
O031754,CUST031755,R031754,9/22/2022,575,COD,Delivered
O031755,CUST031756,R031755,5/26/2023,1124,Wallet,Delivered
O031756,CUST031757,R031756,4/11/2025,1953,COD,Delivered
O031757,CUST031758,R031757,10/21/2025,814,COD,Delivered
O031758,CUST031759,R031758,10/6/2022,1065,Wallet,Delivered
O031759,CUST031760,R031759,7/5/2025,1193,Wallet,Delivered
O031760,CUST031761,R031760,7/2/2022,1000,Wallet,Delivered
O031761,CUST031762,R031761,3/18/2024,632,Wallet,Delivered
O031762,CUST031763,R031762,9/1/2020,865,Wallet,Cancelled
O031763,CUST031764,R031763,3/7/2019,908,Card,Delivered
O031764,CUST031765,R031764,8/28/2025,1265,UPI,Delivered
O031765,CUST031766,R031765,10/5/2021,1334,UPI,Delivered
O031766,CUST031767,R031766,2/18/2025,903,UPI,Delivered
O031767,CUST031768,R031767,10/2/2025,1664,UPI,Delivered
O031768,CUST031769,R031768,5/14/2022,307,UPI,Delivered
O031769,CUST031770,R031769,5/15/2024,1142,UPI,Delivered
O031770,CUST031771,R031770,5/9/2024,1948,UPI,Delivered
O031771,CUST031772,R031771,1/22/2019,1440,Card,Delivered
O031772,CUST031773,R031772,7/21/2023,872,Card,Delivered
O031773,CUST031774,R031773,9/19/2021,363,UPI,Delivered
O031774,CUST031775,R031774,7/21/2021,292,COD,Delivered
O031775,CUST031776,R031775,12/17/2024,525,Card,Delivered
O031776,CUST031777,R031776,9/11/2021,1535,Card,Delivered
O031777,CUST031778,R031777,12/22/2022,882,UPI,Delivered
O031778,CUST031779,R031778,10/2/2023,951,Card,Delivered
O031779,CUST031780,R031779,7/28/2023,563,Wallet,Delivered
O031780,CUST031781,R031780,6/25/2020,757,COD,Delivered
O031781,CUST031782,R031781,9/8/2019,935,Wallet,Delivered
O031782,CUST031783,R031782,1/9/2019,1361,Wallet,Cancelled
O031783,CUST031784,R031783,5/4/2024,1564,COD,Delivered
O031784,CUST031785,R031784,2/4/2019,1104,UPI,Cancelled
O031785,CUST031786,R031785,9/8/2020,488,Wallet,Delivered
O031786,CUST031787,R031786,6/15/2019,992,Wallet,Cancelled
O031787,CUST031788,R031787,12/18/2021,1810,Card,Delivered
O031788,CUST031789,R031788,3/12/2019,141,UPI,Delivered
O031789,CUST031790,R031789,11/21/2025,1195,UPI,Delivered
O031790,CUST031791,R031790,8/16/2024,499,Card,Delivered
O031791,CUST031792,R031791,10/24/2023,1754,UPI,Delivered
O031792,CUST031793,R031792,3/23/2025,670,COD,Delivered
O031793,CUST031794,R031793,5/20/2024,417,Card,Delivered
O031794,CUST031795,R031794,7/20/2019,596,Wallet,Delivered
O031795,CUST031796,R031795,12/3/2019,977,COD,Delivered
O031796,CUST031797,R031796,11/8/2019,718,COD,Delivered
O031797,CUST031798,R031797,6/27/2023,1149,Card,Delivered
O031798,CUST031799,R031798,8/9/2025,1589,UPI,Delivered
O031799,CUST031800,R031799,12/3/2021,1036,UPI,Delivered
O031800,CUST031801,R031800,4/19/2019,121,Wallet,Cancelled
O031801,CUST031802,R031801,3/12/2019,1197,UPI,Delivered
O031802,CUST031803,R031802,4/21/2023,1906,UPI,Delivered
O031803,CUST031804,R031803,11/18/2020,1598,Card,Cancelled
O031804,CUST031805,R031804,12/12/2019,1798,Card,Delivered
O031805,CUST031806,R031805,2/26/2023,714,Card,Delivered
O031806,CUST031807,R031806,4/28/2022,1473,UPI,Delivered
O031807,CUST031808,R031807,11/21/2022,640,COD,Delivered
O031808,CUST031809,R031808,5/4/2023,175,COD,Delivered
O031809,CUST031810,R031809,10/23/2024,509,Card,Delivered
O031810,CUST031811,R031810,10/27/2021,766,COD,Delivered
O031811,CUST031812,R031811,8/4/2025,682,Wallet,Cancelled
O031812,CUST031813,R031812,3/26/2022,1187,Wallet,Delivered
O031813,CUST031814,R031813,8/13/2022,793,Wallet,Cancelled
O031814,CUST031815,R031814,2/24/2019,814,Wallet,Delivered
O031815,CUST031816,R031815,3/16/2023,1522,COD,Delivered
O031816,CUST031817,R031816,11/12/2021,1220,UPI,Delivered
O031817,CUST031818,R031817,11/7/2023,1457,UPI,Delivered
O031818,CUST031819,R031818,10/20/2025,1518,Card,Delivered
O031819,CUST031820,R031819,1/9/2020,1090,Wallet,Delivered
O031820,CUST031821,R031820,6/15/2024,430,UPI,Delivered
O031821,CUST031822,R031821,7/14/2020,1692,COD,Delivered
O031822,CUST031823,R031822,1/18/2019,597,UPI,Delivered
O031823,CUST031824,R031823,2/24/2021,1394,Card,Delivered
O031824,CUST031825,R031824,2/13/2025,298,Card,Delivered
O031825,CUST031826,R031825,11/23/2019,803,UPI,Delivered
O031826,CUST031827,R031826,9/23/2023,410,COD,Delivered
O031827,CUST031828,R031827,1/18/2019,474,COD,Delivered
O031828,CUST031829,R031828,11/10/2025,249,COD,Cancelled
O031829,CUST031830,R031829,1/21/2023,313,COD,Delivered
O031830,CUST031831,R031830,7/1/2025,1075,Wallet,Delivered
O031831,CUST031832,R031831,3/2/2023,372,COD,Delivered
O031832,CUST031833,R031832,8/22/2019,429,Card,Delivered
O031833,CUST031834,R031833,5/26/2025,253,Card,Delivered
O031834,CUST031835,R031834,7/17/2019,504,Wallet,Delivered
O031835,CUST031836,R031835,7/1/2023,1309,UPI,Delivered
O031836,CUST031837,R031836,10/22/2025,248,Wallet,Delivered
O031837,CUST031838,R031837,7/23/2024,1009,Wallet,Delivered
O031838,CUST031839,R031838,2/5/2025,801,Wallet,Delivered
O031839,CUST031840,R031839,8/12/2019,1122,UPI,Delivered
O031840,CUST031841,R031840,11/2/2025,1359,COD,Delivered
O031841,CUST031842,R031841,3/8/2024,1004,Wallet,Cancelled
O031842,CUST031843,R031842,3/3/2022,1516,UPI,Delivered
O031843,CUST031844,R031843,6/14/2022,897,Wallet,Delivered
O031844,CUST031845,R031844,5/13/2022,1889,COD,Delivered
O031845,CUST031846,R031845,7/17/2023,1947,COD,Delivered
O031846,CUST031847,R031846,10/7/2025,1814,Card,Delivered
O031847,CUST031848,R031847,7/11/2019,1498,UPI,Delivered
O031848,CUST031849,R031848,3/23/2025,1942,UPI,Delivered
O031849,CUST031850,R031849,8/24/2022,1939,COD,Delivered
O031850,CUST031851,R031850,10/18/2019,670,UPI,Delivered
O031851,CUST031852,R031851,11/15/2023,417,COD,Delivered
O031852,CUST031853,R031852,2/27/2021,1229,Card,Delivered
O031853,CUST031854,R031853,8/24/2023,1987,COD,Delivered
O031854,CUST031855,R031854,3/5/2019,621,Wallet,Delivered
O031855,CUST031856,R031855,10/26/2022,1176,Card,Cancelled
O031856,CUST031857,R031856,12/24/2022,687,COD,Delivered
O031857,CUST031858,R031857,9/7/2019,1505,Wallet,Delivered
O031858,CUST031859,R031858,3/11/2025,849,Wallet,Delivered
O031859,CUST031860,R031859,12/9/2025,1431,UPI,Delivered
O031860,CUST031861,R031860,10/6/2021,1157,UPI,Delivered
O031861,CUST031862,R031861,9/7/2020,1558,UPI,Delivered
O031862,CUST031863,R031862,4/18/2024,1984,UPI,Delivered
O031863,CUST031864,R031863,2/15/2019,1298,Wallet,Delivered
O031864,CUST031865,R031864,2/10/2025,1972,COD,Delivered
O031865,CUST031866,R031865,6/21/2024,427,Card,Delivered
O031866,CUST031867,R031866,2/5/2023,131,COD,Delivered
O031867,CUST031868,R031867,11/6/2022,840,Card,Delivered
O031868,CUST031869,R031868,2/27/2020,331,COD,Delivered
O031869,CUST031870,R031869,8/4/2020,775,COD,Delivered
O031870,CUST031871,R031870,12/28/2024,661,Wallet,Delivered
O031871,CUST031872,R031871,9/27/2019,893,Wallet,Delivered
O031872,CUST031873,R031872,8/13/2023,1965,COD,Delivered
O031873,CUST031874,R031873,10/7/2021,312,Wallet,Delivered
O031874,CUST031875,R031874,8/8/2025,1647,UPI,Delivered
O031875,CUST031876,R031875,12/19/2020,1139,UPI,Delivered
O031876,CUST031877,R031876,4/3/2022,1516,Wallet,Delivered
O031877,CUST031878,R031877,3/10/2025,115,UPI,Delivered
O031878,CUST031879,R031878,5/22/2022,1422,Card,Delivered
O031879,CUST031880,R031879,10/13/2019,1692,Card,Cancelled
O031880,CUST031881,R031880,7/28/2024,1473,UPI,Delivered
O031881,CUST031882,R031881,9/11/2022,1848,COD,Delivered
O031882,CUST031883,R031882,4/27/2022,883,UPI,Delivered
O031883,CUST031884,R031883,7/23/2024,321,COD,Delivered
O031884,CUST031885,R031884,5/21/2021,552,COD,Delivered
O031885,CUST031886,R031885,6/7/2022,867,Card,Delivered
O031886,CUST031887,R031886,4/16/2021,1830,COD,Delivered
O031887,CUST031888,R031887,8/3/2025,1438,Card,Delivered
O031888,CUST031889,R031888,1/1/2020,798,UPI,Delivered
O031889,CUST031890,R031889,2/4/2019,1132,Wallet,Delivered
O031890,CUST031891,R031890,3/7/2020,744,Wallet,Delivered
O031891,CUST031892,R031891,3/3/2020,1039,Wallet,Delivered
O031892,CUST031893,R031892,11/10/2021,1799,COD,Delivered
O031893,CUST031894,R031893,4/10/2019,1133,UPI,Delivered
O031894,CUST031895,R031894,5/5/2024,1640,Card,Delivered
O031895,CUST031896,R031895,4/21/2022,1512,Wallet,Delivered
O031896,CUST031897,R031896,12/4/2024,1309,COD,Delivered
O031897,CUST031898,R031897,4/16/2025,169,UPI,Delivered
O031898,CUST031899,R031898,6/17/2022,528,Card,Delivered
O031899,CUST031900,R031899,3/20/2021,1447,UPI,Delivered
O031900,CUST031901,R031900,4/25/2020,1637,UPI,Cancelled
O031901,CUST031902,R031901,10/15/2022,1888,COD,Delivered
O031902,CUST031903,R031902,9/21/2025,537,UPI,Delivered
O031903,CUST031904,R031903,4/10/2022,1877,Card,Delivered
O031904,CUST031905,R031904,3/19/2019,227,COD,Delivered
O031905,CUST031906,R031905,6/26/2022,273,Card,Delivered
O031906,CUST031907,R031906,4/26/2025,322,COD,Delivered
O031907,CUST031908,R031907,3/22/2021,872,Card,Delivered
O031908,CUST031909,R031908,6/27/2019,699,COD,Delivered
O031909,CUST031910,R031909,2/27/2025,497,Wallet,Delivered
O031910,CUST031911,R031910,8/7/2024,370,COD,Delivered
O031911,CUST031912,R031911,10/5/2019,1617,UPI,Delivered
O031912,CUST031913,R031912,9/9/2020,1175,COD,Cancelled
O031913,CUST031914,R031913,10/28/2019,1254,Wallet,Cancelled
O031914,CUST031915,R031914,9/3/2021,982,UPI,Delivered
O031915,CUST031916,R031915,9/15/2025,1166,Wallet,Delivered
O031916,CUST031917,R031916,7/5/2024,1667,UPI,Delivered
O031917,CUST031918,R031917,7/14/2025,1788,Wallet,Delivered
O031918,CUST031919,R031918,12/7/2022,1791,Card,Delivered
O031919,CUST031920,R031919,7/19/2024,1839,Wallet,Delivered
O031920,CUST031921,R031920,11/16/2023,1499,Card,Delivered
O031921,CUST031922,R031921,5/21/2023,359,Card,Delivered
O031922,CUST031923,R031922,10/22/2019,649,UPI,Delivered
O031923,CUST031924,R031923,6/16/2022,161,Card,Delivered
O031924,CUST031925,R031924,6/27/2020,1233,Card,Cancelled
O031925,CUST031926,R031925,1/3/2024,1978,Card,Delivered
O031926,CUST031927,R031926,1/23/2021,914,COD,Delivered
O031927,CUST031928,R031927,9/26/2020,598,Wallet,Delivered
O031928,CUST031929,R031928,7/27/2025,776,Wallet,Delivered
O031929,CUST031930,R031929,6/7/2021,1284,COD,Delivered
O031930,CUST031931,R031930,7/11/2020,516,COD,Delivered
O031931,CUST031932,R031931,7/2/2022,1451,UPI,Delivered
O031932,CUST031933,R031932,3/13/2019,1423,COD,Delivered
O031933,CUST031934,R031933,8/25/2023,1116,Card,Cancelled
O031934,CUST031935,R031934,1/16/2025,151,UPI,Delivered
O031935,CUST031936,R031935,5/17/2019,1705,UPI,Cancelled
O031936,CUST031937,R031936,10/17/2020,248,Card,Delivered
O031937,CUST031938,R031937,4/20/2020,388,COD,Delivered
O031938,CUST031939,R031938,3/19/2020,121,COD,Delivered
O031939,CUST031940,R031939,8/5/2024,959,UPI,Delivered
O031940,CUST031941,R031940,8/27/2025,1697,COD,Delivered
O031941,CUST031942,R031941,8/28/2025,864,Wallet,Delivered
O031942,CUST031943,R031942,10/7/2019,440,COD,Delivered
O031943,CUST031944,R031943,1/27/2021,734,COD,Delivered
O031944,CUST031945,R031944,11/3/2019,1500,Wallet,Delivered
O031945,CUST031946,R031945,10/14/2019,622,Wallet,Delivered
O031946,CUST031947,R031946,5/1/2021,1161,UPI,Delivered
O031947,CUST031948,R031947,9/17/2021,1207,Wallet,Delivered
O031948,CUST031949,R031948,12/7/2023,1321,Card,Delivered
O031949,CUST031950,R031949,9/19/2019,1765,Wallet,Delivered
O031950,CUST031951,R031950,7/15/2022,1950,Card,Cancelled
O031951,CUST031952,R031951,3/13/2020,1639,Card,Delivered
O031952,CUST031953,R031952,3/28/2019,1761,UPI,Delivered
O031953,CUST031954,R031953,10/8/2021,1313,Card,Delivered
O031954,CUST031955,R031954,11/23/2020,655,UPI,Delivered
O031955,CUST031956,R031955,8/22/2019,527,COD,Delivered
O031956,CUST031957,R031956,9/21/2023,350,COD,Cancelled
O031957,CUST031958,R031957,8/27/2023,227,COD,Delivered
O031958,CUST031959,R031958,4/24/2019,239,COD,Delivered
O031959,CUST031960,R031959,9/6/2023,821,COD,Delivered
O031960,CUST031961,R031960,3/26/2021,861,Wallet,Delivered
O031961,CUST031962,R031961,4/1/2020,1112,UPI,Delivered
O031962,CUST031963,R031962,5/13/2020,493,COD,Delivered
O031963,CUST031964,R031963,5/24/2020,1043,UPI,Delivered
O031964,CUST031965,R031964,6/8/2021,1298,Wallet,Delivered
O031965,CUST031966,R031965,12/9/2019,1868,Wallet,Cancelled
O031966,CUST031967,R031966,11/5/2022,930,UPI,Delivered
O031967,CUST031968,R031967,10/17/2020,1283,UPI,Delivered
O031968,CUST031969,R031968,9/4/2019,143,Card,Delivered
O031969,CUST031970,R031969,3/23/2020,1671,Wallet,Delivered
O031970,CUST031971,R031970,1/9/2024,1680,UPI,Delivered
O031971,CUST031972,R031971,2/14/2021,1516,UPI,Cancelled
O031972,CUST031973,R031972,4/25/2020,1383,UPI,Delivered
O031973,CUST031974,R031973,12/17/2020,237,Card,Delivered
O031974,CUST031975,R031974,10/20/2023,533,Card,Delivered
O031975,CUST031976,R031975,5/22/2021,361,Card,Delivered
O031976,CUST031977,R031976,11/15/2024,424,COD,Delivered
O031977,CUST031978,R031977,1/1/2021,1687,Card,Cancelled
O031978,CUST031979,R031978,1/28/2023,1289,Wallet,Cancelled
O031979,CUST031980,R031979,3/3/2025,481,Card,Delivered
O031980,CUST031981,R031980,2/23/2022,659,Wallet,Delivered
O031981,CUST031982,R031981,4/23/2019,897,Wallet,Delivered
O031982,CUST031983,R031982,9/14/2024,399,COD,Delivered
O031983,CUST031984,R031983,7/28/2019,1340,UPI,Cancelled
O031984,CUST031985,R031984,2/11/2023,1132,COD,Delivered
O031985,CUST031986,R031985,5/6/2022,1490,UPI,Delivered
O031986,CUST031987,R031986,6/4/2022,1755,Wallet,Delivered
O031987,CUST031988,R031987,5/15/2023,1161,UPI,Cancelled
O031988,CUST031989,R031988,8/17/2023,1921,Card,Delivered
O031989,CUST031990,R031989,9/17/2021,1942,Wallet,Delivered
O031990,CUST031991,R031990,7/11/2021,1478,Card,Delivered
O031991,CUST031992,R031991,1/23/2023,905,UPI,Delivered
O031992,CUST031993,R031992,6/26/2020,1147,Card,Cancelled
O031993,CUST031994,R031993,11/20/2019,319,COD,Delivered
O031994,CUST031995,R031994,12/17/2021,514,Card,Delivered
O031995,CUST031996,R031995,11/26/2022,443,Card,Delivered
O031996,CUST031997,R031996,2/23/2020,955,Card,Delivered
O031997,CUST031998,R031997,8/6/2025,1804,Card,Delivered
O031998,CUST031999,R031998,1/28/2024,1107,UPI,Delivered
O031999,CUST032000,R031999,11/5/2021,849,COD,Delivered
O032000,CUST032001,R032000,10/24/2024,776,Wallet,Delivered
O032001,CUST032002,R032001,12/11/2020,1712,Wallet,Cancelled
O032002,CUST032003,R032002,12/12/2023,713,Wallet,Delivered
O032003,CUST032004,R032003,6/5/2021,1094,Card,Delivered
O032004,CUST032005,R032004,7/9/2025,1961,UPI,Delivered
O032005,CUST032006,R032005,8/8/2022,1682,Card,Delivered
O032006,CUST032007,R032006,10/21/2024,364,UPI,Delivered
O032007,CUST032008,R032007,3/18/2024,1614,Card,Delivered
O032008,CUST032009,R032008,3/27/2020,666,COD,Delivered
O032009,CUST032010,R032009,9/2/2020,111,COD,Delivered
O032010,CUST032011,R032010,10/22/2021,122,Card,Delivered
O032011,CUST032012,R032011,4/1/2020,1195,COD,Delivered
O032012,CUST032013,R032012,3/5/2019,1948,COD,Delivered
O032013,CUST032014,R032013,8/27/2025,821,UPI,Delivered
O032014,CUST032015,R032014,4/12/2024,868,Wallet,Delivered
O032015,CUST032016,R032015,11/2/2024,1249,COD,Delivered
O032016,CUST032017,R032016,6/6/2025,1181,COD,Delivered
O032017,CUST032018,R032017,8/10/2025,1054,UPI,Delivered
O032018,CUST032019,R032018,12/8/2020,1300,Card,Delivered
O032019,CUST032020,R032019,4/23/2024,1167,Wallet,Delivered
O032020,CUST032021,R032020,9/28/2024,1229,UPI,Delivered
O032021,CUST032022,R032021,2/22/2024,326,UPI,Delivered
O032022,CUST032023,R032022,3/17/2022,1629,Card,Delivered
O032023,CUST032024,R032023,10/16/2021,1639,Card,Delivered
O032024,CUST032025,R032024,5/26/2022,1817,COD,Delivered
O032025,CUST032026,R032025,12/15/2021,154,UPI,Cancelled
O032026,CUST032027,R032026,11/22/2020,481,Card,Delivered
O032027,CUST032028,R032027,2/21/2023,484,COD,Cancelled
O032028,CUST032029,R032028,7/24/2019,1039,Wallet,Delivered
O032029,CUST032030,R032029,11/8/2021,1810,COD,Delivered
O032030,CUST032031,R032030,8/20/2025,715,Wallet,Delivered
O032031,CUST032032,R032031,4/5/2020,959,COD,Delivered
O032032,CUST032033,R032032,10/4/2024,782,Wallet,Delivered
O032033,CUST032034,R032033,5/24/2021,846,Wallet,Delivered
O032034,CUST032035,R032034,10/16/2019,955,Wallet,Delivered
O032035,CUST032036,R032035,8/27/2020,1716,UPI,Delivered
O032036,CUST032037,R032036,6/11/2023,1255,COD,Delivered
O032037,CUST032038,R032037,7/8/2024,1608,UPI,Delivered
O032038,CUST032039,R032038,8/9/2023,1672,Wallet,Delivered
O032039,CUST032040,R032039,4/23/2020,856,Wallet,Delivered
O032040,CUST032041,R032040,9/9/2021,1622,Card,Delivered
O032041,CUST032042,R032041,2/12/2020,227,Wallet,Delivered
O032042,CUST032043,R032042,1/13/2025,999,UPI,Delivered
O032043,CUST032044,R032043,12/8/2021,1804,UPI,Delivered
O032044,CUST032045,R032044,11/22/2025,1159,UPI,Delivered
O032045,CUST032046,R032045,6/21/2019,506,Card,Delivered
O032046,CUST032047,R032046,5/13/2020,209,UPI,Delivered
O032047,CUST032048,R032047,11/19/2021,143,COD,Delivered
O032048,CUST032049,R032048,7/15/2019,381,UPI,Delivered
O032049,CUST032050,R032049,3/7/2024,1499,UPI,Delivered
O032050,CUST032051,R032050,6/24/2023,841,Wallet,Delivered
O032051,CUST032052,R032051,4/28/2020,861,Card,Delivered
O032052,CUST032053,R032052,2/26/2024,472,Wallet,Delivered
O032053,CUST032054,R032053,11/24/2025,1238,COD,Delivered
O032054,CUST032055,R032054,5/7/2022,900,Wallet,Delivered
O032055,CUST032056,R032055,1/8/2025,1281,Wallet,Cancelled
O032056,CUST032057,R032056,8/2/2023,1414,Card,Delivered
O032057,CUST032058,R032057,1/3/2020,950,Wallet,Delivered
O032058,CUST032059,R032058,2/15/2021,123,Wallet,Delivered
O032059,CUST032060,R032059,6/15/2020,881,Wallet,Delivered
O032060,CUST032061,R032060,12/16/2023,1660,Card,Delivered
O032061,CUST032062,R032061,6/9/2021,1898,UPI,Delivered
O032062,CUST032063,R032062,1/18/2024,1116,UPI,Delivered
O032063,CUST032064,R032063,1/19/2023,457,Card,Delivered
O032064,CUST032065,R032064,12/22/2022,1532,UPI,Delivered
O032065,CUST032066,R032065,6/20/2020,579,COD,Delivered
O032066,CUST032067,R032066,7/18/2020,332,Card,Delivered
O032067,CUST032068,R032067,3/17/2020,516,COD,Delivered
O032068,CUST032069,R032068,4/3/2020,940,UPI,Delivered
O032069,CUST032070,R032069,11/7/2020,185,Card,Delivered
O032070,CUST032071,R032070,9/25/2022,567,Wallet,Delivered
O032071,CUST032072,R032071,12/2/2021,751,Wallet,Delivered
O032072,CUST032073,R032072,12/24/2020,502,Wallet,Delivered
O032073,CUST032074,R032073,11/11/2020,1748,Wallet,Delivered
O032074,CUST032075,R032074,2/4/2023,1054,UPI,Delivered
O032075,CUST032076,R032075,9/19/2020,117,UPI,Delivered
O032076,CUST032077,R032076,5/19/2021,1513,Card,Delivered
O032077,CUST032078,R032077,10/10/2022,1751,UPI,Delivered
O032078,CUST032079,R032078,5/22/2025,668,UPI,Delivered
O032079,CUST032080,R032079,8/25/2022,1388,UPI,Delivered
O032080,CUST032081,R032080,12/20/2025,560,COD,Delivered
O032081,CUST032082,R032081,4/3/2020,1996,COD,Delivered
O032082,CUST032083,R032082,8/23/2024,230,Card,Delivered
O032083,CUST032084,R032083,5/26/2025,655,Card,Delivered
O032084,CUST032085,R032084,4/2/2019,271,Wallet,Cancelled
O032085,CUST032086,R032085,12/25/2020,1038,Wallet,Delivered
O032086,CUST032087,R032086,3/12/2025,650,COD,Delivered
O032087,CUST032088,R032087,3/20/2024,714,Wallet,Delivered
O032088,CUST032089,R032088,5/13/2022,1671,Card,Delivered
O032089,CUST032090,R032089,2/13/2024,1129,UPI,Delivered
O032090,CUST032091,R032090,6/5/2023,1368,UPI,Delivered
O032091,CUST032092,R032091,10/19/2025,1296,Card,Delivered
O032092,CUST032093,R032092,9/7/2022,1048,Wallet,Delivered
O032093,CUST032094,R032093,11/14/2020,350,Wallet,Delivered
O032094,CUST032095,R032094,10/13/2020,1613,Card,Delivered
O032095,CUST032096,R032095,8/17/2024,512,UPI,Delivered
O032096,CUST032097,R032096,8/21/2020,1282,Card,Delivered
O032097,CUST032098,R032097,1/12/2021,1832,COD,Delivered
O032098,CUST032099,R032098,1/22/2022,655,UPI,Delivered
O032099,CUST032100,R032099,1/21/2023,267,COD,Delivered
O032100,CUST032101,R032100,4/17/2019,329,COD,Delivered
O032101,CUST032102,R032101,4/8/2019,399,COD,Delivered
O032102,CUST032103,R032102,8/22/2025,790,Wallet,Delivered
O032103,CUST032104,R032103,6/27/2023,984,Card,Delivered
O032104,CUST032105,R032104,3/28/2019,1092,UPI,Delivered
O032105,CUST032106,R032105,1/2/2019,1155,Wallet,Delivered
O032106,CUST032107,R032106,2/9/2022,1023,Card,Delivered
O032107,CUST032108,R032107,8/27/2019,1230,Wallet,Delivered
O032108,CUST032109,R032108,3/11/2025,1223,UPI,Delivered
O032109,CUST032110,R032109,8/5/2024,1994,COD,Delivered
O032110,CUST032111,R032110,3/23/2020,644,Wallet,Delivered
O032111,CUST032112,R032111,2/5/2019,521,COD,Delivered
O032112,CUST032113,R032112,9/11/2022,978,Wallet,Delivered
O032113,CUST032114,R032113,2/27/2020,1216,COD,Delivered
O032114,CUST032115,R032114,5/6/2023,1111,Wallet,Delivered
O032115,CUST032116,R032115,9/6/2022,1406,Wallet,Delivered
O032116,CUST032117,R032116,3/10/2022,849,Wallet,Delivered
O032117,CUST032118,R032117,2/10/2019,1803,COD,Delivered
O032118,CUST032119,R032118,7/15/2025,1868,COD,Delivered
O032119,CUST032120,R032119,6/7/2024,1735,UPI,Delivered
O032120,CUST032121,R032120,5/11/2025,1979,UPI,Delivered
O032121,CUST032122,R032121,2/22/2019,1895,UPI,Delivered
O032122,CUST032123,R032122,4/23/2023,1786,Card,Delivered
O032123,CUST032124,R032123,3/17/2020,260,UPI,Delivered
O032124,CUST032125,R032124,8/14/2019,311,COD,Delivered
O032125,CUST032126,R032125,3/6/2024,1129,Card,Delivered
O032126,CUST032127,R032126,10/22/2022,1845,Card,Delivered
O032127,CUST032128,R032127,9/3/2023,727,COD,Delivered
O032128,CUST032129,R032128,5/28/2023,1021,Card,Delivered
O032129,CUST032130,R032129,10/22/2024,466,COD,Delivered
O032130,CUST032131,R032130,5/5/2021,1464,Wallet,Delivered
O032131,CUST032132,R032131,7/9/2025,769,Wallet,Delivered
O032132,CUST032133,R032132,1/8/2023,1350,UPI,Delivered
O032133,CUST032134,R032133,9/5/2022,1072,Wallet,Delivered
O032134,CUST032135,R032134,3/4/2019,1512,Wallet,Delivered
O032135,CUST032136,R032135,11/18/2023,1937,Wallet,Delivered
O032136,CUST032137,R032136,3/14/2022,893,Wallet,Delivered
O032137,CUST032138,R032137,12/8/2023,1829,Card,Delivered
O032138,CUST032139,R032138,9/20/2025,1758,UPI,Delivered
O032139,CUST032140,R032139,3/4/2020,1504,Card,Delivered
O032140,CUST032141,R032140,5/25/2025,387,UPI,Delivered
O032141,CUST032142,R032141,2/22/2022,1650,COD,Delivered
O032142,CUST032143,R032142,12/24/2019,257,COD,Delivered
O032143,CUST032144,R032143,4/28/2021,619,Wallet,Delivered
O032144,CUST032145,R032144,4/25/2021,856,Wallet,Delivered
O032145,CUST032146,R032145,6/11/2023,1886,COD,Delivered
O032146,CUST032147,R032146,1/6/2020,228,COD,Delivered
O032147,CUST032148,R032147,3/7/2022,1556,Wallet,Cancelled
O032148,CUST032149,R032148,3/18/2021,1091,Wallet,Delivered
O032149,CUST032150,R032149,9/2/2020,981,Wallet,Delivered
O032150,CUST032151,R032150,4/9/2021,1873,Wallet,Delivered
O032151,CUST032152,R032151,5/21/2021,1279,Card,Delivered
O032152,CUST032153,R032152,1/12/2025,1543,Card,Delivered
O032153,CUST032154,R032153,12/26/2024,1617,UPI,Delivered
O032154,CUST032155,R032154,11/10/2025,1738,COD,Delivered
O032155,CUST032156,R032155,8/24/2022,729,UPI,Delivered
O032156,CUST032157,R032156,7/21/2019,235,COD,Delivered
O032157,CUST032158,R032157,3/20/2023,473,COD,Cancelled
O032158,CUST032159,R032158,9/6/2025,657,Card,Delivered
O032159,CUST032160,R032159,11/15/2025,1789,COD,Delivered
O032160,CUST032161,R032160,11/1/2024,1346,Card,Delivered
O032161,CUST032162,R032161,5/27/2023,708,Wallet,Delivered
O032162,CUST032163,R032162,11/4/2022,772,COD,Delivered
O032163,CUST032164,R032163,11/4/2021,644,Wallet,Delivered
O032164,CUST032165,R032164,11/2/2022,894,UPI,Delivered
O032165,CUST032166,R032165,10/8/2022,1650,COD,Delivered
O032166,CUST032167,R032166,6/8/2025,1234,Wallet,Delivered
O032167,CUST032168,R032167,3/7/2025,1354,Card,Delivered
O032168,CUST032169,R032168,11/19/2024,1405,Wallet,Delivered
O032169,CUST032170,R032169,8/2/2021,1229,Card,Delivered
O032170,CUST032171,R032170,11/14/2025,1991,UPI,Delivered
O032171,CUST032172,R032171,7/15/2023,448,Card,Cancelled
O032172,CUST032173,R032172,7/16/2019,1404,Card,Delivered
O032173,CUST032174,R032173,3/24/2023,117,UPI,Cancelled
O032174,CUST032175,R032174,11/14/2025,325,Wallet,Delivered
O032175,CUST032176,R032175,11/26/2022,880,UPI,Delivered
O032176,CUST032177,R032176,9/16/2021,260,Card,Delivered
O032177,CUST032178,R032177,10/25/2025,127,Card,Delivered
O032178,CUST032179,R032178,6/3/2024,1895,UPI,Delivered
O032179,CUST032180,R032179,9/24/2021,423,COD,Delivered
O032180,CUST032181,R032180,3/23/2024,717,Card,Delivered
O032181,CUST032182,R032181,5/22/2023,594,COD,Delivered
O032182,CUST032183,R032182,9/26/2020,462,COD,Delivered
O032183,CUST032184,R032183,7/5/2022,290,COD,Delivered
O032184,CUST032185,R032184,6/3/2022,1531,UPI,Delivered
O032185,CUST032186,R032185,7/7/2020,1084,Card,Delivered
O032186,CUST032187,R032186,1/27/2020,1207,Wallet,Cancelled
O032187,CUST032188,R032187,10/3/2021,1458,Wallet,Delivered
O032188,CUST032189,R032188,10/14/2021,1080,COD,Delivered
O032189,CUST032190,R032189,12/4/2020,1524,UPI,Delivered
O032190,CUST032191,R032190,10/13/2024,1645,Wallet,Delivered
O032191,CUST032192,R032191,2/6/2019,1686,Card,Delivered
O032192,CUST032193,R032192,10/18/2023,1983,Wallet,Delivered
O032193,CUST032194,R032193,7/18/2021,1345,Card,Delivered
O032194,CUST032195,R032194,5/19/2025,211,Card,Delivered
O032195,CUST032196,R032195,9/20/2020,506,UPI,Delivered
O032196,CUST032197,R032196,8/15/2022,1851,Card,Delivered
O032197,CUST032198,R032197,10/26/2019,1191,Card,Delivered
O032198,CUST032199,R032198,3/1/2022,1888,UPI,Delivered
O032199,CUST032200,R032199,1/22/2020,824,COD,Delivered
O032200,CUST032201,R032200,5/25/2023,556,COD,Delivered
O032201,CUST032202,R032201,7/24/2023,740,Wallet,Delivered
O032202,CUST032203,R032202,2/5/2022,1141,COD,Delivered
O032203,CUST032204,R032203,2/10/2024,372,COD,Delivered
O032204,CUST032205,R032204,10/1/2021,1301,Card,Delivered
O032205,CUST032206,R032205,2/12/2022,710,COD,Delivered
O032206,CUST032207,R032206,8/28/2021,1006,UPI,Delivered
O032207,CUST032208,R032207,5/14/2025,1903,Wallet,Delivered
O032208,CUST032209,R032208,5/15/2022,1133,Wallet,Delivered
O032209,CUST032210,R032209,12/9/2019,1641,UPI,Cancelled
O032210,CUST032211,R032210,1/20/2021,1820,Card,Delivered
O032211,CUST032212,R032211,1/10/2020,1548,COD,Delivered
O032212,CUST032213,R032212,6/25/2021,867,UPI,Delivered
O032213,CUST032214,R032213,9/19/2020,1612,Card,Delivered
O032214,CUST032215,R032214,4/27/2021,785,Wallet,Delivered
O032215,CUST032216,R032215,5/7/2025,340,COD,Delivered
O032216,CUST032217,R032216,4/26/2020,454,COD,Delivered
O032217,CUST032218,R032217,10/1/2021,1345,Wallet,Delivered
O032218,CUST032219,R032218,6/13/2020,723,COD,Delivered
O032219,CUST032220,R032219,4/28/2024,1050,UPI,Delivered
O032220,CUST032221,R032220,4/15/2023,1101,Wallet,Delivered
O032221,CUST032222,R032221,3/5/2025,1177,UPI,Delivered
O032222,CUST032223,R032222,11/17/2024,1686,Wallet,Delivered
O032223,CUST032224,R032223,8/13/2023,1865,Card,Cancelled
O032224,CUST032225,R032224,12/12/2025,1591,Card,Delivered
O032225,CUST032226,R032225,2/26/2021,1539,Wallet,Delivered
O032226,CUST032227,R032226,11/7/2023,1229,UPI,Delivered
O032227,CUST032228,R032227,4/22/2021,575,UPI,Delivered
O032228,CUST032229,R032228,11/16/2025,447,Card,Delivered
O032229,CUST032230,R032229,3/21/2024,244,Card,Delivered
O032230,CUST032231,R032230,11/26/2023,117,COD,Delivered
O032231,CUST032232,R032231,4/22/2025,340,Card,Delivered
O032232,CUST032233,R032232,11/4/2019,671,Card,Delivered
O032233,CUST032234,R032233,6/24/2025,717,COD,Delivered
O032234,CUST032235,R032234,6/28/2020,838,UPI,Delivered
O032235,CUST032236,R032235,10/11/2024,413,COD,Delivered
O032236,CUST032237,R032236,1/23/2023,957,UPI,Delivered
O032237,CUST032238,R032237,9/6/2024,1207,COD,Delivered
O032238,CUST032239,R032238,7/7/2021,1822,Wallet,Delivered
O032239,CUST032240,R032239,6/2/2023,889,UPI,Delivered
O032240,CUST032241,R032240,12/16/2022,1203,Wallet,Delivered
O032241,CUST032242,R032241,1/3/2022,1964,Card,Delivered
O032242,CUST032243,R032242,6/22/2019,1762,Wallet,Delivered
O032243,CUST032244,R032243,3/8/2021,1634,Card,Delivered
O032244,CUST032245,R032244,7/17/2020,1900,Card,Cancelled
O032245,CUST032246,R032245,3/27/2023,1474,UPI,Delivered
O032246,CUST032247,R032246,2/18/2020,334,Card,Delivered
O032247,CUST032248,R032247,6/22/2020,389,Card,Delivered
O032248,CUST032249,R032248,9/17/2019,1900,Card,Delivered
O032249,CUST032250,R032249,4/14/2022,377,Card,Delivered
O032250,CUST032251,R032250,8/27/2021,1597,Card,Cancelled
O032251,CUST032252,R032251,5/26/2023,1198,Wallet,Delivered
O032252,CUST032253,R032252,10/2/2020,265,Card,Delivered
O032253,CUST032254,R032253,2/22/2025,623,Wallet,Delivered
O032254,CUST032255,R032254,7/21/2019,818,COD,Cancelled
O032255,CUST032256,R032255,4/13/2021,250,COD,Delivered
O032256,CUST032257,R032256,10/27/2025,1185,UPI,Delivered
O032257,CUST032258,R032257,9/8/2019,1277,COD,Cancelled
O032258,CUST032259,R032258,2/5/2025,1386,Wallet,Cancelled
O032259,CUST032260,R032259,10/2/2022,1612,COD,Delivered
O032260,CUST032261,R032260,12/13/2024,1017,UPI,Cancelled
O032261,CUST032262,R032261,6/14/2023,1517,Card,Delivered
O032262,CUST032263,R032262,1/16/2024,1895,Wallet,Delivered
O032263,CUST032264,R032263,1/9/2019,1257,UPI,Cancelled
O032264,CUST032265,R032264,1/21/2025,820,UPI,Delivered
O032265,CUST032266,R032265,2/24/2024,1067,UPI,Cancelled
O032266,CUST032267,R032266,10/17/2020,240,COD,Delivered
O032267,CUST032268,R032267,2/16/2019,478,COD,Delivered
O032268,CUST032269,R032268,2/25/2021,400,Card,Delivered
O032269,CUST032270,R032269,7/21/2023,801,COD,Delivered
O032270,CUST032271,R032270,10/5/2021,1905,Card,Delivered
O032271,CUST032272,R032271,1/27/2025,1002,UPI,Delivered
O032272,CUST032273,R032272,7/4/2024,382,COD,Delivered
O032273,CUST032274,R032273,2/22/2019,633,Wallet,Delivered
O032274,CUST032275,R032274,2/9/2025,1308,COD,Cancelled
O032275,CUST032276,R032275,1/10/2024,623,COD,Delivered
O032276,CUST032277,R032276,9/3/2021,1047,UPI,Delivered
O032277,CUST032278,R032277,1/16/2022,1491,Wallet,Cancelled
O032278,CUST032279,R032278,8/5/2024,1176,Wallet,Delivered
O032279,CUST032280,R032279,2/14/2020,1757,Wallet,Delivered
O032280,CUST032281,R032280,10/11/2021,1100,Card,Delivered
O032281,CUST032282,R032281,1/20/2025,445,COD,Delivered
O032282,CUST032283,R032282,4/23/2019,1901,COD,Delivered
O032283,CUST032284,R032283,3/21/2022,223,Card,Delivered
O032284,CUST032285,R032284,6/28/2023,1045,COD,Delivered
O032285,CUST032286,R032285,3/5/2022,1804,COD,Delivered
O032286,CUST032287,R032286,1/23/2024,721,Wallet,Delivered
O032287,CUST032288,R032287,10/9/2021,507,Wallet,Delivered
O032288,CUST032289,R032288,7/28/2021,1093,COD,Delivered
O032289,CUST032290,R032289,9/4/2021,1091,COD,Delivered
O032290,CUST032291,R032290,3/8/2020,1536,Wallet,Delivered
O032291,CUST032292,R032291,11/7/2020,1263,Card,Delivered
O032292,CUST032293,R032292,4/24/2020,1086,Wallet,Delivered
O032293,CUST032294,R032293,8/26/2019,1144,UPI,Delivered
O032294,CUST032295,R032294,5/21/2023,236,Wallet,Delivered
O032295,CUST032296,R032295,10/11/2020,1518,Card,Delivered
O032296,CUST032297,R032296,6/16/2024,1789,UPI,Delivered
O032297,CUST032298,R032297,2/25/2020,1674,Card,Delivered
O032298,CUST032299,R032298,8/14/2022,1912,UPI,Delivered
O032299,CUST032300,R032299,5/20/2024,338,Card,Delivered
O032300,CUST032301,R032300,11/19/2021,123,COD,Cancelled
O032301,CUST032302,R032301,11/23/2019,753,COD,Delivered
O032302,CUST032303,R032302,11/6/2023,1720,Card,Delivered
O032303,CUST032304,R032303,12/18/2025,629,Wallet,Delivered
O032304,CUST032305,R032304,7/1/2022,879,COD,Delivered
O032305,CUST032306,R032305,1/6/2022,746,COD,Delivered
O032306,CUST032307,R032306,8/23/2021,805,Wallet,Delivered
O032307,CUST032308,R032307,5/15/2023,864,Wallet,Delivered
O032308,CUST032309,R032308,4/26/2021,1625,UPI,Delivered
O032309,CUST032310,R032309,10/10/2021,1405,COD,Delivered
O032310,CUST032311,R032310,3/7/2020,1334,Card,Delivered
O032311,CUST032312,R032311,8/8/2022,1529,UPI,Delivered
O032312,CUST032313,R032312,7/22/2019,1134,UPI,Delivered
O032313,CUST032314,R032313,3/14/2025,1640,Card,Delivered
O032314,CUST032315,R032314,7/17/2021,545,Wallet,Delivered
O032315,CUST032316,R032315,4/16/2021,1380,UPI,Delivered
O032316,CUST032317,R032316,8/12/2020,1718,UPI,Delivered
O032317,CUST032318,R032317,11/26/2024,1080,UPI,Delivered
O032318,CUST032319,R032318,12/22/2021,427,Card,Delivered
O032319,CUST032320,R032319,7/12/2024,1895,Wallet,Delivered
O032320,CUST032321,R032320,2/18/2020,1997,Card,Cancelled
O032321,CUST032322,R032321,12/14/2022,290,Card,Delivered
O032322,CUST032323,R032322,4/5/2019,1606,UPI,Cancelled
O032323,CUST032324,R032323,7/23/2024,697,Wallet,Delivered
O032324,CUST032325,R032324,3/25/2021,760,UPI,Delivered
O032325,CUST032326,R032325,1/25/2025,366,COD,Delivered
O032326,CUST032327,R032326,1/22/2024,829,COD,Delivered
O032327,CUST032328,R032327,11/6/2025,745,COD,Delivered
O032328,CUST032329,R032328,8/6/2020,1000,Wallet,Delivered
O032329,CUST032330,R032329,11/1/2020,1378,Card,Delivered
O032330,CUST032331,R032330,8/1/2021,871,Wallet,Delivered
O032331,CUST032332,R032331,12/17/2021,1944,COD,Delivered
O032332,CUST032333,R032332,8/13/2019,796,Wallet,Delivered
O032333,CUST032334,R032333,7/13/2019,1613,Card,Delivered
O032334,CUST032335,R032334,3/9/2024,1852,Card,Delivered
O032335,CUST032336,R032335,6/17/2025,1223,Wallet,Cancelled
O032336,CUST032337,R032336,2/17/2019,313,Card,Delivered
O032337,CUST032338,R032337,11/22/2025,1388,UPI,Delivered
O032338,CUST032339,R032338,4/20/2020,475,COD,Delivered
O032339,CUST032340,R032339,12/16/2023,1501,Card,Delivered
O032340,CUST032341,R032340,4/15/2025,361,COD,Delivered
O032341,CUST032342,R032341,12/1/2024,791,UPI,Delivered
O032342,CUST032343,R032342,1/2/2023,106,UPI,Delivered
O032343,CUST032344,R032343,3/24/2021,531,Wallet,Delivered
O032344,CUST032345,R032344,6/3/2022,709,Wallet,Delivered
O032345,CUST032346,R032345,10/22/2021,412,COD,Delivered
O032346,CUST032347,R032346,7/10/2021,1230,COD,Delivered
O032347,CUST032348,R032347,2/3/2024,579,Wallet,Delivered
O032348,CUST032349,R032348,10/12/2020,1373,Wallet,Delivered
O032349,CUST032350,R032349,1/12/2021,941,Card,Delivered
O032350,CUST032351,R032350,5/3/2025,1180,UPI,Delivered
O032351,CUST032352,R032351,4/14/2020,519,UPI,Delivered
O032352,CUST032353,R032352,6/25/2022,1021,Card,Cancelled
O032353,CUST032354,R032353,12/16/2025,449,COD,Delivered
O032354,CUST032355,R032354,4/1/2022,1848,COD,Delivered
O032355,CUST032356,R032355,12/20/2024,150,UPI,Delivered
O032356,CUST032357,R032356,7/25/2019,574,Card,Delivered
O032357,CUST032358,R032357,2/5/2022,753,Wallet,Delivered
O032358,CUST032359,R032358,2/23/2019,992,COD,Delivered
O032359,CUST032360,R032359,3/10/2024,560,COD,Delivered
O032360,CUST032361,R032360,4/19/2020,628,Wallet,Delivered
O032361,CUST032362,R032361,10/13/2020,1592,Card,Delivered
O032362,CUST032363,R032362,11/28/2024,1030,UPI,Delivered
O032363,CUST032364,R032363,1/4/2021,1224,Wallet,Delivered
O032364,CUST032365,R032364,1/17/2025,1146,UPI,Delivered
O032365,CUST032366,R032365,1/6/2025,638,Wallet,Delivered
O032366,CUST032367,R032366,1/13/2020,1967,Wallet,Delivered
O032367,CUST032368,R032367,9/11/2020,1508,Card,Delivered
O032368,CUST032369,R032368,8/15/2019,368,UPI,Delivered
O032369,CUST032370,R032369,11/19/2023,1203,UPI,Delivered
O032370,CUST032371,R032370,7/14/2022,1748,COD,Delivered
O032371,CUST032372,R032371,9/18/2019,608,UPI,Delivered
O032372,CUST032373,R032372,4/20/2024,219,Card,Delivered
O032373,CUST032374,R032373,1/16/2024,244,COD,Delivered
O032374,CUST032375,R032374,6/7/2021,320,Card,Delivered
O032375,CUST032376,R032375,3/22/2024,646,Wallet,Delivered
O032376,CUST032377,R032376,4/27/2023,878,Card,Delivered
O032377,CUST032378,R032377,2/27/2020,806,Wallet,Delivered
O032378,CUST032379,R032378,9/28/2020,746,COD,Delivered
O032379,CUST032380,R032379,12/7/2020,869,COD,Delivered
O032380,CUST032381,R032380,5/5/2022,1124,UPI,Delivered
O032381,CUST032382,R032381,2/10/2021,1929,Card,Delivered
O032382,CUST032383,R032382,9/3/2023,820,UPI,Delivered
O032383,CUST032384,R032383,7/8/2022,1364,UPI,Delivered
O032384,CUST032385,R032384,10/14/2021,1236,COD,Delivered
O032385,CUST032386,R032385,1/21/2020,931,Wallet,Delivered
O032386,CUST032387,R032386,4/11/2019,1000,COD,Delivered
O032387,CUST032388,R032387,10/5/2024,1031,Wallet,Delivered
O032388,CUST032389,R032388,5/4/2023,1325,Wallet,Delivered
O032389,CUST032390,R032389,3/9/2024,700,COD,Delivered
O032390,CUST032391,R032390,12/10/2019,1693,UPI,Delivered
O032391,CUST032392,R032391,10/12/2024,1501,COD,Delivered
O032392,CUST032393,R032392,12/5/2024,1585,UPI,Cancelled
O032393,CUST032394,R032393,1/8/2022,1835,UPI,Delivered
O032394,CUST032395,R032394,4/20/2020,1752,UPI,Delivered
O032395,CUST032396,R032395,5/21/2020,1575,Card,Delivered
O032396,CUST032397,R032396,9/19/2021,218,UPI,Delivered
O032397,CUST032398,R032397,11/12/2022,221,Card,Delivered
O032398,CUST032399,R032398,4/3/2019,1039,UPI,Delivered
O032399,CUST032400,R032399,10/21/2023,1803,Card,Delivered
O032400,CUST032401,R032400,1/28/2025,691,COD,Delivered
O032401,CUST032402,R032401,9/27/2019,942,COD,Delivered
O032402,CUST032403,R032402,1/21/2024,318,Card,Delivered
O032403,CUST032404,R032403,11/4/2019,1310,COD,Delivered
O032404,CUST032405,R032404,11/8/2019,228,COD,Delivered
O032405,CUST032406,R032405,6/7/2021,1245,Wallet,Cancelled
O032406,CUST032407,R032406,9/3/2024,929,Wallet,Delivered
O032407,CUST032408,R032407,2/2/2025,1369,Wallet,Cancelled
O032408,CUST032409,R032408,1/15/2022,141,COD,Delivered
O032409,CUST032410,R032409,8/14/2025,846,Wallet,Delivered
O032410,CUST032411,R032410,2/7/2023,1782,Card,Delivered
O032411,CUST032412,R032411,1/18/2019,1667,UPI,Delivered
O032412,CUST032413,R032412,4/2/2023,1419,Card,Delivered
O032413,CUST032414,R032413,4/24/2021,307,Wallet,Delivered
O032414,CUST032415,R032414,12/22/2021,1614,Card,Delivered
O032415,CUST032416,R032415,7/23/2024,1879,Card,Delivered
O032416,CUST032417,R032416,7/27/2020,1937,Card,Delivered
O032417,CUST032418,R032417,12/18/2021,1920,Card,Delivered
O032418,CUST032419,R032418,2/1/2023,1353,COD,Delivered
O032419,CUST032420,R032419,4/26/2024,1601,Wallet,Delivered
O032420,CUST032421,R032420,2/27/2020,1412,Wallet,Delivered
O032421,CUST032422,R032421,5/10/2019,1198,Wallet,Delivered
O032422,CUST032423,R032422,3/4/2021,891,Wallet,Delivered
O032423,CUST032424,R032423,10/7/2019,1826,Wallet,Delivered
O032424,CUST032425,R032424,1/19/2024,1760,Card,Cancelled
O032425,CUST032426,R032425,9/9/2022,1463,Card,Delivered
O032426,CUST032427,R032426,8/25/2019,1538,UPI,Delivered
O032427,CUST032428,R032427,6/9/2023,1658,Card,Cancelled
O032428,CUST032429,R032428,6/24/2022,687,Wallet,Delivered
O032429,CUST032430,R032429,6/15/2020,124,COD,Delivered
O032430,CUST032431,R032430,5/18/2019,1965,COD,Cancelled
O032431,CUST032432,R032431,2/5/2019,508,Card,Delivered
O032432,CUST032433,R032432,6/13/2020,1645,Card,Delivered
O032433,CUST032434,R032433,10/28/2020,1072,Card,Delivered
O032434,CUST032435,R032434,7/25/2022,858,Wallet,Delivered
O032435,CUST032436,R032435,9/5/2021,682,COD,Cancelled
O032436,CUST032437,R032436,6/2/2021,553,COD,Delivered
O032437,CUST032438,R032437,3/1/2019,853,UPI,Delivered
O032438,CUST032439,R032438,12/4/2024,1615,COD,Delivered
O032439,CUST032440,R032439,6/6/2024,1155,Wallet,Delivered
O032440,CUST032441,R032440,6/6/2024,1269,UPI,Delivered
O032441,CUST032442,R032441,10/18/2019,1315,COD,Delivered
O032442,CUST032443,R032442,12/1/2022,1642,Card,Delivered
O032443,CUST032444,R032443,11/13/2019,1625,Wallet,Delivered
O032444,CUST032445,R032444,8/14/2019,298,Card,Cancelled
O032445,CUST032446,R032445,11/15/2022,1261,Card,Delivered
O032446,CUST032447,R032446,5/22/2022,1875,UPI,Delivered
O032447,CUST032448,R032447,2/20/2022,475,COD,Delivered
O032448,CUST032449,R032448,5/28/2023,768,UPI,Delivered
O032449,CUST032450,R032449,12/14/2023,169,COD,Delivered
O032450,CUST032451,R032450,10/23/2021,470,COD,Delivered
O032451,CUST032452,R032451,5/1/2024,342,COD,Delivered
O032452,CUST032453,R032452,9/1/2019,814,COD,Delivered
O032453,CUST032454,R032453,10/28/2021,928,Card,Delivered
O032454,CUST032455,R032454,4/27/2019,932,COD,Delivered
O032455,CUST032456,R032455,6/3/2022,307,Card,Delivered
O032456,CUST032457,R032456,11/1/2025,1830,COD,Delivered
O032457,CUST032458,R032457,11/2/2020,1432,Wallet,Delivered
O032458,CUST032459,R032458,3/5/2021,941,Card,Delivered
O032459,CUST032460,R032459,7/25/2024,1064,COD,Delivered
O032460,CUST032461,R032460,11/1/2020,1563,Wallet,Cancelled
O032461,CUST032462,R032461,1/16/2019,969,COD,Delivered
O032462,CUST032463,R032462,7/2/2022,1303,UPI,Delivered
O032463,CUST032464,R032463,2/11/2024,1560,Wallet,Delivered
O032464,CUST032465,R032464,2/4/2021,1605,Card,Delivered
O032465,CUST032466,R032465,5/20/2023,1903,Wallet,Delivered
O032466,CUST032467,R032466,5/17/2020,1304,UPI,Cancelled
O032467,CUST032468,R032467,12/18/2023,164,Card,Delivered
O032468,CUST032469,R032468,5/19/2021,414,Wallet,Delivered
O032469,CUST032470,R032469,5/13/2020,1446,Card,Delivered
O032470,CUST032471,R032470,7/25/2022,1049,Card,Delivered
O032471,CUST032472,R032471,10/28/2021,1613,UPI,Delivered
O032472,CUST032473,R032472,3/19/2019,718,COD,Delivered
O032473,CUST032474,R032473,3/23/2024,657,COD,Delivered
O032474,CUST032475,R032474,7/26/2019,586,Wallet,Delivered
O032475,CUST032476,R032475,1/4/2022,1094,Card,Cancelled
O032476,CUST032477,R032476,5/6/2019,330,COD,Delivered
O032477,CUST032478,R032477,1/27/2023,1222,UPI,Cancelled
O032478,CUST032479,R032478,11/7/2025,631,COD,Delivered
O032479,CUST032480,R032479,3/26/2025,920,UPI,Delivered
O032480,CUST032481,R032480,3/13/2025,1681,COD,Delivered
O032481,CUST032482,R032481,5/14/2025,1086,Wallet,Delivered
O032482,CUST032483,R032482,1/8/2022,1238,UPI,Delivered
O032483,CUST032484,R032483,7/19/2021,1677,UPI,Delivered
O032484,CUST032485,R032484,4/10/2021,1403,UPI,Cancelled
O032485,CUST032486,R032485,8/22/2023,334,Wallet,Delivered
O032486,CUST032487,R032486,11/17/2019,1329,Card,Cancelled
O032487,CUST032488,R032487,11/23/2019,202,COD,Delivered
O032488,CUST032489,R032488,9/26/2024,1727,COD,Delivered
O032489,CUST032490,R032489,11/18/2021,374,COD,Delivered
O032490,CUST032491,R032490,4/22/2025,1310,Wallet,Delivered
O032491,CUST032492,R032491,7/7/2021,644,COD,Delivered
O032492,CUST032493,R032492,7/27/2023,964,UPI,Delivered
O032493,CUST032494,R032493,9/14/2019,1010,COD,Delivered
O032494,CUST032495,R032494,7/1/2021,1131,UPI,Delivered
O032495,CUST032496,R032495,11/16/2025,1325,COD,Delivered
O032496,CUST032497,R032496,9/12/2019,1720,UPI,Cancelled
O032497,CUST032498,R032497,4/10/2021,1448,Card,Delivered
O032498,CUST032499,R032498,5/25/2021,1391,Wallet,Delivered
O032499,CUST032500,R032499,12/6/2020,1373,UPI,Delivered
O032500,CUST032501,R032500,10/24/2024,289,UPI,Cancelled
O032501,CUST032502,R032501,7/14/2022,298,Card,Delivered
O032502,CUST032503,R032502,4/18/2019,165,Card,Cancelled
O032503,CUST032504,R032503,12/22/2021,1938,COD,Cancelled
O032504,CUST032505,R032504,8/17/2021,297,COD,Delivered
O032505,CUST032506,R032505,9/2/2020,624,Card,Delivered
O032506,CUST032507,R032506,2/23/2019,627,COD,Delivered
O032507,CUST032508,R032507,11/26/2021,747,Wallet,Delivered
O032508,CUST032509,R032508,7/10/2020,1953,COD,Cancelled
O032509,CUST032510,R032509,1/22/2019,1380,UPI,Delivered
O032510,CUST032511,R032510,12/5/2023,1065,COD,Delivered
O032511,CUST032512,R032511,2/6/2019,1673,COD,Delivered
O032512,CUST032513,R032512,8/28/2022,989,UPI,Delivered
O032513,CUST032514,R032513,2/18/2021,1092,Wallet,Delivered
O032514,CUST032515,R032514,10/9/2024,1859,Card,Delivered
O032515,CUST032516,R032515,10/20/2019,1683,Wallet,Delivered
O032516,CUST032517,R032516,10/6/2021,1554,Card,Delivered
O032517,CUST032518,R032517,12/12/2025,1815,Card,Delivered
O032518,CUST032519,R032518,12/25/2022,1253,UPI,Delivered
O032519,CUST032520,R032519,9/18/2019,287,Card,Delivered
O032520,CUST032521,R032520,7/21/2023,543,UPI,Delivered
O032521,CUST032522,R032521,9/20/2022,160,Card,Delivered
O032522,CUST032523,R032522,9/16/2021,474,UPI,Delivered
O032523,CUST032524,R032523,7/28/2023,1736,Card,Delivered
O032524,CUST032525,R032524,10/1/2021,1092,Wallet,Delivered
O032525,CUST032526,R032525,4/4/2021,366,UPI,Delivered
O032526,CUST032527,R032526,6/24/2023,469,COD,Delivered
O032527,CUST032528,R032527,6/20/2019,1236,COD,Delivered
O032528,CUST032529,R032528,11/11/2023,213,COD,Delivered
O032529,CUST032530,R032529,1/25/2020,1105,UPI,Delivered
O032530,CUST032531,R032530,6/2/2022,1192,Card,Delivered
O032531,CUST032532,R032531,7/3/2022,1295,Wallet,Delivered
O032532,CUST032533,R032532,3/9/2023,1564,COD,Cancelled
O032533,CUST032534,R032533,4/12/2022,975,Wallet,Delivered
O032534,CUST032535,R032534,7/13/2019,1438,Card,Delivered
O032535,CUST032536,R032535,1/14/2023,1752,Wallet,Delivered
O032536,CUST032537,R032536,4/8/2025,1107,UPI,Cancelled
O032537,CUST032538,R032537,8/20/2020,709,UPI,Delivered
O032538,CUST032539,R032538,6/23/2025,1038,UPI,Delivered
O032539,CUST032540,R032539,6/18/2023,1987,COD,Delivered
O032540,CUST032541,R032540,2/14/2021,328,Card,Delivered
O032541,CUST032542,R032541,8/21/2024,257,Card,Delivered
O032542,CUST032543,R032542,4/20/2022,766,Card,Delivered
O032543,CUST032544,R032543,11/27/2022,1864,Card,Delivered
O032544,CUST032545,R032544,3/25/2024,911,UPI,Delivered
O032545,CUST032546,R032545,11/2/2019,291,Card,Delivered
O032546,CUST032547,R032546,10/21/2022,592,Wallet,Delivered
O032547,CUST032548,R032547,2/8/2019,1098,COD,Delivered
O032548,CUST032549,R032548,9/9/2025,478,COD,Delivered
O032549,CUST032550,R032549,8/2/2022,898,Wallet,Delivered
O032550,CUST032551,R032550,4/14/2021,1338,Wallet,Delivered
O032551,CUST032552,R032551,3/5/2023,1320,Wallet,Cancelled
O032552,CUST032553,R032552,9/13/2025,1651,Wallet,Delivered
O032553,CUST032554,R032553,6/9/2025,957,Wallet,Cancelled
O032554,CUST032555,R032554,8/18/2019,1775,Card,Delivered
O032555,CUST032556,R032555,10/21/2022,1394,Card,Delivered
O032556,CUST032557,R032556,12/9/2022,1480,UPI,Delivered
O032557,CUST032558,R032557,8/20/2022,571,COD,Delivered
O032558,CUST032559,R032558,6/24/2021,1286,Card,Delivered
O032559,CUST032560,R032559,10/16/2022,636,Wallet,Delivered
O032560,CUST032561,R032560,6/9/2024,427,COD,Delivered
O032561,CUST032562,R032561,2/25/2023,1057,COD,Delivered
O032562,CUST032563,R032562,12/3/2020,986,COD,Delivered
O032563,CUST032564,R032563,10/7/2024,1382,UPI,Delivered
O032564,CUST032565,R032564,7/5/2021,1364,UPI,Delivered
O032565,CUST032566,R032565,8/24/2025,806,Wallet,Delivered
O032566,CUST032567,R032566,3/25/2021,1045,UPI,Delivered
O032567,CUST032568,R032567,4/18/2022,1993,Wallet,Delivered
O032568,CUST032569,R032568,12/9/2025,1432,Card,Delivered
O032569,CUST032570,R032569,12/10/2022,1698,UPI,Delivered
O032570,CUST032571,R032570,12/21/2020,1627,Card,Delivered
O032571,CUST032572,R032571,7/12/2022,1865,Card,Cancelled
O032572,CUST032573,R032572,6/19/2020,252,UPI,Delivered
O032573,CUST032574,R032573,3/18/2024,1944,COD,Delivered
O032574,CUST032575,R032574,3/22/2025,674,COD,Delivered
O032575,CUST032576,R032575,1/5/2020,1614,Card,Delivered
O032576,CUST032577,R032576,3/17/2024,1041,Wallet,Delivered
O032577,CUST032578,R032577,11/28/2025,980,COD,Delivered
O032578,CUST032579,R032578,2/5/2025,598,COD,Cancelled
O032579,CUST032580,R032579,3/19/2021,661,Wallet,Delivered
O032580,CUST032581,R032580,7/13/2024,764,Wallet,Delivered
O032581,CUST032582,R032581,2/24/2022,1548,UPI,Delivered
O032582,CUST032583,R032582,8/4/2024,1315,COD,Delivered
O032583,CUST032584,R032583,2/5/2025,1244,UPI,Delivered
O032584,CUST032585,R032584,3/7/2024,1486,UPI,Delivered
O032585,CUST032586,R032585,11/20/2023,924,Wallet,Delivered
O032586,CUST032587,R032586,11/12/2019,1561,Card,Delivered
O032587,CUST032588,R032587,2/16/2025,465,Wallet,Delivered
O032588,CUST032589,R032588,7/14/2020,1230,UPI,Delivered
O032589,CUST032590,R032589,8/11/2023,134,UPI,Delivered
O032590,CUST032591,R032590,2/23/2020,1653,Card,Delivered
O032591,CUST032592,R032591,2/27/2025,705,COD,Delivered
O032592,CUST032593,R032592,3/16/2023,277,Wallet,Delivered
O032593,CUST032594,R032593,9/23/2019,1853,Card,Delivered
O032594,CUST032595,R032594,5/19/2024,737,Card,Delivered
O032595,CUST032596,R032595,6/27/2021,1559,UPI,Delivered
O032596,CUST032597,R032596,2/21/2024,606,Wallet,Delivered
O032597,CUST032598,R032597,11/23/2025,675,UPI,Delivered
O032598,CUST032599,R032598,8/23/2020,287,COD,Delivered
O032599,CUST032600,R032599,10/1/2023,793,COD,Delivered
O032600,CUST032601,R032600,2/4/2024,703,COD,Delivered
O032601,CUST032602,R032601,7/5/2021,910,Wallet,Delivered
O032602,CUST032603,R032602,7/27/2022,1225,Card,Delivered
O032603,CUST032604,R032603,8/28/2022,841,Wallet,Delivered
O032604,CUST032605,R032604,9/16/2024,1838,COD,Delivered
O032605,CUST032606,R032605,12/11/2022,652,Wallet,Delivered
O032606,CUST032607,R032606,9/11/2024,1470,UPI,Delivered
O032607,CUST032608,R032607,8/7/2021,1731,Card,Delivered
O032608,CUST032609,R032608,6/9/2021,1175,Wallet,Cancelled
O032609,CUST032610,R032609,1/16/2021,266,UPI,Delivered
O032610,CUST032611,R032610,12/19/2020,1304,Wallet,Delivered
O032611,CUST032612,R032611,8/18/2020,395,Card,Delivered
O032612,CUST032613,R032612,4/16/2025,1421,Card,Delivered
O032613,CUST032614,R032613,11/14/2019,320,Card,Delivered
O032614,CUST032615,R032614,3/27/2023,571,UPI,Delivered
O032615,CUST032616,R032615,1/1/2022,1853,Card,Delivered
O032616,CUST032617,R032616,4/23/2024,637,COD,Delivered
O032617,CUST032618,R032617,1/10/2020,565,COD,Delivered
O032618,CUST032619,R032618,1/21/2022,313,COD,Delivered
O032619,CUST032620,R032619,1/8/2024,1087,COD,Delivered
O032620,CUST032621,R032620,4/1/2022,458,Wallet,Delivered
O032621,CUST032622,R032621,8/6/2019,1219,COD,Cancelled
O032622,CUST032623,R032622,9/10/2023,895,UPI,Delivered
O032623,CUST032624,R032623,4/1/2025,964,Wallet,Delivered
O032624,CUST032625,R032624,4/12/2022,1912,COD,Delivered
O032625,CUST032626,R032625,5/20/2024,514,UPI,Delivered
O032626,CUST032627,R032626,7/9/2021,1838,Card,Delivered
O032627,CUST032628,R032627,10/22/2023,1373,Card,Cancelled
O032628,CUST032629,R032628,2/11/2022,1940,Card,Cancelled
O032629,CUST032630,R032629,8/17/2020,681,Card,Delivered
O032630,CUST032631,R032630,3/3/2025,610,COD,Delivered
O032631,CUST032632,R032631,9/22/2025,848,COD,Delivered
O032632,CUST032633,R032632,12/9/2022,279,COD,Delivered
O032633,CUST032634,R032633,2/17/2021,545,Wallet,Delivered
O032634,CUST032635,R032634,12/7/2024,1438,Card,Delivered
O032635,CUST032636,R032635,3/26/2024,939,UPI,Delivered
O032636,CUST032637,R032636,8/2/2023,1182,Wallet,Delivered
O032637,CUST032638,R032637,6/13/2020,1110,UPI,Delivered
O032638,CUST032639,R032638,7/8/2020,559,UPI,Cancelled
O032639,CUST032640,R032639,7/12/2024,1882,Wallet,Delivered
O032640,CUST032641,R032640,12/10/2019,1417,Card,Delivered
O032641,CUST032642,R032641,7/14/2022,147,UPI,Delivered
O032642,CUST032643,R032642,8/18/2025,1353,UPI,Delivered
O032643,CUST032644,R032643,12/13/2023,1604,COD,Delivered
O032644,CUST032645,R032644,5/16/2020,464,UPI,Delivered
O032645,CUST032646,R032645,2/18/2024,1971,Card,Delivered
O032646,CUST032647,R032646,5/12/2023,162,COD,Delivered
O032647,CUST032648,R032647,7/2/2024,209,Card,Delivered
O032648,CUST032649,R032648,3/20/2019,560,Wallet,Cancelled
O032649,CUST032650,R032649,12/24/2020,798,Card,Cancelled
O032650,CUST032651,R032650,5/25/2020,727,Wallet,Delivered
O032651,CUST032652,R032651,2/3/2020,710,COD,Delivered
O032652,CUST032653,R032652,3/6/2019,652,COD,Cancelled
O032653,CUST032654,R032653,9/4/2025,1033,UPI,Delivered
O032654,CUST032655,R032654,3/9/2024,1839,Card,Delivered
O032655,CUST032656,R032655,5/27/2024,970,Wallet,Delivered
O032656,CUST032657,R032656,3/8/2025,1264,Wallet,Delivered
O032657,CUST032658,R032657,2/13/2024,1092,UPI,Delivered
O032658,CUST032659,R032658,4/20/2019,1588,Card,Delivered
O032659,CUST032660,R032659,10/8/2022,1680,UPI,Delivered
O032660,CUST032661,R032660,1/11/2024,1726,Card,Delivered
O032661,CUST032662,R032661,2/15/2023,648,Wallet,Delivered
O032662,CUST032663,R032662,8/19/2022,1427,COD,Delivered
O032663,CUST032664,R032663,4/19/2020,1614,UPI,Cancelled
O032664,CUST032665,R032664,4/13/2019,1416,COD,Delivered
O032665,CUST032666,R032665,7/4/2025,1538,UPI,Delivered
O032666,CUST032667,R032666,6/15/2024,1789,UPI,Delivered
O032667,CUST032668,R032667,9/19/2021,1662,UPI,Delivered
O032668,CUST032669,R032668,6/20/2023,1681,Card,Cancelled
O032669,CUST032670,R032669,9/18/2024,1975,Wallet,Cancelled
O032670,CUST032671,R032670,9/11/2021,1848,Card,Delivered
O032671,CUST032672,R032671,10/2/2023,934,UPI,Delivered
O032672,CUST032673,R032672,12/19/2021,1676,Card,Delivered
O032673,CUST032674,R032673,11/22/2025,536,COD,Delivered
O032674,CUST032675,R032674,4/25/2022,837,COD,Delivered
O032675,CUST032676,R032675,7/17/2024,281,Card,Delivered
O032676,CUST032677,R032676,7/2/2019,1229,COD,Delivered
O032677,CUST032678,R032677,1/10/2022,143,COD,Delivered
O032678,CUST032679,R032678,8/5/2020,1155,Wallet,Cancelled
O032679,CUST032680,R032679,4/2/2023,516,Wallet,Delivered
O032680,CUST032681,R032680,10/1/2021,1326,Wallet,Delivered
O032681,CUST032682,R032681,10/14/2019,1963,COD,Delivered
O032682,CUST032683,R032682,5/12/2019,703,Wallet,Delivered
O032683,CUST032684,R032683,9/6/2021,1639,UPI,Delivered
O032684,CUST032685,R032684,1/25/2025,1561,UPI,Delivered
O032685,CUST032686,R032685,2/1/2025,1336,UPI,Delivered
O032686,CUST032687,R032686,12/18/2020,153,Wallet,Delivered
O032687,CUST032688,R032687,4/19/2021,1465,Card,Delivered
O032688,CUST032689,R032688,2/21/2019,1798,UPI,Delivered
O032689,CUST032690,R032689,6/25/2023,1901,Card,Delivered
O032690,CUST032691,R032690,7/19/2023,1704,Card,Delivered
O032691,CUST032692,R032691,7/27/2019,1263,UPI,Cancelled
O032692,CUST032693,R032692,12/24/2025,1510,COD,Delivered
O032693,CUST032694,R032693,2/23/2024,943,Wallet,Delivered
O032694,CUST032695,R032694,1/9/2021,734,Card,Delivered
O032695,CUST032696,R032695,7/24/2024,320,COD,Delivered
O032696,CUST032697,R032696,5/28/2023,1249,Wallet,Delivered
O032697,CUST032698,R032697,4/12/2022,1605,UPI,Cancelled
O032698,CUST032699,R032698,4/2/2020,1381,Card,Delivered
O032699,CUST032700,R032699,3/20/2023,1253,UPI,Delivered
O032700,CUST032701,R032700,6/7/2025,1509,Card,Delivered
O032701,CUST032702,R032701,9/22/2024,543,Wallet,Delivered
O032702,CUST032703,R032702,8/13/2019,1946,Card,Delivered
O032703,CUST032704,R032703,10/21/2019,1923,Card,Cancelled
O032704,CUST032705,R032704,4/2/2024,461,Card,Delivered
O032705,CUST032706,R032705,10/12/2023,1554,Card,Cancelled
O032706,CUST032707,R032706,11/26/2023,987,Card,Delivered
O032707,CUST032708,R032707,7/25/2023,778,Wallet,Delivered
O032708,CUST032709,R032708,12/5/2022,407,COD,Cancelled
O032709,CUST032710,R032709,5/1/2023,448,COD,Delivered
O032710,CUST032711,R032710,6/27/2025,699,Wallet,Delivered
O032711,CUST032712,R032711,12/3/2023,1489,COD,Delivered
O032712,CUST032713,R032712,9/1/2023,1048,Wallet,Delivered
O032713,CUST032714,R032713,5/2/2022,1169,UPI,Delivered
O032714,CUST032715,R032714,5/16/2019,1172,COD,Delivered
O032715,CUST032716,R032715,6/27/2019,1562,Card,Delivered
O032716,CUST032717,R032716,6/15/2020,1539,Wallet,Delivered
O032717,CUST032718,R032717,6/12/2021,1978,Card,Delivered
O032718,CUST032719,R032718,6/13/2025,1215,UPI,Delivered
O032719,CUST032720,R032719,10/21/2022,1790,UPI,Delivered
O032720,CUST032721,R032720,3/19/2024,394,COD,Delivered
O032721,CUST032722,R032721,4/27/2019,689,Wallet,Cancelled
O032722,CUST032723,R032722,6/10/2023,1966,Card,Delivered
O032723,CUST032724,R032723,5/22/2025,359,Card,Delivered
O032724,CUST032725,R032724,1/28/2025,215,Card,Cancelled
O032725,CUST032726,R032725,1/23/2020,665,COD,Delivered
O032726,CUST032727,R032726,6/27/2023,786,COD,Delivered
O032727,CUST032728,R032727,10/26/2024,832,Wallet,Delivered
O032728,CUST032729,R032728,8/1/2021,1216,COD,Delivered
O032729,CUST032730,R032729,10/9/2024,266,COD,Cancelled
O032730,CUST032731,R032730,2/7/2023,1769,Wallet,Delivered
O032731,CUST032732,R032731,6/8/2025,1322,Card,Delivered
O032732,CUST032733,R032732,11/3/2023,1022,COD,Delivered
O032733,CUST032734,R032733,12/6/2019,1484,Wallet,Delivered
O032734,CUST032735,R032734,4/15/2025,890,COD,Delivered
O032735,CUST032736,R032735,2/1/2020,1154,UPI,Delivered
O032736,CUST032737,R032736,12/10/2024,1448,COD,Delivered
O032737,CUST032738,R032737,2/3/2024,1348,Card,Delivered
O032738,CUST032739,R032738,7/19/2019,1755,Wallet,Delivered
O032739,CUST032740,R032739,9/15/2020,1161,UPI,Delivered
O032740,CUST032741,R032740,10/14/2023,1921,Card,Cancelled
O032741,CUST032742,R032741,11/17/2021,564,UPI,Delivered
O032742,CUST032743,R032742,12/15/2021,1400,Card,Delivered
O032743,CUST032744,R032743,6/23/2020,958,Card,Delivered
O032744,CUST032745,R032744,10/26/2023,1527,UPI,Delivered
O032745,CUST032746,R032745,7/19/2023,638,COD,Delivered
O032746,CUST032747,R032746,7/22/2025,255,COD,Delivered
O032747,CUST032748,R032747,2/24/2023,506,COD,Delivered
O032748,CUST032749,R032748,4/3/2022,944,Card,Delivered
O032749,CUST032750,R032749,9/5/2022,175,Card,Delivered
O032750,CUST032751,R032750,9/26/2019,1140,UPI,Delivered
O032751,CUST032752,R032751,2/14/2019,526,COD,Delivered
O032752,CUST032753,R032752,3/24/2020,776,Wallet,Delivered
O032753,CUST032754,R032753,6/11/2020,1537,COD,Cancelled
O032754,CUST032755,R032754,6/12/2023,1193,COD,Cancelled
O032755,CUST032756,R032755,7/10/2021,1016,UPI,Delivered
O032756,CUST032757,R032756,9/18/2022,1629,UPI,Delivered
O032757,CUST032758,R032757,12/7/2019,1318,UPI,Delivered
O032758,CUST032759,R032758,8/19/2025,255,Wallet,Delivered
O032759,CUST032760,R032759,7/17/2025,1250,Card,Delivered
O032760,CUST032761,R032760,5/19/2025,160,COD,Delivered
O032761,CUST032762,R032761,8/25/2025,1616,UPI,Delivered
O032762,CUST032763,R032762,7/16/2022,1693,UPI,Delivered
O032763,CUST032764,R032763,9/20/2019,756,COD,Delivered
O032764,CUST032765,R032764,8/28/2020,633,Card,Delivered
O032765,CUST032766,R032765,9/19/2023,436,UPI,Delivered
O032766,CUST032767,R032766,2/5/2022,440,COD,Delivered
O032767,CUST032768,R032767,4/21/2021,1237,Wallet,Delivered
O032768,CUST032769,R032768,5/18/2019,1234,COD,Delivered
O032769,CUST032770,R032769,7/5/2020,1673,UPI,Cancelled
O032770,CUST032771,R032770,12/9/2023,1407,UPI,Delivered
O032771,CUST032772,R032771,9/23/2021,1311,UPI,Delivered
O032772,CUST032773,R032772,8/4/2021,1293,UPI,Delivered
O032773,CUST032774,R032773,10/23/2025,204,UPI,Delivered
O032774,CUST032775,R032774,5/13/2022,251,Card,Delivered
O032775,CUST032776,R032775,11/18/2025,1781,UPI,Delivered
O032776,CUST032777,R032776,1/21/2024,1817,COD,Cancelled
O032777,CUST032778,R032777,6/16/2019,154,COD,Delivered
O032778,CUST032779,R032778,7/27/2021,481,Card,Delivered
O032779,CUST032780,R032779,3/21/2023,527,COD,Delivered
O032780,CUST032781,R032780,1/24/2019,897,Wallet,Delivered
O032781,CUST032782,R032781,2/12/2025,1862,COD,Cancelled
O032782,CUST032783,R032782,1/20/2022,1290,Wallet,Delivered
O032783,CUST032784,R032783,11/3/2023,1023,COD,Delivered
O032784,CUST032785,R032784,10/5/2021,1462,Wallet,Delivered
O032785,CUST032786,R032785,1/27/2025,909,Wallet,Delivered
O032786,CUST032787,R032786,5/17/2020,1008,Wallet,Delivered
O032787,CUST032788,R032787,5/8/2022,1769,Card,Delivered
O032788,CUST032789,R032788,1/19/2020,1571,COD,Delivered
O032789,CUST032790,R032789,10/3/2019,1477,Card,Delivered
O032790,CUST032791,R032790,2/10/2020,1672,UPI,Delivered
O032791,CUST032792,R032791,12/24/2021,1109,UPI,Delivered
O032792,CUST032793,R032792,11/16/2025,138,Card,Cancelled
O032793,CUST032794,R032793,12/19/2023,513,UPI,Delivered
O032794,CUST032795,R032794,3/22/2025,1950,Card,Cancelled
O032795,CUST032796,R032795,1/14/2021,384,Card,Delivered
O032796,CUST032797,R032796,7/25/2025,1651,Card,Cancelled
O032797,CUST032798,R032797,9/27/2023,1252,Wallet,Delivered
O032798,CUST032799,R032798,4/24/2024,570,Card,Delivered
O032799,CUST032800,R032799,3/26/2025,668,COD,Delivered
O032800,CUST032801,R032800,11/22/2023,1384,COD,Delivered
O032801,CUST032802,R032801,5/14/2024,1960,Card,Delivered
O032802,CUST032803,R032802,11/28/2021,854,UPI,Delivered
O032803,CUST032804,R032803,7/2/2023,1092,Card,Delivered
O032804,CUST032805,R032804,4/2/2023,1151,Wallet,Delivered
O032805,CUST032806,R032805,1/7/2024,1415,COD,Delivered
O032806,CUST032807,R032806,6/10/2020,1077,Wallet,Delivered
O032807,CUST032808,R032807,1/13/2020,1327,Card,Delivered
O032808,CUST032809,R032808,8/13/2019,1710,UPI,Delivered
O032809,CUST032810,R032809,12/6/2023,1027,UPI,Delivered
O032810,CUST032811,R032810,3/18/2020,630,UPI,Delivered
O032811,CUST032812,R032811,7/18/2019,959,Wallet,Delivered
O032812,CUST032813,R032812,4/18/2022,1944,Card,Delivered
O032813,CUST032814,R032813,1/14/2024,1816,Card,Delivered
O032814,CUST032815,R032814,9/19/2020,167,UPI,Delivered
O032815,CUST032816,R032815,9/18/2023,645,Card,Delivered
O032816,CUST032817,R032816,3/24/2024,1720,UPI,Delivered
O032817,CUST032818,R032817,3/25/2020,811,Wallet,Delivered
O032818,CUST032819,R032818,2/28/2019,187,Card,Delivered
O032819,CUST032820,R032819,4/19/2025,693,COD,Delivered
O032820,CUST032821,R032820,2/10/2022,943,COD,Delivered
O032821,CUST032822,R032821,12/7/2022,437,COD,Delivered
O032822,CUST032823,R032822,3/1/2024,688,Wallet,Delivered
O032823,CUST032824,R032823,2/12/2020,1258,Wallet,Delivered
O032824,CUST032825,R032824,1/27/2019,1234,Wallet,Delivered
O032825,CUST032826,R032825,8/12/2019,1561,Wallet,Cancelled
O032826,CUST032827,R032826,9/8/2019,910,UPI,Delivered
O032827,CUST032828,R032827,4/14/2019,1728,UPI,Delivered
O032828,CUST032829,R032828,11/20/2025,1273,UPI,Cancelled
O032829,CUST032830,R032829,4/8/2025,1336,UPI,Delivered
O032830,CUST032831,R032830,11/19/2022,428,Card,Delivered
O032831,CUST032832,R032831,8/23/2025,1704,UPI,Delivered
O032832,CUST032833,R032832,12/14/2020,352,COD,Delivered
O032833,CUST032834,R032833,6/4/2019,1745,Card,Delivered
O032834,CUST032835,R032834,6/16/2023,481,COD,Delivered
O032835,CUST032836,R032835,3/23/2024,479,Card,Delivered
O032836,CUST032837,R032836,3/22/2020,1345,Wallet,Delivered
O032837,CUST032838,R032837,5/21/2023,1322,UPI,Delivered
O032838,CUST032839,R032838,10/22/2023,717,Wallet,Delivered
O032839,CUST032840,R032839,3/24/2020,954,Wallet,Delivered
O032840,CUST032841,R032840,1/18/2024,1777,Wallet,Delivered
O032841,CUST032842,R032841,4/8/2023,1360,Card,Delivered
O032842,CUST032843,R032842,8/9/2023,1555,UPI,Delivered
O032843,CUST032844,R032843,7/20/2025,1484,Card,Delivered
O032844,CUST032845,R032844,10/11/2022,1716,Card,Delivered
O032845,CUST032846,R032845,12/15/2022,396,UPI,Delivered
O032846,CUST032847,R032846,3/20/2022,1834,Card,Delivered
O032847,CUST032848,R032847,6/20/2019,525,COD,Delivered
O032848,CUST032849,R032848,1/3/2022,1534,Card,Delivered
O032849,CUST032850,R032849,2/15/2020,961,Wallet,Delivered
O032850,CUST032851,R032850,4/22/2021,939,Card,Delivered
O032851,CUST032852,R032851,8/3/2022,377,COD,Delivered
O032852,CUST032853,R032852,11/18/2022,570,Wallet,Delivered
O032853,CUST032854,R032853,5/12/2021,679,COD,Delivered
O032854,CUST032855,R032854,12/3/2025,1469,UPI,Delivered
O032855,CUST032856,R032855,3/4/2023,1215,Card,Delivered
O032856,CUST032857,R032856,5/4/2025,1138,UPI,Delivered
O032857,CUST032858,R032857,2/5/2025,1332,UPI,Delivered
O032858,CUST032859,R032858,7/19/2024,1025,Wallet,Delivered
O032859,CUST032860,R032859,3/15/2022,1450,Card,Delivered
O032860,CUST032861,R032860,10/15/2021,185,Wallet,Cancelled
O032861,CUST032862,R032861,10/12/2023,1150,UPI,Delivered
O032862,CUST032863,R032862,10/9/2021,1956,UPI,Delivered
O032863,CUST032864,R032863,4/17/2021,1567,Card,Delivered
O032864,CUST032865,R032864,11/26/2023,658,Card,Cancelled
O032865,CUST032866,R032865,10/13/2019,230,UPI,Delivered
O032866,CUST032867,R032866,10/21/2021,296,Card,Delivered
O032867,CUST032868,R032867,10/17/2025,1085,Card,Delivered
O032868,CUST032869,R032868,5/5/2025,1843,Card,Delivered
O032869,CUST032870,R032869,4/27/2022,754,COD,Delivered
O032870,CUST032871,R032870,10/28/2020,993,Card,Delivered
O032871,CUST032872,R032871,4/28/2022,388,Card,Delivered
O032872,CUST032873,R032872,2/3/2021,643,Card,Delivered
O032873,CUST032874,R032873,5/3/2021,560,COD,Delivered
O032874,CUST032875,R032874,5/1/2022,811,Wallet,Delivered
O032875,CUST032876,R032875,1/25/2025,1145,COD,Delivered
O032876,CUST032877,R032876,6/22/2025,755,Wallet,Delivered
O032877,CUST032878,R032877,12/14/2019,1747,COD,Delivered
O032878,CUST032879,R032878,8/10/2024,431,COD,Delivered
O032879,CUST032880,R032879,9/10/2025,1429,UPI,Delivered
O032880,CUST032881,R032880,10/5/2023,1651,Card,Cancelled
O032881,CUST032882,R032881,11/8/2024,1031,Wallet,Delivered
O032882,CUST032883,R032882,4/15/2020,118,UPI,Delivered
O032883,CUST032884,R032883,9/16/2024,1193,UPI,Delivered
O032884,CUST032885,R032884,11/17/2021,539,Card,Delivered
O032885,CUST032886,R032885,4/17/2024,1272,Card,Cancelled
O032886,CUST032887,R032886,11/12/2021,177,Card,Delivered
O032887,CUST032888,R032887,9/26/2022,427,UPI,Delivered
O032888,CUST032889,R032888,10/28/2020,1811,UPI,Delivered
O032889,CUST032890,R032889,10/17/2022,415,COD,Delivered
O032890,CUST032891,R032890,8/8/2021,475,COD,Delivered
O032891,CUST032892,R032891,5/19/2022,222,Card,Delivered
O032892,CUST032893,R032892,5/4/2020,1044,Card,Delivered
O032893,CUST032894,R032893,4/28/2019,422,UPI,Delivered
O032894,CUST032895,R032894,11/5/2019,1140,COD,Cancelled
O032895,CUST032896,R032895,4/9/2020,746,Wallet,Delivered
O032896,CUST032897,R032896,7/28/2024,809,Wallet,Delivered
O032897,CUST032898,R032897,3/11/2025,155,COD,Delivered
O032898,CUST032899,R032898,2/19/2019,932,UPI,Delivered
O032899,CUST032900,R032899,11/6/2021,1694,Card,Delivered
O032900,CUST032901,R032900,5/20/2023,1229,UPI,Delivered
O032901,CUST032902,R032901,12/9/2022,1427,UPI,Cancelled
O032902,CUST032903,R032902,1/12/2023,207,UPI,Delivered
O032903,CUST032904,R032903,12/18/2019,135,Card,Delivered
O032904,CUST032905,R032904,1/13/2024,334,COD,Delivered
O032905,CUST032906,R032905,1/1/2024,200,Card,Delivered
O032906,CUST032907,R032906,9/10/2019,466,Wallet,Delivered
O032907,CUST032908,R032907,2/6/2022,1227,UPI,Delivered
O032908,CUST032909,R032908,6/25/2023,833,UPI,Delivered
O032909,CUST032910,R032909,1/1/2019,1027,Wallet,Delivered
O032910,CUST032911,R032910,7/12/2023,1212,Wallet,Delivered
O032911,CUST032912,R032911,7/7/2021,453,UPI,Delivered
O032912,CUST032913,R032912,10/8/2019,1781,Wallet,Delivered
O032913,CUST032914,R032913,3/8/2022,1273,UPI,Delivered
O032914,CUST032915,R032914,9/12/2020,1644,UPI,Delivered
O032915,CUST032916,R032915,9/12/2019,1263,UPI,Delivered
O032916,CUST032917,R032916,3/11/2024,179,COD,Delivered
O032917,CUST032918,R032917,9/15/2024,422,Wallet,Delivered
O032918,CUST032919,R032918,3/17/2020,1892,UPI,Delivered
O032919,CUST032920,R032919,5/10/2022,1984,COD,Delivered
O032920,CUST032921,R032920,10/1/2024,123,Card,Delivered
O032921,CUST032922,R032921,11/27/2021,449,Wallet,Cancelled
O032922,CUST032923,R032922,4/24/2021,688,UPI,Delivered
O032923,CUST032924,R032923,10/24/2021,828,COD,Delivered
O032924,CUST032925,R032924,3/1/2022,560,COD,Cancelled
O032925,CUST032926,R032925,2/5/2021,508,COD,Cancelled
O032926,CUST032927,R032926,6/3/2023,934,UPI,Delivered
O032927,CUST032928,R032927,9/6/2020,1304,Card,Delivered
O032928,CUST032929,R032928,3/22/2020,879,Wallet,Delivered
O032929,CUST032930,R032929,7/5/2020,1173,Wallet,Delivered
O032930,CUST032931,R032930,4/9/2019,1051,UPI,Delivered
O032931,CUST032932,R032931,3/18/2020,1552,UPI,Delivered
O032932,CUST032933,R032932,6/7/2024,1599,Wallet,Delivered
O032933,CUST032934,R032933,12/10/2019,1640,UPI,Delivered
O032934,CUST032935,R032934,5/13/2022,558,UPI,Cancelled
O032935,CUST032936,R032935,4/18/2021,1316,UPI,Delivered
O032936,CUST032937,R032936,1/19/2023,493,COD,Cancelled
O032937,CUST032938,R032937,7/24/2019,177,Wallet,Delivered
O032938,CUST032939,R032938,7/14/2022,300,Wallet,Delivered
O032939,CUST032940,R032939,6/25/2023,550,UPI,Delivered
O032940,CUST032941,R032940,12/1/2022,1300,UPI,Delivered
O032941,CUST032942,R032941,1/24/2025,1634,Card,Cancelled
O032942,CUST032943,R032942,9/16/2019,1885,Wallet,Cancelled
O032943,CUST032944,R032943,1/9/2021,1763,Card,Cancelled
O032944,CUST032945,R032944,6/1/2019,853,UPI,Delivered
O032945,CUST032946,R032945,11/18/2024,1466,Card,Delivered
O032946,CUST032947,R032946,2/20/2024,495,COD,Delivered
O032947,CUST032948,R032947,11/24/2019,746,COD,Delivered
O032948,CUST032949,R032948,4/16/2025,126,COD,Delivered
O032949,CUST032950,R032949,11/1/2024,1379,Card,Cancelled
O032950,CUST032951,R032950,5/7/2025,1945,COD,Delivered
O032951,CUST032952,R032951,8/4/2019,1012,Wallet,Delivered
O032952,CUST032953,R032952,6/28/2022,367,Wallet,Delivered
O032953,CUST032954,R032953,8/27/2021,917,Wallet,Delivered
O032954,CUST032955,R032954,8/9/2024,1678,COD,Delivered
O032955,CUST032956,R032955,4/11/2019,656,Wallet,Delivered
O032956,CUST032957,R032956,9/3/2023,1553,UPI,Delivered
O032957,CUST032958,R032957,5/23/2021,1481,Wallet,Delivered
O032958,CUST032959,R032958,5/28/2025,1257,UPI,Delivered
O032959,CUST032960,R032959,9/15/2024,112,Wallet,Delivered
O032960,CUST032961,R032960,7/18/2021,1417,COD,Delivered
O032961,CUST032962,R032961,6/20/2022,1644,Card,Delivered
O032962,CUST032963,R032962,7/24/2019,107,Card,Delivered
O032963,CUST032964,R032963,7/19/2023,1561,Card,Delivered
O032964,CUST032965,R032964,11/27/2020,1162,UPI,Cancelled
O032965,CUST032966,R032965,10/22/2019,1928,COD,Delivered
O032966,CUST032967,R032966,4/21/2023,534,COD,Delivered
O032967,CUST032968,R032967,8/3/2024,580,Card,Delivered
O032968,CUST032969,R032968,9/20/2019,277,COD,Delivered
O032969,CUST032970,R032969,8/26/2020,1213,COD,Delivered
O032970,CUST032971,R032970,11/10/2022,1099,Wallet,Delivered
O032971,CUST032972,R032971,3/4/2020,874,UPI,Delivered
O032972,CUST032973,R032972,10/12/2019,739,COD,Delivered
O032973,CUST032974,R032973,9/28/2025,1034,Card,Delivered
O032974,CUST032975,R032974,10/15/2024,1796,Wallet,Delivered
O032975,CUST032976,R032975,4/5/2024,151,Card,Delivered
O032976,CUST032977,R032976,11/19/2021,1779,Card,Cancelled
O032977,CUST032978,R032977,11/27/2020,317,UPI,Delivered
O032978,CUST032979,R032978,7/10/2022,1449,COD,Delivered
O032979,CUST032980,R032979,5/24/2019,621,Card,Delivered
O032980,CUST032981,R032980,10/19/2020,623,Wallet,Delivered
O032981,CUST032982,R032981,9/3/2019,322,COD,Delivered
O032982,CUST032983,R032982,12/27/2025,369,COD,Delivered
O032983,CUST032984,R032983,12/26/2023,1186,Wallet,Delivered
O032984,CUST032985,R032984,7/5/2025,1446,COD,Delivered
O032985,CUST032986,R032985,8/28/2025,958,COD,Delivered
O032986,CUST032987,R032986,1/1/2023,1079,UPI,Delivered
O032987,CUST032988,R032987,6/15/2020,1125,COD,Delivered
O032988,CUST032989,R032988,4/6/2022,1712,UPI,Delivered
O032989,CUST032990,R032989,10/14/2023,1395,Wallet,Delivered
O032990,CUST032991,R032990,9/11/2021,1835,Card,Delivered
O032991,CUST032992,R032991,1/12/2022,1066,UPI,Delivered
O032992,CUST032993,R032992,8/19/2021,1249,UPI,Delivered
O032993,CUST032994,R032993,9/14/2024,283,COD,Delivered
O032994,CUST032995,R032994,5/25/2021,540,Wallet,Cancelled
O032995,CUST032996,R032995,10/8/2023,1886,Card,Delivered
O032996,CUST032997,R032996,7/20/2025,279,UPI,Delivered
O032997,CUST032998,R032997,6/28/2021,174,Card,Cancelled
O032998,CUST032999,R032998,4/22/2019,618,COD,Delivered
O032999,CUST033000,R032999,6/26/2023,695,Card,Delivered
O033000,CUST033001,R033000,11/25/2020,746,Wallet,Delivered
O033001,CUST033002,R033001,12/28/2025,1328,COD,Delivered
O033002,CUST033003,R033002,1/9/2025,167,COD,Cancelled
O033003,CUST033004,R033003,9/5/2021,1626,UPI,Delivered
O033004,CUST033005,R033004,9/6/2024,1173,Card,Delivered
O033005,CUST033006,R033005,2/1/2025,1040,Wallet,Delivered
O033006,CUST033007,R033006,5/8/2019,1801,Wallet,Delivered
O033007,CUST033008,R033007,11/20/2021,1212,COD,Delivered
O033008,CUST033009,R033008,10/5/2025,1502,UPI,Delivered
O033009,CUST033010,R033009,11/14/2022,1368,COD,Delivered
O033010,CUST033011,R033010,4/11/2022,1264,UPI,Delivered
O033011,CUST033012,R033011,8/17/2023,1708,COD,Cancelled
O033012,CUST033013,R033012,12/14/2021,938,UPI,Delivered
O033013,CUST033014,R033013,7/13/2021,1836,Card,Cancelled
O033014,CUST033015,R033014,12/16/2024,485,UPI,Delivered
O033015,CUST033016,R033015,2/12/2020,1256,UPI,Delivered
O033016,CUST033017,R033016,4/22/2019,852,UPI,Delivered
O033017,CUST033018,R033017,10/25/2025,1417,UPI,Cancelled
O033018,CUST033019,R033018,2/17/2024,229,COD,Delivered
O033019,CUST033020,R033019,6/16/2023,101,COD,Delivered
O033020,CUST033021,R033020,9/23/2025,400,COD,Delivered
O033021,CUST033022,R033021,2/1/2024,734,Card,Delivered
O033022,CUST033023,R033022,11/3/2021,1997,Card,Delivered
O033023,CUST033024,R033023,8/27/2025,1055,UPI,Delivered
O033024,CUST033025,R033024,3/12/2025,435,COD,Delivered
O033025,CUST033026,R033025,2/24/2024,729,Wallet,Delivered
O033026,CUST033027,R033026,10/8/2023,1496,Wallet,Cancelled
O033027,CUST033028,R033027,12/10/2024,1114,Wallet,Cancelled
O033028,CUST033029,R033028,3/9/2022,872,UPI,Delivered
O033029,CUST033030,R033029,8/16/2023,1480,UPI,Delivered
O033030,CUST033031,R033030,10/7/2025,1034,UPI,Delivered
O033031,CUST033032,R033031,3/19/2024,1790,Wallet,Delivered
O033032,CUST033033,R033032,2/11/2024,1100,Card,Delivered
O033033,CUST033034,R033033,1/17/2022,1918,Card,Delivered
O033034,CUST033035,R033034,10/23/2019,1537,UPI,Delivered
O033035,CUST033036,R033035,4/12/2019,1657,UPI,Delivered
O033036,CUST033037,R033036,4/22/2020,714,Card,Delivered
O033037,CUST033038,R033037,11/26/2023,542,Card,Delivered
O033038,CUST033039,R033038,10/18/2025,346,Wallet,Delivered
O033039,CUST033040,R033039,2/5/2023,224,COD,Delivered
O033040,CUST033041,R033040,12/20/2024,773,COD,Delivered
O033041,CUST033042,R033041,1/10/2019,663,Card,Delivered
O033042,CUST033043,R033042,2/26/2023,1097,UPI,Delivered
O033043,CUST033044,R033043,10/1/2025,824,UPI,Delivered
O033044,CUST033045,R033044,11/13/2019,944,Wallet,Delivered
O033045,CUST033046,R033045,11/21/2020,1188,Card,Cancelled
O033046,CUST033047,R033046,10/20/2020,1962,UPI,Cancelled
O033047,CUST033048,R033047,4/11/2020,108,Card,Delivered
O033048,CUST033049,R033048,1/16/2024,1695,UPI,Cancelled
O033049,CUST033050,R033049,11/23/2020,1770,COD,Cancelled
O033050,CUST033051,R033050,8/14/2019,631,COD,Delivered
O033051,CUST033052,R033051,11/25/2021,390,Card,Delivered
O033052,CUST033053,R033052,4/20/2019,442,COD,Delivered
O033053,CUST033054,R033053,8/21/2022,817,COD,Delivered
O033054,CUST033055,R033054,1/11/2024,1763,Card,Delivered
O033055,CUST033056,R033055,8/19/2019,1185,Wallet,Delivered
O033056,CUST033057,R033056,2/2/2023,868,COD,Delivered
O033057,CUST033058,R033057,2/3/2024,1052,Wallet,Delivered
O033058,CUST033059,R033058,3/21/2024,805,Wallet,Delivered
O033059,CUST033060,R033059,5/15/2020,733,Wallet,Delivered
O033060,CUST033061,R033060,12/5/2022,1624,Card,Delivered
O033061,CUST033062,R033061,11/17/2021,1486,COD,Delivered
O033062,CUST033063,R033062,5/4/2020,1387,Card,Delivered
O033063,CUST033064,R033063,8/9/2019,1625,Wallet,Delivered
O033064,CUST033065,R033064,2/20/2023,1067,UPI,Delivered
O033065,CUST033066,R033065,8/14/2023,1959,Card,Delivered
O033066,CUST033067,R033066,8/18/2024,434,UPI,Delivered
O033067,CUST033068,R033067,10/21/2022,1871,Card,Cancelled
O033068,CUST033069,R033068,11/14/2021,801,Card,Delivered
O033069,CUST033070,R033069,7/25/2021,1540,Card,Delivered
O033070,CUST033071,R033070,10/26/2019,843,Wallet,Delivered
O033071,CUST033072,R033071,9/23/2024,421,UPI,Delivered
O033072,CUST033073,R033072,10/25/2020,523,COD,Cancelled
O033073,CUST033074,R033073,11/28/2019,1284,COD,Delivered
O033074,CUST033075,R033074,7/12/2023,258,Card,Delivered
O033075,CUST033076,R033075,9/1/2020,1003,UPI,Delivered
O033076,CUST033077,R033076,3/3/2021,1241,Card,Delivered
O033077,CUST033078,R033077,9/4/2025,1175,Wallet,Delivered
O033078,CUST033079,R033078,11/9/2025,1620,COD,Delivered
O033079,CUST033080,R033079,8/12/2024,997,Wallet,Delivered
O033080,CUST033081,R033080,4/12/2019,1241,UPI,Delivered
O033081,CUST033082,R033081,7/12/2020,1555,Wallet,Delivered
O033082,CUST033083,R033082,11/2/2024,917,UPI,Delivered
O033083,CUST033084,R033083,3/17/2021,263,UPI,Delivered
O033084,CUST033085,R033084,8/16/2022,809,Wallet,Delivered
O033085,CUST033086,R033085,7/16/2024,1801,Card,Delivered
O033086,CUST033087,R033086,3/11/2023,1674,Card,Cancelled
O033087,CUST033088,R033087,10/18/2023,317,UPI,Delivered
O033088,CUST033089,R033088,3/20/2024,423,Card,Delivered
O033089,CUST033090,R033089,6/22/2020,1629,UPI,Delivered
O033090,CUST033091,R033090,3/22/2022,726,Wallet,Delivered
O033091,CUST033092,R033091,3/7/2019,107,Card,Delivered
O033092,CUST033093,R033092,7/19/2020,656,COD,Delivered
O033093,CUST033094,R033093,1/8/2023,901,COD,Delivered
O033094,CUST033095,R033094,3/6/2022,283,Card,Delivered
O033095,CUST033096,R033095,3/27/2024,533,Wallet,Delivered
O033096,CUST033097,R033096,11/11/2023,897,Wallet,Delivered
O033097,CUST033098,R033097,5/26/2024,960,COD,Delivered
O033098,CUST033099,R033098,3/10/2019,1418,Wallet,Cancelled
O033099,CUST033100,R033099,3/6/2022,767,UPI,Delivered
O033100,CUST033101,R033100,6/12/2025,1834,UPI,Delivered
O033101,CUST033102,R033101,2/22/2023,1226,UPI,Delivered
O033102,CUST033103,R033102,7/4/2020,1290,Wallet,Cancelled
O033103,CUST033104,R033103,3/17/2022,343,Card,Delivered
O033104,CUST033105,R033104,9/21/2021,1624,Card,Delivered
O033105,CUST033106,R033105,11/13/2023,273,Card,Delivered
O033106,CUST033107,R033106,4/3/2025,1530,Card,Delivered
O033107,CUST033108,R033107,1/15/2020,434,Card,Delivered
O033108,CUST033109,R033108,11/22/2025,324,UPI,Delivered
O033109,CUST033110,R033109,1/21/2025,513,COD,Delivered
O033110,CUST033111,R033110,1/20/2019,751,Wallet,Delivered
O033111,CUST033112,R033111,5/12/2019,189,COD,Delivered
O033112,CUST033113,R033112,9/15/2023,421,UPI,Delivered
O033113,CUST033114,R033113,2/9/2022,1878,COD,Cancelled
O033114,CUST033115,R033114,7/3/2023,1270,UPI,Delivered
O033115,CUST033116,R033115,7/7/2023,1334,UPI,Delivered
O033116,CUST033117,R033116,2/18/2020,1442,Card,Cancelled
O033117,CUST033118,R033117,2/9/2024,1636,Card,Delivered
O033118,CUST033119,R033118,3/14/2021,317,UPI,Delivered
O033119,CUST033120,R033119,10/19/2019,1749,Card,Cancelled
O033120,CUST033121,R033120,12/17/2025,478,COD,Delivered
O033121,CUST033122,R033121,1/2/2025,1423,Card,Delivered
O033122,CUST033123,R033122,3/14/2022,558,COD,Delivered
O033123,CUST033124,R033123,9/21/2022,796,Card,Delivered
O033124,CUST033125,R033124,11/2/2023,232,COD,Delivered
O033125,CUST033126,R033125,4/16/2022,465,COD,Delivered
O033126,CUST033127,R033126,6/10/2020,649,COD,Delivered
O033127,CUST033128,R033127,4/4/2019,1314,UPI,Delivered
O033128,CUST033129,R033128,3/1/2025,1129,Card,Delivered
O033129,CUST033130,R033129,4/27/2022,1058,UPI,Delivered
O033130,CUST033131,R033130,5/4/2019,1297,COD,Delivered
O033131,CUST033132,R033131,8/13/2025,946,Wallet,Delivered
O033132,CUST033133,R033132,6/13/2021,1364,Card,Delivered
O033133,CUST033134,R033133,2/13/2024,1995,Wallet,Cancelled
O033134,CUST033135,R033134,6/12/2019,1040,UPI,Delivered
O033135,CUST033136,R033135,10/9/2022,218,UPI,Cancelled
O033136,CUST033137,R033136,5/15/2023,1423,UPI,Delivered
O033137,CUST033138,R033137,3/25/2019,514,Card,Delivered
O033138,CUST033139,R033138,12/11/2024,1983,UPI,Cancelled
O033139,CUST033140,R033139,11/20/2025,440,Card,Delivered
O033140,CUST033141,R033140,7/27/2021,973,Card,Delivered
O033141,CUST033142,R033141,1/3/2022,1758,UPI,Delivered
O033142,CUST033143,R033142,4/24/2024,675,Wallet,Delivered
O033143,CUST033144,R033143,4/26/2019,913,Card,Delivered
O033144,CUST033145,R033144,9/23/2025,600,COD,Delivered
O033145,CUST033146,R033145,10/8/2025,1024,COD,Delivered
O033146,CUST033147,R033146,10/8/2025,897,Card,Delivered
O033147,CUST033148,R033147,6/6/2025,1148,COD,Delivered
O033148,CUST033149,R033148,6/3/2024,783,COD,Delivered
O033149,CUST033150,R033149,9/25/2024,655,Wallet,Delivered
O033150,CUST033151,R033150,3/13/2025,1605,COD,Delivered
O033151,CUST033152,R033151,3/9/2021,282,COD,Delivered
O033152,CUST033153,R033152,11/8/2024,1529,Wallet,Delivered
O033153,CUST033154,R033153,12/7/2021,1174,UPI,Delivered
O033154,CUST033155,R033154,6/6/2019,991,Wallet,Delivered
O033155,CUST033156,R033155,8/12/2021,1939,UPI,Delivered
O033156,CUST033157,R033156,4/14/2025,1113,UPI,Delivered
O033157,CUST033158,R033157,5/11/2019,454,UPI,Delivered
O033158,CUST033159,R033158,4/24/2024,1225,UPI,Cancelled
O033159,CUST033160,R033159,6/11/2021,130,Card,Delivered
O033160,CUST033161,R033160,10/25/2024,341,UPI,Delivered
O033161,CUST033162,R033161,8/26/2025,1412,UPI,Delivered
O033162,CUST033163,R033162,1/16/2023,272,COD,Delivered
O033163,CUST033164,R033163,10/8/2025,375,COD,Delivered
O033164,CUST033165,R033164,8/18/2022,1843,Card,Delivered
O033165,CUST033166,R033165,8/2/2023,1145,Card,Delivered
O033166,CUST033167,R033166,8/2/2023,268,UPI,Delivered
O033167,CUST033168,R033167,6/1/2019,1034,COD,Delivered
O033168,CUST033169,R033168,11/7/2022,709,Wallet,Delivered
O033169,CUST033170,R033169,10/26/2020,729,Wallet,Delivered
O033170,CUST033171,R033170,1/5/2021,1972,COD,Delivered
O033171,CUST033172,R033171,7/17/2023,842,UPI,Delivered
O033172,CUST033173,R033172,2/6/2022,1646,UPI,Delivered
O033173,CUST033174,R033173,9/19/2021,1013,UPI,Cancelled
O033174,CUST033175,R033174,1/8/2025,1029,Wallet,Delivered
O033175,CUST033176,R033175,1/10/2023,1964,Wallet,Delivered
O033176,CUST033177,R033176,3/17/2025,1887,Card,Delivered
O033177,CUST033178,R033177,7/13/2025,224,Card,Delivered
O033178,CUST033179,R033178,11/25/2024,1818,UPI,Delivered
O033179,CUST033180,R033179,6/11/2021,1785,COD,Delivered
O033180,CUST033181,R033180,6/26/2021,650,Wallet,Delivered
O033181,CUST033182,R033181,8/17/2023,326,Wallet,Delivered
O033182,CUST033183,R033182,1/21/2022,390,Wallet,Delivered
O033183,CUST033184,R033183,12/28/2021,1170,Wallet,Delivered
O033184,CUST033185,R033184,9/5/2019,362,UPI,Delivered
O033185,CUST033186,R033185,2/6/2022,1691,COD,Cancelled
O033186,CUST033187,R033186,11/7/2024,1232,UPI,Delivered
O033187,CUST033188,R033187,5/9/2021,1608,UPI,Cancelled
O033188,CUST033189,R033188,5/11/2020,1119,Wallet,Delivered
O033189,CUST033190,R033189,2/10/2025,1931,Card,Cancelled
O033190,CUST033191,R033190,12/13/2023,268,Wallet,Delivered
O033191,CUST033192,R033191,9/15/2019,1862,UPI,Cancelled
O033192,CUST033193,R033192,5/12/2019,1878,COD,Delivered
O033193,CUST033194,R033193,7/26/2021,1880,UPI,Delivered
O033194,CUST033195,R033194,6/25/2021,370,Wallet,Cancelled
O033195,CUST033196,R033195,10/22/2025,608,UPI,Delivered
O033196,CUST033197,R033196,10/16/2024,786,COD,Delivered
O033197,CUST033198,R033197,2/28/2025,513,Card,Delivered
O033198,CUST033199,R033198,3/3/2024,418,COD,Delivered
O033199,CUST033200,R033199,11/1/2024,849,UPI,Delivered
O033200,CUST033201,R033200,5/6/2023,1223,Card,Delivered
O033201,CUST033202,R033201,2/21/2023,779,Wallet,Delivered
O033202,CUST033203,R033202,10/4/2020,1591,Wallet,Delivered
O033203,CUST033204,R033203,11/8/2023,897,UPI,Delivered
O033204,CUST033205,R033204,12/17/2021,1652,Wallet,Delivered
O033205,CUST033206,R033205,9/7/2023,1494,Wallet,Delivered
O033206,CUST033207,R033206,7/8/2021,1541,UPI,Delivered
O033207,CUST033208,R033207,4/11/2020,414,UPI,Delivered
O033208,CUST033209,R033208,5/16/2019,1230,UPI,Delivered
O033209,CUST033210,R033209,6/13/2021,403,COD,Delivered
O033210,CUST033211,R033210,10/22/2020,130,Wallet,Delivered
O033211,CUST033212,R033211,8/13/2022,1979,Card,Delivered
O033212,CUST033213,R033212,7/24/2019,464,Card,Delivered
O033213,CUST033214,R033213,4/28/2025,125,Card,Delivered
O033214,CUST033215,R033214,4/23/2025,396,COD,Delivered
O033215,CUST033216,R033215,5/27/2020,685,COD,Delivered
O033216,CUST033217,R033216,10/20/2023,556,Card,Cancelled
O033217,CUST033218,R033217,4/11/2025,954,Wallet,Delivered
O033218,CUST033219,R033218,10/4/2025,1317,Card,Delivered
O033219,CUST033220,R033219,2/19/2025,352,COD,Delivered
O033220,CUST033221,R033220,1/22/2019,280,Card,Delivered
O033221,CUST033222,R033221,2/13/2019,1986,Card,Cancelled
O033222,CUST033223,R033222,9/23/2020,1289,Card,Delivered
O033223,CUST033224,R033223,4/5/2024,1854,COD,Delivered
O033224,CUST033225,R033224,3/2/2021,969,COD,Delivered
O033225,CUST033226,R033225,1/7/2020,331,Wallet,Delivered
O033226,CUST033227,R033226,4/26/2022,837,Wallet,Delivered
O033227,CUST033228,R033227,3/8/2022,1599,COD,Delivered
O033228,CUST033229,R033228,7/10/2025,507,COD,Delivered
O033229,CUST033230,R033229,8/3/2019,1268,Card,Delivered
O033230,CUST033231,R033230,1/22/2023,1627,Wallet,Delivered
O033231,CUST033232,R033231,2/1/2020,1108,UPI,Delivered
O033232,CUST033233,R033232,9/13/2020,1869,Wallet,Delivered
O033233,CUST033234,R033233,5/17/2023,1274,COD,Delivered
O033234,CUST033235,R033234,11/16/2021,1603,Card,Cancelled
O033235,CUST033236,R033235,8/18/2020,1961,UPI,Delivered
O033236,CUST033237,R033236,2/16/2024,1470,Card,Delivered
O033237,CUST033238,R033237,7/24/2025,1077,UPI,Delivered
O033238,CUST033239,R033238,7/22/2022,1849,COD,Delivered
O033239,CUST033240,R033239,11/21/2022,497,COD,Delivered
O033240,CUST033241,R033240,11/2/2023,363,Card,Delivered
O033241,CUST033242,R033241,9/19/2021,123,Card,Delivered
O033242,CUST033243,R033242,4/25/2021,1059,COD,Delivered
O033243,CUST033244,R033243,11/4/2022,1243,Wallet,Delivered
O033244,CUST033245,R033244,11/3/2022,767,Wallet,Delivered
O033245,CUST033246,R033245,1/10/2022,596,COD,Delivered
O033246,CUST033247,R033246,11/26/2023,891,UPI,Cancelled
O033247,CUST033248,R033247,3/13/2021,1391,COD,Delivered
O033248,CUST033249,R033248,9/28/2020,1577,UPI,Delivered
O033249,CUST033250,R033249,1/11/2021,1130,UPI,Delivered
O033250,CUST033251,R033250,3/19/2019,1706,UPI,Delivered
O033251,CUST033252,R033251,4/3/2020,942,COD,Delivered
O033252,CUST033253,R033252,7/15/2024,541,UPI,Delivered
O033253,CUST033254,R033253,8/12/2019,582,COD,Delivered
O033254,CUST033255,R033254,12/1/2019,211,COD,Delivered
O033255,CUST033256,R033255,12/26/2024,214,COD,Delivered
O033256,CUST033257,R033256,1/24/2019,1292,Wallet,Delivered
O033257,CUST033258,R033257,11/4/2022,1303,COD,Delivered
O033258,CUST033259,R033258,10/26/2025,684,COD,Delivered
O033259,CUST033260,R033259,7/27/2019,935,UPI,Delivered
O033260,CUST033261,R033260,7/13/2019,720,COD,Delivered
O033261,CUST033262,R033261,3/28/2021,1621,UPI,Delivered
O033262,CUST033263,R033262,5/12/2019,1349,COD,Delivered
O033263,CUST033264,R033263,4/7/2021,1794,UPI,Delivered
O033264,CUST033265,R033264,1/10/2024,985,Wallet,Delivered
O033265,CUST033266,R033265,12/18/2024,1169,UPI,Delivered
O033266,CUST033267,R033266,12/12/2024,199,COD,Cancelled
O033267,CUST033268,R033267,7/24/2019,319,Wallet,Delivered
O033268,CUST033269,R033268,1/8/2024,1774,COD,Delivered
O033269,CUST033270,R033269,5/19/2023,385,UPI,Delivered
O033270,CUST033271,R033270,7/26/2024,1932,Card,Delivered
O033271,CUST033272,R033271,10/21/2025,475,Card,Delivered
O033272,CUST033273,R033272,10/22/2021,589,Card,Delivered
O033273,CUST033274,R033273,9/22/2021,380,COD,Delivered
O033274,CUST033275,R033274,3/22/2023,1238,Card,Delivered
O033275,CUST033276,R033275,5/6/2025,1977,COD,Delivered
O033276,CUST033277,R033276,4/4/2023,1409,UPI,Delivered
O033277,CUST033278,R033277,8/5/2019,1136,Card,Delivered
O033278,CUST033279,R033278,6/27/2024,961,Wallet,Delivered
O033279,CUST033280,R033279,12/7/2023,1716,Wallet,Delivered
O033280,CUST033281,R033280,2/19/2021,1121,COD,Delivered
O033281,CUST033282,R033281,5/2/2021,1391,Card,Delivered
O033282,CUST033283,R033282,8/14/2025,1947,Wallet,Delivered
O033283,CUST033284,R033283,9/10/2022,1548,Card,Delivered
O033284,CUST033285,R033284,12/22/2020,1992,Wallet,Cancelled
O033285,CUST033286,R033285,7/18/2025,1217,UPI,Delivered
O033286,CUST033287,R033286,12/17/2023,1898,Card,Delivered
O033287,CUST033288,R033287,10/17/2023,1482,UPI,Delivered
O033288,CUST033289,R033288,2/9/2023,1170,UPI,Delivered
O033289,CUST033290,R033289,12/20/2023,772,UPI,Delivered
O033290,CUST033291,R033290,7/21/2025,1338,UPI,Delivered
O033291,CUST033292,R033291,4/16/2021,193,Card,Delivered
O033292,CUST033293,R033292,9/15/2022,1960,Card,Delivered
O033293,CUST033294,R033293,1/22/2021,310,COD,Delivered
O033294,CUST033295,R033294,4/28/2020,580,Card,Delivered
O033295,CUST033296,R033295,11/2/2022,246,Card,Delivered
O033296,CUST033297,R033296,4/27/2021,780,Wallet,Delivered
O033297,CUST033298,R033297,8/10/2021,291,COD,Delivered
O033298,CUST033299,R033298,4/21/2022,581,Wallet,Delivered
O033299,CUST033300,R033299,4/5/2019,1087,COD,Delivered
O033300,CUST033301,R033300,9/5/2022,1002,Wallet,Delivered
O033301,CUST033302,R033301,2/4/2019,830,UPI,Delivered
O033302,CUST033303,R033302,8/14/2025,1401,UPI,Delivered
O033303,CUST033304,R033303,9/5/2023,954,UPI,Cancelled
O033304,CUST033305,R033304,10/20/2025,1704,Wallet,Delivered
O033305,CUST033306,R033305,9/10/2019,1576,Card,Delivered
O033306,CUST033307,R033306,4/17/2023,1871,Card,Delivered
O033307,CUST033308,R033307,3/22/2020,1383,UPI,Cancelled
O033308,CUST033309,R033308,5/11/2022,1763,UPI,Delivered
O033309,CUST033310,R033309,3/21/2023,570,Card,Delivered
O033310,CUST033311,R033310,9/20/2021,443,Card,Delivered
O033311,CUST033312,R033311,4/16/2022,241,COD,Delivered
O033312,CUST033313,R033312,4/2/2021,1714,COD,Delivered
O033313,CUST033314,R033313,11/14/2024,618,COD,Delivered
O033314,CUST033315,R033314,8/9/2022,448,Card,Delivered
O033315,CUST033316,R033315,1/24/2023,1061,Wallet,Delivered
O033316,CUST033317,R033316,5/27/2025,744,Wallet,Delivered
O033317,CUST033318,R033317,2/15/2022,431,COD,Delivered
O033318,CUST033319,R033318,2/19/2019,670,UPI,Cancelled
O033319,CUST033320,R033319,4/11/2023,1488,COD,Cancelled
O033320,CUST033321,R033320,4/4/2020,1539,Card,Delivered
O033321,CUST033322,R033321,2/8/2019,1807,UPI,Delivered
O033322,CUST033323,R033322,11/16/2025,1627,Card,Cancelled
O033323,CUST033324,R033323,3/13/2023,487,COD,Delivered
O033324,CUST033325,R033324,9/24/2020,284,Card,Delivered
O033325,CUST033326,R033325,3/19/2021,1802,COD,Delivered
O033326,CUST033327,R033326,3/15/2022,663,COD,Delivered
O033327,CUST033328,R033327,4/9/2024,1678,Card,Delivered
O033328,CUST033329,R033328,5/25/2021,1105,Wallet,Delivered
O033329,CUST033330,R033329,1/28/2025,832,Card,Delivered
O033330,CUST033331,R033330,8/5/2025,1011,COD,Delivered
O033331,CUST033332,R033331,10/20/2022,714,Wallet,Delivered
O033332,CUST033333,R033332,1/14/2021,642,Wallet,Delivered
O033333,CUST033334,R033333,4/5/2020,1583,Card,Delivered
O033334,CUST033335,R033334,7/17/2024,1468,Card,Delivered
O033335,CUST033336,R033335,5/3/2019,1243,UPI,Delivered
O033336,CUST033337,R033336,11/7/2025,1475,Wallet,Delivered
O033337,CUST033338,R033337,1/19/2024,913,UPI,Delivered
O033338,CUST033339,R033338,11/13/2023,1593,Card,Delivered
O033339,CUST033340,R033339,10/10/2022,323,UPI,Delivered
O033340,CUST033341,R033340,10/18/2025,1721,Card,Delivered
O033341,CUST033342,R033341,2/11/2023,721,UPI,Delivered
O033342,CUST033343,R033342,9/23/2020,1461,Card,Delivered
O033343,CUST033344,R033343,3/28/2025,627,Wallet,Delivered
O033344,CUST033345,R033344,11/21/2023,373,UPI,Delivered
O033345,CUST033346,R033345,3/23/2023,433,COD,Cancelled
O033346,CUST033347,R033346,12/27/2022,1200,Wallet,Delivered
O033347,CUST033348,R033347,7/11/2024,369,Card,Cancelled
O033348,CUST033349,R033348,8/26/2021,903,UPI,Delivered
O033349,CUST033350,R033349,3/2/2022,1135,COD,Delivered
O033350,CUST033351,R033350,12/2/2024,1021,Wallet,Delivered
O033351,CUST033352,R033351,10/7/2023,1210,Wallet,Delivered
O033352,CUST033353,R033352,11/7/2024,956,Wallet,Delivered
O033353,CUST033354,R033353,9/13/2021,1381,Card,Delivered
O033354,CUST033355,R033354,4/13/2025,1716,Wallet,Delivered
O033355,CUST033356,R033355,6/4/2025,1077,UPI,Delivered
O033356,CUST033357,R033356,11/22/2020,178,Wallet,Delivered
O033357,CUST033358,R033357,4/16/2022,762,Wallet,Delivered
O033358,CUST033359,R033358,4/15/2020,1755,Card,Delivered
O033359,CUST033360,R033359,8/10/2023,1588,Card,Cancelled
O033360,CUST033361,R033360,11/17/2019,237,UPI,Delivered
O033361,CUST033362,R033361,3/19/2020,279,Card,Delivered
O033362,CUST033363,R033362,4/21/2019,1524,UPI,Delivered
O033363,CUST033364,R033363,10/21/2019,441,COD,Delivered
O033364,CUST033365,R033364,11/5/2020,1598,Card,Cancelled
O033365,CUST033366,R033365,11/13/2021,507,COD,Delivered
O033366,CUST033367,R033366,4/4/2025,758,COD,Delivered
O033367,CUST033368,R033367,9/4/2020,247,COD,Delivered
O033368,CUST033369,R033368,5/25/2022,491,Wallet,Delivered
O033369,CUST033370,R033369,1/13/2019,806,Wallet,Delivered
O033370,CUST033371,R033370,12/24/2024,870,COD,Delivered
O033371,CUST033372,R033371,4/9/2020,1371,COD,Delivered
O033372,CUST033373,R033372,12/5/2025,1248,UPI,Cancelled
O033373,CUST033374,R033373,10/11/2021,1754,UPI,Delivered
O033374,CUST033375,R033374,5/21/2022,1083,UPI,Delivered
O033375,CUST033376,R033375,1/3/2024,1141,Wallet,Cancelled
O033376,CUST033377,R033376,1/16/2021,231,UPI,Delivered
O033377,CUST033378,R033377,8/15/2022,1258,Card,Cancelled
O033378,CUST033379,R033378,7/7/2023,124,Card,Delivered
O033379,CUST033380,R033379,8/1/2025,1387,Card,Delivered
O033380,CUST033381,R033380,3/14/2020,290,UPI,Delivered
O033381,CUST033382,R033381,4/20/2019,108,UPI,Delivered
O033382,CUST033383,R033382,7/22/2019,467,COD,Delivered
O033383,CUST033384,R033383,12/18/2024,661,COD,Delivered
O033384,CUST033385,R033384,5/10/2021,103,Card,Delivered
O033385,CUST033386,R033385,1/14/2020,341,UPI,Delivered
O033386,CUST033387,R033386,1/6/2023,1415,Card,Cancelled
O033387,CUST033388,R033387,2/2/2021,699,Wallet,Delivered
O033388,CUST033389,R033388,2/27/2019,756,COD,Delivered
O033389,CUST033390,R033389,10/11/2020,859,UPI,Cancelled
O033390,CUST033391,R033390,2/2/2024,1366,Card,Delivered
O033391,CUST033392,R033391,2/2/2023,212,Wallet,Delivered
O033392,CUST033393,R033392,10/17/2022,1604,Card,Delivered
O033393,CUST033394,R033393,3/14/2020,334,COD,Delivered
O033394,CUST033395,R033394,3/28/2024,1339,UPI,Delivered
O033395,CUST033396,R033395,10/24/2022,511,COD,Delivered
O033396,CUST033397,R033396,11/20/2022,748,Card,Delivered
O033397,CUST033398,R033397,7/28/2020,147,COD,Delivered
O033398,CUST033399,R033398,6/15/2025,386,Wallet,Delivered
O033399,CUST033400,R033399,2/9/2019,570,Card,Delivered
O033400,CUST033401,R033400,2/4/2025,1272,Wallet,Delivered
O033401,CUST033402,R033401,2/28/2019,844,Card,Delivered
O033402,CUST033403,R033402,12/26/2023,904,Wallet,Delivered
O033403,CUST033404,R033403,10/2/2020,887,COD,Delivered
O033404,CUST033405,R033404,12/10/2021,840,Wallet,Delivered
O033405,CUST033406,R033405,4/12/2024,1264,UPI,Delivered
O033406,CUST033407,R033406,4/11/2022,1852,Wallet,Delivered
O033407,CUST033408,R033407,12/9/2022,955,UPI,Delivered
O033408,CUST033409,R033408,4/10/2024,126,UPI,Cancelled
O033409,CUST033410,R033409,3/14/2019,1376,UPI,Delivered
O033410,CUST033411,R033410,10/23/2022,299,Card,Cancelled
O033411,CUST033412,R033411,5/9/2025,1903,UPI,Delivered
O033412,CUST033413,R033412,7/19/2019,360,Card,Delivered
O033413,CUST033414,R033413,6/26/2022,888,Card,Delivered
O033414,CUST033415,R033414,12/2/2021,1648,UPI,Delivered
O033415,CUST033416,R033415,7/21/2023,564,COD,Delivered
O033416,CUST033417,R033416,6/25/2022,508,Card,Delivered
O033417,CUST033418,R033417,6/22/2023,456,COD,Delivered
O033418,CUST033419,R033418,12/6/2019,881,COD,Delivered
O033419,CUST033420,R033419,11/6/2022,623,COD,Delivered
O033420,CUST033421,R033420,8/4/2024,1297,Wallet,Delivered
O033421,CUST033422,R033421,1/5/2022,1121,Wallet,Delivered
O033422,CUST033423,R033422,9/23/2019,993,Wallet,Delivered
O033423,CUST033424,R033423,10/17/2021,1991,COD,Delivered
O033424,CUST033425,R033424,1/11/2020,673,COD,Delivered
O033425,CUST033426,R033425,11/13/2023,1449,Wallet,Delivered
O033426,CUST033427,R033426,12/13/2024,1089,UPI,Delivered
O033427,CUST033428,R033427,1/5/2023,836,COD,Delivered
O033428,CUST033429,R033428,11/12/2022,1653,Wallet,Delivered
O033429,CUST033430,R033429,9/13/2022,752,Wallet,Delivered
O033430,CUST033431,R033430,6/10/2022,311,UPI,Delivered
O033431,CUST033432,R033431,3/22/2022,1082,UPI,Delivered
O033432,CUST033433,R033432,8/9/2019,1881,UPI,Delivered
O033433,CUST033434,R033433,11/20/2025,486,UPI,Delivered
O033434,CUST033435,R033434,2/28/2021,1365,Card,Cancelled
O033435,CUST033436,R033435,5/14/2023,182,COD,Delivered
O033436,CUST033437,R033436,10/5/2020,290,COD,Delivered
O033437,CUST033438,R033437,7/16/2024,1763,COD,Delivered
O033438,CUST033439,R033438,6/2/2022,1110,Card,Delivered
O033439,CUST033440,R033439,3/1/2021,749,Wallet,Delivered
O033440,CUST033441,R033440,9/28/2025,943,COD,Delivered
O033441,CUST033442,R033441,3/6/2019,555,COD,Delivered
O033442,CUST033443,R033442,2/23/2022,369,Wallet,Delivered
O033443,CUST033444,R033443,1/5/2022,1872,COD,Delivered
O033444,CUST033445,R033444,4/16/2024,698,Wallet,Delivered
O033445,CUST033446,R033445,12/4/2023,1497,UPI,Cancelled
O033446,CUST033447,R033446,11/17/2020,1115,UPI,Cancelled
O033447,CUST033448,R033447,12/10/2019,982,Wallet,Delivered
O033448,CUST033449,R033448,8/9/2025,1748,Wallet,Delivered
O033449,CUST033450,R033449,12/15/2022,1807,Card,Delivered
O033450,CUST033451,R033450,2/11/2019,145,Card,Delivered
O033451,CUST033452,R033451,6/24/2022,1738,UPI,Delivered
O033452,CUST033453,R033452,4/11/2021,1743,Wallet,Delivered
O033453,CUST033454,R033453,1/23/2024,603,Wallet,Delivered
O033454,CUST033455,R033454,9/15/2019,172,COD,Delivered
O033455,CUST033456,R033455,7/20/2022,1886,COD,Delivered
O033456,CUST033457,R033456,9/27/2024,598,COD,Delivered
O033457,CUST033458,R033457,12/26/2019,358,Wallet,Delivered
O033458,CUST033459,R033458,8/26/2025,1158,COD,Delivered
O033459,CUST033460,R033459,9/27/2025,905,UPI,Delivered
O033460,CUST033461,R033460,8/4/2021,1453,Wallet,Delivered
O033461,CUST033462,R033461,12/3/2022,1077,Wallet,Delivered
O033462,CUST033463,R033462,11/16/2020,1895,Card,Delivered
O033463,CUST033464,R033463,10/11/2022,189,Wallet,Delivered
O033464,CUST033465,R033464,12/14/2025,1776,UPI,Delivered
O033465,CUST033466,R033465,4/11/2021,1787,COD,Delivered
O033466,CUST033467,R033466,10/26/2022,1660,UPI,Cancelled
O033467,CUST033468,R033467,6/24/2022,260,COD,Delivered
O033468,CUST033469,R033468,11/20/2020,203,UPI,Delivered
O033469,CUST033470,R033469,2/15/2020,643,COD,Delivered
O033470,CUST033471,R033470,5/27/2024,370,Card,Delivered
O033471,CUST033472,R033471,11/27/2021,313,COD,Delivered
O033472,CUST033473,R033472,1/27/2023,992,Wallet,Delivered
O033473,CUST033474,R033473,1/7/2021,1069,Card,Delivered
O033474,CUST033475,R033474,2/19/2025,694,Wallet,Cancelled
O033475,CUST033476,R033475,9/3/2020,1512,Wallet,Delivered
O033476,CUST033477,R033476,2/6/2024,860,UPI,Delivered
O033477,CUST033478,R033477,5/11/2019,1436,Wallet,Delivered
O033478,CUST033479,R033478,12/6/2023,1404,Wallet,Delivered
O033479,CUST033480,R033479,7/7/2020,1451,Wallet,Delivered
O033480,CUST033481,R033480,2/18/2024,372,Wallet,Cancelled
O033481,CUST033482,R033481,10/15/2024,875,Wallet,Delivered
O033482,CUST033483,R033482,2/12/2022,260,Card,Delivered
O033483,CUST033484,R033483,4/21/2024,1888,Wallet,Delivered
O033484,CUST033485,R033484,9/11/2021,1830,Card,Delivered
O033485,CUST033486,R033485,5/22/2022,609,Card,Cancelled
O033486,CUST033487,R033486,4/2/2023,1742,Card,Delivered
O033487,CUST033488,R033487,8/20/2025,310,COD,Delivered
O033488,CUST033489,R033488,5/25/2022,604,COD,Delivered
O033489,CUST033490,R033489,3/16/2019,476,Wallet,Cancelled
O033490,CUST033491,R033490,8/6/2021,1719,UPI,Delivered
O033491,CUST033492,R033491,5/2/2023,175,COD,Delivered
O033492,CUST033493,R033492,3/1/2022,1066,Wallet,Delivered
O033493,CUST033494,R033493,4/5/2020,1000,Card,Delivered
O033494,CUST033495,R033494,4/25/2024,492,Card,Cancelled
O033495,CUST033496,R033495,9/7/2022,1015,Card,Delivered
O033496,CUST033497,R033496,7/3/2023,1748,Card,Cancelled
O033497,CUST033498,R033497,2/1/2022,815,COD,Delivered
O033498,CUST033499,R033498,8/5/2020,432,COD,Delivered
O033499,CUST033500,R033499,8/28/2025,727,Wallet,Delivered
O033500,CUST033501,R033500,6/3/2024,1492,COD,Delivered
O033501,CUST033502,R033501,10/7/2021,427,Wallet,Delivered
O033502,CUST033503,R033502,10/1/2025,1189,UPI,Delivered
O033503,CUST033504,R033503,2/16/2025,1542,COD,Delivered
O033504,CUST033505,R033504,12/1/2020,886,UPI,Delivered
O033505,CUST033506,R033505,9/12/2023,1822,Wallet,Delivered
O033506,CUST033507,R033506,7/15/2019,1189,Card,Delivered
O033507,CUST033508,R033507,4/14/2021,1204,UPI,Cancelled
O033508,CUST033509,R033508,12/17/2021,1817,UPI,Delivered
O033509,CUST033510,R033509,4/13/2025,1364,Card,Delivered
O033510,CUST033511,R033510,10/23/2024,967,UPI,Delivered
O033511,CUST033512,R033511,5/19/2020,1950,COD,Delivered
O033512,CUST033513,R033512,4/22/2020,348,COD,Delivered
O033513,CUST033514,R033513,2/28/2021,220,Card,Delivered
O033514,CUST033515,R033514,11/17/2021,1989,Card,Delivered
O033515,CUST033516,R033515,10/23/2025,979,COD,Delivered
O033516,CUST033517,R033516,8/26/2025,1157,Wallet,Delivered
O033517,CUST033518,R033517,2/1/2025,677,Wallet,Delivered
O033518,CUST033519,R033518,5/7/2024,549,COD,Delivered
O033519,CUST033520,R033519,11/25/2024,849,UPI,Delivered
O033520,CUST033521,R033520,5/11/2023,1311,COD,Delivered
O033521,CUST033522,R033521,1/26/2023,1433,UPI,Delivered
O033522,CUST033523,R033522,4/10/2020,981,UPI,Delivered
O033523,CUST033524,R033523,5/18/2024,1595,Wallet,Delivered
O033524,CUST033525,R033524,6/1/2020,1609,Card,Delivered
O033525,CUST033526,R033525,8/16/2024,1865,Wallet,Delivered
O033526,CUST033527,R033526,8/10/2021,1912,Card,Delivered
O033527,CUST033528,R033527,5/19/2021,1605,Card,Delivered
O033528,CUST033529,R033528,1/18/2019,1645,COD,Delivered
O033529,CUST033530,R033529,10/12/2021,1245,Wallet,Delivered
O033530,CUST033531,R033530,10/23/2020,1213,Card,Delivered
O033531,CUST033532,R033531,3/25/2019,594,COD,Delivered
O033532,CUST033533,R033532,3/26/2022,893,Wallet,Delivered
O033533,CUST033534,R033533,7/13/2022,509,COD,Delivered
O033534,CUST033535,R033534,6/27/2021,1478,UPI,Delivered
O033535,CUST033536,R033535,12/11/2023,1200,COD,Delivered
O033536,CUST033537,R033536,7/6/2020,1638,Card,Delivered
O033537,CUST033538,R033537,1/9/2020,1130,Wallet,Cancelled
O033538,CUST033539,R033538,7/18/2022,1064,UPI,Delivered
O033539,CUST033540,R033539,4/10/2024,1956,Card,Delivered
O033540,CUST033541,R033540,2/22/2019,175,Wallet,Cancelled
O033541,CUST033542,R033541,11/5/2025,1689,Card,Delivered
O033542,CUST033543,R033542,9/14/2019,862,UPI,Delivered
O033543,CUST033544,R033543,1/25/2023,1885,Card,Delivered
O033544,CUST033545,R033544,11/19/2021,389,Card,Cancelled
O033545,CUST033546,R033545,7/20/2019,509,UPI,Delivered
O033546,CUST033547,R033546,1/22/2022,301,COD,Cancelled
O033547,CUST033548,R033547,7/1/2021,1138,Card,Delivered
O033548,CUST033549,R033548,8/5/2025,1871,Card,Delivered
O033549,CUST033550,R033549,9/3/2019,1255,UPI,Delivered
O033550,CUST033551,R033550,9/3/2022,1238,Card,Delivered
O033551,CUST033552,R033551,9/1/2020,681,Wallet,Delivered
O033552,CUST033553,R033552,7/5/2019,1616,Wallet,Delivered
O033553,CUST033554,R033553,6/16/2023,977,COD,Delivered
O033554,CUST033555,R033554,7/28/2019,1306,Card,Delivered
O033555,CUST033556,R033555,9/8/2019,1856,Wallet,Delivered
O033556,CUST033557,R033556,7/6/2023,1500,Card,Delivered
O033557,CUST033558,R033557,3/21/2024,1950,Wallet,Delivered
O033558,CUST033559,R033558,8/17/2021,1138,UPI,Delivered
O033559,CUST033560,R033559,12/16/2022,1818,COD,Delivered
O033560,CUST033561,R033560,1/16/2022,1760,UPI,Delivered
O033561,CUST033562,R033561,5/15/2020,1487,Card,Delivered
O033562,CUST033563,R033562,12/26/2021,915,UPI,Delivered
O033563,CUST033564,R033563,9/26/2022,1866,Wallet,Delivered
O033564,CUST033565,R033564,5/24/2022,1944,Card,Delivered
O033565,CUST033566,R033565,6/28/2021,1816,Card,Delivered
O033566,CUST033567,R033566,10/20/2020,210,Card,Delivered
O033567,CUST033568,R033567,9/26/2024,539,Card,Delivered
O033568,CUST033569,R033568,9/24/2025,155,UPI,Cancelled
O033569,CUST033570,R033569,7/25/2024,689,Wallet,Delivered
O033570,CUST033571,R033570,3/9/2023,250,Card,Delivered
O033571,CUST033572,R033571,4/21/2023,370,COD,Delivered
O033572,CUST033573,R033572,12/4/2020,1006,COD,Delivered
O033573,CUST033574,R033573,8/4/2023,917,Wallet,Delivered
O033574,CUST033575,R033574,5/3/2019,677,Wallet,Delivered
O033575,CUST033576,R033575,3/14/2024,1290,UPI,Delivered
O033576,CUST033577,R033576,1/1/2019,1103,UPI,Delivered
O033577,CUST033578,R033577,7/19/2023,1561,Wallet,Delivered
O033578,CUST033579,R033578,4/8/2019,1433,UPI,Delivered
O033579,CUST033580,R033579,10/14/2020,1728,Card,Delivered
O033580,CUST033581,R033580,12/21/2025,1166,UPI,Cancelled
O033581,CUST033582,R033581,11/6/2022,1716,UPI,Delivered
O033582,CUST033583,R033582,3/19/2025,480,Card,Delivered
O033583,CUST033584,R033583,1/18/2021,358,UPI,Delivered
O033584,CUST033585,R033584,12/15/2025,161,Card,Delivered
O033585,CUST033586,R033585,11/27/2024,1678,Card,Delivered
O033586,CUST033587,R033586,2/13/2023,578,Wallet,Delivered
O033587,CUST033588,R033587,3/7/2019,293,Card,Delivered
O033588,CUST033589,R033588,9/23/2025,906,Wallet,Delivered
O033589,CUST033590,R033589,10/26/2023,720,Wallet,Delivered
O033590,CUST033591,R033590,10/14/2025,332,COD,Delivered
O033591,CUST033592,R033591,1/17/2024,526,UPI,Delivered
O033592,CUST033593,R033592,6/9/2022,1338,COD,Delivered
O033593,CUST033594,R033593,2/2/2021,1129,UPI,Cancelled
O033594,CUST033595,R033594,7/28/2023,1333,Wallet,Delivered
O033595,CUST033596,R033595,10/14/2025,1152,UPI,Delivered
O033596,CUST033597,R033596,7/5/2022,1875,Card,Delivered
O033597,CUST033598,R033597,4/16/2019,1678,UPI,Delivered
O033598,CUST033599,R033598,9/11/2024,1295,Card,Delivered
O033599,CUST033600,R033599,9/8/2023,622,COD,Delivered
O033600,CUST033601,R033600,8/8/2024,1392,Card,Delivered
O033601,CUST033602,R033601,9/23/2024,950,Wallet,Delivered
O033602,CUST033603,R033602,2/27/2021,939,Card,Delivered
O033603,CUST033604,R033603,4/2/2019,867,COD,Delivered
O033604,CUST033605,R033604,12/19/2022,613,COD,Delivered
O033605,CUST033606,R033605,11/12/2022,537,COD,Delivered
O033606,CUST033607,R033606,6/3/2025,1174,Card,Delivered
O033607,CUST033608,R033607,2/11/2020,1377,Card,Delivered
O033608,CUST033609,R033608,12/1/2022,1201,UPI,Delivered
O033609,CUST033610,R033609,2/6/2022,1962,Wallet,Delivered
O033610,CUST033611,R033610,9/16/2024,834,Wallet,Delivered
O033611,CUST033612,R033611,5/12/2020,1514,Card,Delivered
O033612,CUST033613,R033612,1/9/2021,237,Wallet,Delivered
O033613,CUST033614,R033613,10/18/2021,1674,UPI,Delivered
O033614,CUST033615,R033614,12/18/2019,611,Card,Delivered
O033615,CUST033616,R033615,2/21/2021,1567,Card,Delivered
O033616,CUST033617,R033616,4/27/2021,483,COD,Delivered
O033617,CUST033618,R033617,11/20/2019,230,UPI,Delivered
O033618,CUST033619,R033618,12/22/2022,154,COD,Delivered
O033619,CUST033620,R033619,6/25/2025,834,COD,Delivered
O033620,CUST033621,R033620,10/5/2022,278,UPI,Delivered
O033621,CUST033622,R033621,4/24/2025,818,UPI,Delivered
O033622,CUST033623,R033622,10/28/2024,1056,COD,Delivered
O033623,CUST033624,R033623,1/26/2023,985,COD,Delivered
O033624,CUST033625,R033624,1/6/2022,1168,COD,Delivered
O033625,CUST033626,R033625,10/6/2025,866,Wallet,Delivered
O033626,CUST033627,R033626,5/12/2023,1291,Card,Delivered
O033627,CUST033628,R033627,4/12/2019,1239,UPI,Delivered
O033628,CUST033629,R033628,3/3/2021,1226,UPI,Delivered
O033629,CUST033630,R033629,3/21/2023,274,UPI,Delivered
O033630,CUST033631,R033630,7/14/2021,859,Wallet,Delivered
O033631,CUST033632,R033631,11/16/2022,1845,Card,Delivered
O033632,CUST033633,R033632,9/20/2020,1461,Card,Delivered
O033633,CUST033634,R033633,7/15/2024,126,Wallet,Cancelled
O033634,CUST033635,R033634,5/21/2020,195,UPI,Delivered
O033635,CUST033636,R033635,8/19/2019,1445,UPI,Delivered
O033636,CUST033637,R033636,12/20/2020,361,COD,Delivered
O033637,CUST033638,R033637,8/8/2023,1556,Card,Cancelled
O033638,CUST033639,R033638,2/11/2020,287,Card,Delivered
O033639,CUST033640,R033639,3/3/2025,668,Card,Delivered
O033640,CUST033641,R033640,10/3/2023,1998,Wallet,Delivered
O033641,CUST033642,R033641,5/22/2020,603,Wallet,Delivered
O033642,CUST033643,R033642,5/12/2020,707,COD,Delivered
O033643,CUST033644,R033643,7/23/2021,727,COD,Delivered
O033644,CUST033645,R033644,5/7/2019,1221,COD,Cancelled
O033645,CUST033646,R033645,3/3/2021,838,UPI,Cancelled
O033646,CUST033647,R033646,1/6/2021,1644,UPI,Delivered
O033647,CUST033648,R033647,4/19/2023,867,UPI,Delivered
O033648,CUST033649,R033648,2/28/2019,1060,Wallet,Delivered
O033649,CUST033650,R033649,4/14/2023,151,Wallet,Delivered
O033650,CUST033651,R033650,2/17/2024,1173,UPI,Cancelled
O033651,CUST033652,R033651,9/7/2020,1978,Card,Delivered
O033652,CUST033653,R033652,7/26/2019,1339,Card,Delivered
O033653,CUST033654,R033653,12/12/2025,205,Card,Delivered
O033654,CUST033655,R033654,5/19/2022,220,UPI,Delivered
O033655,CUST033656,R033655,2/22/2025,323,COD,Delivered
O033656,CUST033657,R033656,10/18/2023,380,COD,Delivered
O033657,CUST033658,R033657,4/9/2023,1893,Card,Delivered
O033658,CUST033659,R033658,8/12/2021,1833,UPI,Delivered
O033659,CUST033660,R033659,12/28/2021,1260,Card,Delivered
O033660,CUST033661,R033660,10/1/2023,657,Wallet,Delivered
O033661,CUST033662,R033661,8/23/2021,720,COD,Delivered
O033662,CUST033663,R033662,12/8/2025,780,Wallet,Delivered
O033663,CUST033664,R033663,12/3/2023,1281,Wallet,Cancelled
O033664,CUST033665,R033664,5/1/2022,1594,COD,Delivered
O033665,CUST033666,R033665,1/10/2022,955,UPI,Delivered
O033666,CUST033667,R033666,3/7/2020,1767,COD,Delivered
O033667,CUST033668,R033667,11/21/2022,1023,UPI,Delivered
O033668,CUST033669,R033668,10/16/2020,367,COD,Delivered
O033669,CUST033670,R033669,2/12/2020,599,UPI,Delivered
O033670,CUST033671,R033670,1/25/2019,1938,Card,Delivered
O033671,CUST033672,R033671,12/14/2024,1921,COD,Delivered
O033672,CUST033673,R033672,9/3/2019,420,Card,Delivered
O033673,CUST033674,R033673,10/1/2023,1128,Wallet,Delivered
O033674,CUST033675,R033674,5/27/2020,765,UPI,Delivered
O033675,CUST033676,R033675,1/25/2020,868,Wallet,Delivered
O033676,CUST033677,R033676,4/4/2021,1368,COD,Delivered
O033677,CUST033678,R033677,3/8/2023,749,COD,Delivered
O033678,CUST033679,R033678,5/10/2020,1174,UPI,Delivered
O033679,CUST033680,R033679,11/8/2023,1811,Wallet,Delivered
O033680,CUST033681,R033680,8/9/2025,1110,Wallet,Delivered
O033681,CUST033682,R033681,8/9/2020,1884,Wallet,Delivered
O033682,CUST033683,R033682,6/13/2025,1228,UPI,Delivered
O033683,CUST033684,R033683,5/22/2019,145,Card,Cancelled
O033684,CUST033685,R033684,7/8/2019,1536,UPI,Delivered
O033685,CUST033686,R033685,6/13/2021,1981,UPI,Delivered
O033686,CUST033687,R033686,6/24/2024,745,Card,Delivered
O033687,CUST033688,R033687,11/28/2020,1568,UPI,Delivered
O033688,CUST033689,R033688,9/19/2021,478,COD,Delivered
O033689,CUST033690,R033689,3/27/2025,461,COD,Delivered
O033690,CUST033691,R033690,4/18/2023,410,COD,Delivered
O033691,CUST033692,R033691,5/5/2019,791,COD,Delivered
O033692,CUST033693,R033692,12/5/2025,537,COD,Delivered
O033693,CUST033694,R033693,7/3/2020,1217,Wallet,Delivered
O033694,CUST033695,R033694,11/4/2021,655,Wallet,Delivered
O033695,CUST033696,R033695,4/22/2023,888,Wallet,Delivered
O033696,CUST033697,R033696,1/16/2021,1836,COD,Delivered
O033697,CUST033698,R033697,6/9/2023,264,Wallet,Delivered
O033698,CUST033699,R033698,2/7/2023,1772,UPI,Delivered
O033699,CUST033700,R033699,1/19/2024,1417,Card,Delivered
O033700,CUST033701,R033700,4/9/2020,1184,Wallet,Delivered
O033701,CUST033702,R033701,5/16/2025,1996,Wallet,Delivered
O033702,CUST033703,R033702,11/21/2020,1090,Wallet,Delivered
O033703,CUST033704,R033703,8/15/2023,1991,UPI,Delivered
O033704,CUST033705,R033704,12/21/2025,1040,UPI,Delivered
O033705,CUST033706,R033705,5/8/2024,1801,Card,Delivered
O033706,CUST033707,R033706,7/19/2019,407,Wallet,Delivered
O033707,CUST033708,R033707,9/27/2025,1222,Card,Delivered
O033708,CUST033709,R033708,11/11/2022,1977,Card,Delivered
O033709,CUST033710,R033709,9/5/2023,179,Card,Delivered
O033710,CUST033711,R033710,8/15/2020,1354,Card,Cancelled
O033711,CUST033712,R033711,6/24/2019,961,UPI,Delivered
O033712,CUST033713,R033712,10/27/2023,605,Wallet,Delivered
O033713,CUST033714,R033713,7/26/2020,843,COD,Delivered
O033714,CUST033715,R033714,5/4/2024,340,COD,Delivered
O033715,CUST033716,R033715,12/24/2022,279,COD,Delivered
O033716,CUST033717,R033716,8/3/2022,1781,Card,Delivered
O033717,CUST033718,R033717,1/3/2020,656,Wallet,Delivered
O033718,CUST033719,R033718,8/3/2019,1462,UPI,Delivered
O033719,CUST033720,R033719,11/16/2019,1035,UPI,Delivered
O033720,CUST033721,R033720,3/9/2019,832,Wallet,Delivered
O033721,CUST033722,R033721,7/8/2019,1593,Wallet,Delivered
O033722,CUST033723,R033722,3/14/2023,1697,UPI,Delivered
O033723,CUST033724,R033723,3/10/2020,1505,Card,Delivered
O033724,CUST033725,R033724,2/18/2021,1589,UPI,Delivered
O033725,CUST033726,R033725,7/8/2023,1599,COD,Delivered
O033726,CUST033727,R033726,3/20/2022,460,Wallet,Delivered
O033727,CUST033728,R033727,10/14/2022,130,Card,Delivered
O033728,CUST033729,R033728,1/21/2024,1839,COD,Delivered
O033729,CUST033730,R033729,12/25/2019,508,COD,Delivered
O033730,CUST033731,R033730,1/24/2021,273,COD,Delivered
O033731,CUST033732,R033731,8/25/2019,1078,COD,Delivered
O033732,CUST033733,R033732,12/26/2019,694,Wallet,Delivered
O033733,CUST033734,R033733,7/3/2022,983,COD,Delivered
O033734,CUST033735,R033734,3/2/2021,496,COD,Delivered
O033735,CUST033736,R033735,3/8/2023,1313,Wallet,Cancelled
O033736,CUST033737,R033736,11/4/2021,1301,Wallet,Delivered
O033737,CUST033738,R033737,10/28/2023,1676,UPI,Delivered
O033738,CUST033739,R033738,3/3/2025,1644,Card,Cancelled
O033739,CUST033740,R033739,4/24/2025,1516,UPI,Delivered
O033740,CUST033741,R033740,8/22/2020,174,COD,Delivered
O033741,CUST033742,R033741,2/23/2025,1883,UPI,Delivered
O033742,CUST033743,R033742,9/13/2022,596,COD,Delivered
O033743,CUST033744,R033743,9/24/2024,285,Card,Delivered
O033744,CUST033745,R033744,12/26/2024,233,COD,Delivered
O033745,CUST033746,R033745,1/27/2019,913,Wallet,Delivered
O033746,CUST033747,R033746,6/4/2020,1028,UPI,Delivered
O033747,CUST033748,R033747,9/17/2022,583,COD,Cancelled
O033748,CUST033749,R033748,5/1/2021,1357,COD,Delivered
O033749,CUST033750,R033749,11/5/2021,456,Wallet,Delivered
O033750,CUST033751,R033750,2/10/2022,1293,Wallet,Delivered
O033751,CUST033752,R033751,6/4/2021,1304,Wallet,Delivered
O033752,CUST033753,R033752,9/5/2019,1170,Wallet,Delivered
O033753,CUST033754,R033753,12/16/2024,473,Wallet,Cancelled
O033754,CUST033755,R033754,9/17/2020,785,Wallet,Cancelled
O033755,CUST033756,R033755,9/7/2022,213,Card,Delivered
O033756,CUST033757,R033756,12/19/2019,1846,UPI,Delivered
O033757,CUST033758,R033757,2/10/2024,1750,Card,Delivered
O033758,CUST033759,R033758,8/21/2021,530,Card,Cancelled
O033759,CUST033760,R033759,11/1/2020,1656,Card,Delivered
O033760,CUST033761,R033760,6/20/2024,199,COD,Delivered
O033761,CUST033762,R033761,4/24/2025,128,Card,Delivered
O033762,CUST033763,R033762,5/14/2022,1974,Wallet,Delivered
O033763,CUST033764,R033763,1/5/2021,1575,UPI,Delivered
O033764,CUST033765,R033764,2/26/2023,1932,COD,Delivered
O033765,CUST033766,R033765,9/28/2022,961,Wallet,Cancelled
O033766,CUST033767,R033766,6/3/2019,1145,COD,Delivered
O033767,CUST033768,R033767,7/26/2025,402,Wallet,Delivered
O033768,CUST033769,R033768,9/4/2024,1735,Wallet,Delivered
O033769,CUST033770,R033769,4/14/2023,573,Wallet,Delivered
O033770,CUST033771,R033770,10/11/2025,1411,Wallet,Delivered
O033771,CUST033772,R033771,8/15/2021,1158,COD,Delivered
O033772,CUST033773,R033772,4/10/2021,641,COD,Delivered
O033773,CUST033774,R033773,3/14/2023,1402,Card,Delivered
O033774,CUST033775,R033774,6/7/2024,317,COD,Delivered
O033775,CUST033776,R033775,6/25/2025,828,UPI,Delivered
O033776,CUST033777,R033776,4/15/2020,1397,COD,Delivered
O033777,CUST033778,R033777,3/26/2022,743,Wallet,Delivered
O033778,CUST033779,R033778,11/10/2021,1673,Wallet,Delivered
O033779,CUST033780,R033779,7/14/2023,1857,Card,Delivered
O033780,CUST033781,R033780,11/16/2025,1156,UPI,Delivered
O033781,CUST033782,R033781,8/15/2025,1732,UPI,Delivered
O033782,CUST033783,R033782,4/11/2020,1285,Card,Delivered
O033783,CUST033784,R033783,4/22/2022,887,UPI,Delivered
O033784,CUST033785,R033784,3/13/2025,1907,Card,Delivered
O033785,CUST033786,R033785,3/21/2021,301,Card,Delivered
O033786,CUST033787,R033786,10/27/2022,130,Card,Delivered
O033787,CUST033788,R033787,4/16/2022,1834,Card,Delivered
O033788,CUST033789,R033788,6/22/2020,444,Card,Delivered
O033789,CUST033790,R033789,7/25/2021,1057,COD,Delivered
O033790,CUST033791,R033790,5/28/2024,534,Wallet,Delivered
O033791,CUST033792,R033791,11/5/2021,400,COD,Delivered
O033792,CUST033793,R033792,1/23/2023,950,UPI,Delivered
O033793,CUST033794,R033793,3/11/2021,1200,COD,Cancelled
O033794,CUST033795,R033794,9/25/2025,1392,Wallet,Cancelled
O033795,CUST033796,R033795,8/8/2020,902,UPI,Delivered
O033796,CUST033797,R033796,12/16/2024,1515,Wallet,Cancelled
O033797,CUST033798,R033797,5/28/2021,1524,Card,Delivered
O033798,CUST033799,R033798,6/16/2023,1819,Wallet,Delivered
O033799,CUST033800,R033799,3/9/2020,1691,Card,Delivered
O033800,CUST033801,R033800,6/18/2024,1455,UPI,Delivered
O033801,CUST033802,R033801,10/17/2024,1246,Card,Delivered
O033802,CUST033803,R033802,3/19/2023,674,COD,Delivered
O033803,CUST033804,R033803,12/23/2024,685,UPI,Delivered
O033804,CUST033805,R033804,9/17/2021,1961,Card,Delivered
O033805,CUST033806,R033805,10/17/2021,566,Wallet,Delivered
O033806,CUST033807,R033806,3/8/2023,1829,COD,Delivered
O033807,CUST033808,R033807,8/19/2025,1437,UPI,Delivered
O033808,CUST033809,R033808,7/9/2025,989,COD,Delivered
O033809,CUST033810,R033809,10/3/2022,1559,Card,Delivered
O033810,CUST033811,R033810,10/3/2023,1045,Wallet,Cancelled
O033811,CUST033812,R033811,2/17/2019,974,Wallet,Delivered
O033812,CUST033813,R033812,7/10/2025,1909,Card,Delivered
O033813,CUST033814,R033813,1/19/2024,133,COD,Delivered
O033814,CUST033815,R033814,12/4/2020,1291,Card,Cancelled
O033815,CUST033816,R033815,9/12/2025,718,UPI,Delivered
O033816,CUST033817,R033816,4/24/2022,1735,Card,Delivered
O033817,CUST033818,R033817,4/18/2021,104,Card,Delivered
O033818,CUST033819,R033818,10/19/2019,654,UPI,Delivered
O033819,CUST033820,R033819,9/23/2025,147,COD,Delivered
O033820,CUST033821,R033820,7/27/2023,1052,Card,Delivered
O033821,CUST033822,R033821,6/4/2020,1791,Card,Delivered
O033822,CUST033823,R033822,1/26/2024,1219,UPI,Delivered
O033823,CUST033824,R033823,10/26/2023,1197,COD,Delivered
O033824,CUST033825,R033824,12/28/2019,590,COD,Delivered
O033825,CUST033826,R033825,11/4/2022,1525,Wallet,Delivered
O033826,CUST033827,R033826,2/16/2019,762,Card,Delivered
O033827,CUST033828,R033827,7/27/2020,951,UPI,Delivered
O033828,CUST033829,R033828,5/7/2020,1712,Wallet,Delivered
O033829,CUST033830,R033829,6/5/2024,1351,Card,Delivered
O033830,CUST033831,R033830,6/19/2023,1796,COD,Delivered
O033831,CUST033832,R033831,9/13/2019,1283,UPI,Delivered
O033832,CUST033833,R033832,12/18/2019,1712,Card,Delivered
O033833,CUST033834,R033833,9/14/2020,1681,UPI,Delivered
O033834,CUST033835,R033834,12/13/2020,1408,Card,Delivered
O033835,CUST033836,R033835,5/23/2024,836,Card,Delivered
O033836,CUST033837,R033836,1/21/2025,1824,UPI,Delivered
O033837,CUST033838,R033837,4/23/2025,250,COD,Cancelled
O033838,CUST033839,R033838,7/26/2023,253,COD,Delivered
O033839,CUST033840,R033839,12/25/2024,553,Card,Delivered
O033840,CUST033841,R033840,9/1/2022,567,Card,Delivered
O033841,CUST033842,R033841,5/2/2024,1956,Card,Delivered
O033842,CUST033843,R033842,7/2/2019,584,Wallet,Delivered
O033843,CUST033844,R033843,10/7/2020,1997,Card,Delivered
O033844,CUST033845,R033844,11/19/2023,471,COD,Delivered
O033845,CUST033846,R033845,8/6/2020,901,COD,Delivered
O033846,CUST033847,R033846,4/2/2025,1341,Wallet,Delivered
O033847,CUST033848,R033847,4/1/2024,597,Wallet,Delivered
O033848,CUST033849,R033848,5/11/2023,1205,Wallet,Delivered
O033849,CUST033850,R033849,7/24/2024,1013,Wallet,Delivered
O033850,CUST033851,R033850,9/18/2023,1514,COD,Delivered
O033851,CUST033852,R033851,3/2/2019,1386,UPI,Delivered
O033852,CUST033853,R033852,11/13/2023,1642,UPI,Delivered
O033853,CUST033854,R033853,5/19/2021,767,UPI,Delivered
O033854,CUST033855,R033854,2/5/2021,1573,Wallet,Cancelled
O033855,CUST033856,R033855,5/18/2023,201,UPI,Delivered
O033856,CUST033857,R033856,4/17/2020,246,UPI,Delivered
O033857,CUST033858,R033857,3/13/2020,261,Card,Delivered
O033858,CUST033859,R033858,4/1/2022,1530,Card,Delivered
O033859,CUST033860,R033859,1/12/2024,434,Wallet,Delivered
O033860,CUST033861,R033860,1/3/2019,256,UPI,Delivered
O033861,CUST033862,R033861,7/21/2025,865,Wallet,Delivered
O033862,CUST033863,R033862,7/20/2019,630,Wallet,Delivered
O033863,CUST033864,R033863,9/12/2023,242,COD,Delivered
O033864,CUST033865,R033864,9/17/2020,1007,Wallet,Delivered
O033865,CUST033866,R033865,10/8/2020,1302,COD,Cancelled
O033866,CUST033867,R033866,10/1/2022,1050,Wallet,Cancelled
O033867,CUST033868,R033867,2/27/2021,1190,Wallet,Delivered
O033868,CUST033869,R033868,1/13/2025,1003,UPI,Delivered
O033869,CUST033870,R033869,8/12/2019,1764,Card,Delivered
O033870,CUST033871,R033870,1/15/2022,1823,COD,Delivered
O033871,CUST033872,R033871,6/13/2020,1146,UPI,Cancelled
O033872,CUST033873,R033872,9/6/2025,1951,Card,Delivered
O033873,CUST033874,R033873,10/28/2023,885,UPI,Delivered
O033874,CUST033875,R033874,10/16/2020,482,Wallet,Delivered
O033875,CUST033876,R033875,7/15/2019,290,Card,Delivered
O033876,CUST033877,R033876,3/21/2023,776,COD,Delivered
O033877,CUST033878,R033877,1/11/2024,528,COD,Delivered
O033878,CUST033879,R033878,3/9/2024,458,COD,Delivered
O033879,CUST033880,R033879,2/2/2025,1138,UPI,Delivered
O033880,CUST033881,R033880,5/9/2019,1271,Card,Delivered
O033881,CUST033882,R033881,11/28/2023,1047,UPI,Delivered
O033882,CUST033883,R033882,10/5/2023,1809,Wallet,Cancelled
O033883,CUST033884,R033883,9/16/2025,978,Wallet,Delivered
O033884,CUST033885,R033884,5/14/2025,1233,Card,Delivered
O033885,CUST033886,R033885,4/7/2024,1995,Wallet,Delivered
O033886,CUST033887,R033886,11/16/2019,1531,UPI,Delivered
O033887,CUST033888,R033887,6/16/2023,526,UPI,Delivered
O033888,CUST033889,R033888,6/16/2024,1519,UPI,Delivered
O033889,CUST033890,R033889,10/22/2023,436,COD,Delivered
O033890,CUST033891,R033890,11/18/2021,145,UPI,Delivered
O033891,CUST033892,R033891,5/21/2023,1975,Card,Cancelled
O033892,CUST033893,R033892,9/24/2019,753,COD,Delivered
O033893,CUST033894,R033893,4/4/2023,1899,UPI,Delivered
O033894,CUST033895,R033894,7/23/2025,707,Wallet,Delivered
O033895,CUST033896,R033895,10/27/2023,902,COD,Delivered
O033896,CUST033897,R033896,2/25/2025,1090,COD,Delivered
O033897,CUST033898,R033897,9/8/2022,1024,COD,Delivered
O033898,CUST033899,R033898,7/2/2025,766,COD,Delivered
O033899,CUST033900,R033899,11/10/2019,1148,UPI,Delivered
O033900,CUST033901,R033900,6/10/2025,1153,UPI,Delivered
O033901,CUST033902,R033901,1/25/2021,1136,UPI,Delivered
O033902,CUST033903,R033902,11/19/2025,1954,Wallet,Cancelled
O033903,CUST033904,R033903,6/13/2021,817,Wallet,Delivered
O033904,CUST033905,R033904,1/15/2025,1765,UPI,Delivered
O033905,CUST033906,R033905,1/19/2023,1382,Card,Delivered
O033906,CUST033907,R033906,10/14/2023,281,Wallet,Delivered
O033907,CUST033908,R033907,2/18/2025,324,Card,Delivered
O033908,CUST033909,R033908,1/22/2025,1573,COD,Cancelled
O033909,CUST033910,R033909,11/22/2022,707,COD,Delivered
O033910,CUST033911,R033910,11/10/2024,1653,Card,Delivered
O033911,CUST033912,R033911,10/13/2024,143,Card,Delivered
O033912,CUST033913,R033912,1/2/2023,562,Card,Delivered
O033913,CUST033914,R033913,8/1/2024,574,COD,Delivered
O033914,CUST033915,R033914,7/16/2025,513,COD,Delivered
O033915,CUST033916,R033915,9/10/2020,616,COD,Delivered
O033916,CUST033917,R033916,10/19/2024,684,COD,Delivered
O033917,CUST033918,R033917,5/6/2022,1185,Card,Delivered
O033918,CUST033919,R033918,6/2/2020,759,UPI,Delivered
O033919,CUST033920,R033919,8/4/2025,1559,Wallet,Delivered
O033920,CUST033921,R033920,7/18/2022,712,Wallet,Delivered
O033921,CUST033922,R033921,1/28/2022,950,Wallet,Delivered
O033922,CUST033923,R033922,12/13/2019,128,Wallet,Delivered
O033923,CUST033924,R033923,7/15/2024,1030,UPI,Delivered
O033924,CUST033925,R033924,4/4/2021,1834,UPI,Delivered
O033925,CUST033926,R033925,5/24/2020,1190,UPI,Delivered
O033926,CUST033927,R033926,9/11/2024,1740,COD,Delivered
O033927,CUST033928,R033927,2/11/2025,173,UPI,Delivered
O033928,CUST033929,R033928,2/19/2020,237,COD,Delivered
O033929,CUST033930,R033929,6/15/2020,301,COD,Delivered
O033930,CUST033931,R033930,6/7/2023,1814,UPI,Delivered
O033931,CUST033932,R033931,10/12/2025,419,Wallet,Delivered
O033932,CUST033933,R033932,4/27/2020,1218,Card,Delivered
O033933,CUST033934,R033933,2/27/2019,502,Wallet,Delivered
O033934,CUST033935,R033934,9/22/2024,567,COD,Delivered
O033935,CUST033936,R033935,12/8/2019,930,COD,Delivered
O033936,CUST033937,R033936,10/10/2019,1180,Wallet,Cancelled
O033937,CUST033938,R033937,8/27/2024,1450,COD,Delivered
O033938,CUST033939,R033938,3/8/2020,807,UPI,Delivered
O033939,CUST033940,R033939,9/5/2024,1357,Card,Delivered
O033940,CUST033941,R033940,9/15/2020,801,Wallet,Delivered
O033941,CUST033942,R033941,1/14/2024,1798,Card,Delivered
O033942,CUST033943,R033942,2/10/2022,1993,Wallet,Delivered
O033943,CUST033944,R033943,3/16/2021,1431,UPI,Delivered
O033944,CUST033945,R033944,6/6/2020,1407,Card,Delivered
O033945,CUST033946,R033945,3/22/2024,373,Card,Delivered
O033946,CUST033947,R033946,5/22/2021,1082,Wallet,Delivered
O033947,CUST033948,R033947,10/25/2020,611,Card,Delivered
O033948,CUST033949,R033948,2/23/2022,974,Wallet,Delivered
O033949,CUST033950,R033949,4/3/2024,1224,COD,Delivered
O033950,CUST033951,R033950,1/7/2023,650,COD,Delivered
O033951,CUST033952,R033951,11/8/2023,895,UPI,Delivered
O033952,CUST033953,R033952,1/6/2022,1400,Wallet,Delivered
O033953,CUST033954,R033953,7/3/2025,1019,Wallet,Delivered
O033954,CUST033955,R033954,6/15/2022,1843,Wallet,Delivered
O033955,CUST033956,R033955,5/11/2025,1192,Wallet,Delivered
O033956,CUST033957,R033956,12/20/2019,1965,UPI,Delivered
O033957,CUST033958,R033957,7/7/2020,1451,UPI,Delivered
O033958,CUST033959,R033958,9/12/2020,1891,UPI,Delivered
O033959,CUST033960,R033959,1/23/2024,698,UPI,Delivered
O033960,CUST033961,R033960,7/27/2022,1287,UPI,Delivered
O033961,CUST033962,R033961,6/18/2019,590,COD,Delivered
O033962,CUST033963,R033962,11/26/2019,318,COD,Delivered
O033963,CUST033964,R033963,11/16/2021,266,Card,Delivered
O033964,CUST033965,R033964,2/3/2025,685,Card,Delivered
O033965,CUST033966,R033965,6/1/2020,171,COD,Cancelled
O033966,CUST033967,R033966,3/25/2020,1064,Wallet,Delivered
O033967,CUST033968,R033967,3/2/2022,570,COD,Delivered
O033968,CUST033969,R033968,11/20/2025,808,Wallet,Delivered
O033969,CUST033970,R033969,12/15/2023,1625,Card,Delivered
O033970,CUST033971,R033970,12/11/2024,223,Wallet,Delivered
O033971,CUST033972,R033971,9/6/2020,1682,Wallet,Delivered
O033972,CUST033973,R033972,9/17/2025,1326,Card,Delivered
O033973,CUST033974,R033973,9/9/2024,1078,Wallet,Delivered
O033974,CUST033975,R033974,9/13/2021,251,Wallet,Cancelled
O033975,CUST033976,R033975,11/20/2019,946,Card,Delivered
O033976,CUST033977,R033976,11/13/2023,368,Card,Delivered
O033977,CUST033978,R033977,6/26/2022,1313,Card,Delivered
O033978,CUST033979,R033978,4/13/2020,1689,Card,Delivered
O033979,CUST033980,R033979,10/20/2020,724,Wallet,Delivered
O033980,CUST033981,R033980,6/3/2024,1136,Card,Cancelled
O033981,CUST033982,R033981,10/15/2020,1897,Card,Delivered
O033982,CUST033983,R033982,11/3/2022,100,UPI,Delivered
O033983,CUST033984,R033983,8/15/2019,1312,Card,Cancelled
O033984,CUST033985,R033984,9/22/2019,913,UPI,Delivered
O033985,CUST033986,R033985,3/26/2019,515,Wallet,Delivered
O033986,CUST033987,R033986,8/25/2023,759,COD,Delivered
O033987,CUST033988,R033987,5/3/2025,451,COD,Delivered
O033988,CUST033989,R033988,4/24/2023,178,COD,Delivered
O033989,CUST033990,R033989,7/1/2023,1501,Card,Delivered
O033990,CUST033991,R033990,3/1/2019,502,Wallet,Delivered
O033991,CUST033992,R033991,7/1/2024,1052,UPI,Delivered
O033992,CUST033993,R033992,10/8/2025,929,Wallet,Delivered
O033993,CUST033994,R033993,6/7/2023,796,UPI,Cancelled
O033994,CUST033995,R033994,2/5/2019,1514,Wallet,Delivered
O033995,CUST033996,R033995,9/12/2020,1617,UPI,Delivered
O033996,CUST033997,R033996,9/12/2021,1419,UPI,Delivered
O033997,CUST033998,R033997,1/17/2024,1542,Wallet,Cancelled
O033998,CUST033999,R033998,4/8/2019,175,COD,Delivered
O033999,CUST034000,R033999,8/19/2023,375,Wallet,Delivered
O034000,CUST034001,R034000,11/13/2025,241,Card,Delivered
O034001,CUST034002,R034001,8/18/2020,1695,Card,Delivered
O034002,CUST034003,R034002,10/24/2025,403,Card,Delivered
O034003,CUST034004,R034003,8/23/2019,162,COD,Delivered
O034004,CUST034005,R034004,3/23/2019,668,Card,Delivered
O034005,CUST034006,R034005,4/20/2021,545,Wallet,Delivered
O034006,CUST034007,R034006,2/1/2025,840,COD,Delivered
O034007,CUST034008,R034007,9/28/2019,285,COD,Delivered
O034008,CUST034009,R034008,5/6/2022,1271,Wallet,Cancelled
O034009,CUST034010,R034009,1/6/2025,1210,COD,Cancelled
O034010,CUST034011,R034010,7/27/2024,1159,Wallet,Delivered
O034011,CUST034012,R034011,3/2/2019,1170,UPI,Delivered
O034012,CUST034013,R034012,11/14/2025,1046,Wallet,Delivered
O034013,CUST034014,R034013,4/14/2020,1759,Card,Delivered
O034014,CUST034015,R034014,8/15/2022,1312,UPI,Delivered
O034015,CUST034016,R034015,8/6/2023,447,COD,Delivered
O034016,CUST034017,R034016,7/24/2024,697,Card,Delivered
O034017,CUST034018,R034017,11/24/2019,1768,COD,Delivered
O034018,CUST034019,R034018,8/21/2019,764,Wallet,Delivered
O034019,CUST034020,R034019,10/2/2021,885,UPI,Delivered
O034020,CUST034021,R034020,11/16/2022,503,COD,Delivered
O034021,CUST034022,R034021,12/7/2022,1315,COD,Delivered
O034022,CUST034023,R034022,5/7/2023,409,Wallet,Delivered
O034023,CUST034024,R034023,12/8/2020,1203,Wallet,Delivered
O034024,CUST034025,R034024,7/3/2024,1218,COD,Delivered
O034025,CUST034026,R034025,2/4/2023,1090,UPI,Delivered
O034026,CUST034027,R034026,4/15/2025,437,Wallet,Delivered
O034027,CUST034028,R034027,4/16/2025,642,Wallet,Cancelled
O034028,CUST034029,R034028,12/6/2021,1964,Card,Delivered
O034029,CUST034030,R034029,4/18/2022,1691,UPI,Delivered
O034030,CUST034031,R034030,4/6/2019,1385,Card,Delivered
O034031,CUST034032,R034031,3/16/2025,424,UPI,Delivered
O034032,CUST034033,R034032,11/27/2023,1512,Card,Delivered
O034033,CUST034034,R034033,9/18/2019,119,COD,Delivered
O034034,CUST034035,R034034,6/22/2023,1944,Card,Delivered
O034035,CUST034036,R034035,10/16/2021,1927,COD,Delivered
O034036,CUST034037,R034036,4/3/2022,1353,UPI,Delivered
O034037,CUST034038,R034037,11/25/2021,1847,COD,Delivered
O034038,CUST034039,R034038,10/27/2025,882,Wallet,Cancelled
O034039,CUST034040,R034039,3/10/2025,1066,COD,Delivered
O034040,CUST034041,R034040,5/26/2025,296,COD,Delivered
O034041,CUST034042,R034041,9/3/2025,1624,COD,Delivered
O034042,CUST034043,R034042,12/12/2024,419,COD,Delivered
O034043,CUST034044,R034043,3/10/2019,1001,UPI,Delivered
O034044,CUST034045,R034044,11/10/2020,1052,UPI,Delivered
O034045,CUST034046,R034045,3/9/2023,1172,UPI,Delivered
O034046,CUST034047,R034046,5/12/2021,164,Wallet,Delivered
O034047,CUST034048,R034047,6/16/2023,1037,UPI,Delivered
O034048,CUST034049,R034048,6/11/2023,1542,UPI,Delivered
O034049,CUST034050,R034049,8/25/2019,1350,COD,Delivered
O034050,CUST034051,R034050,12/7/2021,702,Wallet,Delivered
O034051,CUST034052,R034051,4/9/2022,1594,COD,Delivered
O034052,CUST034053,R034052,4/13/2024,1777,UPI,Delivered
O034053,CUST034054,R034053,10/15/2019,1007,UPI,Delivered
O034054,CUST034055,R034054,6/14/2024,1447,UPI,Delivered
O034055,CUST034056,R034055,11/10/2019,1174,UPI,Delivered
O034056,CUST034057,R034056,5/20/2025,482,UPI,Delivered
O034057,CUST034058,R034057,7/7/2019,1764,Card,Delivered
O034058,CUST034059,R034058,5/19/2022,158,Card,Delivered
O034059,CUST034060,R034059,7/23/2025,1931,UPI,Delivered
O034060,CUST034061,R034060,6/14/2020,1792,COD,Delivered
O034061,CUST034062,R034061,2/24/2025,353,Card,Delivered
O034062,CUST034063,R034062,8/23/2023,967,COD,Delivered
O034063,CUST034064,R034063,4/26/2024,318,COD,Delivered
O034064,CUST034065,R034064,7/4/2024,364,COD,Delivered
O034065,CUST034066,R034065,5/22/2019,870,UPI,Delivered
O034066,CUST034067,R034066,6/10/2021,1116,Card,Cancelled
O034067,CUST034068,R034067,4/24/2022,1238,Wallet,Delivered
O034068,CUST034069,R034068,7/5/2021,790,Wallet,Delivered
O034069,CUST034070,R034069,4/15/2022,1154,Wallet,Delivered
O034070,CUST034071,R034070,1/22/2021,1381,UPI,Delivered
O034071,CUST034072,R034071,5/14/2022,1675,Wallet,Delivered
O034072,CUST034073,R034072,5/7/2019,1541,Card,Delivered
O034073,CUST034074,R034073,11/16/2024,1408,UPI,Delivered
O034074,CUST034075,R034074,5/19/2020,1026,Card,Cancelled
O034075,CUST034076,R034075,7/17/2023,584,Card,Delivered
O034076,CUST034077,R034076,12/21/2019,599,UPI,Delivered
O034077,CUST034078,R034077,4/13/2024,1881,Card,Delivered
O034078,CUST034079,R034078,8/17/2021,531,Card,Delivered
O034079,CUST034080,R034079,10/7/2021,1787,Card,Delivered
O034080,CUST034081,R034080,11/18/2024,854,Wallet,Delivered
O034081,CUST034082,R034081,3/2/2025,407,UPI,Delivered
O034082,CUST034083,R034082,10/24/2022,771,UPI,Delivered
O034083,CUST034084,R034083,2/24/2021,1041,Wallet,Delivered
O034084,CUST034085,R034084,1/8/2024,830,Wallet,Delivered
O034085,CUST034086,R034085,9/1/2022,1760,Card,Cancelled
O034086,CUST034087,R034086,3/17/2022,235,COD,Delivered
O034087,CUST034088,R034087,11/6/2022,1244,Card,Delivered
O034088,CUST034089,R034088,7/18/2021,676,UPI,Delivered
O034089,CUST034090,R034089,12/21/2019,1655,UPI,Delivered
O034090,CUST034091,R034090,12/17/2022,1926,Card,Cancelled
O034091,CUST034092,R034091,4/18/2024,575,UPI,Delivered
O034092,CUST034093,R034092,7/23/2024,1831,COD,Delivered
O034093,CUST034094,R034093,6/26/2019,941,Card,Delivered
O034094,CUST034095,R034094,8/2/2023,1638,UPI,Delivered
O034095,CUST034096,R034095,6/25/2025,815,UPI,Delivered
O034096,CUST034097,R034096,7/25/2019,1052,COD,Cancelled
O034097,CUST034098,R034097,6/24/2022,490,COD,Delivered
O034098,CUST034099,R034098,1/2/2020,1420,COD,Delivered
O034099,CUST034100,R034099,8/14/2022,863,Card,Delivered
O034100,CUST034101,R034100,7/1/2023,860,UPI,Delivered
O034101,CUST034102,R034101,9/5/2024,1305,Wallet,Delivered
O034102,CUST034103,R034102,1/3/2019,1316,Card,Delivered
O034103,CUST034104,R034103,5/17/2022,1717,Wallet,Delivered
O034104,CUST034105,R034104,12/12/2019,1197,Wallet,Delivered
O034105,CUST034106,R034105,11/17/2021,1622,Card,Delivered
O034106,CUST034107,R034106,2/21/2021,1570,UPI,Delivered
O034107,CUST034108,R034107,12/12/2021,1298,UPI,Delivered
O034108,CUST034109,R034108,7/22/2020,431,Card,Delivered
O034109,CUST034110,R034109,5/19/2021,1681,UPI,Delivered
O034110,CUST034111,R034110,6/21/2024,107,COD,Cancelled
O034111,CUST034112,R034111,8/25/2020,148,COD,Cancelled
O034112,CUST034113,R034112,1/23/2023,522,Card,Cancelled
O034113,CUST034114,R034113,5/2/2020,476,COD,Delivered
O034114,CUST034115,R034114,5/27/2019,398,COD,Delivered
O034115,CUST034116,R034115,1/26/2019,932,UPI,Delivered
O034116,CUST034117,R034116,8/12/2024,487,COD,Delivered
O034117,CUST034118,R034117,7/24/2021,857,COD,Delivered
O034118,CUST034119,R034118,7/11/2023,1239,COD,Delivered
O034119,CUST034120,R034119,12/7/2021,1250,COD,Delivered
O034120,CUST034121,R034120,12/28/2020,491,COD,Delivered
O034121,CUST034122,R034121,10/11/2021,675,Wallet,Delivered
O034122,CUST034123,R034122,3/22/2025,870,Wallet,Delivered
O034123,CUST034124,R034123,4/16/2021,1371,COD,Delivered
O034124,CUST034125,R034124,5/28/2024,1237,UPI,Delivered
O034125,CUST034126,R034125,9/12/2025,1786,UPI,Delivered
O034126,CUST034127,R034126,12/19/2019,721,UPI,Delivered
O034127,CUST034128,R034127,6/2/2021,1488,Wallet,Delivered
O034128,CUST034129,R034128,5/16/2025,120,UPI,Delivered
O034129,CUST034130,R034129,2/15/2023,167,Card,Delivered
O034130,CUST034131,R034130,2/12/2020,1947,Card,Delivered
O034131,CUST034132,R034131,11/28/2019,1483,Card,Delivered
O034132,CUST034133,R034132,9/10/2025,343,Wallet,Delivered
O034133,CUST034134,R034133,10/2/2024,107,UPI,Delivered
O034134,CUST034135,R034134,3/20/2021,466,COD,Delivered
O034135,CUST034136,R034135,10/17/2025,530,COD,Delivered
O034136,CUST034137,R034136,12/11/2023,135,Card,Delivered
O034137,CUST034138,R034137,8/14/2021,853,Wallet,Delivered
O034138,CUST034139,R034138,5/6/2020,1403,Card,Cancelled
O034139,CUST034140,R034139,2/3/2024,765,Wallet,Delivered
O034140,CUST034141,R034140,9/25/2023,1147,Wallet,Delivered
O034141,CUST034142,R034141,4/11/2020,923,Wallet,Delivered
O034142,CUST034143,R034142,10/10/2025,1685,Card,Delivered
O034143,CUST034144,R034143,2/9/2023,1738,COD,Delivered
O034144,CUST034145,R034144,11/9/2020,1098,UPI,Cancelled
O034145,CUST034146,R034145,9/5/2021,1904,UPI,Delivered
O034146,CUST034147,R034146,11/27/2019,736,Wallet,Delivered
O034147,CUST034148,R034147,3/14/2021,1984,COD,Delivered
O034148,CUST034149,R034148,10/14/2020,146,UPI,Delivered
O034149,CUST034150,R034149,9/21/2025,243,Card,Delivered
O034150,CUST034151,R034150,3/9/2023,514,Card,Delivered
O034151,CUST034152,R034151,5/28/2020,131,Card,Delivered
O034152,CUST034153,R034152,10/25/2019,560,UPI,Delivered
O034153,CUST034154,R034153,7/27/2020,1191,Card,Delivered
O034154,CUST034155,R034154,5/20/2020,1011,UPI,Delivered
O034155,CUST034156,R034155,4/2/2020,1729,Wallet,Delivered
O034156,CUST034157,R034156,6/10/2021,892,Wallet,Delivered
O034157,CUST034158,R034157,9/13/2021,1143,UPI,Delivered
O034158,CUST034159,R034158,1/6/2019,1949,Wallet,Delivered
O034159,CUST034160,R034159,12/15/2020,1315,Wallet,Cancelled
O034160,CUST034161,R034160,7/15/2019,126,UPI,Delivered
O034161,CUST034162,R034161,11/15/2020,1376,UPI,Delivered
O034162,CUST034163,R034162,1/21/2023,288,COD,Delivered
O034163,CUST034164,R034163,1/17/2019,1936,Card,Delivered
O034164,CUST034165,R034164,2/16/2023,218,Card,Cancelled
O034165,CUST034166,R034165,10/26/2019,604,COD,Delivered
O034166,CUST034167,R034166,4/2/2025,1820,UPI,Delivered
O034167,CUST034168,R034167,1/21/2023,628,Wallet,Delivered
O034168,CUST034169,R034168,7/25/2022,494,COD,Delivered
O034169,CUST034170,R034169,8/19/2023,1043,COD,Delivered
O034170,CUST034171,R034170,5/7/2023,934,COD,Delivered
O034171,CUST034172,R034171,12/28/2019,676,COD,Delivered
O034172,CUST034173,R034172,8/9/2022,1105,Wallet,Delivered
O034173,CUST034174,R034173,8/17/2021,798,Wallet,Delivered
O034174,CUST034175,R034174,4/24/2020,993,Wallet,Delivered
O034175,CUST034176,R034175,5/18/2023,1805,Wallet,Cancelled
O034176,CUST034177,R034176,9/12/2021,662,Wallet,Delivered
O034177,CUST034178,R034177,11/13/2020,1735,UPI,Delivered
O034178,CUST034179,R034178,1/21/2021,1277,Card,Delivered
O034179,CUST034180,R034179,2/11/2023,138,Wallet,Delivered
O034180,CUST034181,R034180,9/15/2025,243,UPI,Delivered
O034181,CUST034182,R034181,11/20/2019,1488,Card,Delivered
O034182,CUST034183,R034182,11/14/2025,661,COD,Delivered
O034183,CUST034184,R034183,5/8/2023,1606,Card,Delivered
O034184,CUST034185,R034184,11/12/2019,297,Card,Delivered
O034185,CUST034186,R034185,12/4/2019,722,Card,Delivered
O034186,CUST034187,R034186,1/4/2023,415,COD,Delivered
O034187,CUST034188,R034187,11/19/2020,653,COD,Delivered
O034188,CUST034189,R034188,1/13/2024,336,COD,Delivered
O034189,CUST034190,R034189,4/21/2024,530,COD,Delivered
O034190,CUST034191,R034190,5/4/2024,1287,Card,Delivered
O034191,CUST034192,R034191,9/27/2021,654,UPI,Delivered
O034192,CUST034193,R034192,3/3/2020,1458,Wallet,Delivered
O034193,CUST034194,R034193,10/16/2024,632,Wallet,Delivered
O034194,CUST034195,R034194,3/26/2021,865,Wallet,Delivered
O034195,CUST034196,R034195,2/8/2020,1938,Wallet,Delivered
O034196,CUST034197,R034196,9/14/2025,982,UPI,Delivered
O034197,CUST034198,R034197,8/4/2025,1618,UPI,Delivered
O034198,CUST034199,R034198,6/23/2023,1111,UPI,Delivered
O034199,CUST034200,R034199,9/10/2023,1661,Card,Delivered
O034200,CUST034201,R034200,5/10/2024,1924,UPI,Delivered
O034201,CUST034202,R034201,9/19/2022,126,Card,Delivered
O034202,CUST034203,R034202,5/12/2021,191,COD,Delivered
O034203,CUST034204,R034203,11/6/2024,1915,UPI,Delivered
O034204,CUST034205,R034204,3/13/2023,269,Wallet,Delivered
O034205,CUST034206,R034205,2/25/2022,1074,Card,Delivered
O034206,CUST034207,R034206,11/26/2024,293,COD,Delivered
O034207,CUST034208,R034207,3/20/2021,525,COD,Delivered
O034208,CUST034209,R034208,10/2/2022,839,COD,Delivered
O034209,CUST034210,R034209,1/8/2022,1089,Wallet,Delivered
O034210,CUST034211,R034210,4/26/2020,1410,Card,Cancelled
O034211,CUST034212,R034211,11/4/2021,771,Wallet,Delivered
O034212,CUST034213,R034212,5/4/2025,1276,Wallet,Cancelled
O034213,CUST034214,R034213,8/14/2021,652,Wallet,Delivered
O034214,CUST034215,R034214,4/13/2023,1644,Card,Delivered
O034215,CUST034216,R034215,9/9/2021,1708,UPI,Delivered
O034216,CUST034217,R034216,12/16/2024,1580,UPI,Cancelled
O034217,CUST034218,R034217,7/8/2020,1263,UPI,Delivered
O034218,CUST034219,R034218,10/20/2024,1703,UPI,Delivered
O034219,CUST034220,R034219,11/20/2024,511,COD,Delivered
O034220,CUST034221,R034220,6/15/2023,141,UPI,Delivered
O034221,CUST034222,R034221,12/12/2019,499,COD,Delivered
O034222,CUST034223,R034222,7/23/2023,707,Card,Delivered
O034223,CUST034224,R034223,9/27/2020,565,COD,Delivered
O034224,CUST034225,R034224,7/8/2019,814,Wallet,Delivered
O034225,CUST034226,R034225,1/5/2025,1364,Wallet,Delivered
O034226,CUST034227,R034226,10/2/2024,740,Wallet,Delivered
O034227,CUST034228,R034227,1/14/2019,1689,Wallet,Cancelled
O034228,CUST034229,R034228,2/10/2019,1037,UPI,Delivered
O034229,CUST034230,R034229,12/16/2024,214,UPI,Delivered
O034230,CUST034231,R034230,6/9/2025,1352,Card,Delivered
O034231,CUST034232,R034231,8/10/2025,1748,UPI,Delivered
O034232,CUST034233,R034232,3/21/2022,549,UPI,Delivered
O034233,CUST034234,R034233,5/25/2023,1197,UPI,Delivered
O034234,CUST034235,R034234,4/12/2024,544,COD,Delivered
O034235,CUST034236,R034235,11/24/2019,1806,COD,Delivered
O034236,CUST034237,R034236,11/14/2023,180,Card,Cancelled
O034237,CUST034238,R034237,6/2/2021,605,UPI,Delivered
O034238,CUST034239,R034238,9/28/2020,1993,COD,Cancelled
O034239,CUST034240,R034239,5/25/2024,1022,COD,Delivered
O034240,CUST034241,R034240,7/1/2021,459,COD,Delivered
O034241,CUST034242,R034241,3/19/2021,653,Wallet,Delivered
O034242,CUST034243,R034242,1/13/2019,1732,Card,Delivered
O034243,CUST034244,R034243,12/10/2025,1980,Wallet,Delivered
O034244,CUST034245,R034244,11/5/2020,1407,Wallet,Delivered
O034245,CUST034246,R034245,7/15/2019,1221,Card,Delivered
O034246,CUST034247,R034246,11/7/2023,988,Wallet,Delivered
O034247,CUST034248,R034247,4/7/2024,160,Wallet,Cancelled
O034248,CUST034249,R034248,6/19/2021,904,Card,Delivered
O034249,CUST034250,R034249,10/9/2020,332,UPI,Delivered
O034250,CUST034251,R034250,2/24/2023,1234,UPI,Delivered
O034251,CUST034252,R034251,11/11/2025,1610,Card,Delivered
O034252,CUST034253,R034252,1/19/2019,638,UPI,Delivered
O034253,CUST034254,R034253,5/3/2020,1976,Card,Cancelled
O034254,CUST034255,R034254,6/14/2023,314,Wallet,Delivered
O034255,CUST034256,R034255,12/8/2019,634,Card,Cancelled
O034256,CUST034257,R034256,6/20/2025,1596,Card,Delivered
O034257,CUST034258,R034257,3/27/2024,770,UPI,Delivered
O034258,CUST034259,R034258,8/25/2019,410,Wallet,Delivered
O034259,CUST034260,R034259,2/23/2020,392,Card,Delivered
O034260,CUST034261,R034260,8/25/2023,360,Card,Delivered
O034261,CUST034262,R034261,12/22/2020,1994,COD,Delivered
O034262,CUST034263,R034262,2/28/2019,1422,Card,Delivered
O034263,CUST034264,R034263,11/28/2025,466,COD,Delivered
O034264,CUST034265,R034264,10/28/2024,836,UPI,Delivered
O034265,CUST034266,R034265,9/7/2020,838,Wallet,Delivered
O034266,CUST034267,R034266,2/6/2024,642,UPI,Cancelled
O034267,CUST034268,R034267,10/2/2020,1403,Wallet,Delivered
O034268,CUST034269,R034268,5/11/2023,1766,Wallet,Delivered
O034269,CUST034270,R034269,1/10/2024,1276,UPI,Delivered
O034270,CUST034271,R034270,3/15/2023,1399,Wallet,Cancelled
O034271,CUST034272,R034271,9/6/2023,1927,COD,Delivered
O034272,CUST034273,R034272,5/18/2022,1909,Wallet,Delivered
O034273,CUST034274,R034273,5/7/2025,1921,Card,Delivered
O034274,CUST034275,R034274,8/16/2022,1611,Card,Delivered
O034275,CUST034276,R034275,2/22/2019,323,Card,Delivered
O034276,CUST034277,R034276,12/1/2019,1983,Card,Delivered
O034277,CUST034278,R034277,9/23/2020,626,Card,Delivered
O034278,CUST034279,R034278,7/19/2020,499,COD,Delivered
O034279,CUST034280,R034279,2/28/2024,750,COD,Delivered
O034280,CUST034281,R034280,10/27/2022,135,COD,Delivered
O034281,CUST034282,R034281,9/6/2020,1383,Wallet,Delivered
O034282,CUST034283,R034282,4/5/2019,936,COD,Cancelled
O034283,CUST034284,R034283,12/24/2021,1015,COD,Delivered
O034284,CUST034285,R034284,5/28/2025,1020,Wallet,Delivered
O034285,CUST034286,R034285,2/12/2020,636,Wallet,Delivered
O034286,CUST034287,R034286,7/9/2020,1713,UPI,Delivered
O034287,CUST034288,R034287,3/11/2022,1271,Wallet,Cancelled
O034288,CUST034289,R034288,8/3/2019,1840,UPI,Delivered
O034289,CUST034290,R034289,2/15/2023,189,Wallet,Delivered
O034290,CUST034291,R034290,5/17/2022,1255,Card,Cancelled
O034291,CUST034292,R034291,2/14/2020,115,COD,Delivered
O034292,CUST034293,R034292,5/23/2019,837,UPI,Delivered
O034293,CUST034294,R034293,12/8/2024,354,COD,Delivered
O034294,CUST034295,R034294,1/6/2025,1428,Card,Delivered
O034295,CUST034296,R034295,12/6/2022,266,Wallet,Delivered
O034296,CUST034297,R034296,6/5/2019,1097,Wallet,Delivered
O034297,CUST034298,R034297,6/1/2024,1108,Wallet,Delivered
O034298,CUST034299,R034298,9/2/2024,681,Wallet,Delivered
O034299,CUST034300,R034299,3/9/2023,283,Wallet,Delivered
O034300,CUST034301,R034300,12/14/2020,425,Wallet,Delivered
O034301,CUST034302,R034301,10/5/2024,1928,Card,Delivered
O034302,CUST034303,R034302,6/16/2021,1612,Wallet,Delivered
O034303,CUST034304,R034303,11/4/2024,1299,Card,Delivered
O034304,CUST034305,R034304,6/14/2025,333,UPI,Delivered
O034305,CUST034306,R034305,6/24/2025,1465,UPI,Delivered
O034306,CUST034307,R034306,6/17/2022,1916,COD,Delivered
O034307,CUST034308,R034307,11/21/2024,155,Card,Delivered
O034308,CUST034309,R034308,6/15/2022,1782,COD,Delivered
O034309,CUST034310,R034309,3/2/2023,1204,UPI,Delivered
O034310,CUST034311,R034310,9/24/2019,1737,COD,Delivered
O034311,CUST034312,R034311,4/25/2024,341,Wallet,Delivered
O034312,CUST034313,R034312,11/4/2025,916,COD,Delivered
O034313,CUST034314,R034313,1/23/2022,216,COD,Delivered
O034314,CUST034315,R034314,6/27/2019,1545,COD,Delivered
O034315,CUST034316,R034315,1/11/2021,383,Wallet,Delivered
O034316,CUST034317,R034316,9/11/2021,959,UPI,Delivered
O034317,CUST034318,R034317,3/9/2023,961,Wallet,Delivered
O034318,CUST034319,R034318,4/7/2019,1082,Wallet,Delivered
O034319,CUST034320,R034319,6/11/2022,122,Wallet,Delivered
O034320,CUST034321,R034320,2/16/2019,1715,UPI,Delivered
O034321,CUST034322,R034321,10/10/2019,1399,Card,Delivered
O034322,CUST034323,R034322,11/24/2025,107,Wallet,Delivered
O034323,CUST034324,R034323,6/5/2024,1353,Card,Delivered
O034324,CUST034325,R034324,12/19/2025,131,UPI,Delivered
O034325,CUST034326,R034325,8/14/2020,576,UPI,Cancelled
O034326,CUST034327,R034326,4/25/2024,1734,UPI,Delivered
O034327,CUST034328,R034327,11/24/2019,1368,UPI,Delivered
O034328,CUST034329,R034328,1/8/2025,1089,UPI,Delivered
O034329,CUST034330,R034329,3/23/2021,261,Wallet,Delivered
O034330,CUST034331,R034330,10/7/2020,1717,Card,Cancelled
O034331,CUST034332,R034331,10/18/2023,1968,Card,Delivered
O034332,CUST034333,R034332,8/22/2021,1845,Card,Delivered
O034333,CUST034334,R034333,5/13/2024,1904,Card,Delivered
O034334,CUST034335,R034334,7/21/2025,254,Card,Delivered
O034335,CUST034336,R034335,2/22/2020,862,COD,Delivered
O034336,CUST034337,R034336,7/25/2024,163,COD,Delivered
O034337,CUST034338,R034337,10/2/2019,1855,COD,Delivered
O034338,CUST034339,R034338,8/16/2025,1288,UPI,Cancelled
O034339,CUST034340,R034339,5/8/2021,1016,Card,Delivered
O034340,CUST034341,R034340,11/21/2023,1158,Wallet,Delivered
O034341,CUST034342,R034341,5/3/2022,705,Wallet,Delivered
O034342,CUST034343,R034342,11/17/2023,1064,Wallet,Delivered
O034343,CUST034344,R034343,10/1/2020,1334,UPI,Delivered
O034344,CUST034345,R034344,1/13/2024,1633,COD,Delivered
O034345,CUST034346,R034345,2/5/2023,1461,Card,Delivered
O034346,CUST034347,R034346,7/15/2019,1521,Wallet,Cancelled
O034347,CUST034348,R034347,12/18/2025,882,UPI,Cancelled
O034348,CUST034349,R034348,5/17/2022,478,Card,Delivered
O034349,CUST034350,R034349,12/20/2022,314,UPI,Delivered
O034350,CUST034351,R034350,4/11/2019,1472,Card,Delivered
O034351,CUST034352,R034351,8/11/2025,382,Card,Delivered
O034352,CUST034353,R034352,1/2/2023,1643,UPI,Delivered
O034353,CUST034354,R034353,10/16/2020,818,COD,Delivered
O034354,CUST034355,R034354,5/28/2024,366,UPI,Delivered
O034355,CUST034356,R034355,8/26/2022,680,Wallet,Delivered
O034356,CUST034357,R034356,9/22/2021,950,Card,Delivered
O034357,CUST034358,R034357,5/7/2021,360,COD,Delivered
O034358,CUST034359,R034358,5/28/2025,1122,UPI,Cancelled
O034359,CUST034360,R034359,7/9/2025,1628,Card,Delivered
O034360,CUST034361,R034360,6/27/2025,667,UPI,Delivered
O034361,CUST034362,R034361,10/11/2019,522,Wallet,Delivered
O034362,CUST034363,R034362,7/14/2024,1545,UPI,Cancelled
O034363,CUST034364,R034363,7/12/2022,1560,Card,Cancelled
O034364,CUST034365,R034364,12/11/2023,425,UPI,Delivered
O034365,CUST034366,R034365,10/21/2019,1687,Card,Cancelled
O034366,CUST034367,R034366,8/24/2025,862,Card,Delivered
O034367,CUST034368,R034367,9/1/2020,1422,UPI,Cancelled
O034368,CUST034369,R034368,12/27/2019,767,Wallet,Delivered
O034369,CUST034370,R034369,10/23/2021,962,COD,Delivered
O034370,CUST034371,R034370,7/23/2025,405,COD,Delivered
O034371,CUST034372,R034371,1/1/2021,1341,COD,Delivered
O034372,CUST034373,R034372,6/10/2023,826,Card,Delivered
O034373,CUST034374,R034373,6/28/2025,754,UPI,Delivered
O034374,CUST034375,R034374,12/4/2023,1151,Wallet,Delivered
O034375,CUST034376,R034375,1/2/2025,1162,UPI,Delivered
O034376,CUST034377,R034376,2/17/2025,1181,Wallet,Delivered
O034377,CUST034378,R034377,11/6/2020,1097,Wallet,Delivered
O034378,CUST034379,R034378,6/15/2021,1479,Card,Delivered
O034379,CUST034380,R034379,8/19/2025,1491,UPI,Delivered
O034380,CUST034381,R034380,2/10/2020,1212,Wallet,Delivered
O034381,CUST034382,R034381,5/22/2025,384,Card,Delivered
O034382,CUST034383,R034382,1/18/2023,1634,Card,Cancelled
O034383,CUST034384,R034383,11/20/2025,1923,Card,Delivered
O034384,CUST034385,R034384,9/23/2023,1968,COD,Cancelled
O034385,CUST034386,R034385,1/22/2019,443,Card,Cancelled
O034386,CUST034387,R034386,3/2/2020,371,Card,Delivered
O034387,CUST034388,R034387,12/26/2023,811,COD,Delivered
O034388,CUST034389,R034388,9/24/2020,777,Wallet,Delivered
O034389,CUST034390,R034389,6/11/2021,1984,COD,Delivered
O034390,CUST034391,R034390,5/16/2020,714,COD,Delivered
O034391,CUST034392,R034391,1/10/2021,1139,COD,Delivered
O034392,CUST034393,R034392,2/5/2019,1572,Wallet,Delivered
O034393,CUST034394,R034393,6/4/2024,828,Wallet,Delivered
O034394,CUST034395,R034394,5/19/2020,1013,Wallet,Delivered
O034395,CUST034396,R034395,10/27/2021,1251,Wallet,Delivered
O034396,CUST034397,R034396,8/21/2019,1154,COD,Delivered
O034397,CUST034398,R034397,6/5/2023,1157,UPI,Delivered
O034398,CUST034399,R034398,12/10/2024,1707,Wallet,Delivered
O034399,CUST034400,R034399,7/18/2024,572,UPI,Delivered
O034400,CUST034401,R034400,4/2/2020,1377,UPI,Cancelled
O034401,CUST034402,R034401,12/13/2021,1911,Wallet,Delivered
O034402,CUST034403,R034402,3/14/2025,1664,UPI,Cancelled
O034403,CUST034404,R034403,1/6/2024,1804,Card,Delivered
O034404,CUST034405,R034404,1/26/2020,1339,Card,Delivered
O034405,CUST034406,R034405,3/9/2025,761,COD,Delivered
O034406,CUST034407,R034406,12/28/2023,1962,UPI,Delivered
O034407,CUST034408,R034407,7/22/2022,376,COD,Delivered
O034408,CUST034409,R034408,10/15/2020,444,COD,Delivered
O034409,CUST034410,R034409,3/9/2020,1957,Card,Delivered
O034410,CUST034411,R034410,1/21/2022,817,UPI,Delivered
O034411,CUST034412,R034411,12/5/2024,1324,Card,Delivered
O034412,CUST034413,R034412,5/2/2024,679,Wallet,Delivered
O034413,CUST034414,R034413,1/24/2019,993,COD,Delivered
O034414,CUST034415,R034414,1/10/2023,638,Wallet,Delivered
O034415,CUST034416,R034415,10/9/2025,1324,Card,Delivered
O034416,CUST034417,R034416,3/8/2019,1594,COD,Delivered
O034417,CUST034418,R034417,3/7/2022,955,UPI,Delivered
O034418,CUST034419,R034418,10/3/2020,1755,UPI,Delivered
O034419,CUST034420,R034419,7/23/2023,689,Wallet,Delivered
O034420,CUST034421,R034420,10/17/2024,1936,COD,Delivered
O034421,CUST034422,R034421,7/12/2024,1961,UPI,Delivered
O034422,CUST034423,R034422,9/18/2020,164,Card,Delivered
O034423,CUST034424,R034423,11/8/2022,434,Card,Delivered
O034424,CUST034425,R034424,3/28/2019,1989,UPI,Delivered
O034425,CUST034426,R034425,9/24/2021,339,Wallet,Delivered
O034426,CUST034427,R034426,3/26/2021,610,UPI,Delivered
O034427,CUST034428,R034427,10/19/2021,429,COD,Delivered
O034428,CUST034429,R034428,6/3/2020,940,COD,Delivered
O034429,CUST034430,R034429,9/3/2021,365,COD,Delivered
O034430,CUST034431,R034430,3/4/2024,572,UPI,Delivered
O034431,CUST034432,R034431,10/26/2020,1800,Wallet,Cancelled
O034432,CUST034433,R034432,2/13/2019,1415,Wallet,Delivered
O034433,CUST034434,R034433,10/17/2024,1980,UPI,Delivered
O034434,CUST034435,R034434,6/13/2022,1161,UPI,Delivered
O034435,CUST034436,R034435,5/19/2023,208,COD,Delivered
O034436,CUST034437,R034436,8/15/2019,1855,Card,Delivered
O034437,CUST034438,R034437,1/15/2024,133,UPI,Delivered
O034438,CUST034439,R034438,8/25/2019,558,Card,Delivered
O034439,CUST034440,R034439,7/27/2024,1710,UPI,Delivered
O034440,CUST034441,R034440,2/20/2019,478,COD,Delivered
O034441,CUST034442,R034441,4/24/2020,1996,COD,Delivered
O034442,CUST034443,R034442,11/19/2024,901,COD,Delivered
O034443,CUST034444,R034443,6/5/2020,660,Card,Delivered
O034444,CUST034445,R034444,2/26/2025,570,COD,Delivered
O034445,CUST034446,R034445,11/7/2024,1206,Wallet,Delivered
O034446,CUST034447,R034446,12/19/2019,708,Wallet,Delivered
O034447,CUST034448,R034447,3/22/2020,951,Wallet,Delivered
O034448,CUST034449,R034448,8/14/2025,1768,Wallet,Cancelled
O034449,CUST034450,R034449,12/9/2023,582,UPI,Delivered
O034450,CUST034451,R034450,2/12/2019,1651,UPI,Delivered
O034451,CUST034452,R034451,8/20/2025,1186,Card,Delivered
O034452,CUST034453,R034452,5/11/2024,1816,Wallet,Delivered
O034453,CUST034454,R034453,1/15/2023,138,UPI,Delivered
O034454,CUST034455,R034454,12/18/2022,1090,Card,Delivered
O034455,CUST034456,R034455,11/13/2024,517,COD,Delivered
O034456,CUST034457,R034456,8/7/2022,1456,Card,Delivered
O034457,CUST034458,R034457,11/8/2020,186,Card,Cancelled
O034458,CUST034459,R034458,2/2/2019,867,UPI,Delivered
O034459,CUST034460,R034459,10/5/2025,324,COD,Delivered
O034460,CUST034461,R034460,11/17/2022,567,Wallet,Delivered
O034461,CUST034462,R034461,12/11/2020,496,COD,Delivered
O034462,CUST034463,R034462,1/19/2023,734,COD,Delivered
O034463,CUST034464,R034463,2/7/2019,1311,Card,Delivered
O034464,CUST034465,R034464,2/1/2019,802,UPI,Delivered
O034465,CUST034466,R034465,9/5/2021,1367,Wallet,Delivered
O034466,CUST034467,R034466,4/16/2025,527,COD,Delivered
O034467,CUST034468,R034467,3/25/2022,510,UPI,Delivered
O034468,CUST034469,R034468,10/6/2021,1794,Wallet,Delivered
O034469,CUST034470,R034469,9/13/2019,833,UPI,Delivered
O034470,CUST034471,R034470,10/1/2024,1464,UPI,Delivered
O034471,CUST034472,R034471,12/21/2021,1255,UPI,Delivered
O034472,CUST034473,R034472,9/12/2021,177,Card,Delivered
O034473,CUST034474,R034473,2/8/2021,1845,Wallet,Delivered
O034474,CUST034475,R034474,4/17/2022,1948,Card,Delivered
O034475,CUST034476,R034475,11/10/2025,111,COD,Delivered
O034476,CUST034477,R034476,4/1/2020,1873,UPI,Delivered
O034477,CUST034478,R034477,4/20/2019,222,Wallet,Delivered
O034478,CUST034479,R034478,3/24/2025,985,UPI,Delivered
O034479,CUST034480,R034479,4/25/2025,144,COD,Delivered
O034480,CUST034481,R034480,11/19/2024,126,COD,Delivered
O034481,CUST034482,R034481,9/1/2025,565,COD,Delivered
O034482,CUST034483,R034482,4/7/2021,985,Wallet,Delivered
O034483,CUST034484,R034483,10/24/2024,1255,Card,Delivered
O034484,CUST034485,R034484,6/2/2021,871,Wallet,Delivered
O034485,CUST034486,R034485,1/6/2025,1171,Wallet,Delivered
O034486,CUST034487,R034486,11/10/2023,616,Wallet,Delivered
O034487,CUST034488,R034487,3/11/2022,1565,UPI,Delivered
O034488,CUST034489,R034488,11/7/2020,1622,Wallet,Delivered
O034489,CUST034490,R034489,6/10/2022,1489,Wallet,Cancelled
O034490,CUST034491,R034490,10/7/2021,1740,UPI,Delivered
O034491,CUST034492,R034491,10/19/2025,1656,UPI,Delivered
O034492,CUST034493,R034492,12/19/2020,425,Card,Delivered
O034493,CUST034494,R034493,10/14/2019,1643,Wallet,Delivered
O034494,CUST034495,R034494,3/11/2025,356,Card,Delivered
O034495,CUST034496,R034495,11/2/2021,601,UPI,Delivered
O034496,CUST034497,R034496,12/25/2019,1926,Card,Delivered
O034497,CUST034498,R034497,2/27/2025,487,COD,Delivered
O034498,CUST034499,R034498,9/28/2019,788,Wallet,Delivered
O034499,CUST034500,R034499,1/22/2021,233,Wallet,Delivered
O034500,CUST034501,R034500,6/6/2024,1652,Wallet,Delivered
O034501,CUST034502,R034501,3/1/2024,821,UPI,Delivered
O034502,CUST034503,R034502,10/10/2020,124,Wallet,Cancelled
O034503,CUST034504,R034503,6/8/2024,1261,UPI,Delivered
O034504,CUST034505,R034504,12/7/2021,1705,UPI,Delivered
O034505,CUST034506,R034505,7/20/2020,513,Wallet,Delivered
O034506,CUST034507,R034506,1/24/2024,799,UPI,Delivered
O034507,CUST034508,R034507,11/11/2021,400,COD,Delivered
O034508,CUST034509,R034508,2/23/2025,1656,Card,Cancelled
O034509,CUST034510,R034509,10/14/2019,1971,Card,Delivered
O034510,CUST034511,R034510,2/28/2023,576,UPI,Delivered
O034511,CUST034512,R034511,5/1/2022,1844,COD,Delivered
O034512,CUST034513,R034512,5/22/2019,878,COD,Delivered
O034513,CUST034514,R034513,7/7/2024,379,COD,Delivered
O034514,CUST034515,R034514,12/18/2020,612,Wallet,Delivered
O034515,CUST034516,R034515,2/7/2020,1685,Card,Delivered
O034516,CUST034517,R034516,7/8/2025,1889,COD,Delivered
O034517,CUST034518,R034517,9/3/2025,1322,Wallet,Delivered
O034518,CUST034519,R034518,3/15/2022,1142,UPI,Delivered
O034519,CUST034520,R034519,6/6/2022,459,Wallet,Delivered
O034520,CUST034521,R034520,7/6/2023,1955,Wallet,Delivered
O034521,CUST034522,R034521,6/17/2022,750,UPI,Delivered
O034522,CUST034523,R034522,6/8/2021,178,UPI,Delivered
O034523,CUST034524,R034523,1/23/2023,1379,Wallet,Delivered
O034524,CUST034525,R034524,6/11/2023,1503,Card,Delivered
O034525,CUST034526,R034525,4/17/2021,494,Wallet,Delivered
O034526,CUST034527,R034526,7/1/2025,1897,Card,Cancelled
O034527,CUST034528,R034527,12/12/2020,229,COD,Cancelled
O034528,CUST034529,R034528,5/2/2022,412,Card,Cancelled
O034529,CUST034530,R034529,4/18/2020,1549,COD,Delivered
O034530,CUST034531,R034530,4/26/2020,1113,UPI,Delivered
O034531,CUST034532,R034531,1/24/2020,758,Wallet,Delivered
O034532,CUST034533,R034532,2/28/2024,740,COD,Delivered
O034533,CUST034534,R034533,6/1/2020,682,Card,Delivered
O034534,CUST034535,R034534,11/27/2022,410,Wallet,Delivered
O034535,CUST034536,R034535,11/5/2021,1267,Card,Delivered
O034536,CUST034537,R034536,11/26/2020,572,COD,Delivered
O034537,CUST034538,R034537,6/2/2023,692,Wallet,Delivered
O034538,CUST034539,R034538,11/5/2020,739,Wallet,Delivered
O034539,CUST034540,R034539,8/4/2020,563,UPI,Delivered
O034540,CUST034541,R034540,12/28/2019,1318,Wallet,Delivered
O034541,CUST034542,R034541,4/5/2023,1676,Wallet,Delivered
O034542,CUST034543,R034542,4/6/2019,1229,UPI,Delivered
O034543,CUST034544,R034543,3/14/2024,1357,Wallet,Delivered
O034544,CUST034545,R034544,11/4/2019,1847,Card,Delivered
O034545,CUST034546,R034545,9/16/2025,1829,Wallet,Delivered
O034546,CUST034547,R034546,8/6/2024,1773,UPI,Delivered
O034547,CUST034548,R034547,10/15/2019,1500,Card,Delivered
O034548,CUST034549,R034548,5/22/2020,1939,Card,Delivered
O034549,CUST034550,R034549,9/27/2024,188,Card,Delivered
O034550,CUST034551,R034550,2/24/2025,483,Card,Delivered
O034551,CUST034552,R034551,8/15/2025,355,COD,Delivered
O034552,CUST034553,R034552,11/27/2022,644,Card,Delivered
O034553,CUST034554,R034553,8/25/2023,1989,COD,Delivered
O034554,CUST034555,R034554,12/28/2025,1293,Wallet,Delivered
O034555,CUST034556,R034555,8/3/2019,846,Card,Delivered
O034556,CUST034557,R034556,9/24/2024,973,COD,Delivered
O034557,CUST034558,R034557,5/27/2021,1507,Wallet,Delivered
O034558,CUST034559,R034558,5/11/2020,557,Wallet,Delivered
O034559,CUST034560,R034559,2/8/2024,1564,UPI,Delivered
O034560,CUST034561,R034560,6/10/2021,1116,COD,Cancelled
O034561,CUST034562,R034561,7/3/2022,1729,Card,Delivered
O034562,CUST034563,R034562,12/22/2019,340,Wallet,Delivered
O034563,CUST034564,R034563,2/18/2025,1112,UPI,Cancelled
O034564,CUST034565,R034564,9/12/2020,1872,Card,Delivered
O034565,CUST034566,R034565,3/21/2019,260,Wallet,Delivered
O034566,CUST034567,R034566,9/7/2023,1606,Card,Delivered
O034567,CUST034568,R034567,7/23/2024,953,UPI,Delivered
O034568,CUST034569,R034568,4/25/2021,1653,COD,Delivered
O034569,CUST034570,R034569,6/24/2020,1017,COD,Delivered
O034570,CUST034571,R034570,1/22/2022,1029,Wallet,Delivered
O034571,CUST034572,R034571,6/27/2021,645,Wallet,Delivered
O034572,CUST034573,R034572,6/8/2022,241,COD,Delivered
O034573,CUST034574,R034573,4/13/2023,271,COD,Delivered
O034574,CUST034575,R034574,11/3/2020,1774,Card,Delivered
O034575,CUST034576,R034575,6/15/2022,1396,Wallet,Delivered
O034576,CUST034577,R034576,11/7/2021,1199,UPI,Delivered
O034577,CUST034578,R034577,9/12/2020,190,UPI,Delivered
O034578,CUST034579,R034578,7/22/2024,1317,UPI,Delivered
O034579,CUST034580,R034579,12/15/2019,1825,Card,Delivered
O034580,CUST034581,R034580,11/23/2022,107,UPI,Delivered
O034581,CUST034582,R034581,9/14/2019,1741,COD,Delivered
O034582,CUST034583,R034582,3/28/2025,1125,UPI,Cancelled
O034583,CUST034584,R034583,9/22/2025,1657,Card,Delivered
O034584,CUST034585,R034584,7/24/2023,255,COD,Delivered
O034585,CUST034586,R034585,5/3/2019,869,COD,Delivered
O034586,CUST034587,R034586,5/23/2023,1832,COD,Delivered
O034587,CUST034588,R034587,11/26/2019,1391,COD,Delivered
O034588,CUST034589,R034588,2/10/2024,489,Wallet,Delivered
O034589,CUST034590,R034589,4/8/2024,815,UPI,Delivered
O034590,CUST034591,R034590,12/7/2022,862,Wallet,Delivered
O034591,CUST034592,R034591,10/5/2022,977,Wallet,Delivered
O034592,CUST034593,R034592,8/9/2021,1613,Wallet,Delivered
O034593,CUST034594,R034593,1/10/2019,1625,UPI,Delivered
O034594,CUST034595,R034594,5/8/2021,1358,Card,Delivered
O034595,CUST034596,R034595,10/23/2025,1797,Wallet,Delivered
O034596,CUST034597,R034596,2/4/2019,1273,UPI,Delivered
O034597,CUST034598,R034597,11/18/2020,1947,UPI,Delivered
O034598,CUST034599,R034598,11/13/2019,486,COD,Cancelled
O034599,CUST034600,R034599,11/24/2023,1623,Card,Delivered
O034600,CUST034601,R034600,2/21/2021,166,COD,Delivered
O034601,CUST034602,R034601,4/19/2019,105,Card,Delivered
O034602,CUST034603,R034602,5/5/2019,923,Wallet,Delivered
O034603,CUST034604,R034603,10/17/2020,479,Card,Cancelled
O034604,CUST034605,R034604,1/28/2024,1688,Card,Delivered
O034605,CUST034606,R034605,12/4/2019,1479,Card,Delivered
O034606,CUST034607,R034606,1/7/2023,1814,Card,Delivered
O034607,CUST034608,R034607,11/18/2025,169,Card,Delivered
O034608,CUST034609,R034608,10/20/2022,782,Card,Delivered
O034609,CUST034610,R034609,1/21/2019,127,COD,Delivered
O034610,CUST034611,R034610,1/1/2019,1814,Card,Delivered
O034611,CUST034612,R034611,3/15/2023,1198,Wallet,Delivered
O034612,CUST034613,R034612,1/7/2022,924,Card,Delivered
O034613,CUST034614,R034613,3/21/2021,878,Wallet,Delivered
O034614,CUST034615,R034614,1/2/2025,861,Wallet,Delivered
O034615,CUST034616,R034615,11/16/2022,920,Wallet,Delivered
O034616,CUST034617,R034616,12/27/2019,1184,UPI,Cancelled
O034617,CUST034618,R034617,11/11/2025,1479,COD,Delivered
O034618,CUST034619,R034618,12/1/2024,1096,Card,Delivered
O034619,CUST034620,R034619,2/9/2023,1474,COD,Delivered
O034620,CUST034621,R034620,12/15/2020,796,UPI,Delivered
O034621,CUST034622,R034621,9/14/2024,398,Card,Delivered
O034622,CUST034623,R034622,1/18/2021,235,Wallet,Delivered
O034623,CUST034624,R034623,6/11/2024,1430,Card,Delivered
O034624,CUST034625,R034624,11/10/2025,857,Card,Delivered
O034625,CUST034626,R034625,5/1/2019,1553,UPI,Delivered
O034626,CUST034627,R034626,11/15/2022,669,COD,Delivered
O034627,CUST034628,R034627,1/24/2025,477,UPI,Delivered
O034628,CUST034629,R034628,12/26/2023,580,Wallet,Delivered
O034629,CUST034630,R034629,9/21/2023,844,Card,Delivered
O034630,CUST034631,R034630,7/5/2020,207,COD,Delivered
O034631,CUST034632,R034631,4/26/2024,712,UPI,Delivered
O034632,CUST034633,R034632,10/4/2025,1522,Card,Cancelled
O034633,CUST034634,R034633,9/25/2022,456,Wallet,Delivered
O034634,CUST034635,R034634,5/9/2019,1916,COD,Delivered
O034635,CUST034636,R034635,1/12/2021,1038,COD,Delivered
O034636,CUST034637,R034636,2/5/2019,1046,UPI,Delivered
O034637,CUST034638,R034637,3/5/2023,1851,Card,Delivered
O034638,CUST034639,R034638,6/11/2019,1213,Card,Cancelled
O034639,CUST034640,R034639,5/17/2023,713,Card,Delivered
O034640,CUST034641,R034640,10/28/2023,1533,UPI,Delivered
O034641,CUST034642,R034641,12/26/2022,624,Wallet,Delivered
O034642,CUST034643,R034642,8/22/2021,1901,Card,Delivered
O034643,CUST034644,R034643,1/21/2021,294,COD,Delivered
O034644,CUST034645,R034644,8/27/2022,930,COD,Delivered
O034645,CUST034646,R034645,10/4/2025,677,Card,Delivered
O034646,CUST034647,R034646,1/26/2020,675,Wallet,Delivered
O034647,CUST034648,R034647,8/10/2022,1115,COD,Delivered
O034648,CUST034649,R034648,3/28/2024,1119,Wallet,Delivered
O034649,CUST034650,R034649,4/18/2021,1090,COD,Delivered
O034650,CUST034651,R034650,7/5/2021,1007,Wallet,Delivered
O034651,CUST034652,R034651,6/14/2022,1257,UPI,Delivered
O034652,CUST034653,R034652,4/18/2020,1385,UPI,Delivered
O034653,CUST034654,R034653,7/9/2023,1324,Wallet,Delivered
O034654,CUST034655,R034654,8/21/2024,241,UPI,Cancelled
O034655,CUST034656,R034655,8/17/2021,1485,Card,Cancelled
O034656,CUST034657,R034656,4/16/2023,1811,Card,Cancelled
O034657,CUST034658,R034657,8/22/2025,1602,COD,Delivered
O034658,CUST034659,R034658,9/16/2025,294,Card,Delivered
O034659,CUST034660,R034659,7/27/2020,292,Card,Delivered
O034660,CUST034661,R034660,2/25/2024,730,COD,Cancelled
O034661,CUST034662,R034661,2/23/2021,736,Wallet,Delivered
O034662,CUST034663,R034662,12/13/2023,1763,COD,Delivered
O034663,CUST034664,R034663,5/14/2019,623,COD,Delivered
O034664,CUST034665,R034664,2/9/2024,1053,COD,Delivered
O034665,CUST034666,R034665,6/27/2023,1492,Wallet,Delivered
O034666,CUST034667,R034666,10/4/2025,984,COD,Delivered
O034667,CUST034668,R034667,12/17/2024,869,UPI,Delivered
O034668,CUST034669,R034668,1/26/2021,1101,UPI,Delivered
O034669,CUST034670,R034669,12/20/2022,1427,COD,Delivered
O034670,CUST034671,R034670,1/3/2019,1219,Card,Delivered
O034671,CUST034672,R034671,3/11/2025,1855,UPI,Delivered
O034672,CUST034673,R034672,3/22/2022,919,UPI,Delivered
O034673,CUST034674,R034673,4/6/2019,1297,UPI,Delivered
O034674,CUST034675,R034674,10/17/2023,1826,Wallet,Delivered
O034675,CUST034676,R034675,9/16/2025,1617,UPI,Delivered
O034676,CUST034677,R034676,12/3/2025,1756,UPI,Delivered
O034677,CUST034678,R034677,10/25/2025,1253,UPI,Delivered
O034678,CUST034679,R034678,4/8/2021,682,Wallet,Delivered
O034679,CUST034680,R034679,7/27/2022,173,Wallet,Delivered
O034680,CUST034681,R034680,5/21/2021,1996,COD,Delivered
O034681,CUST034682,R034681,9/14/2021,333,COD,Delivered
O034682,CUST034683,R034682,11/8/2021,1803,Card,Delivered
O034683,CUST034684,R034683,5/19/2022,408,Wallet,Delivered
O034684,CUST034685,R034684,3/27/2024,1218,Card,Delivered
O034685,CUST034686,R034685,11/26/2019,579,Wallet,Delivered
O034686,CUST034687,R034686,3/22/2025,914,Card,Delivered
O034687,CUST034688,R034687,6/8/2020,553,COD,Delivered
O034688,CUST034689,R034688,4/10/2020,1233,UPI,Cancelled
O034689,CUST034690,R034689,2/6/2022,1372,COD,Delivered
O034690,CUST034691,R034690,11/7/2025,914,UPI,Delivered
O034691,CUST034692,R034691,4/2/2021,1676,UPI,Delivered
O034692,CUST034693,R034692,3/22/2024,800,COD,Delivered
O034693,CUST034694,R034693,9/15/2025,1787,Card,Delivered
O034694,CUST034695,R034694,12/9/2023,1851,Wallet,Delivered
O034695,CUST034696,R034695,4/18/2019,1954,UPI,Delivered
O034696,CUST034697,R034696,11/6/2024,1930,Card,Delivered
O034697,CUST034698,R034697,7/22/2021,1846,UPI,Delivered
O034698,CUST034699,R034698,11/22/2021,196,Wallet,Delivered
O034699,CUST034700,R034699,4/24/2025,574,Wallet,Delivered
O034700,CUST034701,R034700,12/17/2020,213,COD,Delivered
O034701,CUST034702,R034701,2/5/2025,849,COD,Delivered
O034702,CUST034703,R034702,9/1/2023,275,Card,Delivered
O034703,CUST034704,R034703,11/1/2025,530,Wallet,Delivered
O034704,CUST034705,R034704,7/25/2023,1335,Wallet,Delivered
O034705,CUST034706,R034705,10/5/2019,908,COD,Delivered
O034706,CUST034707,R034706,5/10/2020,1404,UPI,Delivered
O034707,CUST034708,R034707,4/6/2023,579,Wallet,Delivered
O034708,CUST034709,R034708,12/12/2021,1998,Card,Delivered
O034709,CUST034710,R034709,4/8/2021,1128,Card,Delivered
O034710,CUST034711,R034710,9/9/2024,1891,UPI,Cancelled
O034711,CUST034712,R034711,7/23/2024,415,Card,Delivered
O034712,CUST034713,R034712,8/25/2023,1624,UPI,Delivered
O034713,CUST034714,R034713,7/18/2020,431,COD,Delivered
O034714,CUST034715,R034714,1/6/2023,1949,COD,Delivered
O034715,CUST034716,R034715,3/16/2025,810,Card,Delivered
O034716,CUST034717,R034716,7/4/2023,574,Card,Delivered
O034717,CUST034718,R034717,2/26/2021,490,COD,Delivered
O034718,CUST034719,R034718,9/7/2024,996,Wallet,Delivered
O034719,CUST034720,R034719,7/18/2023,603,Wallet,Delivered
O034720,CUST034721,R034720,6/21/2019,796,Wallet,Delivered
O034721,CUST034722,R034721,12/13/2021,1614,COD,Cancelled
O034722,CUST034723,R034722,8/9/2019,222,UPI,Delivered
O034723,CUST034724,R034723,4/4/2024,1551,UPI,Delivered
O034724,CUST034725,R034724,3/17/2019,1042,UPI,Delivered
O034725,CUST034726,R034725,3/9/2025,1668,Wallet,Delivered
O034726,CUST034727,R034726,3/13/2022,1949,Wallet,Delivered
O034727,CUST034728,R034727,11/21/2023,1566,Card,Delivered
O034728,CUST034729,R034728,6/11/2020,475,COD,Delivered
O034729,CUST034730,R034729,5/5/2019,1377,UPI,Delivered
O034730,CUST034731,R034730,8/7/2021,107,Card,Delivered
O034731,CUST034732,R034731,9/1/2024,787,UPI,Delivered
O034732,CUST034733,R034732,8/28/2023,218,COD,Delivered
O034733,CUST034734,R034733,11/16/2025,456,COD,Delivered
O034734,CUST034735,R034734,1/10/2023,342,Card,Delivered
O034735,CUST034736,R034735,6/18/2024,330,COD,Delivered
O034736,CUST034737,R034736,4/1/2019,1166,Card,Delivered
O034737,CUST034738,R034737,12/27/2021,702,UPI,Delivered
O034738,CUST034739,R034738,11/3/2020,1328,Wallet,Delivered
O034739,CUST034740,R034739,9/14/2022,676,Wallet,Delivered
O034740,CUST034741,R034740,4/2/2023,658,UPI,Delivered
O034741,CUST034742,R034741,10/6/2023,1992,Wallet,Cancelled
O034742,CUST034743,R034742,6/15/2019,1037,Wallet,Delivered
O034743,CUST034744,R034743,12/4/2021,1385,UPI,Delivered
O034744,CUST034745,R034744,3/20/2021,1170,Wallet,Delivered
O034745,CUST034746,R034745,8/11/2022,1987,Card,Delivered
O034746,CUST034747,R034746,5/7/2022,1735,Wallet,Delivered
O034747,CUST034748,R034747,4/16/2023,1663,UPI,Delivered
O034748,CUST034749,R034748,12/9/2021,1607,COD,Delivered
O034749,CUST034750,R034749,8/27/2023,1729,UPI,Delivered
O034750,CUST034751,R034750,6/18/2025,1980,Wallet,Delivered
O034751,CUST034752,R034751,4/22/2022,879,UPI,Delivered
O034752,CUST034753,R034752,6/23/2024,1997,Card,Delivered
O034753,CUST034754,R034753,7/21/2022,1936,COD,Delivered
O034754,CUST034755,R034754,9/27/2020,480,COD,Delivered
O034755,CUST034756,R034755,4/5/2021,905,Wallet,Delivered
O034756,CUST034757,R034756,1/23/2025,1044,COD,Delivered
O034757,CUST034758,R034757,5/1/2023,830,COD,Delivered
O034758,CUST034759,R034758,4/5/2024,1081,COD,Delivered
O034759,CUST034760,R034759,11/9/2022,462,COD,Delivered
O034760,CUST034761,R034760,12/10/2025,1459,Wallet,Delivered
O034761,CUST034762,R034761,11/4/2025,1267,Wallet,Delivered
O034762,CUST034763,R034762,2/9/2023,1346,Wallet,Delivered
O034763,CUST034764,R034763,4/5/2024,1597,UPI,Delivered
O034764,CUST034765,R034764,12/17/2024,1507,Wallet,Delivered
O034765,CUST034766,R034765,10/17/2023,395,Card,Delivered
O034766,CUST034767,R034766,10/16/2024,1597,Wallet,Delivered
O034767,CUST034768,R034767,7/8/2019,271,Card,Delivered
O034768,CUST034769,R034768,11/28/2023,521,UPI,Delivered
O034769,CUST034770,R034769,10/24/2021,1847,Card,Delivered
O034770,CUST034771,R034770,8/24/2025,447,COD,Delivered
O034771,CUST034772,R034771,4/27/2024,741,Wallet,Delivered
O034772,CUST034773,R034772,9/20/2022,1979,Card,Delivered
O034773,CUST034774,R034773,4/5/2022,1075,Card,Delivered
O034774,CUST034775,R034774,12/1/2020,1896,COD,Delivered
O034775,CUST034776,R034775,9/4/2023,1498,COD,Cancelled
O034776,CUST034777,R034776,12/27/2019,361,UPI,Delivered
O034777,CUST034778,R034777,2/26/2019,1551,UPI,Delivered
O034778,CUST034779,R034778,6/12/2024,614,Wallet,Delivered
O034779,CUST034780,R034779,12/24/2020,752,Wallet,Delivered
O034780,CUST034781,R034780,6/10/2024,358,Card,Delivered
O034781,CUST034782,R034781,5/21/2021,1577,Card,Delivered
O034782,CUST034783,R034782,12/11/2025,1891,Card,Cancelled
O034783,CUST034784,R034783,8/27/2021,491,UPI,Delivered
O034784,CUST034785,R034784,3/1/2022,1796,COD,Delivered
O034785,CUST034786,R034785,5/22/2022,657,COD,Delivered
O034786,CUST034787,R034786,8/5/2020,231,Card,Delivered
O034787,CUST034788,R034787,6/16/2021,213,COD,Delivered
O034788,CUST034789,R034788,1/4/2021,1541,Card,Delivered
O034789,CUST034790,R034789,2/8/2019,1783,Wallet,Delivered
O034790,CUST034791,R034790,11/1/2024,1212,Wallet,Delivered
O034791,CUST034792,R034791,2/12/2020,1243,Wallet,Delivered
O034792,CUST034793,R034792,10/7/2020,373,Wallet,Delivered
O034793,CUST034794,R034793,10/4/2020,1876,Wallet,Delivered
O034794,CUST034795,R034794,8/16/2023,1237,UPI,Delivered
O034795,CUST034796,R034795,12/6/2024,1999,Card,Delivered
O034796,CUST034797,R034796,4/22/2023,1293,Wallet,Delivered
O034797,CUST034798,R034797,10/10/2019,1413,Card,Delivered
O034798,CUST034799,R034798,1/16/2024,448,Wallet,Delivered
O034799,CUST034800,R034799,1/15/2025,1792,UPI,Cancelled
O034800,CUST034801,R034800,1/11/2023,1730,COD,Cancelled
O034801,CUST034802,R034801,9/1/2025,268,Card,Delivered
O034802,CUST034803,R034802,7/17/2020,1401,Card,Delivered
O034803,CUST034804,R034803,5/24/2024,828,UPI,Delivered
O034804,CUST034805,R034804,3/22/2020,902,Wallet,Delivered
O034805,CUST034806,R034805,2/2/2024,591,COD,Delivered
O034806,CUST034807,R034806,6/26/2022,603,COD,Delivered
O034807,CUST034808,R034807,5/25/2021,331,UPI,Delivered
O034808,CUST034809,R034808,3/1/2019,1653,COD,Delivered
O034809,CUST034810,R034809,6/3/2025,953,COD,Delivered
O034810,CUST034811,R034810,11/7/2020,1030,Wallet,Delivered
O034811,CUST034812,R034811,12/10/2024,1076,Wallet,Delivered
O034812,CUST034813,R034812,1/9/2019,980,Wallet,Delivered
O034813,CUST034814,R034813,8/6/2025,962,Wallet,Delivered
O034814,CUST034815,R034814,7/4/2022,1533,Wallet,Delivered
O034815,CUST034816,R034815,11/5/2023,1080,UPI,Delivered
O034816,CUST034817,R034816,5/12/2022,1202,COD,Delivered
O034817,CUST034818,R034817,11/10/2021,1991,Card,Delivered
O034818,CUST034819,R034818,9/18/2023,1725,COD,Cancelled
O034819,CUST034820,R034819,12/4/2024,1693,UPI,Cancelled
O034820,CUST034821,R034820,5/13/2020,1420,Card,Cancelled
O034821,CUST034822,R034821,4/19/2020,1853,Card,Delivered
O034822,CUST034823,R034822,3/18/2020,142,Card,Delivered
O034823,CUST034824,R034823,9/23/2024,262,UPI,Delivered
O034824,CUST034825,R034824,10/13/2021,270,COD,Delivered
O034825,CUST034826,R034825,9/25/2020,564,UPI,Delivered
O034826,CUST034827,R034826,7/22/2024,1591,COD,Delivered
O034827,CUST034828,R034827,2/27/2022,1193,COD,Delivered
O034828,CUST034829,R034828,11/2/2025,740,Card,Delivered
O034829,CUST034830,R034829,12/22/2019,818,COD,Delivered
O034830,CUST034831,R034830,5/25/2023,1609,COD,Delivered
O034831,CUST034832,R034831,9/13/2023,452,Wallet,Delivered
O034832,CUST034833,R034832,9/6/2019,1352,UPI,Cancelled
O034833,CUST034834,R034833,9/7/2023,1036,COD,Cancelled
O034834,CUST034835,R034834,9/1/2020,1645,UPI,Cancelled
O034835,CUST034836,R034835,2/12/2020,250,COD,Delivered
O034836,CUST034837,R034836,5/18/2019,1064,UPI,Delivered
O034837,CUST034838,R034837,9/8/2025,1831,Card,Delivered
O034838,CUST034839,R034838,5/20/2022,181,COD,Delivered
O034839,CUST034840,R034839,9/6/2022,1208,Card,Delivered
O034840,CUST034841,R034840,10/21/2024,803,UPI,Delivered
O034841,CUST034842,R034841,11/25/2022,1368,Card,Delivered
O034842,CUST034843,R034842,9/24/2021,479,Card,Delivered
O034843,CUST034844,R034843,4/19/2023,702,COD,Delivered
O034844,CUST034845,R034844,3/22/2023,1969,COD,Delivered
O034845,CUST034846,R034845,8/28/2022,1571,COD,Delivered
O034846,CUST034847,R034846,12/2/2025,1709,COD,Delivered
O034847,CUST034848,R034847,9/23/2020,1733,Card,Delivered
O034848,CUST034849,R034848,8/27/2021,1305,COD,Delivered
O034849,CUST034850,R034849,3/5/2024,1108,UPI,Delivered
O034850,CUST034851,R034850,6/12/2023,1875,Wallet,Delivered
O034851,CUST034852,R034851,8/21/2025,1281,Wallet,Delivered
O034852,CUST034853,R034852,8/13/2020,1425,Card,Cancelled
O034853,CUST034854,R034853,10/22/2024,1859,UPI,Cancelled
O034854,CUST034855,R034854,12/12/2025,1587,Card,Cancelled
O034855,CUST034856,R034855,5/24/2024,1014,UPI,Delivered
O034856,CUST034857,R034856,4/21/2021,1806,COD,Delivered
O034857,CUST034858,R034857,8/25/2023,112,COD,Delivered
O034858,CUST034859,R034858,12/1/2019,726,Card,Delivered
O034859,CUST034860,R034859,10/21/2020,1753,Card,Delivered
O034860,CUST034861,R034860,8/24/2025,1348,COD,Delivered
O034861,CUST034862,R034861,9/28/2023,965,Wallet,Delivered
O034862,CUST034863,R034862,4/6/2019,725,Wallet,Delivered
O034863,CUST034864,R034863,5/6/2023,777,Wallet,Cancelled
O034864,CUST034865,R034864,1/2/2025,897,Wallet,Delivered
O034865,CUST034866,R034865,7/8/2024,1577,COD,Delivered
O034866,CUST034867,R034866,4/9/2025,1520,Wallet,Delivered
O034867,CUST034868,R034867,12/7/2025,1203,Card,Delivered
O034868,CUST034869,R034868,6/21/2019,1642,Wallet,Delivered
O034869,CUST034870,R034869,6/2/2023,1423,UPI,Delivered
O034870,CUST034871,R034870,11/20/2025,1674,UPI,Delivered
O034871,CUST034872,R034871,10/10/2025,343,COD,Delivered
O034872,CUST034873,R034872,1/22/2022,1537,Card,Delivered
O034873,CUST034874,R034873,12/19/2022,1977,Card,Delivered
O034874,CUST034875,R034874,3/9/2023,1960,COD,Cancelled
O034875,CUST034876,R034875,11/1/2019,876,Card,Delivered
O034876,CUST034877,R034876,11/15/2023,393,COD,Delivered
O034877,CUST034878,R034877,5/27/2020,513,COD,Delivered
O034878,CUST034879,R034878,3/3/2019,305,COD,Cancelled
O034879,CUST034880,R034879,9/19/2023,1136,Wallet,Delivered
O034880,CUST034881,R034880,8/1/2020,863,Card,Delivered
O034881,CUST034882,R034881,8/3/2021,627,COD,Delivered
O034882,CUST034883,R034882,8/3/2025,234,Card,Delivered
O034883,CUST034884,R034883,5/3/2022,1671,Card,Delivered
O034884,CUST034885,R034884,7/21/2024,1097,Wallet,Delivered
O034885,CUST034886,R034885,11/5/2023,819,UPI,Delivered
O034886,CUST034887,R034886,5/19/2019,788,Wallet,Delivered
O034887,CUST034888,R034887,9/20/2020,770,COD,Delivered
O034888,CUST034889,R034888,6/14/2025,704,COD,Delivered
O034889,CUST034890,R034889,5/26/2024,1148,UPI,Delivered
O034890,CUST034891,R034890,7/10/2019,1400,Card,Delivered
O034891,CUST034892,R034891,7/28/2021,1016,Card,Delivered
O034892,CUST034893,R034892,5/8/2022,1324,COD,Delivered
O034893,CUST034894,R034893,7/12/2023,685,UPI,Delivered
O034894,CUST034895,R034894,5/14/2020,288,Card,Delivered
O034895,CUST034896,R034895,7/17/2022,341,Wallet,Delivered
O034896,CUST034897,R034896,10/12/2022,1286,Card,Cancelled
O034897,CUST034898,R034897,9/8/2020,714,UPI,Delivered
O034898,CUST034899,R034898,2/28/2024,1448,UPI,Delivered
O034899,CUST034900,R034899,5/13/2019,448,COD,Delivered
O034900,CUST034901,R034900,5/14/2022,386,UPI,Delivered
O034901,CUST034902,R034901,8/23/2020,495,COD,Delivered
O034902,CUST034903,R034902,6/27/2025,765,Card,Delivered
O034903,CUST034904,R034903,2/5/2019,171,Card,Delivered
O034904,CUST034905,R034904,7/25/2023,670,UPI,Delivered
O034905,CUST034906,R034905,9/3/2019,1432,UPI,Cancelled
O034906,CUST034907,R034906,5/24/2023,302,Wallet,Delivered
O034907,CUST034908,R034907,5/8/2020,1805,Wallet,Cancelled
O034908,CUST034909,R034908,10/12/2024,1013,COD,Delivered
O034909,CUST034910,R034909,9/6/2024,903,UPI,Delivered
O034910,CUST034911,R034910,5/2/2022,1709,UPI,Delivered
O034911,CUST034912,R034911,12/9/2023,1064,UPI,Delivered
O034912,CUST034913,R034912,2/15/2021,238,UPI,Delivered
O034913,CUST034914,R034913,4/9/2019,1058,Wallet,Delivered
O034914,CUST034915,R034914,4/18/2022,112,Wallet,Delivered
O034915,CUST034916,R034915,4/14/2025,1393,Card,Delivered
O034916,CUST034917,R034916,8/14/2019,214,Card,Delivered
O034917,CUST034918,R034917,6/20/2020,714,COD,Delivered
O034918,CUST034919,R034918,1/3/2024,631,UPI,Delivered
O034919,CUST034920,R034919,1/25/2019,521,Wallet,Delivered
O034920,CUST034921,R034920,9/9/2025,965,Wallet,Delivered
O034921,CUST034922,R034921,8/27/2022,1231,Wallet,Delivered
O034922,CUST034923,R034922,3/15/2022,991,COD,Delivered
O034923,CUST034924,R034923,1/3/2025,864,UPI,Delivered
O034924,CUST034925,R034924,8/12/2021,1108,UPI,Delivered
O034925,CUST034926,R034925,7/16/2023,1294,UPI,Delivered
O034926,CUST034927,R034926,10/27/2022,1103,Wallet,Delivered
O034927,CUST034928,R034927,7/19/2025,199,UPI,Cancelled
O034928,CUST034929,R034928,8/14/2023,1405,UPI,Delivered
O034929,CUST034930,R034929,8/14/2019,1731,UPI,Cancelled
O034930,CUST034931,R034930,11/21/2025,1518,Card,Delivered
O034931,CUST034932,R034931,6/13/2022,247,Card,Delivered
O034932,CUST034933,R034932,10/27/2021,180,Card,Delivered
O034933,CUST034934,R034933,11/23/2022,581,COD,Delivered
O034934,CUST034935,R034934,4/21/2024,848,Wallet,Delivered
O034935,CUST034936,R034935,7/12/2022,1619,Card,Delivered
O034936,CUST034937,R034936,2/13/2025,517,COD,Delivered
O034937,CUST034938,R034937,12/6/2024,768,COD,Delivered
O034938,CUST034939,R034938,1/25/2023,1083,Wallet,Delivered
O034939,CUST034940,R034939,10/22/2022,894,COD,Delivered
O034940,CUST034941,R034940,3/13/2019,827,UPI,Delivered
O034941,CUST034942,R034941,12/24/2023,1065,Card,Delivered
O034942,CUST034943,R034942,2/18/2021,1348,COD,Delivered
O034943,CUST034944,R034943,8/2/2023,1134,Card,Delivered
O034944,CUST034945,R034944,6/10/2024,1764,UPI,Delivered
O034945,CUST034946,R034945,2/21/2025,809,UPI,Delivered
O034946,CUST034947,R034946,12/5/2022,242,Card,Delivered
O034947,CUST034948,R034947,3/16/2024,465,UPI,Delivered
O034948,CUST034949,R034948,1/21/2022,1901,Card,Delivered
O034949,CUST034950,R034949,6/7/2022,134,UPI,Cancelled
O034950,CUST034951,R034950,3/1/2019,1571,UPI,Delivered
O034951,CUST034952,R034951,8/20/2023,315,Wallet,Delivered
O034952,CUST034953,R034952,12/23/2024,1988,Wallet,Delivered
O034953,CUST034954,R034953,1/19/2019,1917,COD,Delivered
O034954,CUST034955,R034954,11/12/2022,254,COD,Delivered
O034955,CUST034956,R034955,12/6/2024,1593,UPI,Delivered
O034956,CUST034957,R034956,8/18/2022,365,Wallet,Delivered
O034957,CUST034958,R034957,7/26/2020,1127,UPI,Delivered
O034958,CUST034959,R034958,12/24/2022,489,COD,Delivered
O034959,CUST034960,R034959,3/21/2019,808,COD,Delivered
O034960,CUST034961,R034960,10/4/2022,708,COD,Delivered
O034961,CUST034962,R034961,9/9/2023,1089,UPI,Delivered
O034962,CUST034963,R034962,5/5/2021,1224,COD,Cancelled
O034963,CUST034964,R034963,5/4/2021,760,UPI,Delivered
O034964,CUST034965,R034964,6/28/2021,1832,UPI,Delivered
O034965,CUST034966,R034965,3/12/2025,759,COD,Delivered
O034966,CUST034967,R034966,9/13/2020,1708,Card,Delivered
O034967,CUST034968,R034967,11/7/2022,1772,Wallet,Delivered
O034968,CUST034969,R034968,6/16/2025,1868,Wallet,Delivered
O034969,CUST034970,R034969,7/13/2025,1883,UPI,Delivered
O034970,CUST034971,R034970,10/21/2022,1800,UPI,Delivered
O034971,CUST034972,R034971,4/21/2022,105,Wallet,Delivered
O034972,CUST034973,R034972,6/23/2021,424,UPI,Delivered
O034973,CUST034974,R034973,11/16/2023,324,Card,Delivered
O034974,CUST034975,R034974,12/4/2025,750,Card,Delivered
O034975,CUST034976,R034975,4/28/2021,1896,Card,Delivered
O034976,CUST034977,R034976,1/27/2023,375,Wallet,Delivered
O034977,CUST034978,R034977,10/23/2025,925,Wallet,Delivered
O034978,CUST034979,R034978,9/21/2025,803,COD,Delivered
O034979,CUST034980,R034979,4/8/2020,1368,COD,Cancelled
O034980,CUST034981,R034980,11/4/2024,498,COD,Delivered
O034981,CUST034982,R034981,10/10/2021,1485,UPI,Delivered
O034982,CUST034983,R034982,10/10/2022,611,UPI,Delivered
O034983,CUST034984,R034983,8/2/2020,1416,Wallet,Cancelled
O034984,CUST034985,R034984,7/16/2024,1671,Card,Delivered
O034985,CUST034986,R034985,10/17/2024,1480,UPI,Delivered
O034986,CUST034987,R034986,7/11/2025,544,Card,Delivered
O034987,CUST034988,R034987,8/5/2021,1806,COD,Delivered
O034988,CUST034989,R034988,1/16/2024,704,Card,Delivered
O034989,CUST034990,R034989,1/28/2025,463,Card,Delivered
O034990,CUST034991,R034990,2/23/2023,1982,COD,Delivered
O034991,CUST034992,R034991,10/24/2021,847,Wallet,Delivered
O034992,CUST034993,R034992,2/16/2025,522,Wallet,Delivered
O034993,CUST034994,R034993,5/20/2022,586,Wallet,Delivered
O034994,CUST034995,R034994,2/11/2019,1573,COD,Delivered
O034995,CUST034996,R034995,7/10/2025,132,UPI,Delivered
O034996,CUST034997,R034996,12/3/2025,1459,Wallet,Delivered
O034997,CUST034998,R034997,8/17/2024,1001,UPI,Delivered
O034998,CUST034999,R034998,7/5/2021,1632,Wallet,Delivered
O034999,CUST035000,R034999,3/11/2021,160,Wallet,Delivered
O035000,CUST035001,R035000,2/19/2022,1416,Card,Delivered
O035001,CUST035002,R035001,6/10/2021,320,Card,Delivered
O035002,CUST035003,R035002,8/4/2020,1092,UPI,Delivered
O035003,CUST035004,R035003,7/5/2021,1642,Card,Delivered
O035004,CUST035005,R035004,5/19/2023,638,UPI,Delivered
O035005,CUST035006,R035005,11/25/2019,139,COD,Delivered
O035006,CUST035007,R035006,1/14/2024,377,COD,Cancelled
O035007,CUST035008,R035007,9/6/2019,300,Card,Delivered
O035008,CUST035009,R035008,12/20/2025,282,Wallet,Delivered
O035009,CUST035010,R035009,9/28/2022,1076,Card,Delivered
O035010,CUST035011,R035010,1/26/2024,618,UPI,Delivered
O035011,CUST035012,R035011,11/2/2021,1248,Wallet,Delivered
O035012,CUST035013,R035012,1/14/2023,831,COD,Delivered
O035013,CUST035014,R035013,4/1/2024,1076,UPI,Delivered
O035014,CUST035015,R035014,1/4/2023,1838,Wallet,Cancelled
O035015,CUST035016,R035015,6/13/2025,883,Wallet,Delivered
O035016,CUST035017,R035016,3/28/2023,1263,Card,Delivered
O035017,CUST035018,R035017,5/14/2020,1309,Wallet,Delivered
O035018,CUST035019,R035018,5/12/2020,183,Card,Delivered
O035019,CUST035020,R035019,12/8/2024,1895,Wallet,Delivered
O035020,CUST035021,R035020,8/17/2019,1577,UPI,Delivered
O035021,CUST035022,R035021,4/15/2024,1560,COD,Delivered
O035022,CUST035023,R035022,3/26/2025,1509,Wallet,Delivered
O035023,CUST035024,R035023,11/17/2019,1895,COD,Delivered
O035024,CUST035025,R035024,5/21/2025,799,UPI,Delivered
O035025,CUST035026,R035025,1/19/2020,208,Card,Delivered
O035026,CUST035027,R035026,5/20/2021,1831,Card,Delivered
O035027,CUST035028,R035027,4/26/2025,370,COD,Delivered
O035028,CUST035029,R035028,12/4/2022,750,COD,Delivered
O035029,CUST035030,R035029,9/21/2022,640,Card,Delivered
O035030,CUST035031,R035030,9/19/2022,687,COD,Delivered
O035031,CUST035032,R035031,10/3/2022,1504,COD,Delivered
O035032,CUST035033,R035032,1/6/2021,420,COD,Delivered
O035033,CUST035034,R035033,10/8/2025,1368,Wallet,Delivered
O035034,CUST035035,R035034,11/5/2021,1177,Wallet,Delivered
O035035,CUST035036,R035035,1/7/2023,1299,Wallet,Delivered
O035036,CUST035037,R035036,2/12/2021,1554,UPI,Delivered
O035037,CUST035038,R035037,4/16/2020,1427,Wallet,Delivered
O035038,CUST035039,R035038,1/16/2022,316,UPI,Delivered
O035039,CUST035040,R035039,5/15/2021,1448,Wallet,Delivered
O035040,CUST035041,R035040,5/8/2025,1886,Card,Delivered
O035041,CUST035042,R035041,11/27/2019,410,UPI,Delivered
O035042,CUST035043,R035042,12/23/2024,1443,Card,Cancelled
O035043,CUST035044,R035043,8/14/2022,303,Card,Delivered
O035044,CUST035045,R035044,6/26/2024,597,COD,Delivered
O035045,CUST035046,R035045,10/16/2023,1937,Card,Delivered
O035046,CUST035047,R035046,6/3/2020,1029,Card,Cancelled
O035047,CUST035048,R035047,3/2/2021,1805,COD,Delivered
O035048,CUST035049,R035048,9/1/2025,1412,COD,Delivered
O035049,CUST035050,R035049,4/26/2024,282,Wallet,Delivered
O035050,CUST035051,R035050,5/25/2020,1088,Wallet,Delivered
O035051,CUST035052,R035051,1/11/2022,107,COD,Delivered
O035052,CUST035053,R035052,7/16/2023,174,COD,Delivered
O035053,CUST035054,R035053,2/2/2023,1677,Card,Delivered
O035054,CUST035055,R035054,7/22/2021,1039,UPI,Delivered
O035055,CUST035056,R035055,4/4/2022,1531,Card,Delivered
O035056,CUST035057,R035056,9/11/2024,347,UPI,Delivered
O035057,CUST035058,R035057,6/26/2024,1653,Card,Cancelled
O035058,CUST035059,R035058,7/20/2021,508,Card,Delivered
O035059,CUST035060,R035059,9/4/2023,184,Card,Delivered
O035060,CUST035061,R035060,12/18/2024,1892,COD,Delivered
O035061,CUST035062,R035061,9/2/2025,1456,UPI,Delivered
O035062,CUST035063,R035062,2/5/2022,1704,Wallet,Delivered
O035063,CUST035064,R035063,1/26/2023,1132,Wallet,Delivered
O035064,CUST035065,R035064,12/12/2020,1200,Wallet,Delivered
O035065,CUST035066,R035065,10/6/2021,262,COD,Cancelled
O035066,CUST035067,R035066,6/3/2021,1722,COD,Delivered
O035067,CUST035068,R035067,1/15/2024,1083,UPI,Delivered
O035068,CUST035069,R035068,9/5/2020,1638,UPI,Delivered
O035069,CUST035070,R035069,11/12/2022,1018,Wallet,Delivered
O035070,CUST035071,R035070,12/8/2024,1270,Card,Delivered
O035071,CUST035072,R035071,6/14/2021,299,Wallet,Delivered
O035072,CUST035073,R035072,3/13/2023,1700,UPI,Delivered
O035073,CUST035074,R035073,4/13/2021,1683,COD,Delivered
O035074,CUST035075,R035074,12/25/2020,227,Card,Delivered
O035075,CUST035076,R035075,11/15/2020,1321,COD,Delivered
O035076,CUST035077,R035076,2/23/2025,748,UPI,Cancelled
O035077,CUST035078,R035077,2/21/2022,817,COD,Delivered
O035078,CUST035079,R035078,1/1/2023,370,COD,Delivered
O035079,CUST035080,R035079,1/26/2021,493,COD,Delivered
O035080,CUST035081,R035080,7/24/2024,181,Wallet,Delivered
O035081,CUST035082,R035081,1/27/2024,1254,COD,Delivered
O035082,CUST035083,R035082,5/21/2022,810,COD,Delivered
O035083,CUST035084,R035083,7/3/2024,930,UPI,Delivered
O035084,CUST035085,R035084,2/8/2023,970,Wallet,Delivered
O035085,CUST035086,R035085,4/7/2022,1317,Wallet,Delivered
O035086,CUST035087,R035086,12/7/2023,1300,Wallet,Delivered
O035087,CUST035088,R035087,2/9/2025,1745,UPI,Delivered
O035088,CUST035089,R035088,2/10/2022,1471,UPI,Delivered
O035089,CUST035090,R035089,6/17/2022,1122,Wallet,Delivered
O035090,CUST035091,R035090,10/16/2024,1907,Card,Delivered
O035091,CUST035092,R035091,4/17/2020,1634,COD,Delivered
O035092,CUST035093,R035092,10/1/2025,1582,UPI,Cancelled
O035093,CUST035094,R035093,9/12/2024,1314,Wallet,Delivered
O035094,CUST035095,R035094,5/18/2023,1455,Card,Delivered
O035095,CUST035096,R035095,3/17/2019,1899,Card,Delivered
O035096,CUST035097,R035096,11/21/2023,112,UPI,Delivered
O035097,CUST035098,R035097,3/12/2022,159,COD,Delivered
O035098,CUST035099,R035098,11/24/2021,1232,UPI,Cancelled
O035099,CUST035100,R035099,4/23/2020,1501,COD,Delivered
O035100,CUST035101,R035100,2/25/2024,1107,COD,Delivered
O035101,CUST035102,R035101,5/26/2021,660,Card,Cancelled
O035102,CUST035103,R035102,10/21/2019,783,COD,Delivered
O035103,CUST035104,R035103,12/24/2020,1567,COD,Delivered
O035104,CUST035105,R035104,12/12/2022,361,Wallet,Delivered
O035105,CUST035106,R035105,1/5/2022,1198,Wallet,Cancelled
O035106,CUST035107,R035106,5/7/2019,931,Card,Cancelled
O035107,CUST035108,R035107,9/28/2021,1115,UPI,Cancelled
O035108,CUST035109,R035108,10/11/2021,105,COD,Delivered
O035109,CUST035110,R035109,3/16/2020,915,Wallet,Delivered
O035110,CUST035111,R035110,11/6/2024,1677,Card,Delivered
O035111,CUST035112,R035111,11/18/2020,326,Wallet,Delivered
O035112,CUST035113,R035112,4/5/2020,1165,Card,Delivered
O035113,CUST035114,R035113,6/19/2021,723,UPI,Delivered
O035114,CUST035115,R035114,6/23/2023,1289,Card,Delivered
O035115,CUST035116,R035115,3/22/2025,399,Card,Delivered
O035116,CUST035117,R035116,3/19/2022,294,Card,Delivered
O035117,CUST035118,R035117,2/21/2019,1922,COD,Delivered
O035118,CUST035119,R035118,9/27/2024,1481,Card,Delivered
O035119,CUST035120,R035119,5/1/2019,1560,Card,Delivered
O035120,CUST035121,R035120,5/22/2023,905,Wallet,Delivered
O035121,CUST035122,R035121,10/6/2025,777,Card,Delivered
O035122,CUST035123,R035122,9/25/2020,576,UPI,Delivered
O035123,CUST035124,R035123,3/3/2024,1293,Wallet,Delivered
O035124,CUST035125,R035124,6/12/2022,1381,Wallet,Delivered
O035125,CUST035126,R035125,7/9/2024,1209,Card,Delivered
O035126,CUST035127,R035126,5/20/2019,1824,UPI,Delivered
O035127,CUST035128,R035127,11/10/2024,1507,Card,Delivered
O035128,CUST035129,R035128,7/22/2023,929,UPI,Delivered
O035129,CUST035130,R035129,3/19/2022,1716,Card,Delivered
O035130,CUST035131,R035130,6/22/2024,1967,COD,Delivered
O035131,CUST035132,R035131,1/28/2020,679,Card,Delivered
O035132,CUST035133,R035132,12/19/2023,1603,Card,Delivered
O035133,CUST035134,R035133,1/23/2021,949,COD,Delivered
O035134,CUST035135,R035134,12/27/2022,822,COD,Delivered
O035135,CUST035136,R035135,6/5/2023,620,Wallet,Cancelled
O035136,CUST035137,R035136,7/4/2021,491,Wallet,Delivered
O035137,CUST035138,R035137,5/28/2020,997,COD,Delivered
O035138,CUST035139,R035138,11/10/2022,1428,COD,Delivered
O035139,CUST035140,R035139,3/2/2024,1440,Wallet,Delivered
O035140,CUST035141,R035140,2/5/2019,1167,UPI,Delivered
O035141,CUST035142,R035141,4/19/2020,1601,Wallet,Delivered
O035142,CUST035143,R035142,9/1/2022,1333,UPI,Delivered
O035143,CUST035144,R035143,11/19/2024,1583,Wallet,Delivered
O035144,CUST035145,R035144,6/10/2020,300,Card,Delivered
O035145,CUST035146,R035145,5/21/2020,1263,UPI,Delivered
O035146,CUST035147,R035146,8/17/2023,1578,Card,Delivered
O035147,CUST035148,R035147,9/8/2021,1816,COD,Cancelled
O035148,CUST035149,R035148,2/28/2025,727,Card,Delivered
O035149,CUST035150,R035149,9/14/2025,282,COD,Delivered
O035150,CUST035151,R035150,8/23/2022,658,COD,Delivered
O035151,CUST035152,R035151,11/4/2022,156,COD,Delivered
O035152,CUST035153,R035152,9/16/2019,1056,COD,Delivered
O035153,CUST035154,R035153,6/28/2023,783,COD,Delivered
O035154,CUST035155,R035154,5/1/2020,1218,Wallet,Cancelled
O035155,CUST035156,R035155,9/26/2019,993,Wallet,Delivered
O035156,CUST035157,R035156,6/13/2019,484,COD,Delivered
O035157,CUST035158,R035157,10/4/2024,1818,Wallet,Delivered
O035158,CUST035159,R035158,1/16/2021,1546,UPI,Delivered
O035159,CUST035160,R035159,1/27/2021,433,Wallet,Delivered
O035160,CUST035161,R035160,5/3/2022,664,Card,Delivered
O035161,CUST035162,R035161,5/13/2019,549,COD,Delivered
O035162,CUST035163,R035162,12/24/2024,994,UPI,Delivered
O035163,CUST035164,R035163,6/8/2019,1370,Card,Delivered
O035164,CUST035165,R035164,6/2/2019,910,UPI,Delivered
O035165,CUST035166,R035165,8/6/2025,1244,COD,Delivered
O035166,CUST035167,R035166,9/10/2021,606,UPI,Delivered
O035167,CUST035168,R035167,11/12/2024,203,Card,Delivered
O035168,CUST035169,R035168,7/9/2025,294,COD,Delivered
O035169,CUST035170,R035169,10/11/2025,1239,UPI,Delivered
O035170,CUST035171,R035170,11/7/2023,629,UPI,Delivered
O035171,CUST035172,R035171,7/26/2025,1368,Wallet,Delivered
O035172,CUST035173,R035172,8/12/2020,1949,COD,Delivered
O035173,CUST035174,R035173,11/14/2023,281,Wallet,Delivered
O035174,CUST035175,R035174,11/22/2019,210,COD,Delivered
O035175,CUST035176,R035175,6/26/2024,611,Card,Delivered
O035176,CUST035177,R035176,2/2/2021,276,UPI,Delivered
O035177,CUST035178,R035177,10/25/2023,527,UPI,Delivered
O035178,CUST035179,R035178,11/1/2020,1332,Card,Delivered
O035179,CUST035180,R035179,11/22/2020,223,Wallet,Delivered
O035180,CUST035181,R035180,7/6/2019,1719,COD,Cancelled
O035181,CUST035182,R035181,8/6/2023,922,COD,Delivered
O035182,CUST035183,R035182,6/6/2020,856,UPI,Delivered
O035183,CUST035184,R035183,5/2/2023,1301,Wallet,Delivered
O035184,CUST035185,R035184,1/8/2025,984,Wallet,Cancelled
O035185,CUST035186,R035185,6/14/2024,1740,Wallet,Delivered
O035186,CUST035187,R035186,7/8/2025,910,Wallet,Delivered
O035187,CUST035188,R035187,6/17/2019,1902,Card,Delivered
O035188,CUST035189,R035188,9/21/2019,1282,UPI,Delivered
O035189,CUST035190,R035189,4/12/2023,1794,UPI,Delivered
O035190,CUST035191,R035190,11/22/2025,144,Card,Delivered
O035191,CUST035192,R035191,11/23/2020,1961,Wallet,Delivered
O035192,CUST035193,R035192,2/17/2022,1778,Wallet,Delivered
O035193,CUST035194,R035193,11/28/2023,918,Wallet,Delivered
O035194,CUST035195,R035194,2/15/2023,1141,Wallet,Delivered
O035195,CUST035196,R035195,7/13/2022,900,COD,Delivered
O035196,CUST035197,R035196,10/2/2021,821,UPI,Delivered
O035197,CUST035198,R035197,3/9/2024,1072,UPI,Delivered
O035198,CUST035199,R035198,11/15/2022,896,Wallet,Delivered
O035199,CUST035200,R035199,5/26/2019,954,Wallet,Delivered
O035200,CUST035201,R035200,10/18/2024,1945,UPI,Delivered
O035201,CUST035202,R035201,7/14/2019,1817,UPI,Cancelled
O035202,CUST035203,R035202,3/13/2021,1882,UPI,Delivered
O035203,CUST035204,R035203,7/22/2021,1374,Card,Delivered
O035204,CUST035205,R035204,1/11/2023,103,UPI,Delivered
O035205,CUST035206,R035205,8/25/2022,1996,UPI,Delivered
O035206,CUST035207,R035206,8/16/2019,535,COD,Delivered
O035207,CUST035208,R035207,5/16/2019,801,COD,Delivered
O035208,CUST035209,R035208,7/10/2024,1533,Card,Delivered
O035209,CUST035210,R035209,11/12/2023,438,COD,Delivered
O035210,CUST035211,R035210,4/6/2019,689,Card,Delivered
O035211,CUST035212,R035211,3/24/2020,1047,Wallet,Delivered
O035212,CUST035213,R035212,1/21/2021,613,COD,Delivered
O035213,CUST035214,R035213,7/12/2022,673,Wallet,Delivered
O035214,CUST035215,R035214,1/23/2019,911,Card,Delivered
O035215,CUST035216,R035215,9/14/2021,1498,COD,Delivered
O035216,CUST035217,R035216,8/4/2021,1033,UPI,Delivered
O035217,CUST035218,R035217,10/8/2020,1621,UPI,Delivered
O035218,CUST035219,R035218,4/19/2023,724,UPI,Delivered
O035219,CUST035220,R035219,6/3/2025,151,Card,Delivered
O035220,CUST035221,R035220,1/10/2021,417,UPI,Delivered
O035221,CUST035222,R035221,4/20/2019,1685,UPI,Delivered
O035222,CUST035223,R035222,7/6/2025,1956,Card,Delivered
O035223,CUST035224,R035223,3/28/2025,1491,UPI,Delivered
O035224,CUST035225,R035224,11/19/2022,657,Wallet,Delivered
O035225,CUST035226,R035225,7/23/2025,404,Wallet,Cancelled
O035226,CUST035227,R035226,8/22/2023,333,COD,Delivered
O035227,CUST035228,R035227,1/17/2019,528,COD,Delivered
O035228,CUST035229,R035228,10/11/2023,1698,UPI,Cancelled
O035229,CUST035230,R035229,7/27/2023,222,Wallet,Delivered
O035230,CUST035231,R035230,4/25/2019,853,UPI,Delivered
O035231,CUST035232,R035231,6/22/2019,384,COD,Delivered
O035232,CUST035233,R035232,5/19/2024,717,Card,Delivered
O035233,CUST035234,R035233,9/27/2022,617,COD,Delivered
O035234,CUST035235,R035234,4/8/2025,1048,UPI,Delivered
O035235,CUST035236,R035235,11/1/2021,1188,Card,Delivered
O035236,CUST035237,R035236,1/3/2023,679,COD,Delivered
O035237,CUST035238,R035237,5/27/2023,1747,UPI,Delivered
O035238,CUST035239,R035238,6/11/2024,605,COD,Delivered
O035239,CUST035240,R035239,4/13/2020,1423,Card,Delivered
O035240,CUST035241,R035240,7/6/2025,1665,Wallet,Delivered
O035241,CUST035242,R035241,3/14/2022,1980,Wallet,Delivered
O035242,CUST035243,R035242,6/15/2022,1740,UPI,Delivered
O035243,CUST035244,R035243,4/19/2025,1656,Wallet,Cancelled
O035244,CUST035245,R035244,9/17/2020,1900,Wallet,Delivered
O035245,CUST035246,R035245,4/21/2023,377,Card,Delivered
O035246,CUST035247,R035246,7/10/2022,235,Card,Delivered
O035247,CUST035248,R035247,4/2/2025,665,Card,Delivered
O035248,CUST035249,R035248,12/26/2023,1816,Card,Delivered
O035249,CUST035250,R035249,12/26/2019,339,COD,Delivered
O035250,CUST035251,R035250,1/21/2024,518,Wallet,Delivered
O035251,CUST035252,R035251,4/20/2022,713,Card,Delivered
O035252,CUST035253,R035252,12/7/2021,1213,COD,Delivered
O035253,CUST035254,R035253,11/28/2021,393,Wallet,Delivered
O035254,CUST035255,R035254,6/9/2024,1641,Wallet,Delivered
O035255,CUST035256,R035255,10/8/2021,467,UPI,Delivered
O035256,CUST035257,R035256,10/28/2019,1266,Wallet,Delivered
O035257,CUST035258,R035257,5/14/2024,1517,UPI,Delivered
O035258,CUST035259,R035258,12/16/2025,1006,Wallet,Delivered
O035259,CUST035260,R035259,2/5/2022,1795,Card,Delivered
O035260,CUST035261,R035260,12/24/2020,1292,Card,Cancelled
O035261,CUST035262,R035261,8/7/2023,197,Card,Delivered
O035262,CUST035263,R035262,8/21/2021,1857,UPI,Delivered
O035263,CUST035264,R035263,8/16/2024,1940,Wallet,Delivered
O035264,CUST035265,R035264,4/17/2024,800,COD,Delivered
O035265,CUST035266,R035265,7/15/2021,368,Wallet,Delivered
O035266,CUST035267,R035266,6/18/2025,438,Wallet,Delivered
O035267,CUST035268,R035267,3/10/2020,1685,COD,Cancelled
O035268,CUST035269,R035268,10/10/2019,554,UPI,Delivered
O035269,CUST035270,R035269,10/1/2025,1354,Wallet,Delivered
O035270,CUST035271,R035270,10/15/2022,847,UPI,Delivered
O035271,CUST035272,R035271,6/3/2019,939,Wallet,Delivered
O035272,CUST035273,R035272,6/6/2020,118,Wallet,Cancelled
O035273,CUST035274,R035273,5/12/2025,1380,Card,Delivered
O035274,CUST035275,R035274,1/8/2021,241,Card,Cancelled
O035275,CUST035276,R035275,2/2/2024,1012,Wallet,Delivered
O035276,CUST035277,R035276,10/4/2021,1556,Card,Delivered
O035277,CUST035278,R035277,5/18/2019,416,UPI,Delivered
O035278,CUST035279,R035278,7/25/2022,1930,COD,Cancelled
O035279,CUST035280,R035279,6/13/2025,228,COD,Delivered
O035280,CUST035281,R035280,10/4/2022,412,Card,Delivered
O035281,CUST035282,R035281,12/19/2021,139,Wallet,Delivered
O035282,CUST035283,R035282,1/24/2020,971,UPI,Delivered
O035283,CUST035284,R035283,7/24/2020,507,Wallet,Delivered
O035284,CUST035285,R035284,6/28/2021,554,Wallet,Delivered
O035285,CUST035286,R035285,5/8/2024,746,COD,Delivered
O035286,CUST035287,R035286,11/27/2019,997,UPI,Delivered
O035287,CUST035288,R035287,7/3/2021,1802,Wallet,Delivered
O035288,CUST035289,R035288,7/11/2024,666,Wallet,Delivered
O035289,CUST035290,R035289,2/26/2024,1172,UPI,Delivered
O035290,CUST035291,R035290,1/13/2021,1219,Wallet,Delivered
O035291,CUST035292,R035291,7/19/2021,136,Card,Delivered
O035292,CUST035293,R035292,9/8/2019,1789,Wallet,Delivered
O035293,CUST035294,R035293,12/16/2022,1929,UPI,Cancelled
O035294,CUST035295,R035294,8/13/2023,1657,COD,Cancelled
O035295,CUST035296,R035295,12/28/2020,1599,UPI,Delivered
O035296,CUST035297,R035296,10/19/2022,122,COD,Delivered
O035297,CUST035298,R035297,5/23/2025,214,UPI,Delivered
O035298,CUST035299,R035298,10/17/2024,123,Card,Delivered
O035299,CUST035300,R035299,9/18/2021,1752,Card,Delivered
O035300,CUST035301,R035300,2/22/2025,289,Card,Delivered
O035301,CUST035302,R035301,5/3/2023,708,Card,Delivered
O035302,CUST035303,R035302,12/20/2021,593,Card,Delivered
O035303,CUST035304,R035303,9/18/2021,596,COD,Delivered
O035304,CUST035305,R035304,11/2/2025,1419,COD,Delivered
O035305,CUST035306,R035305,5/6/2019,276,COD,Delivered
O035306,CUST035307,R035306,1/8/2019,1350,Wallet,Delivered
O035307,CUST035308,R035307,6/4/2025,1033,Wallet,Delivered
O035308,CUST035309,R035308,4/6/2023,1150,COD,Delivered
O035309,CUST035310,R035309,5/10/2023,1400,UPI,Delivered
O035310,CUST035311,R035310,11/14/2022,778,Wallet,Delivered
O035311,CUST035312,R035311,3/8/2019,211,UPI,Delivered
O035312,CUST035313,R035312,5/12/2023,1367,UPI,Delivered
O035313,CUST035314,R035313,8/6/2020,1807,Card,Delivered
O035314,CUST035315,R035314,1/25/2025,325,Wallet,Delivered
O035315,CUST035316,R035315,5/25/2024,1222,UPI,Cancelled
O035316,CUST035317,R035316,12/13/2023,255,Card,Delivered
O035317,CUST035318,R035317,3/24/2022,512,COD,Delivered
O035318,CUST035319,R035318,11/15/2019,1794,COD,Delivered
O035319,CUST035320,R035319,1/2/2019,1141,UPI,Delivered
O035320,CUST035321,R035320,9/27/2020,1699,COD,Delivered
O035321,CUST035322,R035321,8/28/2020,1301,COD,Delivered
O035322,CUST035323,R035322,11/24/2025,128,Wallet,Delivered
O035323,CUST035324,R035323,9/23/2020,394,Wallet,Delivered
O035324,CUST035325,R035324,4/5/2021,1727,COD,Delivered
O035325,CUST035326,R035325,5/15/2025,138,COD,Delivered
O035326,CUST035327,R035326,4/28/2022,1598,UPI,Cancelled
O035327,CUST035328,R035327,1/19/2025,954,Wallet,Cancelled
O035328,CUST035329,R035328,11/6/2024,1012,UPI,Delivered
O035329,CUST035330,R035329,4/8/2020,1773,Wallet,Delivered
O035330,CUST035331,R035330,6/19/2024,1184,COD,Delivered
O035331,CUST035332,R035331,3/12/2019,1902,COD,Delivered
O035332,CUST035333,R035332,9/24/2021,295,Card,Delivered
O035333,CUST035334,R035333,3/11/2022,1743,COD,Delivered
O035334,CUST035335,R035334,7/1/2024,1346,UPI,Delivered
O035335,CUST035336,R035335,9/5/2021,216,Wallet,Delivered
O035336,CUST035337,R035336,1/24/2025,443,Wallet,Delivered
O035337,CUST035338,R035337,4/6/2021,1057,Wallet,Delivered
O035338,CUST035339,R035338,7/2/2022,183,COD,Delivered
O035339,CUST035340,R035339,7/1/2025,1686,COD,Delivered
O035340,CUST035341,R035340,3/12/2022,1041,Wallet,Delivered
O035341,CUST035342,R035341,4/7/2025,1547,UPI,Delivered
O035342,CUST035343,R035342,12/11/2025,928,Wallet,Delivered
O035343,CUST035344,R035343,12/7/2025,1228,UPI,Delivered
O035344,CUST035345,R035344,3/13/2024,1989,Wallet,Delivered
O035345,CUST035346,R035345,7/12/2019,1812,UPI,Delivered
O035346,CUST035347,R035346,7/12/2020,1535,Card,Delivered
O035347,CUST035348,R035347,7/24/2024,1974,UPI,Delivered
O035348,CUST035349,R035348,3/14/2021,1209,COD,Delivered
O035349,CUST035350,R035349,12/19/2022,103,UPI,Cancelled
O035350,CUST035351,R035350,10/15/2021,674,COD,Delivered
O035351,CUST035352,R035351,11/27/2022,227,Card,Cancelled
O035352,CUST035353,R035352,3/24/2020,407,COD,Cancelled
O035353,CUST035354,R035353,12/22/2024,657,Wallet,Delivered
O035354,CUST035355,R035354,7/2/2020,1208,Card,Delivered
O035355,CUST035356,R035355,10/20/2023,719,COD,Delivered
O035356,CUST035357,R035356,8/1/2020,844,UPI,Delivered
O035357,CUST035358,R035357,2/8/2019,890,Wallet,Delivered
O035358,CUST035359,R035358,4/14/2021,1473,Wallet,Delivered
O035359,CUST035360,R035359,7/6/2020,1195,Wallet,Delivered
O035360,CUST035361,R035360,5/8/2025,1590,Wallet,Delivered
O035361,CUST035362,R035361,7/8/2025,1317,UPI,Delivered
O035362,CUST035363,R035362,1/16/2024,732,Wallet,Delivered
O035363,CUST035364,R035363,5/10/2021,334,COD,Delivered
O035364,CUST035365,R035364,7/21/2024,1918,Wallet,Delivered
O035365,CUST035366,R035365,5/5/2022,1924,UPI,Delivered
O035366,CUST035367,R035366,8/17/2019,1652,Wallet,Delivered
O035367,CUST035368,R035367,7/24/2020,1408,Card,Delivered
O035368,CUST035369,R035368,6/21/2024,1857,UPI,Cancelled
O035369,CUST035370,R035369,8/20/2021,1934,UPI,Delivered
O035370,CUST035371,R035370,11/11/2023,1981,COD,Cancelled
O035371,CUST035372,R035371,6/22/2025,1153,UPI,Delivered
O035372,CUST035373,R035372,2/23/2019,1395,Card,Cancelled
O035373,CUST035374,R035373,1/24/2020,822,COD,Delivered
O035374,CUST035375,R035374,6/24/2023,506,Card,Delivered
O035375,CUST035376,R035375,2/19/2019,1996,COD,Delivered
O035376,CUST035377,R035376,4/26/2020,1423,COD,Delivered
O035377,CUST035378,R035377,10/10/2024,261,COD,Delivered
O035378,CUST035379,R035378,3/3/2021,1157,Wallet,Delivered
O035379,CUST035380,R035379,11/5/2023,841,Card,Delivered
O035380,CUST035381,R035380,9/2/2024,1024,UPI,Delivered
O035381,CUST035382,R035381,2/9/2025,1965,COD,Delivered
O035382,CUST035383,R035382,12/15/2023,705,Wallet,Delivered
O035383,CUST035384,R035383,11/5/2023,1597,Card,Delivered
O035384,CUST035385,R035384,2/17/2020,240,Wallet,Delivered
O035385,CUST035386,R035385,4/4/2021,1011,Card,Delivered
O035386,CUST035387,R035386,9/18/2022,613,Wallet,Delivered
O035387,CUST035388,R035387,1/19/2023,1178,UPI,Delivered
O035388,CUST035389,R035388,4/20/2021,1612,Card,Delivered
O035389,CUST035390,R035389,1/13/2022,150,Card,Delivered
O035390,CUST035391,R035390,4/19/2024,1779,COD,Delivered
O035391,CUST035392,R035391,10/26/2021,1201,UPI,Delivered
O035392,CUST035393,R035392,7/27/2025,1512,UPI,Delivered
O035393,CUST035394,R035393,1/24/2021,815,Wallet,Delivered
O035394,CUST035395,R035394,10/4/2020,693,Card,Delivered
O035395,CUST035396,R035395,9/24/2021,496,COD,Delivered
O035396,CUST035397,R035396,2/28/2025,1256,Wallet,Delivered
O035397,CUST035398,R035397,6/11/2024,912,Wallet,Delivered
O035398,CUST035399,R035398,10/8/2023,628,UPI,Delivered
O035399,CUST035400,R035399,9/13/2022,1242,Wallet,Delivered
O035400,CUST035401,R035400,11/3/2024,799,UPI,Delivered
O035401,CUST035402,R035401,3/15/2025,1763,UPI,Delivered
O035402,CUST035403,R035402,9/7/2024,1573,Card,Delivered
O035403,CUST035404,R035403,12/20/2020,1823,COD,Delivered
O035404,CUST035405,R035404,2/26/2019,530,Card,Delivered
O035405,CUST035406,R035405,5/15/2025,1556,Card,Delivered
O035406,CUST035407,R035406,12/25/2019,903,Card,Delivered
O035407,CUST035408,R035407,4/25/2023,737,COD,Delivered
O035408,CUST035409,R035408,6/3/2025,540,Wallet,Delivered
O035409,CUST035410,R035409,7/3/2025,411,Wallet,Delivered
O035410,CUST035411,R035410,3/27/2020,957,COD,Delivered
O035411,CUST035412,R035411,6/9/2019,1207,COD,Delivered
O035412,CUST035413,R035412,11/28/2025,1285,Wallet,Delivered
O035413,CUST035414,R035413,12/4/2023,1018,UPI,Delivered
O035414,CUST035415,R035414,8/16/2023,919,Wallet,Delivered
O035415,CUST035416,R035415,10/23/2025,1233,Card,Delivered
O035416,CUST035417,R035416,12/17/2022,1477,Wallet,Delivered
O035417,CUST035418,R035417,4/8/2021,146,Card,Delivered
O035418,CUST035419,R035418,12/19/2020,1173,UPI,Delivered
O035419,CUST035420,R035419,12/20/2019,1531,Card,Delivered
O035420,CUST035421,R035420,5/7/2023,396,COD,Delivered
O035421,CUST035422,R035421,5/26/2020,647,UPI,Delivered
O035422,CUST035423,R035422,12/12/2025,203,COD,Delivered
O035423,CUST035424,R035423,2/22/2020,573,Card,Cancelled
O035424,CUST035425,R035424,9/4/2021,108,Card,Delivered
O035425,CUST035426,R035425,10/23/2022,945,COD,Delivered
O035426,CUST035427,R035426,8/26/2025,635,Card,Delivered
O035427,CUST035428,R035427,10/28/2021,535,Wallet,Cancelled
O035428,CUST035429,R035428,12/25/2020,848,Wallet,Delivered
O035429,CUST035430,R035429,12/12/2019,204,COD,Delivered
O035430,CUST035431,R035430,12/2/2023,1708,UPI,Delivered
O035431,CUST035432,R035431,12/14/2020,1647,Card,Delivered
O035432,CUST035433,R035432,6/1/2019,1153,UPI,Delivered
O035433,CUST035434,R035433,9/1/2020,1390,Wallet,Delivered
O035434,CUST035435,R035434,8/21/2022,1320,COD,Delivered
O035435,CUST035436,R035435,12/7/2025,1720,Wallet,Delivered
O035436,CUST035437,R035436,3/19/2022,1284,Card,Delivered
O035437,CUST035438,R035437,4/13/2025,820,UPI,Delivered
O035438,CUST035439,R035438,5/5/2021,1657,COD,Delivered
O035439,CUST035440,R035439,9/9/2022,501,Wallet,Delivered
O035440,CUST035441,R035440,12/10/2020,1420,Card,Delivered
O035441,CUST035442,R035441,11/7/2021,150,COD,Delivered
O035442,CUST035443,R035442,12/9/2023,1091,UPI,Delivered
O035443,CUST035444,R035443,1/13/2020,518,UPI,Delivered
O035444,CUST035445,R035444,9/25/2019,1512,Wallet,Delivered
O035445,CUST035446,R035445,9/14/2020,1864,COD,Delivered
O035446,CUST035447,R035446,11/11/2025,202,Wallet,Delivered
O035447,CUST035448,R035447,5/21/2024,130,COD,Delivered
O035448,CUST035449,R035448,3/24/2023,568,Card,Delivered
O035449,CUST035450,R035449,1/1/2023,1956,UPI,Delivered
O035450,CUST035451,R035450,7/23/2024,437,Wallet,Delivered
O035451,CUST035452,R035451,4/28/2021,1242,Card,Delivered
O035452,CUST035453,R035452,3/19/2022,117,COD,Delivered
O035453,CUST035454,R035453,6/5/2022,1080,COD,Delivered
O035454,CUST035455,R035454,11/4/2023,779,COD,Delivered
O035455,CUST035456,R035455,11/4/2023,707,Wallet,Delivered
O035456,CUST035457,R035456,7/28/2021,1146,Wallet,Delivered
O035457,CUST035458,R035457,11/6/2021,1128,Wallet,Cancelled
O035458,CUST035459,R035458,6/16/2022,1525,Wallet,Delivered
O035459,CUST035460,R035459,11/6/2025,830,Wallet,Delivered
O035460,CUST035461,R035460,1/15/2019,1821,Card,Delivered
O035461,CUST035462,R035461,7/19/2020,1197,UPI,Delivered
O035462,CUST035463,R035462,2/11/2023,1747,Wallet,Delivered
O035463,CUST035464,R035463,1/18/2024,1998,Card,Delivered
O035464,CUST035465,R035464,12/22/2022,1875,Wallet,Delivered
O035465,CUST035466,R035465,11/16/2019,1634,Card,Delivered
O035466,CUST035467,R035466,2/28/2024,1709,Card,Delivered
O035467,CUST035468,R035467,4/14/2021,439,COD,Delivered
O035468,CUST035469,R035468,2/5/2025,367,Card,Delivered
O035469,CUST035470,R035469,4/22/2020,239,Wallet,Delivered
O035470,CUST035471,R035470,7/28/2023,745,Wallet,Delivered
O035471,CUST035472,R035471,6/10/2022,854,Wallet,Delivered
O035472,CUST035473,R035472,12/16/2025,917,Wallet,Delivered
O035473,CUST035474,R035473,1/16/2019,1866,UPI,Delivered
O035474,CUST035475,R035474,9/12/2024,1733,UPI,Delivered
O035475,CUST035476,R035475,10/12/2019,1791,UPI,Delivered
O035476,CUST035477,R035476,10/22/2022,1152,Card,Delivered
O035477,CUST035478,R035477,6/10/2021,1963,UPI,Cancelled
O035478,CUST035479,R035478,10/23/2024,1853,UPI,Delivered
O035479,CUST035480,R035479,8/15/2025,1754,Card,Delivered
O035480,CUST035481,R035480,8/15/2019,652,COD,Delivered
O035481,CUST035482,R035481,9/7/2025,1423,Card,Delivered
O035482,CUST035483,R035482,2/10/2023,328,Wallet,Delivered
O035483,CUST035484,R035483,8/4/2019,790,Card,Delivered
O035484,CUST035485,R035484,8/26/2025,897,Wallet,Delivered
O035485,CUST035486,R035485,11/19/2024,534,COD,Delivered
O035486,CUST035487,R035486,4/11/2021,637,Wallet,Delivered
O035487,CUST035488,R035487,7/21/2023,1393,Card,Delivered
O035488,CUST035489,R035488,7/9/2024,1407,Card,Delivered
O035489,CUST035490,R035489,12/3/2024,943,UPI,Delivered
O035490,CUST035491,R035490,1/5/2022,1580,Wallet,Delivered
O035491,CUST035492,R035491,5/18/2024,624,Wallet,Delivered
O035492,CUST035493,R035492,2/2/2019,1369,Card,Delivered
O035493,CUST035494,R035493,12/9/2023,268,Wallet,Delivered
O035494,CUST035495,R035494,7/18/2025,1531,UPI,Delivered
O035495,CUST035496,R035495,1/4/2023,1845,Card,Delivered
O035496,CUST035497,R035496,11/27/2021,1466,UPI,Delivered
O035497,CUST035498,R035497,12/20/2022,514,Wallet,Delivered
O035498,CUST035499,R035498,2/21/2019,325,Wallet,Cancelled
O035499,CUST035500,R035499,2/20/2019,254,COD,Delivered
O035500,CUST035501,R035500,10/16/2024,485,COD,Delivered
O035501,CUST035502,R035501,11/3/2023,178,Card,Cancelled
O035502,CUST035503,R035502,8/25/2019,560,UPI,Delivered
O035503,CUST035504,R035503,6/2/2022,1196,Card,Delivered
O035504,CUST035505,R035504,10/28/2024,731,Card,Delivered
O035505,CUST035506,R035505,1/25/2023,1029,Card,Delivered
O035506,CUST035507,R035506,8/4/2024,513,COD,Delivered
O035507,CUST035508,R035507,11/6/2022,894,Wallet,Delivered
O035508,CUST035509,R035508,7/28/2022,1033,Card,Delivered
O035509,CUST035510,R035509,4/2/2020,829,COD,Delivered
O035510,CUST035511,R035510,7/9/2021,1648,UPI,Cancelled
O035511,CUST035512,R035511,5/9/2023,525,COD,Delivered
O035512,CUST035513,R035512,6/10/2025,1337,Card,Cancelled
O035513,CUST035514,R035513,5/4/2025,1575,Wallet,Delivered
O035514,CUST035515,R035514,1/9/2020,1759,Wallet,Delivered
O035515,CUST035516,R035515,7/14/2022,1693,UPI,Delivered
O035516,CUST035517,R035516,5/18/2021,1570,Wallet,Cancelled
O035517,CUST035518,R035517,1/16/2023,1821,COD,Delivered
O035518,CUST035519,R035518,7/20/2022,1596,UPI,Cancelled
O035519,CUST035520,R035519,5/7/2020,129,Card,Delivered
O035520,CUST035521,R035520,7/1/2024,553,Card,Delivered
O035521,CUST035522,R035521,4/25/2019,1661,UPI,Delivered
O035522,CUST035523,R035522,12/24/2022,446,COD,Delivered
O035523,CUST035524,R035523,4/24/2020,375,Wallet,Delivered
O035524,CUST035525,R035524,6/18/2023,612,Card,Delivered
O035525,CUST035526,R035525,10/5/2022,997,COD,Cancelled
O035526,CUST035527,R035526,1/26/2020,303,COD,Delivered
O035527,CUST035528,R035527,1/3/2020,1550,Wallet,Delivered
O035528,CUST035529,R035528,8/15/2024,425,Wallet,Delivered
O035529,CUST035530,R035529,2/27/2023,1230,COD,Delivered
O035530,CUST035531,R035530,1/13/2025,1438,Wallet,Delivered
O035531,CUST035532,R035531,7/14/2022,324,COD,Delivered
O035532,CUST035533,R035532,5/4/2022,1646,UPI,Delivered
O035533,CUST035534,R035533,11/24/2023,1181,UPI,Cancelled
O035534,CUST035535,R035534,5/7/2019,1813,UPI,Delivered
O035535,CUST035536,R035535,12/18/2021,1964,Wallet,Delivered
O035536,CUST035537,R035536,12/18/2022,1368,COD,Delivered
O035537,CUST035538,R035537,10/13/2019,228,Card,Delivered
O035538,CUST035539,R035538,7/7/2024,1800,COD,Delivered
O035539,CUST035540,R035539,3/10/2025,1864,Wallet,Delivered
O035540,CUST035541,R035540,9/26/2022,1594,COD,Delivered
O035541,CUST035542,R035541,10/1/2020,469,Wallet,Delivered
O035542,CUST035543,R035542,7/28/2021,1275,Wallet,Delivered
O035543,CUST035544,R035543,5/14/2021,636,Wallet,Delivered
O035544,CUST035545,R035544,9/2/2025,896,Wallet,Delivered
O035545,CUST035546,R035545,5/5/2021,1864,COD,Cancelled
O035546,CUST035547,R035546,1/11/2019,1226,UPI,Delivered
O035547,CUST035548,R035547,1/7/2022,131,Card,Cancelled
O035548,CUST035549,R035548,6/27/2020,1162,Wallet,Delivered
O035549,CUST035550,R035549,5/6/2019,1413,COD,Delivered
O035550,CUST035551,R035550,7/16/2025,273,UPI,Delivered
O035551,CUST035552,R035551,1/23/2025,1844,COD,Delivered
O035552,CUST035553,R035552,3/11/2023,1907,COD,Delivered
O035553,CUST035554,R035553,4/27/2022,365,Card,Delivered
O035554,CUST035555,R035554,12/17/2023,1955,Wallet,Delivered
O035555,CUST035556,R035555,6/23/2021,891,UPI,Delivered
O035556,CUST035557,R035556,10/23/2022,426,COD,Delivered
O035557,CUST035558,R035557,8/25/2022,513,Wallet,Delivered
O035558,CUST035559,R035558,8/6/2023,636,COD,Delivered
O035559,CUST035560,R035559,11/26/2025,843,UPI,Delivered
O035560,CUST035561,R035560,9/2/2024,1653,Wallet,Delivered
O035561,CUST035562,R035561,12/11/2022,778,COD,Delivered
O035562,CUST035563,R035562,8/1/2020,1073,UPI,Delivered
O035563,CUST035564,R035563,7/10/2024,1076,Wallet,Delivered
O035564,CUST035565,R035564,9/17/2020,1887,Card,Delivered
O035565,CUST035566,R035565,12/6/2022,1698,Wallet,Delivered
O035566,CUST035567,R035566,10/8/2022,1883,UPI,Cancelled
O035567,CUST035568,R035567,7/12/2023,1615,UPI,Delivered
O035568,CUST035569,R035568,12/26/2023,1519,Wallet,Delivered
O035569,CUST035570,R035569,2/18/2025,1944,COD,Delivered
O035570,CUST035571,R035570,8/22/2024,130,UPI,Delivered
O035571,CUST035572,R035571,12/16/2022,252,Card,Delivered
O035572,CUST035573,R035572,2/21/2020,502,Card,Delivered
O035573,CUST035574,R035573,1/24/2021,380,COD,Delivered
O035574,CUST035575,R035574,8/5/2024,1061,Card,Delivered
O035575,CUST035576,R035575,8/23/2020,450,Card,Delivered
O035576,CUST035577,R035576,7/20/2025,490,COD,Delivered
O035577,CUST035578,R035577,9/28/2019,1308,COD,Delivered
O035578,CUST035579,R035578,12/4/2019,186,COD,Delivered
O035579,CUST035580,R035579,1/2/2024,1259,Wallet,Delivered
O035580,CUST035581,R035580,1/3/2020,991,Wallet,Delivered
O035581,CUST035582,R035581,2/4/2025,939,COD,Delivered
O035582,CUST035583,R035582,9/8/2022,1321,Wallet,Delivered
O035583,CUST035584,R035583,6/13/2019,693,Wallet,Delivered
O035584,CUST035585,R035584,6/7/2019,119,UPI,Delivered
O035585,CUST035586,R035585,4/12/2019,1256,UPI,Delivered
O035586,CUST035587,R035586,12/2/2023,1702,Card,Delivered
O035587,CUST035588,R035587,6/24/2019,437,Wallet,Delivered
O035588,CUST035589,R035588,1/24/2025,1077,UPI,Delivered
O035589,CUST035590,R035589,10/11/2024,106,Card,Delivered
O035590,CUST035591,R035590,12/23/2021,1937,COD,Delivered
O035591,CUST035592,R035591,5/13/2024,1747,COD,Delivered
O035592,CUST035593,R035592,9/24/2019,1055,UPI,Delivered
O035593,CUST035594,R035593,5/25/2024,1619,COD,Delivered
O035594,CUST035595,R035594,10/27/2020,1222,Card,Delivered
O035595,CUST035596,R035595,3/3/2022,1993,COD,Delivered
O035596,CUST035597,R035596,12/22/2019,352,COD,Delivered
O035597,CUST035598,R035597,8/4/2024,1637,Card,Delivered
O035598,CUST035599,R035598,6/13/2021,1885,COD,Delivered
O035599,CUST035600,R035599,4/27/2023,1318,UPI,Delivered
O035600,CUST035601,R035600,9/19/2020,1108,Wallet,Delivered
O035601,CUST035602,R035601,3/5/2020,868,Wallet,Delivered
O035602,CUST035603,R035602,6/5/2025,1624,COD,Delivered
O035603,CUST035604,R035603,12/17/2021,1030,Card,Delivered
O035604,CUST035605,R035604,1/8/2019,1535,Card,Delivered
O035605,CUST035606,R035605,8/19/2023,1727,Wallet,Delivered
O035606,CUST035607,R035606,3/9/2024,1237,Card,Delivered
O035607,CUST035608,R035607,10/21/2020,838,Wallet,Delivered
O035608,CUST035609,R035608,3/24/2023,1603,COD,Delivered
O035609,CUST035610,R035609,11/17/2023,1869,Wallet,Delivered
O035610,CUST035611,R035610,11/27/2019,836,COD,Delivered
O035611,CUST035612,R035611,12/1/2023,1929,COD,Delivered
O035612,CUST035613,R035612,8/28/2021,1536,COD,Delivered
O035613,CUST035614,R035613,2/6/2024,1153,Wallet,Delivered
O035614,CUST035615,R035614,2/6/2025,1448,UPI,Delivered
O035615,CUST035616,R035615,6/9/2021,823,Wallet,Delivered
O035616,CUST035617,R035616,2/5/2024,1073,UPI,Delivered
O035617,CUST035618,R035617,6/11/2019,1579,Wallet,Cancelled
O035618,CUST035619,R035618,10/7/2019,1771,UPI,Delivered
O035619,CUST035620,R035619,6/10/2020,1324,Card,Delivered
O035620,CUST035621,R035620,2/22/2025,1894,UPI,Delivered
O035621,CUST035622,R035621,1/12/2021,1124,Card,Delivered
O035622,CUST035623,R035622,3/18/2021,1914,UPI,Delivered
O035623,CUST035624,R035623,5/15/2020,627,COD,Delivered
O035624,CUST035625,R035624,3/24/2024,184,Card,Cancelled
O035625,CUST035626,R035625,12/22/2025,263,COD,Delivered
O035626,CUST035627,R035626,8/21/2025,770,COD,Delivered
O035627,CUST035628,R035627,2/28/2025,1064,Card,Delivered
O035628,CUST035629,R035628,7/19/2022,439,COD,Delivered
O035629,CUST035630,R035629,6/28/2022,733,Wallet,Delivered
O035630,CUST035631,R035630,2/5/2021,481,Wallet,Delivered
O035631,CUST035632,R035631,4/8/2019,1388,Wallet,Delivered
O035632,CUST035633,R035632,2/4/2022,1114,COD,Delivered
O035633,CUST035634,R035633,11/3/2020,1554,Wallet,Delivered
O035634,CUST035635,R035634,9/6/2023,1276,Wallet,Delivered
O035635,CUST035636,R035635,8/15/2021,641,Wallet,Delivered
O035636,CUST035637,R035636,1/9/2022,243,Card,Cancelled
O035637,CUST035638,R035637,12/21/2021,1702,COD,Delivered
O035638,CUST035639,R035638,1/4/2025,1825,Card,Delivered
O035639,CUST035640,R035639,8/15/2025,1764,UPI,Delivered
O035640,CUST035641,R035640,10/23/2019,1686,Card,Delivered
O035641,CUST035642,R035641,5/20/2019,230,Card,Cancelled
O035642,CUST035643,R035642,2/22/2024,350,UPI,Delivered
O035643,CUST035644,R035643,6/15/2019,141,COD,Delivered
O035644,CUST035645,R035644,10/23/2020,1003,Wallet,Delivered
O035645,CUST035646,R035645,1/27/2024,1315,Card,Delivered
O035646,CUST035647,R035646,3/22/2019,743,COD,Delivered
O035647,CUST035648,R035647,7/23/2020,465,UPI,Delivered
O035648,CUST035649,R035648,5/18/2025,1774,COD,Delivered
O035649,CUST035650,R035649,9/25/2023,1332,COD,Delivered
O035650,CUST035651,R035650,11/9/2020,176,COD,Delivered
O035651,CUST035652,R035651,11/27/2022,1014,Wallet,Delivered
O035652,CUST035653,R035652,2/4/2024,995,COD,Delivered
O035653,CUST035654,R035653,8/28/2019,919,UPI,Delivered
O035654,CUST035655,R035654,5/8/2024,1811,COD,Delivered
O035655,CUST035656,R035655,10/13/2021,551,Wallet,Delivered
O035656,CUST035657,R035656,6/3/2025,1236,Card,Cancelled
O035657,CUST035658,R035657,1/11/2021,1675,Wallet,Delivered
O035658,CUST035659,R035658,11/2/2021,932,UPI,Cancelled
O035659,CUST035660,R035659,3/16/2019,534,Wallet,Delivered
O035660,CUST035661,R035660,3/17/2022,1092,UPI,Delivered
O035661,CUST035662,R035661,7/23/2019,1565,Card,Delivered
O035662,CUST035663,R035662,12/20/2025,104,Card,Delivered
O035663,CUST035664,R035663,9/18/2025,1694,Card,Delivered
O035664,CUST035665,R035664,11/24/2024,1120,Card,Delivered
O035665,CUST035666,R035665,6/26/2021,1624,UPI,Delivered
O035666,CUST035667,R035666,11/23/2020,536,Wallet,Delivered
O035667,CUST035668,R035667,5/3/2024,582,Card,Delivered
O035668,CUST035669,R035668,4/22/2021,341,COD,Delivered
O035669,CUST035670,R035669,10/26/2022,852,COD,Delivered
O035670,CUST035671,R035670,8/6/2023,769,Wallet,Cancelled
O035671,CUST035672,R035671,12/4/2021,592,UPI,Delivered
O035672,CUST035673,R035672,11/11/2021,1199,COD,Delivered
O035673,CUST035674,R035673,10/1/2024,709,Wallet,Cancelled
O035674,CUST035675,R035674,3/17/2021,1673,COD,Delivered
O035675,CUST035676,R035675,10/7/2024,1621,UPI,Delivered
O035676,CUST035677,R035676,12/13/2020,1353,Card,Delivered
O035677,CUST035678,R035677,10/19/2019,1923,Card,Delivered
O035678,CUST035679,R035678,12/8/2021,1241,UPI,Cancelled
O035679,CUST035680,R035679,11/18/2020,754,Card,Delivered
O035680,CUST035681,R035680,6/12/2024,625,COD,Delivered
O035681,CUST035682,R035681,6/3/2021,429,COD,Delivered
O035682,CUST035683,R035682,7/1/2020,1909,Wallet,Delivered
O035683,CUST035684,R035683,2/21/2024,813,COD,Delivered
O035684,CUST035685,R035684,9/7/2019,1063,COD,Delivered
O035685,CUST035686,R035685,4/27/2019,1244,Wallet,Delivered
O035686,CUST035687,R035686,2/2/2022,797,UPI,Delivered
O035687,CUST035688,R035687,11/18/2024,828,Wallet,Delivered
O035688,CUST035689,R035688,12/22/2021,1147,UPI,Delivered
O035689,CUST035690,R035689,12/14/2020,1397,Wallet,Delivered
O035690,CUST035691,R035690,8/7/2022,111,Card,Delivered
O035691,CUST035692,R035691,7/18/2024,1285,UPI,Delivered
O035692,CUST035693,R035692,3/18/2025,1382,Card,Delivered
O035693,CUST035694,R035693,9/5/2019,242,Card,Delivered
O035694,CUST035695,R035694,2/25/2023,537,UPI,Delivered
O035695,CUST035696,R035695,12/11/2025,1569,COD,Delivered
O035696,CUST035697,R035696,10/16/2019,429,Card,Delivered
O035697,CUST035698,R035697,1/2/2023,1865,Card,Delivered
O035698,CUST035699,R035698,12/21/2021,861,COD,Delivered
O035699,CUST035700,R035699,9/25/2022,588,Card,Delivered
O035700,CUST035701,R035700,12/27/2024,487,Wallet,Delivered
O035701,CUST035702,R035701,9/23/2024,763,COD,Delivered
O035702,CUST035703,R035702,1/11/2022,125,COD,Delivered
O035703,CUST035704,R035703,7/1/2022,1628,Card,Delivered
O035704,CUST035705,R035704,10/13/2019,1430,Card,Delivered
O035705,CUST035706,R035705,5/28/2020,1042,UPI,Delivered
O035706,CUST035707,R035706,5/28/2021,1237,Wallet,Delivered
O035707,CUST035708,R035707,1/19/2023,1165,Wallet,Delivered
O035708,CUST035709,R035708,7/5/2020,1359,Card,Delivered
O035709,CUST035710,R035709,4/11/2021,1990,Wallet,Delivered
O035710,CUST035711,R035710,6/11/2023,1482,Card,Delivered
O035711,CUST035712,R035711,4/15/2020,477,Wallet,Delivered
O035712,CUST035713,R035712,4/19/2024,1215,Wallet,Delivered
O035713,CUST035714,R035713,8/24/2021,104,UPI,Delivered
O035714,CUST035715,R035714,12/18/2019,109,COD,Delivered
O035715,CUST035716,R035715,5/8/2024,1011,UPI,Delivered
O035716,CUST035717,R035716,10/12/2021,438,UPI,Delivered
O035717,CUST035718,R035717,8/24/2020,1427,COD,Delivered
O035718,CUST035719,R035718,2/11/2019,1754,Card,Delivered
O035719,CUST035720,R035719,6/11/2024,1992,UPI,Cancelled
O035720,CUST035721,R035720,6/19/2020,1882,Card,Delivered
O035721,CUST035722,R035721,12/23/2021,170,Card,Delivered
O035722,CUST035723,R035722,11/24/2020,1813,UPI,Delivered
O035723,CUST035724,R035723,8/22/2020,337,Wallet,Delivered
O035724,CUST035725,R035724,6/26/2019,342,Card,Delivered
O035725,CUST035726,R035725,6/16/2025,1927,COD,Delivered
O035726,CUST035727,R035726,11/7/2020,990,COD,Delivered
O035727,CUST035728,R035727,6/28/2023,738,Card,Delivered
O035728,CUST035729,R035728,8/3/2019,671,Wallet,Delivered
O035729,CUST035730,R035729,12/26/2024,1066,UPI,Delivered
O035730,CUST035731,R035730,2/5/2020,1044,Wallet,Delivered
O035731,CUST035732,R035731,1/15/2019,1370,Wallet,Delivered
O035732,CUST035733,R035732,2/5/2019,719,COD,Delivered
O035733,CUST035734,R035733,5/14/2024,1542,UPI,Delivered
O035734,CUST035735,R035734,8/17/2023,799,UPI,Delivered
O035735,CUST035736,R035735,9/5/2025,1604,Wallet,Delivered
O035736,CUST035737,R035736,3/16/2022,1848,Card,Delivered
O035737,CUST035738,R035737,5/21/2023,1764,UPI,Delivered
O035738,CUST035739,R035738,9/11/2020,1588,Card,Delivered
O035739,CUST035740,R035739,10/1/2020,1619,Card,Delivered
O035740,CUST035741,R035740,4/12/2023,353,Card,Delivered
O035741,CUST035742,R035741,12/4/2021,287,Card,Delivered
O035742,CUST035743,R035742,3/21/2019,727,Wallet,Delivered
O035743,CUST035744,R035743,2/27/2020,704,COD,Delivered
O035744,CUST035745,R035744,9/9/2021,271,COD,Delivered
O035745,CUST035746,R035745,4/14/2021,335,Card,Delivered
O035746,CUST035747,R035746,1/9/2019,1333,Card,Delivered
O035747,CUST035748,R035747,1/27/2021,950,UPI,Delivered
O035748,CUST035749,R035748,5/27/2020,1647,Wallet,Cancelled
O035749,CUST035750,R035749,12/13/2019,1003,Card,Delivered
O035750,CUST035751,R035750,7/8/2019,1809,UPI,Delivered
O035751,CUST035752,R035751,4/22/2023,1632,Wallet,Delivered
O035752,CUST035753,R035752,8/17/2023,1711,Card,Cancelled
O035753,CUST035754,R035753,4/13/2023,572,COD,Delivered
O035754,CUST035755,R035754,4/4/2019,1344,Card,Delivered
O035755,CUST035756,R035755,9/9/2021,248,Wallet,Delivered
O035756,CUST035757,R035756,1/28/2025,747,UPI,Delivered
O035757,CUST035758,R035757,7/25/2021,850,COD,Delivered
O035758,CUST035759,R035758,1/18/2019,380,COD,Delivered
O035759,CUST035760,R035759,9/9/2022,488,COD,Delivered
O035760,CUST035761,R035760,3/20/2025,993,UPI,Delivered
O035761,CUST035762,R035761,6/8/2020,1307,Card,Delivered
O035762,CUST035763,R035762,2/1/2022,664,UPI,Delivered
O035763,CUST035764,R035763,7/3/2019,1425,Wallet,Delivered
O035764,CUST035765,R035764,12/16/2025,533,Wallet,Delivered
O035765,CUST035766,R035765,12/12/2020,1328,Card,Delivered
O035766,CUST035767,R035766,8/8/2025,233,Wallet,Delivered
O035767,CUST035768,R035767,6/16/2024,1451,UPI,Delivered
O035768,CUST035769,R035768,4/3/2022,1759,Card,Delivered
O035769,CUST035770,R035769,10/25/2022,1376,UPI,Delivered
O035770,CUST035771,R035770,3/20/2023,467,Wallet,Delivered
O035771,CUST035772,R035771,2/20/2020,1941,Wallet,Delivered
O035772,CUST035773,R035772,3/18/2022,104,Card,Delivered
O035773,CUST035774,R035773,2/14/2020,1987,COD,Delivered
O035774,CUST035775,R035774,2/2/2022,1936,UPI,Delivered
O035775,CUST035776,R035775,9/24/2022,454,Wallet,Delivered
O035776,CUST035777,R035776,8/27/2021,1085,Card,Delivered
O035777,CUST035778,R035777,1/25/2020,832,COD,Delivered
O035778,CUST035779,R035778,6/26/2021,945,COD,Delivered
O035779,CUST035780,R035779,7/2/2025,861,Wallet,Delivered
O035780,CUST035781,R035780,9/11/2019,1110,UPI,Delivered
O035781,CUST035782,R035781,2/4/2019,1419,Card,Delivered
O035782,CUST035783,R035782,4/7/2022,1167,COD,Delivered
O035783,CUST035784,R035783,3/14/2023,1557,Wallet,Cancelled
O035784,CUST035785,R035784,10/14/2021,419,Card,Delivered
O035785,CUST035786,R035785,6/7/2023,1237,Wallet,Delivered
O035786,CUST035787,R035786,2/3/2019,1177,UPI,Delivered
O035787,CUST035788,R035787,8/8/2024,1616,Wallet,Cancelled
O035788,CUST035789,R035788,9/12/2021,1543,UPI,Delivered
O035789,CUST035790,R035789,4/16/2024,1285,Wallet,Delivered
O035790,CUST035791,R035790,8/14/2019,1966,COD,Delivered
O035791,CUST035792,R035791,3/22/2025,1511,UPI,Delivered
O035792,CUST035793,R035792,5/5/2022,1950,Card,Delivered
O035793,CUST035794,R035793,5/27/2019,473,Card,Delivered
O035794,CUST035795,R035794,8/21/2025,1620,Card,Delivered
O035795,CUST035796,R035795,7/23/2019,399,Card,Delivered
O035796,CUST035797,R035796,12/22/2021,284,COD,Delivered
O035797,CUST035798,R035797,3/17/2020,527,Card,Delivered
O035798,CUST035799,R035798,6/4/2025,854,Card,Cancelled
O035799,CUST035800,R035799,8/26/2019,1849,COD,Delivered
O035800,CUST035801,R035800,4/2/2019,1270,Wallet,Cancelled
O035801,CUST035802,R035801,7/13/2025,271,Wallet,Delivered
O035802,CUST035803,R035802,9/25/2024,1077,COD,Delivered
O035803,CUST035804,R035803,8/9/2019,1582,Wallet,Delivered
O035804,CUST035805,R035804,6/17/2020,281,Wallet,Delivered
O035805,CUST035806,R035805,8/2/2024,1566,UPI,Delivered
O035806,CUST035807,R035806,1/22/2021,1102,UPI,Delivered
O035807,CUST035808,R035807,11/4/2023,1728,UPI,Delivered
O035808,CUST035809,R035808,10/18/2021,1916,Wallet,Delivered
O035809,CUST035810,R035809,12/17/2025,1845,COD,Delivered
O035810,CUST035811,R035810,11/11/2022,144,Card,Delivered
O035811,CUST035812,R035811,12/6/2025,1657,UPI,Delivered
O035812,CUST035813,R035812,2/7/2019,1464,Card,Delivered
O035813,CUST035814,R035813,3/25/2023,1061,UPI,Delivered
O035814,CUST035815,R035814,1/28/2020,1832,COD,Delivered
O035815,CUST035816,R035815,9/20/2024,693,COD,Delivered
O035816,CUST035817,R035816,8/5/2020,314,Wallet,Delivered
O035817,CUST035818,R035817,8/26/2022,325,COD,Delivered
O035818,CUST035819,R035818,11/25/2019,1655,COD,Cancelled
O035819,CUST035820,R035819,7/9/2023,1147,UPI,Delivered
O035820,CUST035821,R035820,3/5/2021,1946,Card,Delivered
O035821,CUST035822,R035821,4/21/2019,1071,Wallet,Delivered
O035822,CUST035823,R035822,2/5/2021,1366,COD,Delivered
O035823,CUST035824,R035823,2/13/2025,232,Wallet,Delivered
O035824,CUST035825,R035824,2/21/2021,1700,UPI,Delivered
O035825,CUST035826,R035825,7/10/2019,1508,COD,Delivered
O035826,CUST035827,R035826,7/26/2021,216,Card,Delivered
O035827,CUST035828,R035827,2/16/2021,467,COD,Delivered
O035828,CUST035829,R035828,8/21/2022,780,UPI,Delivered
O035829,CUST035830,R035829,7/21/2019,533,COD,Delivered
O035830,CUST035831,R035830,12/27/2020,370,Wallet,Delivered
O035831,CUST035832,R035831,2/5/2022,556,COD,Delivered
O035832,CUST035833,R035832,10/4/2024,800,Wallet,Delivered
O035833,CUST035834,R035833,7/27/2025,1606,COD,Delivered
O035834,CUST035835,R035834,3/5/2019,688,COD,Delivered
O035835,CUST035836,R035835,1/27/2021,983,UPI,Delivered
O035836,CUST035837,R035836,3/10/2020,859,Wallet,Delivered
O035837,CUST035838,R035837,8/16/2023,1851,UPI,Delivered
O035838,CUST035839,R035838,3/4/2021,1300,Wallet,Delivered
O035839,CUST035840,R035839,5/7/2019,1734,UPI,Delivered
O035840,CUST035841,R035840,10/11/2023,1460,UPI,Delivered
O035841,CUST035842,R035841,7/23/2019,1408,Wallet,Delivered
O035842,CUST035843,R035842,10/16/2021,193,Card,Delivered
O035843,CUST035844,R035843,5/23/2020,1887,UPI,Cancelled
O035844,CUST035845,R035844,7/14/2022,172,Card,Delivered
O035845,CUST035846,R035845,12/19/2021,417,Card,Delivered
O035846,CUST035847,R035846,10/22/2019,334,COD,Cancelled
O035847,CUST035848,R035847,9/28/2019,839,Card,Delivered
O035848,CUST035849,R035848,9/22/2023,604,Card,Delivered
O035849,CUST035850,R035849,5/19/2022,650,COD,Delivered
O035850,CUST035851,R035850,4/11/2025,1468,Card,Delivered
O035851,CUST035852,R035851,4/7/2021,1972,COD,Cancelled
O035852,CUST035853,R035852,5/4/2021,1153,Wallet,Delivered
O035853,CUST035854,R035853,7/5/2021,837,COD,Delivered
O035854,CUST035855,R035854,3/3/2021,786,COD,Delivered
O035855,CUST035856,R035855,8/7/2023,1471,Wallet,Delivered
O035856,CUST035857,R035856,6/15/2024,418,Wallet,Delivered
O035857,CUST035858,R035857,10/5/2021,1877,UPI,Delivered
O035858,CUST035859,R035858,6/10/2025,1172,Wallet,Delivered
O035859,CUST035860,R035859,6/28/2020,1611,Card,Delivered
O035860,CUST035861,R035860,4/18/2023,390,COD,Delivered
O035861,CUST035862,R035861,12/19/2022,1036,UPI,Delivered
O035862,CUST035863,R035862,11/10/2019,1928,Card,Delivered
O035863,CUST035864,R035863,12/22/2020,1857,Card,Delivered
O035864,CUST035865,R035864,8/12/2023,1342,Card,Delivered
O035865,CUST035866,R035865,3/23/2020,770,UPI,Delivered
O035866,CUST035867,R035866,8/24/2025,1509,COD,Delivered
O035867,CUST035868,R035867,3/25/2021,1067,Card,Delivered
O035868,CUST035869,R035868,4/1/2024,198,COD,Delivered
O035869,CUST035870,R035869,3/24/2024,208,COD,Delivered
O035870,CUST035871,R035870,1/28/2023,1538,Card,Delivered
O035871,CUST035872,R035871,12/11/2025,1844,Wallet,Delivered
O035872,CUST035873,R035872,6/25/2022,1227,UPI,Delivered
O035873,CUST035874,R035873,8/13/2020,1018,Wallet,Delivered
O035874,CUST035875,R035874,10/3/2022,653,Wallet,Delivered
O035875,CUST035876,R035875,6/5/2019,1588,COD,Delivered
O035876,CUST035877,R035876,8/16/2022,950,UPI,Delivered
O035877,CUST035878,R035877,12/7/2020,1450,UPI,Delivered
O035878,CUST035879,R035878,11/18/2022,1573,Wallet,Delivered
O035879,CUST035880,R035879,6/6/2023,1126,Card,Delivered
O035880,CUST035881,R035880,6/20/2023,732,Wallet,Delivered
O035881,CUST035882,R035881,12/23/2021,1715,Card,Delivered
O035882,CUST035883,R035882,11/19/2019,1727,COD,Delivered
O035883,CUST035884,R035883,5/25/2023,265,Card,Delivered
O035884,CUST035885,R035884,1/21/2025,1459,Card,Delivered
O035885,CUST035886,R035885,10/20/2020,887,COD,Delivered
O035886,CUST035887,R035886,1/22/2020,635,Wallet,Delivered
O035887,CUST035888,R035887,10/26/2022,1363,Wallet,Delivered
O035888,CUST035889,R035888,2/27/2021,743,COD,Delivered
O035889,CUST035890,R035889,2/4/2020,1037,UPI,Delivered
O035890,CUST035891,R035890,9/10/2025,1538,Wallet,Delivered
O035891,CUST035892,R035891,5/5/2023,1617,UPI,Cancelled
O035892,CUST035893,R035892,2/9/2021,1169,Card,Delivered
O035893,CUST035894,R035893,6/21/2023,1788,UPI,Delivered
O035894,CUST035895,R035894,9/11/2024,1803,Card,Delivered
O035895,CUST035896,R035895,7/19/2022,1771,UPI,Delivered
O035896,CUST035897,R035896,7/12/2019,477,Card,Delivered
O035897,CUST035898,R035897,1/22/2025,1931,Card,Delivered
O035898,CUST035899,R035898,3/21/2025,217,Card,Delivered
O035899,CUST035900,R035899,5/23/2023,723,COD,Delivered
O035900,CUST035901,R035900,2/26/2020,978,Card,Delivered
O035901,CUST035902,R035901,11/17/2025,359,Card,Delivered
O035902,CUST035903,R035902,9/27/2022,654,COD,Delivered
O035903,CUST035904,R035903,4/5/2025,265,Wallet,Delivered
O035904,CUST035905,R035904,7/7/2025,1276,Wallet,Delivered
O035905,CUST035906,R035905,7/3/2025,960,COD,Delivered
O035906,CUST035907,R035906,12/2/2023,1405,UPI,Delivered
O035907,CUST035908,R035907,9/6/2024,1388,Wallet,Delivered
O035908,CUST035909,R035908,10/14/2024,541,Wallet,Delivered
O035909,CUST035910,R035909,11/7/2023,137,Card,Cancelled
O035910,CUST035911,R035910,2/19/2020,1548,COD,Delivered
O035911,CUST035912,R035911,12/2/2023,1734,Card,Delivered
O035912,CUST035913,R035912,10/10/2025,344,UPI,Delivered
O035913,CUST035914,R035913,1/21/2024,1650,Card,Delivered
O035914,CUST035915,R035914,12/18/2019,151,Card,Delivered
O035915,CUST035916,R035915,9/21/2022,271,Wallet,Delivered
O035916,CUST035917,R035916,9/14/2025,1957,COD,Delivered
O035917,CUST035918,R035917,11/2/2024,1384,UPI,Delivered
O035918,CUST035919,R035918,10/26/2020,1632,Card,Delivered
O035919,CUST035920,R035919,5/27/2023,1022,Wallet,Delivered
O035920,CUST035921,R035920,5/28/2019,1004,UPI,Delivered
O035921,CUST035922,R035921,4/26/2019,157,Card,Cancelled
O035922,CUST035923,R035922,2/2/2025,1227,COD,Delivered
O035923,CUST035924,R035923,5/7/2024,1792,COD,Delivered
O035924,CUST035925,R035924,6/25/2022,922,Wallet,Delivered
O035925,CUST035926,R035925,6/26/2019,910,COD,Delivered
O035926,CUST035927,R035926,11/24/2021,840,UPI,Delivered
O035927,CUST035928,R035927,11/7/2023,1775,Card,Delivered
O035928,CUST035929,R035928,1/12/2020,509,COD,Delivered
O035929,CUST035930,R035929,5/2/2019,1145,Card,Delivered
O035930,CUST035931,R035930,9/10/2022,1585,COD,Delivered
O035931,CUST035932,R035931,11/1/2022,821,UPI,Cancelled
O035932,CUST035933,R035932,11/16/2022,253,Wallet,Delivered
O035933,CUST035934,R035933,7/16/2025,1204,UPI,Delivered
O035934,CUST035935,R035934,10/21/2025,1422,Card,Cancelled
O035935,CUST035936,R035935,5/18/2022,1856,Card,Delivered
O035936,CUST035937,R035936,6/17/2024,1582,Card,Delivered
O035937,CUST035938,R035937,5/20/2019,754,Card,Delivered
O035938,CUST035939,R035938,2/20/2020,1539,UPI,Delivered
O035939,CUST035940,R035939,3/21/2021,456,Wallet,Delivered
O035940,CUST035941,R035940,7/1/2025,502,Card,Delivered
O035941,CUST035942,R035941,10/21/2023,125,Card,Delivered
O035942,CUST035943,R035942,1/25/2021,806,COD,Delivered
O035943,CUST035944,R035943,8/5/2022,678,Wallet,Cancelled
O035944,CUST035945,R035944,1/3/2024,442,Wallet,Delivered
O035945,CUST035946,R035945,3/10/2025,1056,Wallet,Delivered
O035946,CUST035947,R035946,8/26/2025,865,Wallet,Cancelled
O035947,CUST035948,R035947,10/16/2025,1529,COD,Delivered
O035948,CUST035949,R035948,11/4/2023,1471,UPI,Delivered
O035949,CUST035950,R035949,3/11/2023,1199,UPI,Delivered
O035950,CUST035951,R035950,6/17/2021,1383,UPI,Delivered
O035951,CUST035952,R035951,7/2/2019,1199,Wallet,Cancelled
O035952,CUST035953,R035952,11/15/2022,246,UPI,Delivered
O035953,CUST035954,R035953,9/10/2020,118,Card,Delivered
O035954,CUST035955,R035954,11/22/2024,1817,UPI,Delivered
O035955,CUST035956,R035955,8/20/2021,1434,COD,Delivered
O035956,CUST035957,R035956,9/14/2022,765,Wallet,Delivered
O035957,CUST035958,R035957,10/28/2021,978,COD,Delivered
O035958,CUST035959,R035958,5/26/2022,1101,Wallet,Delivered
O035959,CUST035960,R035959,9/1/2021,909,Wallet,Delivered
O035960,CUST035961,R035960,9/17/2023,722,COD,Delivered
O035961,CUST035962,R035961,10/20/2021,1559,UPI,Delivered
O035962,CUST035963,R035962,7/11/2020,1243,Wallet,Delivered
O035963,CUST035964,R035963,12/5/2022,1602,Card,Delivered
O035964,CUST035965,R035964,5/10/2024,1243,Wallet,Delivered
O035965,CUST035966,R035965,1/17/2021,1346,UPI,Delivered
O035966,CUST035967,R035966,11/3/2024,163,Card,Delivered
O035967,CUST035968,R035967,8/23/2020,452,Wallet,Delivered
O035968,CUST035969,R035968,3/10/2024,1478,COD,Delivered
O035969,CUST035970,R035969,10/15/2022,382,Card,Delivered
O035970,CUST035971,R035970,9/1/2019,1650,Card,Delivered
O035971,CUST035972,R035971,5/20/2021,717,COD,Delivered
O035972,CUST035973,R035972,5/24/2023,699,Card,Delivered
O035973,CUST035974,R035973,11/26/2025,338,Wallet,Delivered
O035974,CUST035975,R035974,7/22/2023,653,Card,Delivered
O035975,CUST035976,R035975,2/6/2020,1915,COD,Delivered
O035976,CUST035977,R035976,7/27/2024,1223,Card,Delivered
O035977,CUST035978,R035977,2/7/2021,1286,Card,Delivered
O035978,CUST035979,R035978,7/26/2021,963,UPI,Delivered
O035979,CUST035980,R035979,6/26/2024,1724,COD,Delivered
O035980,CUST035981,R035980,3/17/2022,1123,COD,Delivered
O035981,CUST035982,R035981,12/4/2023,1268,Card,Delivered
O035982,CUST035983,R035982,5/9/2024,1900,COD,Delivered
O035983,CUST035984,R035983,7/10/2024,1441,Card,Delivered
O035984,CUST035985,R035984,2/22/2023,376,UPI,Delivered
O035985,CUST035986,R035985,9/18/2020,1327,UPI,Delivered
O035986,CUST035987,R035986,11/23/2020,1856,COD,Delivered
O035987,CUST035988,R035987,7/17/2023,761,UPI,Delivered
O035988,CUST035989,R035988,1/18/2021,1531,Card,Delivered
O035989,CUST035990,R035989,7/22/2021,883,UPI,Delivered
O035990,CUST035991,R035990,10/1/2022,189,COD,Delivered
O035991,CUST035992,R035991,7/20/2021,1674,Card,Cancelled
O035992,CUST035993,R035992,2/21/2019,1906,UPI,Delivered
O035993,CUST035994,R035993,7/15/2021,1835,Card,Delivered
O035994,CUST035995,R035994,7/25/2024,123,UPI,Delivered
O035995,CUST035996,R035995,4/22/2021,1722,UPI,Delivered
O035996,CUST035997,R035996,9/21/2023,251,Wallet,Delivered
O035997,CUST035998,R035997,6/25/2022,199,Card,Cancelled
O035998,CUST035999,R035998,4/16/2024,182,COD,Delivered
O035999,CUST036000,R035999,6/6/2024,711,Card,Delivered
O036000,CUST036001,R036000,9/27/2022,583,Card,Delivered
O036001,CUST036002,R036001,11/1/2021,516,Wallet,Delivered
O036002,CUST036003,R036002,9/4/2020,706,Wallet,Delivered
O036003,CUST036004,R036003,9/27/2025,944,COD,Delivered
O036004,CUST036005,R036004,8/13/2020,1290,Wallet,Cancelled
O036005,CUST036006,R036005,12/3/2020,633,COD,Delivered
O036006,CUST036007,R036006,7/12/2023,1452,UPI,Delivered
O036007,CUST036008,R036007,7/19/2024,752,UPI,Delivered
O036008,CUST036009,R036008,5/4/2021,1387,Wallet,Delivered
O036009,CUST036010,R036009,1/15/2020,1768,UPI,Delivered
O036010,CUST036011,R036010,2/19/2024,1685,UPI,Delivered
O036011,CUST036012,R036011,4/10/2024,1700,Card,Delivered
O036012,CUST036013,R036012,9/1/2019,1513,Card,Delivered
O036013,CUST036014,R036013,11/9/2019,243,Card,Delivered
O036014,CUST036015,R036014,1/2/2023,133,UPI,Delivered
O036015,CUST036016,R036015,7/19/2019,323,Wallet,Delivered
O036016,CUST036017,R036016,5/22/2020,560,COD,Delivered
O036017,CUST036018,R036017,7/8/2024,1962,COD,Delivered
O036018,CUST036019,R036018,6/12/2020,294,Card,Delivered
O036019,CUST036020,R036019,7/6/2023,1243,Card,Cancelled
O036020,CUST036021,R036020,12/1/2024,858,Wallet,Delivered
O036021,CUST036022,R036021,9/27/2025,1178,COD,Delivered
O036022,CUST036023,R036022,4/10/2022,540,UPI,Delivered
O036023,CUST036024,R036023,11/1/2022,1301,Card,Delivered
O036024,CUST036025,R036024,10/14/2019,1310,Wallet,Delivered
O036025,CUST036026,R036025,10/10/2021,1129,Card,Cancelled
O036026,CUST036027,R036026,11/6/2021,287,Card,Delivered
O036027,CUST036028,R036027,4/4/2019,1233,Card,Delivered
O036028,CUST036029,R036028,9/7/2023,1744,Wallet,Delivered
O036029,CUST036030,R036029,12/23/2025,604,UPI,Delivered
O036030,CUST036031,R036030,9/23/2020,708,COD,Delivered
O036031,CUST036032,R036031,9/14/2023,338,Card,Delivered
O036032,CUST036033,R036032,11/7/2021,440,Card,Delivered
O036033,CUST036034,R036033,11/22/2023,903,UPI,Delivered
O036034,CUST036035,R036034,6/6/2023,1223,Card,Delivered
O036035,CUST036036,R036035,2/28/2023,584,UPI,Delivered
O036036,CUST036037,R036036,10/2/2020,1389,UPI,Delivered
O036037,CUST036038,R036037,11/15/2019,508,COD,Delivered
O036038,CUST036039,R036038,3/11/2019,1174,UPI,Delivered
O036039,CUST036040,R036039,8/6/2024,1979,Wallet,Delivered
O036040,CUST036041,R036040,10/13/2020,1345,UPI,Delivered
O036041,CUST036042,R036041,8/2/2020,1404,UPI,Delivered
O036042,CUST036043,R036042,12/19/2020,1233,UPI,Delivered
O036043,CUST036044,R036043,9/18/2020,324,Wallet,Delivered
O036044,CUST036045,R036044,4/18/2025,1855,Wallet,Delivered
O036045,CUST036046,R036045,1/17/2024,1958,Card,Delivered
O036046,CUST036047,R036046,2/17/2025,563,COD,Delivered
O036047,CUST036048,R036047,6/28/2022,1851,UPI,Delivered
O036048,CUST036049,R036048,10/22/2025,374,Wallet,Delivered
O036049,CUST036050,R036049,2/24/2024,1005,Card,Delivered
O036050,CUST036051,R036050,12/25/2019,791,COD,Delivered
O036051,CUST036052,R036051,12/25/2025,834,COD,Delivered
O036052,CUST036053,R036052,3/1/2019,706,COD,Delivered
O036053,CUST036054,R036053,7/10/2023,962,Wallet,Delivered
O036054,CUST036055,R036054,10/3/2022,1021,COD,Delivered
O036055,CUST036056,R036055,5/1/2025,893,Wallet,Delivered
O036056,CUST036057,R036056,5/12/2022,1879,UPI,Delivered
O036057,CUST036058,R036057,8/12/2022,757,COD,Delivered
O036058,CUST036059,R036058,9/11/2019,1575,UPI,Delivered
O036059,CUST036060,R036059,1/11/2025,1557,UPI,Delivered
O036060,CUST036061,R036060,7/10/2023,1574,COD,Delivered
O036061,CUST036062,R036061,9/17/2020,1464,Wallet,Delivered
O036062,CUST036063,R036062,7/15/2023,1206,Wallet,Delivered
O036063,CUST036064,R036063,3/13/2023,1881,Card,Delivered
O036064,CUST036065,R036064,1/21/2024,1034,UPI,Delivered
O036065,CUST036066,R036065,4/4/2025,1839,Card,Delivered
O036066,CUST036067,R036066,6/26/2022,325,UPI,Delivered
O036067,CUST036068,R036067,1/19/2025,1221,UPI,Delivered
O036068,CUST036069,R036068,5/17/2024,255,Card,Delivered
O036069,CUST036070,R036069,8/1/2022,178,COD,Delivered
O036070,CUST036071,R036070,5/15/2019,417,UPI,Delivered
O036071,CUST036072,R036071,5/2/2023,764,UPI,Delivered
O036072,CUST036073,R036072,1/27/2024,1763,COD,Delivered
O036073,CUST036074,R036073,7/1/2023,1190,Wallet,Cancelled
O036074,CUST036075,R036074,9/12/2025,235,Wallet,Delivered
O036075,CUST036076,R036075,4/24/2021,997,COD,Delivered
O036076,CUST036077,R036076,11/7/2025,1496,Wallet,Delivered
O036077,CUST036078,R036077,11/15/2023,127,Wallet,Delivered
O036078,CUST036079,R036078,12/27/2020,1456,UPI,Delivered
O036079,CUST036080,R036079,1/21/2022,997,Wallet,Delivered
O036080,CUST036081,R036080,12/3/2019,1328,UPI,Delivered
O036081,CUST036082,R036081,9/12/2020,1772,Wallet,Delivered
O036082,CUST036083,R036082,2/15/2024,1696,COD,Delivered
O036083,CUST036084,R036083,12/10/2019,1934,Card,Delivered
O036084,CUST036085,R036084,3/4/2025,1435,UPI,Delivered
O036085,CUST036086,R036085,3/8/2019,1379,Card,Delivered
O036086,CUST036087,R036086,3/23/2025,982,UPI,Delivered
O036087,CUST036088,R036087,7/21/2024,1753,COD,Delivered
O036088,CUST036089,R036088,7/19/2023,651,COD,Delivered
O036089,CUST036090,R036089,8/4/2022,267,COD,Delivered
O036090,CUST036091,R036090,4/25/2023,235,Card,Delivered
O036091,CUST036092,R036091,4/24/2020,1072,Card,Delivered
O036092,CUST036093,R036092,7/2/2022,613,Wallet,Delivered
O036093,CUST036094,R036093,6/26/2021,988,Card,Delivered
O036094,CUST036095,R036094,11/13/2022,500,Wallet,Delivered
O036095,CUST036096,R036095,11/25/2022,1217,COD,Delivered
O036096,CUST036097,R036096,8/4/2021,1978,Wallet,Delivered
O036097,CUST036098,R036097,1/20/2023,1653,UPI,Cancelled
O036098,CUST036099,R036098,2/10/2024,1468,Card,Delivered
O036099,CUST036100,R036099,11/24/2021,137,UPI,Delivered
O036100,CUST036101,R036100,9/14/2021,386,COD,Delivered
O036101,CUST036102,R036101,8/20/2023,695,UPI,Delivered
O036102,CUST036103,R036102,5/20/2025,312,COD,Delivered
O036103,CUST036104,R036103,7/26/2019,323,COD,Delivered
O036104,CUST036105,R036104,3/4/2025,407,Card,Delivered
O036105,CUST036106,R036105,7/3/2022,657,Wallet,Delivered
O036106,CUST036107,R036106,10/27/2019,1207,COD,Delivered
O036107,CUST036108,R036107,12/2/2024,588,COD,Delivered
O036108,CUST036109,R036108,3/25/2020,877,Wallet,Delivered
O036109,CUST036110,R036109,6/8/2023,705,COD,Delivered
O036110,CUST036111,R036110,9/14/2025,1953,Wallet,Cancelled
O036111,CUST036112,R036111,7/6/2024,1084,Wallet,Delivered
O036112,CUST036113,R036112,12/5/2021,1697,UPI,Delivered
O036113,CUST036114,R036113,1/8/2025,1380,UPI,Delivered
O036114,CUST036115,R036114,9/20/2024,1324,Wallet,Delivered
O036115,CUST036116,R036115,5/15/2025,103,Card,Delivered
O036116,CUST036117,R036116,3/20/2021,1840,UPI,Cancelled
O036117,CUST036118,R036117,12/13/2020,1968,Card,Cancelled
O036118,CUST036119,R036118,1/17/2024,274,UPI,Delivered
O036119,CUST036120,R036119,10/21/2019,1836,COD,Cancelled
O036120,CUST036121,R036120,12/26/2019,690,Card,Delivered
O036121,CUST036122,R036121,3/20/2024,493,Card,Delivered
O036122,CUST036123,R036122,7/17/2023,366,COD,Delivered
O036123,CUST036124,R036123,8/8/2025,1569,Card,Delivered
O036124,CUST036125,R036124,9/8/2019,1886,COD,Delivered
O036125,CUST036126,R036125,11/28/2024,1313,Wallet,Delivered
O036126,CUST036127,R036126,4/3/2020,1041,UPI,Delivered
O036127,CUST036128,R036127,11/4/2022,984,Wallet,Delivered
O036128,CUST036129,R036128,12/9/2020,1620,COD,Cancelled
O036129,CUST036130,R036129,12/17/2025,567,Wallet,Delivered
O036130,CUST036131,R036130,8/8/2022,1836,UPI,Delivered
O036131,CUST036132,R036131,6/9/2019,706,Wallet,Delivered
O036132,CUST036133,R036132,2/27/2021,1212,UPI,Delivered
O036133,CUST036134,R036133,3/17/2025,241,COD,Delivered
O036134,CUST036135,R036134,3/18/2021,882,UPI,Delivered
O036135,CUST036136,R036135,5/8/2025,1818,UPI,Delivered
O036136,CUST036137,R036136,10/28/2022,105,UPI,Delivered
O036137,CUST036138,R036137,9/14/2023,1262,Card,Delivered
O036138,CUST036139,R036138,10/21/2021,691,UPI,Delivered
O036139,CUST036140,R036139,2/22/2022,1430,Card,Delivered
O036140,CUST036141,R036140,12/24/2019,851,Card,Delivered
O036141,CUST036142,R036141,3/1/2020,151,COD,Delivered
O036142,CUST036143,R036142,4/23/2020,119,COD,Delivered
O036143,CUST036144,R036143,6/27/2024,1452,Card,Delivered
O036144,CUST036145,R036144,8/10/2021,1700,COD,Delivered
O036145,CUST036146,R036145,1/22/2025,872,UPI,Delivered
O036146,CUST036147,R036146,11/12/2019,913,COD,Delivered
O036147,CUST036148,R036147,5/2/2019,499,Wallet,Delivered
O036148,CUST036149,R036148,1/3/2020,1433,COD,Cancelled
O036149,CUST036150,R036149,12/14/2019,1623,UPI,Delivered
O036150,CUST036151,R036150,12/9/2025,1350,UPI,Delivered
O036151,CUST036152,R036151,10/16/2020,1493,Wallet,Cancelled
O036152,CUST036153,R036152,8/3/2022,1040,Card,Delivered
O036153,CUST036154,R036153,4/18/2023,642,Wallet,Delivered
O036154,CUST036155,R036154,9/10/2021,1669,Card,Delivered
O036155,CUST036156,R036155,11/18/2020,1680,Card,Delivered
O036156,CUST036157,R036156,6/24/2019,179,Card,Delivered
O036157,CUST036158,R036157,5/20/2021,1316,UPI,Delivered
O036158,CUST036159,R036158,1/19/2020,489,Card,Delivered
O036159,CUST036160,R036159,3/22/2025,530,COD,Delivered
O036160,CUST036161,R036160,1/24/2021,649,COD,Delivered
O036161,CUST036162,R036161,5/25/2023,161,Card,Delivered
O036162,CUST036163,R036162,5/24/2019,717,Wallet,Cancelled
O036163,CUST036164,R036163,12/3/2025,967,Wallet,Delivered
O036164,CUST036165,R036164,10/26/2021,1580,Wallet,Delivered
O036165,CUST036166,R036165,4/28/2019,1128,Card,Cancelled
O036166,CUST036167,R036166,8/19/2021,1698,UPI,Delivered
O036167,CUST036168,R036167,4/5/2020,1713,Card,Delivered
O036168,CUST036169,R036168,3/19/2025,1728,UPI,Delivered
O036169,CUST036170,R036169,11/12/2024,267,Card,Delivered
O036170,CUST036171,R036170,9/20/2019,1852,UPI,Delivered
O036171,CUST036172,R036171,9/19/2023,1719,Card,Cancelled
O036172,CUST036173,R036172,8/22/2023,573,COD,Delivered
O036173,CUST036174,R036173,2/26/2023,868,Card,Delivered
O036174,CUST036175,R036174,2/13/2020,249,Card,Delivered
O036175,CUST036176,R036175,1/24/2022,761,COD,Delivered
O036176,CUST036177,R036176,8/6/2023,121,Wallet,Cancelled
O036177,CUST036178,R036177,5/5/2021,1197,Wallet,Delivered
O036178,CUST036179,R036178,4/2/2024,745,COD,Delivered
O036179,CUST036180,R036179,6/28/2019,1358,UPI,Delivered
O036180,CUST036181,R036180,11/28/2022,1297,COD,Cancelled
O036181,CUST036182,R036181,7/13/2022,456,Wallet,Delivered
O036182,CUST036183,R036182,7/6/2019,1959,UPI,Delivered
O036183,CUST036184,R036183,4/15/2019,1512,COD,Delivered
O036184,CUST036185,R036184,3/1/2023,1373,UPI,Delivered
O036185,CUST036186,R036185,10/9/2019,189,Wallet,Cancelled
O036186,CUST036187,R036186,9/20/2025,1496,Card,Delivered
O036187,CUST036188,R036187,1/17/2020,1766,Card,Delivered
O036188,CUST036189,R036188,4/19/2024,420,Wallet,Delivered
O036189,CUST036190,R036189,5/16/2023,1813,COD,Delivered
O036190,CUST036191,R036190,1/28/2023,1241,UPI,Delivered
O036191,CUST036192,R036191,3/24/2024,1547,Card,Delivered
O036192,CUST036193,R036192,9/23/2021,974,Wallet,Delivered
O036193,CUST036194,R036193,11/23/2019,957,COD,Delivered
O036194,CUST036195,R036194,5/25/2022,1974,COD,Cancelled
O036195,CUST036196,R036195,7/28/2019,1576,COD,Delivered
O036196,CUST036197,R036196,5/12/2021,239,COD,Delivered
O036197,CUST036198,R036197,9/3/2020,989,Wallet,Delivered
O036198,CUST036199,R036198,6/3/2021,862,COD,Delivered
O036199,CUST036200,R036199,7/1/2023,685,Wallet,Delivered
O036200,CUST036201,R036200,9/12/2022,1625,Card,Delivered
O036201,CUST036202,R036201,12/7/2024,620,COD,Delivered
O036202,CUST036203,R036202,12/4/2022,1046,UPI,Delivered
O036203,CUST036204,R036203,2/8/2019,1442,COD,Delivered
O036204,CUST036205,R036204,1/27/2021,735,UPI,Delivered
O036205,CUST036206,R036205,2/13/2024,163,Wallet,Delivered
O036206,CUST036207,R036206,10/11/2025,1158,UPI,Delivered
O036207,CUST036208,R036207,9/20/2025,1206,UPI,Delivered
O036208,CUST036209,R036208,7/16/2024,1775,Card,Delivered
O036209,CUST036210,R036209,10/15/2020,1503,UPI,Delivered
O036210,CUST036211,R036210,8/19/2025,670,UPI,Delivered
O036211,CUST036212,R036211,4/20/2025,1428,Card,Delivered
O036212,CUST036213,R036212,2/18/2022,344,Wallet,Delivered
O036213,CUST036214,R036213,4/28/2022,353,Card,Delivered
O036214,CUST036215,R036214,11/19/2025,238,Card,Delivered
O036215,CUST036216,R036215,12/27/2022,662,COD,Delivered
O036216,CUST036217,R036216,6/3/2021,1095,Wallet,Delivered
O036217,CUST036218,R036217,11/1/2025,395,Wallet,Delivered
O036218,CUST036219,R036218,10/8/2019,966,COD,Delivered
O036219,CUST036220,R036219,8/20/2023,774,Wallet,Delivered
O036220,CUST036221,R036220,5/14/2020,1487,COD,Cancelled
O036221,CUST036222,R036221,11/26/2025,1435,UPI,Delivered
O036222,CUST036223,R036222,6/10/2022,1120,Wallet,Delivered
O036223,CUST036224,R036223,1/16/2025,1298,Wallet,Delivered
O036224,CUST036225,R036224,10/1/2025,1044,Wallet,Delivered
O036225,CUST036226,R036225,10/15/2019,1862,UPI,Delivered
O036226,CUST036227,R036226,5/10/2023,1914,Card,Delivered
O036227,CUST036228,R036227,5/21/2025,1929,UPI,Delivered
O036228,CUST036229,R036228,7/21/2024,1290,Card,Cancelled
O036229,CUST036230,R036229,7/12/2023,189,COD,Delivered
O036230,CUST036231,R036230,2/24/2020,440,Card,Delivered
O036231,CUST036232,R036231,3/18/2024,626,COD,Delivered
O036232,CUST036233,R036232,8/17/2025,395,Wallet,Delivered
O036233,CUST036234,R036233,9/8/2024,215,COD,Delivered
O036234,CUST036235,R036234,5/13/2019,1480,UPI,Delivered
O036235,CUST036236,R036235,9/11/2025,1207,COD,Delivered
O036236,CUST036237,R036236,3/3/2022,1385,Card,Delivered
O036237,CUST036238,R036237,10/9/2020,1088,Wallet,Delivered
O036238,CUST036239,R036238,3/15/2023,1192,UPI,Delivered
O036239,CUST036240,R036239,1/10/2019,1958,Card,Cancelled
O036240,CUST036241,R036240,4/22/2023,607,COD,Delivered
O036241,CUST036242,R036241,10/11/2022,1334,Card,Delivered
O036242,CUST036243,R036242,12/13/2021,233,Card,Delivered
O036243,CUST036244,R036243,3/27/2023,1496,Card,Delivered
O036244,CUST036245,R036244,7/18/2022,669,COD,Delivered
O036245,CUST036246,R036245,4/18/2025,483,UPI,Delivered
O036246,CUST036247,R036246,11/24/2020,259,COD,Delivered
O036247,CUST036248,R036247,6/20/2022,573,Card,Delivered
O036248,CUST036249,R036248,5/5/2020,1829,Card,Delivered
O036249,CUST036250,R036249,2/26/2025,1176,UPI,Delivered
O036250,CUST036251,R036250,1/4/2022,1240,UPI,Delivered
O036251,CUST036252,R036251,12/25/2022,808,UPI,Delivered
O036252,CUST036253,R036252,7/25/2020,1574,Wallet,Delivered
O036253,CUST036254,R036253,3/17/2025,1235,COD,Delivered
O036254,CUST036255,R036254,1/6/2024,995,Card,Delivered
O036255,CUST036256,R036255,11/7/2021,1794,COD,Delivered
O036256,CUST036257,R036256,8/8/2023,1286,Card,Delivered
O036257,CUST036258,R036257,6/20/2019,286,Wallet,Delivered
O036258,CUST036259,R036258,12/12/2019,1286,UPI,Delivered
O036259,CUST036260,R036259,6/19/2020,1820,COD,Delivered
O036260,CUST036261,R036260,2/14/2024,680,UPI,Delivered
O036261,CUST036262,R036261,12/17/2022,1446,UPI,Delivered
O036262,CUST036263,R036262,10/21/2020,793,COD,Delivered
O036263,CUST036264,R036263,5/1/2022,1868,UPI,Delivered
O036264,CUST036265,R036264,3/20/2023,473,Wallet,Cancelled
O036265,CUST036266,R036265,11/19/2024,667,COD,Delivered
O036266,CUST036267,R036266,8/26/2025,852,COD,Delivered
O036267,CUST036268,R036267,7/8/2024,785,UPI,Cancelled
O036268,CUST036269,R036268,2/2/2023,1616,UPI,Cancelled
O036269,CUST036270,R036269,1/3/2022,140,COD,Delivered
O036270,CUST036271,R036270,6/23/2024,109,Card,Delivered
O036271,CUST036272,R036271,3/10/2022,1998,COD,Delivered
O036272,CUST036273,R036272,1/4/2019,630,Card,Delivered
O036273,CUST036274,R036273,7/25/2024,546,Card,Delivered
O036274,CUST036275,R036274,2/28/2021,301,COD,Delivered
O036275,CUST036276,R036275,4/3/2024,616,Wallet,Delivered
O036276,CUST036277,R036276,5/26/2019,853,COD,Delivered
O036277,CUST036278,R036277,8/9/2024,1185,COD,Cancelled
O036278,CUST036279,R036278,8/2/2023,534,Wallet,Delivered
O036279,CUST036280,R036279,7/11/2022,1564,Wallet,Delivered
O036280,CUST036281,R036280,10/18/2023,602,UPI,Delivered
O036281,CUST036282,R036281,3/2/2022,1233,Wallet,Cancelled
O036282,CUST036283,R036282,3/13/2020,1658,UPI,Delivered
O036283,CUST036284,R036283,1/18/2024,1842,UPI,Delivered
O036284,CUST036285,R036284,11/4/2023,1614,Card,Delivered
O036285,CUST036286,R036285,12/26/2021,1433,UPI,Cancelled
O036286,CUST036287,R036286,1/7/2025,164,Card,Delivered
O036287,CUST036288,R036287,2/1/2020,1993,Wallet,Delivered
O036288,CUST036289,R036288,10/18/2019,275,COD,Delivered
O036289,CUST036290,R036289,9/21/2023,469,COD,Delivered
O036290,CUST036291,R036290,8/6/2019,1814,COD,Delivered
O036291,CUST036292,R036291,6/12/2021,151,COD,Delivered
O036292,CUST036293,R036292,10/6/2024,1223,Card,Cancelled
O036293,CUST036294,R036293,11/28/2025,753,Wallet,Delivered
O036294,CUST036295,R036294,11/25/2024,1024,COD,Delivered
O036295,CUST036296,R036295,3/8/2020,385,Wallet,Delivered
O036296,CUST036297,R036296,6/27/2024,940,UPI,Cancelled
O036297,CUST036298,R036297,5/6/2021,1274,COD,Delivered
O036298,CUST036299,R036298,5/8/2021,1050,UPI,Delivered
O036299,CUST036300,R036299,5/4/2025,1681,UPI,Delivered
O036300,CUST036301,R036300,10/23/2022,719,Wallet,Delivered
O036301,CUST036302,R036301,12/28/2023,1792,COD,Delivered
O036302,CUST036303,R036302,12/16/2024,130,UPI,Delivered
O036303,CUST036304,R036303,6/16/2025,622,COD,Delivered
O036304,CUST036305,R036304,2/6/2023,194,COD,Delivered
O036305,CUST036306,R036305,11/6/2024,552,Card,Delivered
O036306,CUST036307,R036306,11/1/2023,798,UPI,Delivered
O036307,CUST036308,R036307,1/5/2020,1112,UPI,Delivered
O036308,CUST036309,R036308,9/26/2024,429,Wallet,Delivered
O036309,CUST036310,R036309,7/28/2024,984,Wallet,Delivered
O036310,CUST036311,R036310,2/10/2019,429,COD,Delivered
O036311,CUST036312,R036311,9/9/2024,1138,UPI,Delivered
O036312,CUST036313,R036312,9/4/2023,1763,Wallet,Delivered
O036313,CUST036314,R036313,8/11/2020,1255,Wallet,Delivered
O036314,CUST036315,R036314,4/28/2021,1314,UPI,Delivered
O036315,CUST036316,R036315,8/16/2020,1186,Wallet,Delivered
O036316,CUST036317,R036316,5/17/2023,282,COD,Cancelled
O036317,CUST036318,R036317,8/16/2021,1711,Wallet,Delivered
O036318,CUST036319,R036318,4/16/2024,169,UPI,Cancelled
O036319,CUST036320,R036319,9/15/2023,414,Card,Delivered
O036320,CUST036321,R036320,4/28/2022,1739,UPI,Delivered
O036321,CUST036322,R036321,8/21/2020,1990,Wallet,Delivered
O036322,CUST036323,R036322,3/22/2019,601,Card,Delivered
O036323,CUST036324,R036323,11/19/2024,648,Card,Delivered
O036324,CUST036325,R036324,5/3/2019,754,COD,Delivered
O036325,CUST036326,R036325,9/27/2019,664,COD,Cancelled
O036326,CUST036327,R036326,9/8/2022,915,Wallet,Delivered
O036327,CUST036328,R036327,1/5/2023,930,COD,Delivered
O036328,CUST036329,R036328,6/28/2021,807,COD,Delivered
O036329,CUST036330,R036329,9/11/2019,1799,UPI,Delivered
O036330,CUST036331,R036330,11/11/2023,483,COD,Cancelled
O036331,CUST036332,R036331,4/10/2024,1687,UPI,Delivered
O036332,CUST036333,R036332,4/10/2024,1408,Card,Delivered
O036333,CUST036334,R036333,11/9/2019,1847,Wallet,Delivered
O036334,CUST036335,R036334,4/15/2022,1781,UPI,Cancelled
O036335,CUST036336,R036335,10/17/2019,1273,UPI,Delivered
O036336,CUST036337,R036336,7/13/2019,263,Card,Delivered
O036337,CUST036338,R036337,1/25/2023,1382,UPI,Delivered
O036338,CUST036339,R036338,2/9/2019,1754,UPI,Delivered
O036339,CUST036340,R036339,7/24/2019,104,UPI,Delivered
O036340,CUST036341,R036340,8/21/2021,1174,UPI,Delivered
O036341,CUST036342,R036341,2/16/2021,170,Card,Delivered
O036342,CUST036343,R036342,9/27/2025,2000,COD,Delivered
O036343,CUST036344,R036343,12/14/2025,337,Card,Delivered
O036344,CUST036345,R036344,11/27/2023,913,UPI,Delivered
O036345,CUST036346,R036345,12/26/2025,1652,Wallet,Cancelled
O036346,CUST036347,R036346,3/27/2025,1036,COD,Delivered
O036347,CUST036348,R036347,2/11/2019,1982,Wallet,Delivered
O036348,CUST036349,R036348,12/23/2023,461,COD,Delivered
O036349,CUST036350,R036349,5/2/2025,1396,Wallet,Delivered
O036350,CUST036351,R036350,12/13/2022,1949,Wallet,Delivered
O036351,CUST036352,R036351,6/25/2023,1371,UPI,Delivered
O036352,CUST036353,R036352,3/19/2021,906,Wallet,Delivered
O036353,CUST036354,R036353,10/3/2024,1281,Wallet,Cancelled
O036354,CUST036355,R036354,5/11/2023,1732,COD,Delivered
O036355,CUST036356,R036355,7/14/2025,1617,Card,Delivered
O036356,CUST036357,R036356,8/9/2020,1854,Card,Delivered
O036357,CUST036358,R036357,2/3/2020,1541,Wallet,Delivered
O036358,CUST036359,R036358,1/8/2025,1269,Card,Cancelled
O036359,CUST036360,R036359,10/22/2024,696,UPI,Delivered
O036360,CUST036361,R036360,8/20/2019,1603,COD,Delivered
O036361,CUST036362,R036361,4/17/2020,252,COD,Delivered
O036362,CUST036363,R036362,1/24/2019,124,COD,Delivered
O036363,CUST036364,R036363,5/23/2020,135,COD,Delivered
O036364,CUST036365,R036364,6/22/2025,1030,Card,Delivered
O036365,CUST036366,R036365,10/28/2025,522,COD,Delivered
O036366,CUST036367,R036366,10/28/2025,898,UPI,Delivered
O036367,CUST036368,R036367,10/12/2023,459,COD,Delivered
O036368,CUST036369,R036368,8/24/2025,1276,UPI,Cancelled
O036369,CUST036370,R036369,12/3/2024,1470,Wallet,Cancelled
O036370,CUST036371,R036370,7/12/2020,1333,Wallet,Cancelled
O036371,CUST036372,R036371,1/2/2025,885,Card,Delivered
O036372,CUST036373,R036372,6/17/2019,1926,UPI,Delivered
O036373,CUST036374,R036373,7/15/2023,281,COD,Delivered
O036374,CUST036375,R036374,8/17/2025,297,UPI,Delivered
O036375,CUST036376,R036375,11/15/2021,169,COD,Delivered
O036376,CUST036377,R036376,9/24/2025,173,COD,Delivered
O036377,CUST036378,R036377,8/2/2025,185,Card,Delivered
O036378,CUST036379,R036378,9/1/2023,611,Wallet,Delivered
O036379,CUST036380,R036379,6/28/2021,1117,COD,Delivered
O036380,CUST036381,R036380,12/27/2019,502,COD,Delivered
O036381,CUST036382,R036381,3/25/2023,797,Wallet,Delivered
O036382,CUST036383,R036382,12/4/2022,670,Wallet,Delivered
O036383,CUST036384,R036383,3/13/2023,1911,Wallet,Cancelled
O036384,CUST036385,R036384,10/5/2023,929,COD,Delivered
O036385,CUST036386,R036385,4/4/2024,1542,Wallet,Delivered
O036386,CUST036387,R036386,9/8/2021,1799,Wallet,Delivered
O036387,CUST036388,R036387,9/20/2025,968,Wallet,Delivered
O036388,CUST036389,R036388,7/9/2023,1860,Card,Delivered
O036389,CUST036390,R036389,1/18/2022,1691,UPI,Delivered
O036390,CUST036391,R036390,2/11/2025,1878,UPI,Delivered
O036391,CUST036392,R036391,9/24/2023,227,UPI,Delivered
O036392,CUST036393,R036392,9/23/2023,1793,Card,Delivered
O036393,CUST036394,R036393,9/24/2023,610,Card,Delivered
O036394,CUST036395,R036394,11/19/2025,414,Card,Delivered
O036395,CUST036396,R036395,2/16/2020,286,COD,Cancelled
O036396,CUST036397,R036396,6/8/2025,1527,UPI,Delivered
O036397,CUST036398,R036397,8/7/2022,1601,COD,Delivered
O036398,CUST036399,R036398,12/27/2019,1159,Wallet,Delivered
O036399,CUST036400,R036399,9/2/2021,892,Wallet,Delivered
O036400,CUST036401,R036400,3/1/2025,584,Wallet,Delivered
O036401,CUST036402,R036401,6/4/2019,1520,COD,Delivered
O036402,CUST036403,R036402,2/15/2024,462,Wallet,Delivered
O036403,CUST036404,R036403,1/6/2025,1921,UPI,Delivered
O036404,CUST036405,R036404,3/10/2024,855,Wallet,Delivered
O036405,CUST036406,R036405,11/5/2025,1410,UPI,Delivered
O036406,CUST036407,R036406,12/19/2025,271,COD,Delivered
O036407,CUST036408,R036407,4/20/2024,802,UPI,Delivered
O036408,CUST036409,R036408,10/11/2022,1732,Card,Delivered
O036409,CUST036410,R036409,9/27/2024,1916,UPI,Delivered
O036410,CUST036411,R036410,12/13/2024,1152,UPI,Delivered
O036411,CUST036412,R036411,5/18/2021,580,Wallet,Delivered
O036412,CUST036413,R036412,3/21/2025,1280,Card,Delivered
O036413,CUST036414,R036413,4/22/2023,452,Card,Delivered
O036414,CUST036415,R036414,12/23/2023,1909,Card,Delivered
O036415,CUST036416,R036415,5/21/2024,1740,COD,Delivered
O036416,CUST036417,R036416,8/24/2022,1341,Card,Delivered
O036417,CUST036418,R036417,12/8/2023,1609,COD,Delivered
O036418,CUST036419,R036418,5/23/2022,787,Wallet,Delivered
O036419,CUST036420,R036419,10/10/2020,833,COD,Delivered
O036420,CUST036421,R036420,3/26/2020,462,Wallet,Delivered
O036421,CUST036422,R036421,12/1/2021,1392,COD,Delivered
O036422,CUST036423,R036422,3/13/2025,1533,Wallet,Delivered
O036423,CUST036424,R036423,12/8/2024,1260,UPI,Cancelled
O036424,CUST036425,R036424,6/15/2023,1213,Wallet,Cancelled
O036425,CUST036426,R036425,12/3/2020,940,UPI,Delivered
O036426,CUST036427,R036426,12/17/2024,243,Wallet,Delivered
O036427,CUST036428,R036427,10/4/2022,1525,Card,Delivered
O036428,CUST036429,R036428,1/16/2019,1530,Card,Delivered
O036429,CUST036430,R036429,12/19/2021,1969,Card,Delivered
O036430,CUST036431,R036430,12/18/2023,1270,Card,Delivered
O036431,CUST036432,R036431,10/20/2022,404,Card,Delivered
O036432,CUST036433,R036432,3/19/2020,449,COD,Delivered
O036433,CUST036434,R036433,11/23/2023,569,COD,Delivered
O036434,CUST036435,R036434,3/24/2023,120,COD,Delivered
O036435,CUST036436,R036435,12/23/2023,1193,Wallet,Cancelled
O036436,CUST036437,R036436,8/2/2019,876,Card,Delivered
O036437,CUST036438,R036437,8/24/2025,1003,COD,Delivered
O036438,CUST036439,R036438,8/25/2022,557,Wallet,Delivered
O036439,CUST036440,R036439,7/12/2024,915,Wallet,Delivered
O036440,CUST036441,R036440,10/26/2023,1179,Card,Delivered
O036441,CUST036442,R036441,5/10/2023,1146,Wallet,Cancelled
O036442,CUST036443,R036442,10/3/2021,113,Card,Delivered
O036443,CUST036444,R036443,9/19/2019,1997,UPI,Delivered
O036444,CUST036445,R036444,9/22/2020,1502,Card,Delivered
O036445,CUST036446,R036445,11/20/2025,493,COD,Delivered
O036446,CUST036447,R036446,4/23/2021,789,UPI,Delivered
O036447,CUST036448,R036447,9/12/2024,164,COD,Delivered
O036448,CUST036449,R036448,12/24/2021,713,Card,Delivered
O036449,CUST036450,R036449,3/3/2019,1975,Wallet,Delivered
O036450,CUST036451,R036450,6/4/2023,1048,COD,Delivered
O036451,CUST036452,R036451,9/28/2025,601,Card,Delivered
O036452,CUST036453,R036452,9/27/2020,959,Wallet,Delivered
O036453,CUST036454,R036453,6/27/2023,1714,COD,Cancelled
O036454,CUST036455,R036454,9/11/2020,346,Wallet,Delivered
O036455,CUST036456,R036455,6/4/2024,1805,UPI,Delivered
O036456,CUST036457,R036456,4/13/2021,1618,Card,Delivered
O036457,CUST036458,R036457,11/3/2022,1293,UPI,Delivered
O036458,CUST036459,R036458,2/15/2020,154,Wallet,Cancelled
O036459,CUST036460,R036459,3/18/2021,1417,UPI,Delivered
O036460,CUST036461,R036460,3/15/2025,1680,Card,Delivered
O036461,CUST036462,R036461,9/18/2020,329,Wallet,Delivered
O036462,CUST036463,R036462,1/15/2019,1592,COD,Delivered
O036463,CUST036464,R036463,1/27/2023,1199,UPI,Delivered
O036464,CUST036465,R036464,5/23/2020,1403,Card,Delivered
O036465,CUST036466,R036465,1/22/2024,575,COD,Delivered
O036466,CUST036467,R036466,2/21/2025,808,Card,Delivered
O036467,CUST036468,R036467,2/21/2019,1863,COD,Delivered
O036468,CUST036469,R036468,9/27/2019,1464,COD,Delivered
O036469,CUST036470,R036469,1/10/2025,345,COD,Delivered
O036470,CUST036471,R036470,1/4/2024,910,UPI,Delivered
O036471,CUST036472,R036471,12/2/2019,782,COD,Delivered
O036472,CUST036473,R036472,4/28/2021,1071,UPI,Delivered
O036473,CUST036474,R036473,7/10/2022,1832,COD,Delivered
O036474,CUST036475,R036474,5/12/2022,958,COD,Delivered
O036475,CUST036476,R036475,1/9/2019,1383,UPI,Delivered
O036476,CUST036477,R036476,9/21/2025,1399,COD,Delivered
O036477,CUST036478,R036477,8/5/2020,635,Wallet,Delivered
O036478,CUST036479,R036478,5/12/2023,1665,Wallet,Delivered
O036479,CUST036480,R036479,5/9/2022,1009,Wallet,Delivered
O036480,CUST036481,R036480,12/19/2025,1051,UPI,Delivered
O036481,CUST036482,R036481,5/15/2020,1665,UPI,Delivered
O036482,CUST036483,R036482,6/14/2022,1479,UPI,Delivered
O036483,CUST036484,R036483,5/20/2021,526,UPI,Delivered
O036484,CUST036485,R036484,11/18/2025,1348,Card,Delivered
O036485,CUST036486,R036485,12/16/2022,259,COD,Delivered
O036486,CUST036487,R036486,1/26/2021,306,Card,Delivered
O036487,CUST036488,R036487,1/16/2024,191,Card,Delivered
O036488,CUST036489,R036488,1/25/2025,576,COD,Delivered
O036489,CUST036490,R036489,3/2/2019,1016,COD,Delivered
O036490,CUST036491,R036490,2/28/2019,252,COD,Delivered
O036491,CUST036492,R036491,12/7/2023,436,COD,Delivered
O036492,CUST036493,R036492,11/19/2022,668,Wallet,Delivered
O036493,CUST036494,R036493,9/13/2023,1333,Card,Cancelled
O036494,CUST036495,R036494,11/24/2020,1282,UPI,Delivered
O036495,CUST036496,R036495,5/8/2022,1270,Wallet,Delivered
O036496,CUST036497,R036496,8/15/2023,1197,Wallet,Cancelled
O036497,CUST036498,R036497,1/27/2020,964,UPI,Delivered
O036498,CUST036499,R036498,12/13/2024,1777,UPI,Delivered
O036499,CUST036500,R036499,11/7/2019,1824,Card,Delivered
O036500,CUST036501,R036500,2/15/2023,1707,UPI,Delivered
O036501,CUST036502,R036501,12/20/2022,1248,Card,Cancelled
O036502,CUST036503,R036502,9/11/2019,110,Card,Delivered
O036503,CUST036504,R036503,2/22/2019,360,UPI,Delivered
O036504,CUST036505,R036504,6/17/2023,221,Card,Delivered
O036505,CUST036506,R036505,10/14/2019,284,COD,Delivered
O036506,CUST036507,R036506,12/8/2025,104,Card,Delivered
O036507,CUST036508,R036507,9/11/2019,898,Wallet,Delivered
O036508,CUST036509,R036508,1/2/2024,885,Card,Delivered
O036509,CUST036510,R036509,9/27/2024,814,Card,Delivered
O036510,CUST036511,R036510,10/1/2022,625,Wallet,Delivered
O036511,CUST036512,R036511,12/7/2024,976,UPI,Delivered
O036512,CUST036513,R036512,7/2/2021,1867,Card,Cancelled
O036513,CUST036514,R036513,3/16/2022,516,COD,Delivered
O036514,CUST036515,R036514,2/8/2025,1293,Card,Delivered
O036515,CUST036516,R036515,12/12/2022,197,UPI,Delivered
O036516,CUST036517,R036516,11/26/2024,1415,UPI,Delivered
O036517,CUST036518,R036517,6/17/2023,265,COD,Delivered
O036518,CUST036519,R036518,7/17/2024,329,UPI,Delivered
O036519,CUST036520,R036519,6/23/2019,149,COD,Delivered
O036520,CUST036521,R036520,2/19/2025,990,Card,Delivered
O036521,CUST036522,R036521,2/3/2024,1941,Card,Delivered
O036522,CUST036523,R036522,1/28/2022,1033,UPI,Delivered
O036523,CUST036524,R036523,6/2/2025,1097,UPI,Delivered
O036524,CUST036525,R036524,9/23/2020,766,Wallet,Delivered
O036525,CUST036526,R036525,7/3/2023,1527,Wallet,Delivered
O036526,CUST036527,R036526,11/10/2024,1145,COD,Delivered
O036527,CUST036528,R036527,6/5/2025,909,UPI,Delivered
O036528,CUST036529,R036528,8/7/2024,1714,COD,Delivered
O036529,CUST036530,R036529,8/7/2019,1075,UPI,Delivered
O036530,CUST036531,R036530,9/19/2025,1827,Wallet,Delivered
O036531,CUST036532,R036531,6/11/2024,1132,Wallet,Delivered
O036532,CUST036533,R036532,2/18/2021,1665,Card,Delivered
O036533,CUST036534,R036533,6/14/2021,575,UPI,Delivered
O036534,CUST036535,R036534,2/13/2024,1602,UPI,Delivered
O036535,CUST036536,R036535,1/22/2021,649,Card,Delivered
O036536,CUST036537,R036536,7/27/2020,1719,Wallet,Delivered
O036537,CUST036538,R036537,1/18/2024,382,Wallet,Cancelled
O036538,CUST036539,R036538,1/18/2024,255,COD,Delivered
O036539,CUST036540,R036539,3/20/2022,805,COD,Delivered
O036540,CUST036541,R036540,7/6/2019,700,COD,Cancelled
O036541,CUST036542,R036541,7/1/2019,441,Card,Cancelled
O036542,CUST036543,R036542,4/2/2021,867,Wallet,Delivered
O036543,CUST036544,R036543,3/14/2025,554,COD,Delivered
O036544,CUST036545,R036544,12/21/2024,791,Card,Delivered
O036545,CUST036546,R036545,11/15/2025,1282,Card,Delivered
O036546,CUST036547,R036546,2/8/2023,398,Card,Delivered
O036547,CUST036548,R036547,1/26/2021,413,COD,Delivered
O036548,CUST036549,R036548,10/5/2020,515,Wallet,Delivered
O036549,CUST036550,R036549,3/24/2019,573,COD,Delivered
O036550,CUST036551,R036550,10/7/2023,1095,COD,Delivered
O036551,CUST036552,R036551,7/28/2021,444,Wallet,Delivered
O036552,CUST036553,R036552,5/3/2021,1521,Wallet,Delivered
O036553,CUST036554,R036553,1/17/2020,566,Wallet,Delivered
O036554,CUST036555,R036554,11/1/2023,1154,Wallet,Cancelled
O036555,CUST036556,R036555,10/12/2025,1578,Wallet,Delivered
O036556,CUST036557,R036556,4/17/2024,1756,UPI,Delivered
O036557,CUST036558,R036557,11/4/2020,1503,UPI,Delivered
O036558,CUST036559,R036558,8/26/2024,1148,UPI,Cancelled
O036559,CUST036560,R036559,6/5/2025,1916,Card,Delivered
O036560,CUST036561,R036560,3/28/2023,203,Wallet,Delivered
O036561,CUST036562,R036561,12/15/2022,131,COD,Delivered
O036562,CUST036563,R036562,6/19/2021,364,Card,Delivered
O036563,CUST036564,R036563,2/4/2023,1767,COD,Delivered
O036564,CUST036565,R036564,1/9/2021,1960,Card,Delivered
O036565,CUST036566,R036565,2/28/2025,1138,Card,Delivered
O036566,CUST036567,R036566,7/26/2020,674,Wallet,Delivered
O036567,CUST036568,R036567,6/24/2023,814,COD,Delivered
O036568,CUST036569,R036568,6/7/2020,343,Wallet,Delivered
O036569,CUST036570,R036569,6/26/2019,849,UPI,Delivered
O036570,CUST036571,R036570,1/5/2022,1120,COD,Delivered
O036571,CUST036572,R036571,6/7/2022,939,Wallet,Delivered
O036572,CUST036573,R036572,9/28/2020,1575,Card,Delivered
O036573,CUST036574,R036573,2/22/2025,831,COD,Delivered
O036574,CUST036575,R036574,6/1/2024,1649,Card,Delivered
O036575,CUST036576,R036575,6/13/2021,1882,Wallet,Delivered
O036576,CUST036577,R036576,3/14/2023,1810,Card,Delivered
O036577,CUST036578,R036577,12/4/2025,1620,Card,Delivered
O036578,CUST036579,R036578,10/22/2020,1941,UPI,Delivered
O036579,CUST036580,R036579,6/20/2020,290,UPI,Delivered
O036580,CUST036581,R036580,7/25/2024,1032,UPI,Delivered
O036581,CUST036582,R036581,3/16/2022,387,Wallet,Delivered
O036582,CUST036583,R036582,10/26/2024,938,COD,Delivered
O036583,CUST036584,R036583,2/8/2025,275,COD,Delivered
O036584,CUST036585,R036584,10/8/2020,988,UPI,Delivered
O036585,CUST036586,R036585,2/4/2020,1619,Wallet,Delivered
O036586,CUST036587,R036586,11/10/2021,1411,Wallet,Delivered
O036587,CUST036588,R036587,2/2/2020,1170,UPI,Cancelled
O036588,CUST036589,R036588,10/14/2019,1036,Wallet,Delivered
O036589,CUST036590,R036589,8/15/2025,127,COD,Cancelled
O036590,CUST036591,R036590,11/12/2023,1665,Wallet,Delivered
O036591,CUST036592,R036591,11/10/2021,128,UPI,Delivered
O036592,CUST036593,R036592,9/13/2025,334,Card,Delivered
O036593,CUST036594,R036593,8/25/2024,1660,UPI,Delivered
O036594,CUST036595,R036594,12/20/2020,1905,COD,Delivered
O036595,CUST036596,R036595,5/21/2024,554,Card,Delivered
O036596,CUST036597,R036596,2/18/2025,425,Card,Delivered
O036597,CUST036598,R036597,2/2/2024,605,Card,Delivered
O036598,CUST036599,R036598,10/26/2022,521,COD,Cancelled
O036599,CUST036600,R036599,11/5/2021,1027,Wallet,Delivered
O036600,CUST036601,R036600,11/4/2022,824,Wallet,Delivered
O036601,CUST036602,R036601,4/26/2021,696,COD,Delivered
O036602,CUST036603,R036602,4/9/2020,1645,UPI,Delivered
O036603,CUST036604,R036603,3/9/2023,392,COD,Cancelled
O036604,CUST036605,R036604,7/5/2023,1644,UPI,Delivered
O036605,CUST036606,R036605,3/8/2020,1006,Card,Delivered
O036606,CUST036607,R036606,1/7/2024,1768,Wallet,Delivered
O036607,CUST036608,R036607,11/14/2020,1696,Wallet,Cancelled
O036608,CUST036609,R036608,1/16/2025,1182,UPI,Delivered
O036609,CUST036610,R036609,7/13/2022,216,Card,Delivered
O036610,CUST036611,R036610,11/4/2019,1277,UPI,Delivered
O036611,CUST036612,R036611,7/7/2020,138,Card,Delivered
O036612,CUST036613,R036612,12/1/2023,643,UPI,Delivered
O036613,CUST036614,R036613,4/27/2019,1452,UPI,Delivered
O036614,CUST036615,R036614,7/21/2023,313,Card,Delivered
O036615,CUST036616,R036615,11/4/2020,1889,COD,Delivered
O036616,CUST036617,R036616,9/18/2023,1833,UPI,Cancelled
O036617,CUST036618,R036617,3/21/2024,833,UPI,Delivered
O036618,CUST036619,R036618,2/24/2019,1573,Wallet,Delivered
O036619,CUST036620,R036619,12/23/2021,1000,COD,Delivered
O036620,CUST036621,R036620,4/8/2025,1940,COD,Delivered
O036621,CUST036622,R036621,4/21/2019,370,COD,Delivered
O036622,CUST036623,R036622,6/1/2020,1307,COD,Cancelled
O036623,CUST036624,R036623,1/13/2023,466,Wallet,Delivered
O036624,CUST036625,R036624,2/24/2019,1270,UPI,Delivered
O036625,CUST036626,R036625,7/17/2024,1018,Wallet,Delivered
O036626,CUST036627,R036626,1/2/2023,1133,Wallet,Cancelled
O036627,CUST036628,R036627,11/9/2020,1577,COD,Delivered
O036628,CUST036629,R036628,9/7/2024,1505,Card,Delivered
O036629,CUST036630,R036629,12/7/2024,1493,Card,Delivered
O036630,CUST036631,R036630,9/25/2019,1462,Wallet,Delivered
O036631,CUST036632,R036631,12/6/2024,1189,Card,Cancelled
O036632,CUST036633,R036632,12/20/2023,610,UPI,Delivered
O036633,CUST036634,R036633,1/18/2020,1556,Card,Delivered
O036634,CUST036635,R036634,7/16/2021,1932,Card,Delivered
O036635,CUST036636,R036635,6/23/2020,1935,Card,Delivered
O036636,CUST036637,R036636,6/22/2023,1950,COD,Delivered
O036637,CUST036638,R036637,1/18/2021,887,Card,Delivered
O036638,CUST036639,R036638,8/27/2024,678,COD,Delivered
O036639,CUST036640,R036639,5/26/2023,793,Wallet,Delivered
O036640,CUST036641,R036640,1/11/2022,304,COD,Delivered
O036641,CUST036642,R036641,11/22/2020,1121,UPI,Delivered
O036642,CUST036643,R036642,8/1/2019,1110,COD,Cancelled
O036643,CUST036644,R036643,2/7/2024,1122,COD,Delivered
O036644,CUST036645,R036644,8/28/2019,805,UPI,Delivered
O036645,CUST036646,R036645,4/15/2020,1413,Wallet,Delivered
O036646,CUST036647,R036646,9/13/2022,1664,UPI,Delivered
O036647,CUST036648,R036647,7/11/2021,1723,Wallet,Cancelled
O036648,CUST036649,R036648,7/5/2020,1600,COD,Delivered
O036649,CUST036650,R036649,10/16/2020,1567,COD,Delivered
O036650,CUST036651,R036650,8/22/2023,1943,Card,Cancelled
O036651,CUST036652,R036651,4/28/2020,722,COD,Delivered
O036652,CUST036653,R036652,5/28/2021,836,COD,Delivered
O036653,CUST036654,R036653,11/27/2022,392,COD,Delivered
O036654,CUST036655,R036654,3/22/2025,643,Wallet,Delivered
O036655,CUST036656,R036655,4/2/2022,265,COD,Delivered
O036656,CUST036657,R036656,6/7/2022,1767,Wallet,Cancelled
O036657,CUST036658,R036657,3/1/2019,893,COD,Delivered
O036658,CUST036659,R036658,6/2/2023,1502,Wallet,Delivered
O036659,CUST036660,R036659,3/6/2025,1708,Wallet,Delivered
O036660,CUST036661,R036660,8/21/2021,877,Wallet,Delivered
O036661,CUST036662,R036661,12/8/2020,1644,Card,Cancelled
O036662,CUST036663,R036662,10/17/2024,1655,Wallet,Delivered
O036663,CUST036664,R036663,2/10/2025,1734,Card,Delivered
O036664,CUST036665,R036664,12/22/2022,333,UPI,Delivered
O036665,CUST036666,R036665,9/22/2025,1639,Card,Delivered
O036666,CUST036667,R036666,7/21/2024,500,Card,Delivered
O036667,CUST036668,R036667,10/17/2025,303,COD,Delivered
O036668,CUST036669,R036668,2/14/2022,1782,COD,Cancelled
O036669,CUST036670,R036669,5/2/2024,1384,UPI,Delivered
O036670,CUST036671,R036670,10/5/2021,1522,COD,Delivered
O036671,CUST036672,R036671,1/25/2023,1118,COD,Delivered
O036672,CUST036673,R036672,11/28/2019,479,Wallet,Delivered
O036673,CUST036674,R036673,10/3/2023,494,COD,Delivered
O036674,CUST036675,R036674,8/3/2022,1435,COD,Delivered
O036675,CUST036676,R036675,10/12/2024,383,Wallet,Delivered
O036676,CUST036677,R036676,5/5/2019,1885,UPI,Delivered
O036677,CUST036678,R036677,2/9/2025,1005,Wallet,Delivered
O036678,CUST036679,R036678,2/3/2025,1256,UPI,Delivered
O036679,CUST036680,R036679,12/18/2024,116,COD,Delivered
O036680,CUST036681,R036680,12/19/2020,936,UPI,Delivered
O036681,CUST036682,R036681,1/9/2019,1442,Card,Delivered
O036682,CUST036683,R036682,1/24/2019,112,Card,Delivered
O036683,CUST036684,R036683,8/15/2019,1312,UPI,Delivered
O036684,CUST036685,R036684,9/19/2025,494,Wallet,Delivered
O036685,CUST036686,R036685,3/23/2025,1233,COD,Delivered
O036686,CUST036687,R036686,12/22/2020,406,Card,Delivered
O036687,CUST036688,R036687,6/21/2024,1824,Card,Delivered
O036688,CUST036689,R036688,6/20/2020,1659,Card,Cancelled
O036689,CUST036690,R036689,7/24/2025,1261,Card,Delivered
O036690,CUST036691,R036690,10/8/2023,382,COD,Delivered
O036691,CUST036692,R036691,12/22/2020,676,Wallet,Delivered
O036692,CUST036693,R036692,6/9/2021,678,COD,Delivered
O036693,CUST036694,R036693,12/25/2024,313,Wallet,Delivered
O036694,CUST036695,R036694,7/28/2023,993,COD,Delivered
O036695,CUST036696,R036695,4/3/2019,1433,Wallet,Delivered
O036696,CUST036697,R036696,2/5/2023,1154,UPI,Cancelled
O036697,CUST036698,R036697,4/13/2024,1122,COD,Delivered
O036698,CUST036699,R036698,7/1/2020,850,UPI,Delivered
O036699,CUST036700,R036699,4/19/2020,1923,COD,Delivered
O036700,CUST036701,R036700,6/3/2024,1483,UPI,Delivered
O036701,CUST036702,R036701,5/15/2022,1450,Card,Cancelled
O036702,CUST036703,R036702,3/18/2020,1890,Card,Delivered
O036703,CUST036704,R036703,7/17/2021,1376,Card,Delivered
O036704,CUST036705,R036704,3/17/2022,292,Card,Delivered
O036705,CUST036706,R036705,3/19/2023,338,Card,Delivered
O036706,CUST036707,R036706,1/21/2019,421,COD,Delivered
O036707,CUST036708,R036707,7/22/2023,1622,Card,Delivered
O036708,CUST036709,R036708,10/17/2021,1048,COD,Delivered
O036709,CUST036710,R036709,1/28/2020,770,Card,Delivered
O036710,CUST036711,R036710,10/22/2024,783,COD,Delivered
O036711,CUST036712,R036711,7/23/2020,466,Wallet,Delivered
O036712,CUST036713,R036712,12/13/2022,829,Wallet,Delivered
O036713,CUST036714,R036713,4/4/2021,1099,UPI,Delivered
O036714,CUST036715,R036714,8/10/2024,1111,COD,Delivered
O036715,CUST036716,R036715,5/2/2019,1507,Card,Cancelled
O036716,CUST036717,R036716,3/11/2023,1483,Wallet,Delivered
O036717,CUST036718,R036717,5/14/2020,920,Card,Delivered
O036718,CUST036719,R036718,11/13/2025,1856,COD,Delivered
O036719,CUST036720,R036719,7/16/2019,509,UPI,Delivered
O036720,CUST036721,R036720,1/3/2023,1665,COD,Cancelled
O036721,CUST036722,R036721,10/18/2021,569,Card,Delivered
O036722,CUST036723,R036722,5/1/2025,1827,COD,Delivered
O036723,CUST036724,R036723,7/3/2020,1001,COD,Delivered
O036724,CUST036725,R036724,6/24/2025,553,Card,Delivered
O036725,CUST036726,R036725,10/1/2020,874,Wallet,Delivered
O036726,CUST036727,R036726,6/25/2025,1635,COD,Delivered
O036727,CUST036728,R036727,4/10/2020,266,COD,Delivered
O036728,CUST036729,R036728,4/3/2023,1588,Card,Delivered
O036729,CUST036730,R036729,4/12/2022,1571,Card,Delivered
O036730,CUST036731,R036730,7/2/2024,1139,UPI,Delivered
O036731,CUST036732,R036731,7/14/2021,1901,Wallet,Delivered
O036732,CUST036733,R036732,12/17/2024,1311,UPI,Delivered
O036733,CUST036734,R036733,9/12/2021,1325,Card,Delivered
O036734,CUST036735,R036734,6/12/2023,187,UPI,Cancelled
O036735,CUST036736,R036735,7/13/2023,1443,COD,Delivered
O036736,CUST036737,R036736,3/25/2022,1044,UPI,Delivered
O036737,CUST036738,R036737,3/21/2022,1182,UPI,Delivered
O036738,CUST036739,R036738,1/24/2022,534,COD,Cancelled
O036739,CUST036740,R036739,6/19/2025,729,Card,Delivered
O036740,CUST036741,R036740,10/19/2020,1783,COD,Delivered
O036741,CUST036742,R036741,8/26/2020,1379,COD,Delivered
O036742,CUST036743,R036742,7/7/2024,299,Card,Delivered
O036743,CUST036744,R036743,8/4/2024,799,Wallet,Delivered
O036744,CUST036745,R036744,1/28/2022,633,COD,Delivered
O036745,CUST036746,R036745,1/26/2019,927,Wallet,Delivered
O036746,CUST036747,R036746,10/9/2023,1433,COD,Delivered
O036747,CUST036748,R036747,1/7/2023,858,COD,Delivered
O036748,CUST036749,R036748,3/7/2025,1103,Card,Delivered
O036749,CUST036750,R036749,12/19/2021,1673,Wallet,Delivered
O036750,CUST036751,R036750,9/2/2022,973,UPI,Delivered
O036751,CUST036752,R036751,1/18/2022,151,UPI,Delivered
O036752,CUST036753,R036752,9/14/2020,1400,UPI,Cancelled
O036753,CUST036754,R036753,12/23/2023,1399,UPI,Delivered
O036754,CUST036755,R036754,4/20/2022,1580,Card,Delivered
O036755,CUST036756,R036755,12/12/2020,1388,UPI,Delivered
O036756,CUST036757,R036756,8/20/2022,479,UPI,Delivered
O036757,CUST036758,R036757,4/17/2023,1766,UPI,Delivered
O036758,CUST036759,R036758,1/14/2025,116,COD,Delivered
O036759,CUST036760,R036759,1/25/2020,1808,UPI,Cancelled
O036760,CUST036761,R036760,11/10/2020,1942,UPI,Delivered
O036761,CUST036762,R036761,6/24/2019,466,Card,Delivered
O036762,CUST036763,R036762,5/23/2025,906,COD,Delivered
O036763,CUST036764,R036763,6/26/2019,162,COD,Delivered
O036764,CUST036765,R036764,5/9/2021,350,COD,Delivered
O036765,CUST036766,R036765,9/17/2024,588,Wallet,Delivered
O036766,CUST036767,R036766,6/11/2022,1123,Card,Delivered
O036767,CUST036768,R036767,6/23/2024,1240,UPI,Delivered
O036768,CUST036769,R036768,8/7/2021,1178,Wallet,Delivered
O036769,CUST036770,R036769,12/14/2019,1107,Wallet,Cancelled
O036770,CUST036771,R036770,9/26/2023,860,UPI,Delivered
O036771,CUST036772,R036771,8/9/2025,1677,Wallet,Delivered
O036772,CUST036773,R036772,7/6/2020,1424,Card,Delivered
O036773,CUST036774,R036773,1/14/2024,1558,UPI,Delivered
O036774,CUST036775,R036774,2/18/2020,1095,Card,Delivered
O036775,CUST036776,R036775,3/9/2024,522,Card,Delivered
O036776,CUST036777,R036776,9/21/2021,509,UPI,Delivered
O036777,CUST036778,R036777,7/18/2023,141,Card,Delivered
O036778,CUST036779,R036778,5/12/2019,205,COD,Delivered
O036779,CUST036780,R036779,6/6/2022,1926,UPI,Delivered
O036780,CUST036781,R036780,9/18/2019,856,Wallet,Delivered
O036781,CUST036782,R036781,1/2/2020,838,UPI,Delivered
O036782,CUST036783,R036782,10/26/2019,724,Wallet,Delivered
O036783,CUST036784,R036783,3/28/2023,476,COD,Delivered
O036784,CUST036785,R036784,8/6/2020,404,COD,Delivered
O036785,CUST036786,R036785,6/1/2024,1084,UPI,Delivered
O036786,CUST036787,R036786,9/9/2019,1710,Card,Delivered
O036787,CUST036788,R036787,11/28/2019,711,Card,Delivered
O036788,CUST036789,R036788,10/4/2019,1943,UPI,Delivered
O036789,CUST036790,R036789,1/15/2025,1565,UPI,Delivered
O036790,CUST036791,R036790,6/19/2021,230,Card,Cancelled
O036791,CUST036792,R036791,6/15/2022,250,UPI,Delivered
O036792,CUST036793,R036792,8/21/2025,1964,COD,Delivered
O036793,CUST036794,R036793,12/17/2025,900,Card,Delivered
O036794,CUST036795,R036794,5/2/2025,1895,Card,Delivered
O036795,CUST036796,R036795,1/27/2022,812,UPI,Delivered
O036796,CUST036797,R036796,8/28/2021,1011,UPI,Delivered
O036797,CUST036798,R036797,1/22/2023,622,COD,Delivered
O036798,CUST036799,R036798,10/2/2022,1129,COD,Delivered
O036799,CUST036800,R036799,1/10/2022,1040,Card,Delivered
O036800,CUST036801,R036800,8/3/2024,798,UPI,Delivered
O036801,CUST036802,R036801,11/4/2019,1560,COD,Delivered
O036802,CUST036803,R036802,8/5/2021,1182,UPI,Delivered
O036803,CUST036804,R036803,12/21/2021,1747,Wallet,Delivered
O036804,CUST036805,R036804,9/10/2024,921,Wallet,Delivered
O036805,CUST036806,R036805,12/16/2022,1624,Card,Delivered
O036806,CUST036807,R036806,8/12/2020,485,UPI,Delivered
O036807,CUST036808,R036807,2/12/2023,1511,UPI,Delivered
O036808,CUST036809,R036808,9/22/2024,607,Card,Delivered
O036809,CUST036810,R036809,7/23/2025,1683,Wallet,Delivered
O036810,CUST036811,R036810,9/16/2025,240,Card,Cancelled
O036811,CUST036812,R036811,8/16/2022,1757,Card,Delivered
O036812,CUST036813,R036812,6/19/2022,655,COD,Delivered
O036813,CUST036814,R036813,7/5/2022,414,COD,Delivered
O036814,CUST036815,R036814,2/27/2021,331,Card,Delivered
O036815,CUST036816,R036815,8/27/2021,973,Wallet,Delivered
O036816,CUST036817,R036816,8/15/2023,474,COD,Delivered
O036817,CUST036818,R036817,10/19/2019,711,COD,Delivered
O036818,CUST036819,R036818,3/11/2024,1241,Wallet,Delivered
O036819,CUST036820,R036819,8/6/2020,1157,UPI,Delivered
O036820,CUST036821,R036820,3/9/2025,1127,Wallet,Delivered
O036821,CUST036822,R036821,1/16/2021,1235,Wallet,Delivered
O036822,CUST036823,R036822,5/7/2025,1300,COD,Delivered
O036823,CUST036824,R036823,11/19/2025,995,Card,Delivered
O036824,CUST036825,R036824,4/11/2024,605,Wallet,Delivered
O036825,CUST036826,R036825,5/2/2023,1367,Wallet,Delivered
O036826,CUST036827,R036826,9/15/2021,412,Wallet,Delivered
O036827,CUST036828,R036827,6/25/2023,1043,COD,Delivered
O036828,CUST036829,R036828,5/11/2020,1728,Wallet,Delivered
O036829,CUST036830,R036829,11/18/2022,1613,UPI,Delivered
O036830,CUST036831,R036830,1/1/2025,1424,UPI,Cancelled
O036831,CUST036832,R036831,2/24/2021,1063,UPI,Delivered
O036832,CUST036833,R036832,3/4/2024,1868,Card,Delivered
O036833,CUST036834,R036833,9/22/2023,1882,Wallet,Delivered
O036834,CUST036835,R036834,1/13/2025,1948,COD,Delivered
O036835,CUST036836,R036835,11/18/2022,285,Card,Delivered
O036836,CUST036837,R036836,1/1/2024,1622,Card,Delivered
O036837,CUST036838,R036837,7/9/2023,1600,COD,Delivered
O036838,CUST036839,R036838,5/27/2025,1028,UPI,Delivered
O036839,CUST036840,R036839,7/25/2019,520,Wallet,Delivered
O036840,CUST036841,R036840,6/22/2025,664,COD,Delivered
O036841,CUST036842,R036841,9/5/2024,455,COD,Delivered
O036842,CUST036843,R036842,12/28/2022,1273,UPI,Delivered
O036843,CUST036844,R036843,7/3/2025,1040,COD,Cancelled
O036844,CUST036845,R036844,8/5/2021,853,Wallet,Delivered
O036845,CUST036846,R036845,12/26/2023,1484,UPI,Cancelled
O036846,CUST036847,R036846,5/17/2025,785,COD,Delivered
O036847,CUST036848,R036847,8/8/2025,1608,Card,Delivered
O036848,CUST036849,R036848,7/12/2024,1801,COD,Delivered
O036849,CUST036850,R036849,7/13/2019,1730,UPI,Delivered
O036850,CUST036851,R036850,3/3/2025,1217,UPI,Cancelled
O036851,CUST036852,R036851,12/22/2024,1656,UPI,Delivered
O036852,CUST036853,R036852,10/20/2021,179,Wallet,Delivered
O036853,CUST036854,R036853,5/23/2022,455,Wallet,Delivered
O036854,CUST036855,R036854,3/14/2024,1973,COD,Delivered
O036855,CUST036856,R036855,12/22/2022,367,Card,Delivered
O036856,CUST036857,R036856,10/26/2020,1706,COD,Delivered
O036857,CUST036858,R036857,12/27/2025,513,Wallet,Delivered
O036858,CUST036859,R036858,1/23/2025,1529,Wallet,Delivered
O036859,CUST036860,R036859,11/4/2019,1320,COD,Delivered
O036860,CUST036861,R036860,11/1/2023,1651,Wallet,Cancelled
O036861,CUST036862,R036861,9/13/2022,1000,Wallet,Delivered
O036862,CUST036863,R036862,11/14/2024,1949,Card,Delivered
O036863,CUST036864,R036863,6/11/2021,1261,Wallet,Delivered
O036864,CUST036865,R036864,2/9/2021,1874,UPI,Cancelled
O036865,CUST036866,R036865,10/20/2021,223,Card,Delivered
O036866,CUST036867,R036866,4/25/2020,1555,Wallet,Delivered
O036867,CUST036868,R036867,3/17/2020,116,COD,Delivered
O036868,CUST036869,R036868,4/23/2020,410,UPI,Cancelled
O036869,CUST036870,R036869,1/16/2025,277,Card,Delivered
O036870,CUST036871,R036870,11/1/2023,558,Card,Delivered
O036871,CUST036872,R036871,4/24/2021,300,COD,Delivered
O036872,CUST036873,R036872,7/26/2021,941,Wallet,Delivered
O036873,CUST036874,R036873,8/2/2019,745,Wallet,Delivered
O036874,CUST036875,R036874,3/23/2022,617,COD,Delivered
O036875,CUST036876,R036875,6/9/2024,1609,COD,Delivered
O036876,CUST036877,R036876,6/8/2023,1932,COD,Delivered
O036877,CUST036878,R036877,11/3/2019,1490,Wallet,Delivered
O036878,CUST036879,R036878,4/7/2023,852,UPI,Delivered
O036879,CUST036880,R036879,1/6/2025,1663,Wallet,Delivered
O036880,CUST036881,R036880,7/12/2022,1676,Wallet,Delivered
O036881,CUST036882,R036881,8/17/2023,1038,UPI,Delivered
O036882,CUST036883,R036882,8/11/2020,1969,Card,Cancelled
O036883,CUST036884,R036883,5/2/2023,1186,UPI,Delivered
O036884,CUST036885,R036884,10/6/2021,1991,Card,Delivered
O036885,CUST036886,R036885,6/21/2025,601,UPI,Delivered
O036886,CUST036887,R036886,4/24/2021,1373,Card,Delivered
O036887,CUST036888,R036887,7/20/2022,234,Card,Cancelled
O036888,CUST036889,R036888,2/3/2019,330,COD,Delivered
O036889,CUST036890,R036889,3/18/2025,138,Card,Cancelled
O036890,CUST036891,R036890,2/26/2021,1151,Card,Delivered
O036891,CUST036892,R036891,4/1/2023,1846,COD,Delivered
O036892,CUST036893,R036892,9/28/2020,851,COD,Delivered
O036893,CUST036894,R036893,12/14/2024,150,Card,Delivered
O036894,CUST036895,R036894,1/21/2021,271,COD,Delivered
O036895,CUST036896,R036895,12/27/2024,1201,COD,Delivered
O036896,CUST036897,R036896,3/10/2021,374,Wallet,Delivered
O036897,CUST036898,R036897,5/22/2022,1180,UPI,Delivered
O036898,CUST036899,R036898,10/12/2023,802,COD,Delivered
O036899,CUST036900,R036899,12/28/2023,1097,Wallet,Delivered
O036900,CUST036901,R036900,7/8/2021,1497,COD,Delivered
O036901,CUST036902,R036901,8/6/2025,1420,UPI,Delivered
O036902,CUST036903,R036902,3/6/2024,1403,UPI,Cancelled
O036903,CUST036904,R036903,12/22/2025,1351,Wallet,Delivered
O036904,CUST036905,R036904,8/5/2020,1083,COD,Delivered
O036905,CUST036906,R036905,10/19/2021,467,UPI,Delivered
O036906,CUST036907,R036906,9/17/2021,1668,Card,Delivered
O036907,CUST036908,R036907,5/18/2021,1789,Card,Delivered
O036908,CUST036909,R036908,3/22/2019,1829,Card,Delivered
O036909,CUST036910,R036909,5/20/2025,462,COD,Delivered
O036910,CUST036911,R036910,1/16/2023,797,Card,Delivered
O036911,CUST036912,R036911,8/21/2022,593,COD,Delivered
O036912,CUST036913,R036912,8/22/2025,713,Wallet,Delivered
O036913,CUST036914,R036913,11/9/2024,268,Card,Delivered
O036914,CUST036915,R036914,2/20/2020,1081,UPI,Delivered
O036915,CUST036916,R036915,2/28/2023,1020,COD,Delivered
O036916,CUST036917,R036916,10/6/2025,967,COD,Delivered
O036917,CUST036918,R036917,12/27/2023,700,UPI,Delivered
O036918,CUST036919,R036918,1/14/2023,1140,Wallet,Delivered
O036919,CUST036920,R036919,9/11/2021,1776,UPI,Delivered
O036920,CUST036921,R036920,1/12/2022,1573,COD,Cancelled
O036921,CUST036922,R036921,5/3/2021,1445,Card,Delivered
O036922,CUST036923,R036922,1/15/2020,1457,Wallet,Delivered
O036923,CUST036924,R036923,2/18/2023,1469,UPI,Cancelled
O036924,CUST036925,R036924,4/16/2023,209,Card,Delivered
O036925,CUST036926,R036925,11/19/2020,329,COD,Delivered
O036926,CUST036927,R036926,5/18/2025,1786,Card,Delivered
O036927,CUST036928,R036927,9/15/2019,1125,COD,Delivered
O036928,CUST036929,R036928,10/23/2025,217,COD,Delivered
O036929,CUST036930,R036929,11/6/2025,1677,COD,Delivered
O036930,CUST036931,R036930,4/28/2021,744,COD,Delivered
O036931,CUST036932,R036931,7/1/2024,1358,Wallet,Delivered
O036932,CUST036933,R036932,8/13/2019,1863,COD,Delivered
O036933,CUST036934,R036933,8/20/2022,772,Wallet,Delivered
O036934,CUST036935,R036934,2/6/2019,1490,Card,Delivered
O036935,CUST036936,R036935,9/15/2023,1501,Wallet,Delivered
O036936,CUST036937,R036936,9/8/2020,1517,UPI,Delivered
O036937,CUST036938,R036937,11/17/2023,297,Wallet,Delivered
O036938,CUST036939,R036938,4/20/2025,1560,Card,Delivered
O036939,CUST036940,R036939,1/19/2020,420,Card,Delivered
O036940,CUST036941,R036940,1/16/2024,217,Card,Delivered
O036941,CUST036942,R036941,9/11/2025,1735,Card,Delivered
O036942,CUST036943,R036942,2/1/2020,1337,UPI,Delivered
O036943,CUST036944,R036943,3/4/2022,1373,Card,Delivered
O036944,CUST036945,R036944,2/24/2019,974,Wallet,Delivered
O036945,CUST036946,R036945,10/27/2022,590,Wallet,Delivered
O036946,CUST036947,R036946,8/2/2023,389,COD,Delivered
O036947,CUST036948,R036947,1/28/2019,1150,COD,Delivered
O036948,CUST036949,R036948,5/10/2025,227,COD,Delivered
O036949,CUST036950,R036949,1/3/2024,1480,UPI,Delivered
O036950,CUST036951,R036950,7/11/2025,926,Wallet,Delivered
O036951,CUST036952,R036951,8/2/2023,1220,UPI,Delivered
O036952,CUST036953,R036952,2/16/2022,1975,COD,Delivered
O036953,CUST036954,R036953,10/17/2021,846,Wallet,Delivered
O036954,CUST036955,R036954,9/8/2020,1352,Card,Delivered
O036955,CUST036956,R036955,1/24/2020,1966,UPI,Delivered
O036956,CUST036957,R036956,4/14/2022,1032,Card,Delivered
O036957,CUST036958,R036957,1/18/2021,590,UPI,Cancelled
O036958,CUST036959,R036958,6/22/2024,1585,COD,Delivered
O036959,CUST036960,R036959,8/24/2022,496,Card,Delivered
O036960,CUST036961,R036960,4/23/2021,1952,Card,Delivered
O036961,CUST036962,R036961,2/20/2020,1788,Card,Delivered
O036962,CUST036963,R036962,9/25/2025,858,Card,Delivered
O036963,CUST036964,R036963,9/2/2020,302,Card,Delivered
O036964,CUST036965,R036964,3/21/2020,596,Wallet,Delivered
O036965,CUST036966,R036965,11/7/2021,462,COD,Delivered
O036966,CUST036967,R036966,2/22/2023,266,COD,Delivered
O036967,CUST036968,R036967,7/27/2022,903,Card,Delivered
O036968,CUST036969,R036968,5/1/2022,1347,Wallet,Delivered
O036969,CUST036970,R036969,6/5/2021,1074,Wallet,Delivered
O036970,CUST036971,R036970,3/10/2025,1023,Wallet,Delivered
O036971,CUST036972,R036971,2/27/2025,962,Card,Cancelled
O036972,CUST036973,R036972,7/18/2020,1773,COD,Delivered
O036973,CUST036974,R036973,10/1/2020,1328,UPI,Delivered
O036974,CUST036975,R036974,12/13/2024,1166,UPI,Delivered
O036975,CUST036976,R036975,2/17/2020,1529,Card,Delivered
O036976,CUST036977,R036976,3/11/2020,1296,Card,Delivered
O036977,CUST036978,R036977,7/15/2024,212,UPI,Delivered
O036978,CUST036979,R036978,5/17/2022,254,Card,Delivered
O036979,CUST036980,R036979,9/17/2023,374,Card,Delivered
O036980,CUST036981,R036980,10/22/2024,1574,Card,Delivered
O036981,CUST036982,R036981,7/16/2019,963,COD,Delivered
O036982,CUST036983,R036982,2/27/2023,691,Card,Delivered
O036983,CUST036984,R036983,5/21/2023,639,COD,Delivered
O036984,CUST036985,R036984,5/22/2020,616,Wallet,Delivered
O036985,CUST036986,R036985,11/12/2023,544,COD,Delivered
O036986,CUST036987,R036986,12/3/2022,946,Wallet,Cancelled
O036987,CUST036988,R036987,12/7/2024,956,COD,Delivered
O036988,CUST036989,R036988,8/26/2021,1145,UPI,Cancelled
O036989,CUST036990,R036989,9/6/2022,1383,COD,Delivered
O036990,CUST036991,R036990,7/12/2019,841,UPI,Delivered
O036991,CUST036992,R036991,5/11/2021,1771,UPI,Delivered
O036992,CUST036993,R036992,9/14/2025,1891,COD,Delivered
O036993,CUST036994,R036993,12/3/2019,1190,UPI,Cancelled
O036994,CUST036995,R036994,10/11/2021,624,UPI,Delivered
O036995,CUST036996,R036995,2/21/2022,1319,COD,Delivered
O036996,CUST036997,R036996,7/23/2025,857,COD,Delivered
O036997,CUST036998,R036997,9/17/2023,660,Card,Delivered
O036998,CUST036999,R036998,8/28/2020,763,COD,Delivered
O036999,CUST037000,R036999,3/4/2025,1524,COD,Delivered
O037000,CUST037001,R037000,4/8/2022,116,COD,Delivered
O037001,CUST037002,R037001,1/1/2021,1189,UPI,Delivered
O037002,CUST037003,R037002,1/7/2020,1428,Card,Delivered
O037003,CUST037004,R037003,8/28/2020,929,UPI,Delivered
O037004,CUST037005,R037004,9/12/2019,1858,Wallet,Delivered
O037005,CUST037006,R037005,3/15/2019,1220,Wallet,Delivered
O037006,CUST037007,R037006,2/13/2019,1235,UPI,Delivered
O037007,CUST037008,R037007,6/12/2024,145,UPI,Delivered
O037008,CUST037009,R037008,11/10/2019,1407,Card,Delivered
O037009,CUST037010,R037009,7/24/2025,965,UPI,Delivered
O037010,CUST037011,R037010,6/20/2021,1289,UPI,Delivered
O037011,CUST037012,R037011,8/23/2019,380,COD,Cancelled
O037012,CUST037013,R037012,9/19/2019,251,Card,Delivered
O037013,CUST037014,R037013,1/18/2024,1677,Card,Delivered
O037014,CUST037015,R037014,9/23/2022,981,COD,Delivered
O037015,CUST037016,R037015,1/1/2020,155,Card,Cancelled
O037016,CUST037017,R037016,10/2/2022,714,Wallet,Delivered
O037017,CUST037018,R037017,8/6/2023,586,COD,Delivered
O037018,CUST037019,R037018,4/25/2020,881,Wallet,Delivered
O037019,CUST037020,R037019,6/10/2019,1343,COD,Delivered
O037020,CUST037021,R037020,2/6/2025,773,COD,Delivered
O037021,CUST037022,R037021,3/7/2021,1023,Card,Delivered
O037022,CUST037023,R037022,10/19/2020,1637,Wallet,Delivered
O037023,CUST037024,R037023,3/1/2020,949,Wallet,Delivered
O037024,CUST037025,R037024,4/17/2021,1897,Wallet,Delivered
O037025,CUST037026,R037025,1/13/2023,1245,Card,Cancelled
O037026,CUST037027,R037026,3/19/2019,1294,Card,Delivered
O037027,CUST037028,R037027,3/18/2022,1653,Card,Delivered
O037028,CUST037029,R037028,11/13/2020,1672,UPI,Delivered
O037029,CUST037030,R037029,2/24/2019,757,UPI,Delivered
O037030,CUST037031,R037030,2/21/2025,203,UPI,Delivered
O037031,CUST037032,R037031,3/19/2020,1970,Card,Delivered
O037032,CUST037033,R037032,9/5/2021,1592,UPI,Delivered
O037033,CUST037034,R037033,8/9/2024,1862,UPI,Delivered
O037034,CUST037035,R037034,2/23/2020,387,Card,Delivered
O037035,CUST037036,R037035,12/22/2022,826,COD,Delivered
O037036,CUST037037,R037036,4/25/2019,311,COD,Delivered
O037037,CUST037038,R037037,12/6/2024,240,COD,Delivered
O037038,CUST037039,R037038,10/16/2020,435,COD,Delivered
O037039,CUST037040,R037039,11/10/2023,974,Card,Delivered
O037040,CUST037041,R037040,1/21/2019,840,UPI,Delivered
O037041,CUST037042,R037041,2/2/2021,904,Wallet,Delivered
O037042,CUST037043,R037042,2/12/2025,1002,Wallet,Delivered
O037043,CUST037044,R037043,3/24/2020,769,Wallet,Delivered
O037044,CUST037045,R037044,3/7/2025,1586,Wallet,Delivered
O037045,CUST037046,R037045,3/8/2020,1383,UPI,Cancelled
O037046,CUST037047,R037046,4/10/2019,1523,Wallet,Delivered
O037047,CUST037048,R037047,2/17/2019,1015,UPI,Delivered
O037048,CUST037049,R037048,6/8/2024,436,COD,Delivered
O037049,CUST037050,R037049,8/19/2022,419,Wallet,Delivered
O037050,CUST037051,R037050,10/17/2024,1758,Card,Delivered
O037051,CUST037052,R037051,5/11/2020,1996,COD,Delivered
O037052,CUST037053,R037052,7/4/2025,1776,UPI,Delivered
O037053,CUST037054,R037053,12/16/2021,457,Wallet,Delivered
O037054,CUST037055,R037054,10/24/2023,695,UPI,Delivered
O037055,CUST037056,R037055,7/22/2023,619,Wallet,Delivered
O037056,CUST037057,R037056,5/26/2022,428,Card,Delivered
O037057,CUST037058,R037057,12/4/2022,313,COD,Delivered
O037058,CUST037059,R037058,11/3/2022,1000,UPI,Delivered
O037059,CUST037060,R037059,8/7/2019,1630,Card,Delivered
O037060,CUST037061,R037060,3/27/2020,674,UPI,Delivered
O037061,CUST037062,R037061,10/3/2020,1997,Wallet,Delivered
O037062,CUST037063,R037062,4/14/2024,1048,COD,Delivered
O037063,CUST037064,R037063,10/12/2024,1548,UPI,Delivered
O037064,CUST037065,R037064,1/5/2022,1617,UPI,Delivered
O037065,CUST037066,R037065,4/14/2020,1436,Card,Delivered
O037066,CUST037067,R037066,12/10/2023,502,Card,Delivered
O037067,CUST037068,R037067,6/25/2019,1751,Card,Delivered
O037068,CUST037069,R037068,3/25/2021,662,Wallet,Delivered
O037069,CUST037070,R037069,6/27/2024,900,UPI,Delivered
O037070,CUST037071,R037070,9/20/2025,402,COD,Delivered
O037071,CUST037072,R037071,7/3/2025,1044,COD,Delivered
O037072,CUST037073,R037072,1/8/2024,959,Card,Delivered
O037073,CUST037074,R037073,3/28/2020,718,UPI,Delivered
O037074,CUST037075,R037074,9/4/2025,1519,Wallet,Delivered
O037075,CUST037076,R037075,3/4/2019,1135,UPI,Delivered
O037076,CUST037077,R037076,8/20/2022,1592,Wallet,Delivered
O037077,CUST037078,R037077,6/8/2022,772,Wallet,Delivered
O037078,CUST037079,R037078,9/15/2025,1481,UPI,Delivered
O037079,CUST037080,R037079,3/11/2019,1174,UPI,Delivered
O037080,CUST037081,R037080,12/6/2019,1405,UPI,Delivered
O037081,CUST037082,R037081,7/20/2025,453,Card,Delivered
O037082,CUST037083,R037082,2/21/2025,1529,Wallet,Delivered
O037083,CUST037084,R037083,9/15/2025,193,Card,Delivered
O037084,CUST037085,R037084,10/26/2020,1715,Card,Delivered
O037085,CUST037086,R037085,9/17/2024,576,Card,Cancelled
O037086,CUST037087,R037086,9/3/2021,335,Card,Delivered
O037087,CUST037088,R037087,9/26/2025,246,Card,Delivered
O037088,CUST037089,R037088,6/27/2020,751,Wallet,Delivered
O037089,CUST037090,R037089,7/15/2019,363,COD,Delivered
O037090,CUST037091,R037090,12/18/2022,563,COD,Delivered
O037091,CUST037092,R037091,8/9/2025,1097,COD,Delivered
O037092,CUST037093,R037092,11/5/2021,757,UPI,Delivered
O037093,CUST037094,R037093,11/1/2023,1022,Wallet,Delivered
O037094,CUST037095,R037094,3/14/2020,1125,UPI,Delivered
O037095,CUST037096,R037095,4/5/2024,1145,Wallet,Delivered
O037096,CUST037097,R037096,11/16/2020,1715,Wallet,Delivered
O037097,CUST037098,R037097,12/13/2023,1331,Card,Delivered
O037098,CUST037099,R037098,12/12/2019,236,Card,Delivered
O037099,CUST037100,R037099,9/25/2021,1138,Wallet,Delivered
O037100,CUST037101,R037100,2/8/2025,957,Wallet,Delivered
O037101,CUST037102,R037101,3/21/2019,1637,Wallet,Delivered
O037102,CUST037103,R037102,7/12/2023,1566,Wallet,Delivered
O037103,CUST037104,R037103,1/1/2019,1318,UPI,Delivered
O037104,CUST037105,R037104,3/22/2024,919,Wallet,Delivered
O037105,CUST037106,R037105,7/3/2020,1469,Card,Delivered
O037106,CUST037107,R037106,12/21/2022,1734,Wallet,Delivered
O037107,CUST037108,R037107,2/12/2022,1837,COD,Delivered
O037108,CUST037109,R037108,1/16/2023,1900,Card,Cancelled
O037109,CUST037110,R037109,9/27/2021,1537,Card,Delivered
O037110,CUST037111,R037110,12/10/2020,1521,COD,Delivered
O037111,CUST037112,R037111,7/22/2023,948,UPI,Delivered
O037112,CUST037113,R037112,4/23/2025,477,COD,Delivered
O037113,CUST037114,R037113,5/21/2019,617,COD,Delivered
O037114,CUST037115,R037114,5/4/2025,365,COD,Delivered
O037115,CUST037116,R037115,5/27/2023,1183,UPI,Delivered
O037116,CUST037117,R037116,3/2/2021,934,Card,Cancelled
O037117,CUST037118,R037117,7/4/2024,579,COD,Delivered
O037118,CUST037119,R037118,3/25/2022,1086,UPI,Delivered
O037119,CUST037120,R037119,12/15/2022,636,COD,Delivered
O037120,CUST037121,R037120,10/6/2024,1453,Card,Delivered
O037121,CUST037122,R037121,5/11/2019,1691,COD,Cancelled
O037122,CUST037123,R037122,10/9/2021,1881,UPI,Delivered
O037123,CUST037124,R037123,12/5/2020,1137,UPI,Delivered
O037124,CUST037125,R037124,7/19/2025,1575,Wallet,Delivered
O037125,CUST037126,R037125,8/18/2022,1995,Wallet,Delivered
O037126,CUST037127,R037126,2/22/2021,234,Wallet,Delivered
O037127,CUST037128,R037127,10/14/2023,1926,Card,Delivered
O037128,CUST037129,R037128,1/21/2024,281,Card,Delivered
O037129,CUST037130,R037129,7/25/2025,1562,Card,Delivered
O037130,CUST037131,R037130,3/27/2019,371,COD,Delivered
O037131,CUST037132,R037131,10/20/2022,746,Card,Delivered
O037132,CUST037133,R037132,6/25/2022,786,Card,Delivered
O037133,CUST037134,R037133,5/21/2022,1069,Wallet,Delivered
O037134,CUST037135,R037134,1/5/2021,419,Wallet,Delivered
O037135,CUST037136,R037135,2/6/2021,1925,Card,Delivered
O037136,CUST037137,R037136,9/7/2022,1224,COD,Delivered
O037137,CUST037138,R037137,5/7/2023,1794,UPI,Cancelled
O037138,CUST037139,R037138,12/18/2020,139,Card,Delivered
O037139,CUST037140,R037139,10/23/2024,1464,Wallet,Delivered
O037140,CUST037141,R037140,2/14/2021,1969,Card,Delivered
O037141,CUST037142,R037141,9/22/2024,368,Card,Cancelled
O037142,CUST037143,R037142,2/15/2021,198,Card,Delivered
O037143,CUST037144,R037143,11/27/2022,415,UPI,Delivered
O037144,CUST037145,R037144,7/23/2020,1796,COD,Delivered
O037145,CUST037146,R037145,1/26/2022,830,COD,Delivered
O037146,CUST037147,R037146,11/1/2020,268,Wallet,Cancelled
O037147,CUST037148,R037147,7/20/2022,463,COD,Cancelled
O037148,CUST037149,R037148,6/6/2019,1715,COD,Delivered
O037149,CUST037150,R037149,4/8/2021,1852,COD,Delivered
O037150,CUST037151,R037150,8/2/2025,1455,Wallet,Delivered
O037151,CUST037152,R037151,10/5/2019,810,UPI,Delivered
O037152,CUST037153,R037152,3/4/2024,1571,Wallet,Delivered
O037153,CUST037154,R037153,11/11/2025,1586,Wallet,Delivered
O037154,CUST037155,R037154,5/17/2019,997,Wallet,Delivered
O037155,CUST037156,R037155,9/10/2021,1758,Card,Cancelled
O037156,CUST037157,R037156,1/1/2024,1042,UPI,Delivered
O037157,CUST037158,R037157,9/4/2022,1587,Card,Delivered
O037158,CUST037159,R037158,9/20/2024,447,UPI,Delivered
O037159,CUST037160,R037159,11/24/2020,1263,COD,Delivered
O037160,CUST037161,R037160,10/15/2024,127,Card,Delivered
O037161,CUST037162,R037161,10/1/2023,442,COD,Delivered
O037162,CUST037163,R037162,3/19/2021,1897,Card,Delivered
O037163,CUST037164,R037163,8/24/2025,1071,UPI,Delivered
O037164,CUST037165,R037164,1/28/2021,426,Wallet,Delivered
O037165,CUST037166,R037165,8/27/2022,1231,Wallet,Delivered
O037166,CUST037167,R037166,7/8/2024,488,COD,Delivered
O037167,CUST037168,R037167,2/26/2024,614,COD,Delivered
O037168,CUST037169,R037168,5/4/2023,1549,Card,Delivered
O037169,CUST037170,R037169,10/11/2019,702,COD,Delivered
O037170,CUST037171,R037170,5/27/2024,820,Wallet,Delivered
O037171,CUST037172,R037171,5/11/2021,648,COD,Delivered
O037172,CUST037173,R037172,8/27/2024,942,Wallet,Delivered
O037173,CUST037174,R037173,10/6/2025,1217,COD,Delivered
O037174,CUST037175,R037174,3/4/2020,1576,UPI,Cancelled
O037175,CUST037176,R037175,6/8/2025,1260,UPI,Delivered
O037176,CUST037177,R037176,2/20/2024,1265,Wallet,Delivered
O037177,CUST037178,R037177,6/3/2020,993,COD,Cancelled
O037178,CUST037179,R037178,7/15/2021,421,UPI,Delivered
O037179,CUST037180,R037179,4/12/2019,1621,UPI,Delivered
O037180,CUST037181,R037180,6/17/2023,1703,Card,Delivered
O037181,CUST037182,R037181,7/20/2022,1749,Card,Delivered
O037182,CUST037183,R037182,8/19/2024,383,Card,Delivered
O037183,CUST037184,R037183,3/16/2021,436,Card,Delivered
O037184,CUST037185,R037184,11/20/2021,307,Card,Delivered
O037185,CUST037186,R037185,12/21/2021,558,Wallet,Delivered
O037186,CUST037187,R037186,1/8/2020,119,Card,Delivered
O037187,CUST037188,R037187,3/27/2020,1192,Wallet,Cancelled
O037188,CUST037189,R037188,9/3/2019,919,COD,Delivered
O037189,CUST037190,R037189,8/3/2019,925,COD,Delivered
O037190,CUST037191,R037190,2/25/2022,610,UPI,Delivered
O037191,CUST037192,R037191,12/12/2021,1049,Wallet,Delivered
O037192,CUST037193,R037192,12/6/2021,1734,UPI,Delivered
O037193,CUST037194,R037193,5/12/2020,1363,COD,Delivered
O037194,CUST037195,R037194,1/2/2022,1366,UPI,Delivered
O037195,CUST037196,R037195,8/13/2024,1377,COD,Delivered
O037196,CUST037197,R037196,5/17/2023,1064,UPI,Delivered
O037197,CUST037198,R037197,3/15/2019,1999,Card,Delivered
O037198,CUST037199,R037198,3/16/2023,219,UPI,Delivered
O037199,CUST037200,R037199,10/17/2025,1637,UPI,Delivered
O037200,CUST037201,R037200,9/13/2022,808,Card,Delivered
O037201,CUST037202,R037201,1/25/2023,1547,Card,Delivered
O037202,CUST037203,R037202,11/26/2021,970,Card,Delivered
O037203,CUST037204,R037203,2/19/2022,270,COD,Delivered
O037204,CUST037205,R037204,5/21/2021,1267,Wallet,Delivered
O037205,CUST037206,R037205,4/28/2024,1778,COD,Delivered
O037206,CUST037207,R037206,3/18/2025,693,COD,Delivered
O037207,CUST037208,R037207,4/3/2025,1454,UPI,Delivered
O037208,CUST037209,R037208,12/14/2022,1459,UPI,Cancelled
O037209,CUST037210,R037209,8/7/2021,1108,UPI,Delivered
O037210,CUST037211,R037210,7/16/2024,143,Wallet,Delivered
O037211,CUST037212,R037211,4/19/2019,1275,UPI,Delivered
O037212,CUST037213,R037212,10/18/2023,314,UPI,Delivered
O037213,CUST037214,R037213,4/14/2020,329,Card,Cancelled
O037214,CUST037215,R037214,3/12/2020,1592,Card,Delivered
O037215,CUST037216,R037215,7/27/2024,1188,Wallet,Delivered
O037216,CUST037217,R037216,8/28/2020,1325,Card,Delivered
O037217,CUST037218,R037217,1/22/2021,927,COD,Delivered
O037218,CUST037219,R037218,6/21/2022,506,COD,Delivered
O037219,CUST037220,R037219,12/28/2023,309,COD,Cancelled
O037220,CUST037221,R037220,5/28/2020,1070,COD,Delivered
O037221,CUST037222,R037221,11/9/2019,186,COD,Delivered
O037222,CUST037223,R037222,4/2/2023,1260,Wallet,Delivered
O037223,CUST037224,R037223,7/10/2024,771,COD,Delivered
O037224,CUST037225,R037224,10/28/2019,1070,UPI,Delivered
O037225,CUST037226,R037225,2/13/2020,1831,COD,Delivered
O037226,CUST037227,R037226,1/16/2022,1002,UPI,Delivered
O037227,CUST037228,R037227,7/9/2020,1208,Card,Delivered
O037228,CUST037229,R037228,3/21/2019,1816,UPI,Cancelled
O037229,CUST037230,R037229,7/12/2024,941,UPI,Delivered
O037230,CUST037231,R037230,9/17/2023,544,UPI,Cancelled
O037231,CUST037232,R037231,1/16/2022,166,COD,Delivered
O037232,CUST037233,R037232,8/22/2025,416,Card,Delivered
O037233,CUST037234,R037233,9/22/2024,1872,Card,Delivered
O037234,CUST037235,R037234,5/18/2019,1704,Card,Delivered
O037235,CUST037236,R037235,11/25/2023,1050,Card,Delivered
O037236,CUST037237,R037236,8/20/2024,430,COD,Delivered
O037237,CUST037238,R037237,2/23/2023,687,Wallet,Delivered
O037238,CUST037239,R037238,2/9/2022,559,COD,Delivered
O037239,CUST037240,R037239,11/25/2020,378,COD,Delivered
O037240,CUST037241,R037240,10/4/2021,622,Card,Delivered
O037241,CUST037242,R037241,3/27/2023,1236,Wallet,Delivered
O037242,CUST037243,R037242,1/3/2021,920,Wallet,Delivered
O037243,CUST037244,R037243,7/7/2025,932,Wallet,Delivered
O037244,CUST037245,R037244,5/22/2024,920,UPI,Cancelled
O037245,CUST037246,R037245,1/14/2022,1737,COD,Delivered
O037246,CUST037247,R037246,1/28/2019,1249,UPI,Cancelled
O037247,CUST037248,R037247,7/12/2021,1080,UPI,Delivered
O037248,CUST037249,R037248,5/15/2020,1438,Card,Delivered
O037249,CUST037250,R037249,2/10/2023,1708,UPI,Delivered
O037250,CUST037251,R037250,3/14/2020,108,UPI,Delivered
O037251,CUST037252,R037251,10/15/2022,110,Card,Delivered
O037252,CUST037253,R037252,5/16/2024,485,Card,Delivered
O037253,CUST037254,R037253,1/23/2020,1425,Card,Cancelled
O037254,CUST037255,R037254,6/22/2025,853,COD,Delivered
O037255,CUST037256,R037255,8/26/2021,580,UPI,Delivered
O037256,CUST037257,R037256,5/19/2025,553,COD,Delivered
O037257,CUST037258,R037257,9/16/2021,536,COD,Delivered
O037258,CUST037259,R037258,1/11/2024,465,COD,Delivered
O037259,CUST037260,R037259,1/1/2019,909,Wallet,Cancelled
O037260,CUST037261,R037260,3/6/2023,740,Card,Delivered
O037261,CUST037262,R037261,12/25/2024,1054,UPI,Delivered
O037262,CUST037263,R037262,10/5/2025,1293,COD,Delivered
O037263,CUST037264,R037263,3/9/2020,736,Wallet,Delivered
O037264,CUST037265,R037264,1/10/2024,1671,UPI,Cancelled
O037265,CUST037266,R037265,2/13/2021,102,COD,Delivered
O037266,CUST037267,R037266,6/4/2020,1042,UPI,Delivered
O037267,CUST037268,R037267,4/9/2024,470,Wallet,Delivered
O037268,CUST037269,R037268,4/20/2023,1208,Card,Delivered
O037269,CUST037270,R037269,10/21/2022,213,Card,Delivered
O037270,CUST037271,R037270,5/11/2023,153,UPI,Delivered
O037271,CUST037272,R037271,11/20/2022,256,Card,Delivered
O037272,CUST037273,R037272,9/23/2020,1011,Card,Delivered
O037273,CUST037274,R037273,2/1/2020,1542,Card,Delivered
O037274,CUST037275,R037274,3/20/2025,1143,UPI,Delivered
O037275,CUST037276,R037275,6/5/2021,1337,Card,Delivered
O037276,CUST037277,R037276,9/27/2023,779,Wallet,Delivered
O037277,CUST037278,R037277,8/11/2022,1715,Wallet,Delivered
O037278,CUST037279,R037278,1/14/2019,1202,Wallet,Delivered
O037279,CUST037280,R037279,9/12/2024,1130,UPI,Delivered
O037280,CUST037281,R037280,8/9/2022,1891,Wallet,Delivered
O037281,CUST037282,R037281,2/7/2021,1252,Card,Delivered
O037282,CUST037283,R037282,3/22/2020,605,Wallet,Delivered
O037283,CUST037284,R037283,8/12/2019,1253,UPI,Delivered
O037284,CUST037285,R037284,3/20/2020,299,COD,Delivered
O037285,CUST037286,R037285,7/16/2020,166,Card,Cancelled
O037286,CUST037287,R037286,4/17/2023,1587,Card,Delivered
O037287,CUST037288,R037287,4/23/2022,759,COD,Delivered
O037288,CUST037289,R037288,9/28/2023,113,Card,Cancelled
O037289,CUST037290,R037289,8/28/2020,570,Wallet,Delivered
O037290,CUST037291,R037290,4/5/2024,443,COD,Cancelled
O037291,CUST037292,R037291,11/24/2024,993,COD,Delivered
O037292,CUST037293,R037292,12/7/2025,1237,COD,Delivered
O037293,CUST037294,R037293,1/4/2021,662,Wallet,Delivered
O037294,CUST037295,R037294,3/4/2023,869,UPI,Delivered
O037295,CUST037296,R037295,2/16/2020,1233,Wallet,Delivered
O037296,CUST037297,R037296,6/24/2019,868,Wallet,Delivered
O037297,CUST037298,R037297,2/15/2024,1860,Wallet,Delivered
O037298,CUST037299,R037298,3/11/2022,1728,Card,Delivered
O037299,CUST037300,R037299,9/17/2023,1204,UPI,Delivered
O037300,CUST037301,R037300,12/17/2023,1561,Card,Delivered
O037301,CUST037302,R037301,11/10/2025,1630,UPI,Delivered
O037302,CUST037303,R037302,11/23/2022,722,UPI,Delivered
O037303,CUST037304,R037303,2/20/2024,1960,Card,Delivered
O037304,CUST037305,R037304,6/18/2019,603,COD,Delivered
O037305,CUST037306,R037305,8/4/2022,1865,Card,Delivered
O037306,CUST037307,R037306,6/14/2021,279,Card,Delivered
O037307,CUST037308,R037307,10/27/2023,529,Card,Delivered
O037308,CUST037309,R037308,8/26/2020,421,COD,Delivered
O037309,CUST037310,R037309,11/25/2021,231,Card,Delivered
O037310,CUST037311,R037310,2/3/2023,161,COD,Cancelled
O037311,CUST037312,R037311,11/14/2024,393,Wallet,Delivered
O037312,CUST037313,R037312,1/8/2021,926,UPI,Delivered
O037313,CUST037314,R037313,5/20/2022,750,Wallet,Delivered
O037314,CUST037315,R037314,3/28/2024,820,COD,Delivered
O037315,CUST037316,R037315,2/11/2019,922,Wallet,Delivered
O037316,CUST037317,R037316,6/23/2021,1192,UPI,Delivered
O037317,CUST037318,R037317,2/6/2020,1736,Wallet,Delivered
O037318,CUST037319,R037318,6/7/2019,1229,UPI,Delivered
O037319,CUST037320,R037319,4/9/2025,1368,Wallet,Delivered
O037320,CUST037321,R037320,9/15/2022,909,UPI,Delivered
O037321,CUST037322,R037321,11/14/2021,1982,COD,Delivered
O037322,CUST037323,R037322,11/14/2020,276,Wallet,Delivered
O037323,CUST037324,R037323,4/15/2021,1678,Card,Delivered
O037324,CUST037325,R037324,7/9/2019,1910,Card,Delivered
O037325,CUST037326,R037325,6/3/2020,1555,UPI,Delivered
O037326,CUST037327,R037326,8/15/2024,411,Wallet,Delivered
O037327,CUST037328,R037327,3/23/2024,610,UPI,Delivered
O037328,CUST037329,R037328,8/21/2019,538,Wallet,Delivered
O037329,CUST037330,R037329,5/25/2025,285,Card,Delivered
O037330,CUST037331,R037330,5/1/2022,464,COD,Delivered
O037331,CUST037332,R037331,6/2/2019,889,Wallet,Delivered
O037332,CUST037333,R037332,5/6/2020,1475,UPI,Delivered
O037333,CUST037334,R037333,11/25/2024,525,UPI,Delivered
O037334,CUST037335,R037334,5/1/2023,1599,Wallet,Delivered
O037335,CUST037336,R037335,6/9/2020,948,COD,Cancelled
O037336,CUST037337,R037336,12/10/2023,1332,UPI,Delivered
O037337,CUST037338,R037337,11/3/2023,1526,Wallet,Delivered
O037338,CUST037339,R037338,11/12/2020,1346,UPI,Delivered
O037339,CUST037340,R037339,6/19/2019,1928,UPI,Delivered
O037340,CUST037341,R037340,6/18/2019,1281,Wallet,Delivered
O037341,CUST037342,R037341,11/18/2021,155,Wallet,Delivered
O037342,CUST037343,R037342,1/19/2020,393,UPI,Delivered
O037343,CUST037344,R037343,7/13/2020,508,COD,Delivered
O037344,CUST037345,R037344,9/25/2021,932,COD,Delivered
O037345,CUST037346,R037345,12/7/2020,674,Card,Delivered
O037346,CUST037347,R037346,3/25/2022,570,UPI,Delivered
O037347,CUST037348,R037347,1/2/2019,1120,Wallet,Delivered
O037348,CUST037349,R037348,8/24/2023,991,UPI,Delivered
O037349,CUST037350,R037349,1/18/2023,1550,COD,Delivered
O037350,CUST037351,R037350,8/6/2021,725,Wallet,Delivered
O037351,CUST037352,R037351,7/13/2023,1390,UPI,Cancelled
O037352,CUST037353,R037352,8/12/2024,1088,UPI,Delivered
O037353,CUST037354,R037353,4/5/2024,1326,UPI,Delivered
O037354,CUST037355,R037354,11/19/2019,243,UPI,Delivered
O037355,CUST037356,R037355,9/20/2023,1449,Wallet,Delivered
O037356,CUST037357,R037356,12/14/2025,298,Card,Delivered
O037357,CUST037358,R037357,2/25/2023,1560,Card,Delivered
O037358,CUST037359,R037358,6/16/2020,465,Card,Delivered
O037359,CUST037360,R037359,4/28/2022,230,Card,Cancelled
O037360,CUST037361,R037360,9/24/2020,1747,COD,Delivered
O037361,CUST037362,R037361,5/21/2020,607,Wallet,Delivered
O037362,CUST037363,R037362,9/13/2025,278,COD,Delivered
O037363,CUST037364,R037363,1/16/2019,342,COD,Delivered
O037364,CUST037365,R037364,10/8/2025,1050,COD,Delivered
O037365,CUST037366,R037365,12/7/2021,672,Wallet,Delivered
O037366,CUST037367,R037366,12/27/2019,943,Wallet,Delivered
O037367,CUST037368,R037367,10/13/2019,1046,UPI,Delivered
O037368,CUST037369,R037368,9/2/2023,1103,UPI,Delivered
O037369,CUST037370,R037369,10/15/2022,1859,COD,Delivered
O037370,CUST037371,R037370,8/12/2024,1178,UPI,Delivered
O037371,CUST037372,R037371,6/11/2020,1983,UPI,Delivered
O037372,CUST037373,R037372,5/24/2024,858,UPI,Delivered
O037373,CUST037374,R037373,1/6/2021,1407,UPI,Delivered
O037374,CUST037375,R037374,12/15/2022,399,UPI,Cancelled
O037375,CUST037376,R037375,7/22/2023,322,Card,Delivered
O037376,CUST037377,R037376,9/11/2021,132,UPI,Delivered
O037377,CUST037378,R037377,2/2/2022,1678,Wallet,Delivered
O037378,CUST037379,R037378,1/17/2021,1428,COD,Delivered
O037379,CUST037380,R037379,4/19/2022,1654,COD,Cancelled
O037380,CUST037381,R037380,10/11/2023,1757,Card,Delivered
O037381,CUST037382,R037381,12/15/2024,1815,Card,Cancelled
O037382,CUST037383,R037382,7/26/2021,1682,UPI,Cancelled
O037383,CUST037384,R037383,7/10/2020,1933,COD,Delivered
O037384,CUST037385,R037384,8/21/2019,798,UPI,Delivered
O037385,CUST037386,R037385,1/22/2023,334,COD,Delivered
O037386,CUST037387,R037386,3/16/2020,219,COD,Delivered
O037387,CUST037388,R037387,2/26/2019,265,COD,Delivered
O037388,CUST037389,R037388,7/25/2021,1077,UPI,Delivered
O037389,CUST037390,R037389,6/28/2023,844,Card,Delivered
O037390,CUST037391,R037390,7/2/2019,489,COD,Delivered
O037391,CUST037392,R037391,7/27/2025,1045,UPI,Delivered
O037392,CUST037393,R037392,7/14/2024,425,COD,Delivered
O037393,CUST037394,R037393,2/5/2020,1373,Card,Delivered
O037394,CUST037395,R037394,8/9/2019,1606,COD,Cancelled
O037395,CUST037396,R037395,5/7/2019,1790,Wallet,Delivered
O037396,CUST037397,R037396,3/4/2021,1025,Wallet,Delivered
O037397,CUST037398,R037397,7/16/2023,1470,Wallet,Delivered
O037398,CUST037399,R037398,9/16/2025,1852,COD,Delivered
O037399,CUST037400,R037399,2/21/2020,1736,Wallet,Delivered
O037400,CUST037401,R037400,7/8/2019,1776,Card,Delivered
O037401,CUST037402,R037401,6/20/2025,693,Card,Delivered
O037402,CUST037403,R037402,9/23/2025,1516,Card,Delivered
O037403,CUST037404,R037403,7/24/2019,280,Card,Delivered
O037404,CUST037405,R037404,3/22/2020,660,Card,Delivered
O037405,CUST037406,R037405,4/23/2024,707,Card,Delivered
O037406,CUST037407,R037406,5/28/2022,1034,COD,Delivered
O037407,CUST037408,R037407,8/4/2019,377,COD,Delivered
O037408,CUST037409,R037408,5/4/2021,1406,UPI,Delivered
O037409,CUST037410,R037409,1/6/2025,642,Card,Delivered
O037410,CUST037411,R037410,5/28/2023,1087,COD,Delivered
O037411,CUST037412,R037411,4/11/2025,1512,UPI,Delivered
O037412,CUST037413,R037412,10/15/2022,1065,Wallet,Delivered
O037413,CUST037414,R037413,11/2/2023,1821,Card,Delivered
O037414,CUST037415,R037414,11/20/2023,215,Card,Delivered
O037415,CUST037416,R037415,3/11/2020,1988,Card,Delivered
O037416,CUST037417,R037416,6/26/2024,372,UPI,Delivered
O037417,CUST037418,R037417,8/25/2020,1716,Card,Cancelled
O037418,CUST037419,R037418,8/24/2022,751,COD,Delivered
O037419,CUST037420,R037419,5/27/2024,189,COD,Delivered
O037420,CUST037421,R037420,5/20/2022,420,COD,Delivered
O037421,CUST037422,R037421,6/6/2022,1493,COD,Delivered
O037422,CUST037423,R037422,5/6/2023,1698,Card,Delivered
O037423,CUST037424,R037423,1/1/2019,1306,Wallet,Delivered
O037424,CUST037425,R037424,8/12/2023,666,Wallet,Delivered
O037425,CUST037426,R037425,3/3/2020,1216,COD,Delivered
O037426,CUST037427,R037426,8/5/2021,1481,Wallet,Delivered
O037427,CUST037428,R037427,10/15/2023,843,Wallet,Delivered
O037428,CUST037429,R037428,4/8/2022,1603,Card,Delivered
O037429,CUST037430,R037429,5/27/2021,1001,Wallet,Delivered
O037430,CUST037431,R037430,8/7/2020,1377,Card,Delivered
O037431,CUST037432,R037431,8/18/2022,368,UPI,Delivered
O037432,CUST037433,R037432,1/22/2019,1177,Card,Delivered
O037433,CUST037434,R037433,9/14/2019,1938,Card,Delivered
O037434,CUST037435,R037434,2/28/2024,396,Card,Cancelled
O037435,CUST037436,R037435,10/16/2022,1850,Card,Delivered
O037436,CUST037437,R037436,9/23/2021,921,UPI,Delivered
O037437,CUST037438,R037437,5/27/2024,283,COD,Delivered
O037438,CUST037439,R037438,11/25/2022,833,Wallet,Delivered
O037439,CUST037440,R037439,9/8/2021,208,COD,Delivered
O037440,CUST037441,R037440,4/24/2023,502,COD,Cancelled
O037441,CUST037442,R037441,8/2/2025,1394,COD,Delivered
O037442,CUST037443,R037442,10/8/2021,618,Wallet,Delivered
O037443,CUST037444,R037443,8/1/2020,1168,UPI,Delivered
O037444,CUST037445,R037444,11/13/2024,1039,Wallet,Delivered
O037445,CUST037446,R037445,3/3/2021,1328,UPI,Delivered
O037446,CUST037447,R037446,10/11/2021,1555,COD,Delivered
O037447,CUST037448,R037447,11/9/2022,1485,UPI,Delivered
O037448,CUST037449,R037448,11/13/2024,1043,UPI,Delivered
O037449,CUST037450,R037449,6/19/2022,1165,Wallet,Delivered
O037450,CUST037451,R037450,2/1/2021,850,Card,Cancelled
O037451,CUST037452,R037451,2/14/2019,1923,Wallet,Cancelled
O037452,CUST037453,R037452,7/10/2025,1472,UPI,Cancelled
O037453,CUST037454,R037453,12/12/2019,1592,Card,Delivered
O037454,CUST037455,R037454,2/19/2024,1639,Card,Delivered
O037455,CUST037456,R037455,12/17/2025,489,Card,Delivered
O037456,CUST037457,R037456,8/17/2019,356,Card,Delivered
O037457,CUST037458,R037457,9/19/2023,228,Card,Delivered
O037458,CUST037459,R037458,9/20/2020,517,Wallet,Delivered
O037459,CUST037460,R037459,6/6/2024,1799,Card,Delivered
O037460,CUST037461,R037460,11/25/2021,1101,Wallet,Delivered
O037461,CUST037462,R037461,6/1/2024,834,Card,Delivered
O037462,CUST037463,R037462,12/28/2022,783,COD,Delivered
O037463,CUST037464,R037463,9/24/2021,510,COD,Cancelled
O037464,CUST037465,R037464,3/10/2020,687,Wallet,Delivered
O037465,CUST037466,R037465,11/5/2022,1579,UPI,Delivered
O037466,CUST037467,R037466,12/9/2021,1209,COD,Delivered
O037467,CUST037468,R037467,12/28/2022,1255,UPI,Cancelled
O037468,CUST037469,R037468,3/12/2019,148,COD,Delivered
O037469,CUST037470,R037469,1/19/2021,984,UPI,Delivered
O037470,CUST037471,R037470,5/13/2025,1920,UPI,Delivered
O037471,CUST037472,R037471,9/14/2020,134,UPI,Delivered
O037472,CUST037473,R037472,7/15/2024,1589,UPI,Cancelled
O037473,CUST037474,R037473,10/20/2025,761,UPI,Delivered
O037474,CUST037475,R037474,2/24/2019,1463,Card,Delivered
O037475,CUST037476,R037475,4/25/2022,890,Card,Delivered
O037476,CUST037477,R037476,5/19/2023,125,UPI,Delivered
O037477,CUST037478,R037477,12/20/2023,304,COD,Delivered
O037478,CUST037479,R037478,7/27/2024,1240,Card,Delivered
O037479,CUST037480,R037479,7/11/2021,111,Card,Delivered
O037480,CUST037481,R037480,8/22/2024,876,UPI,Delivered
O037481,CUST037482,R037481,7/6/2023,1143,Wallet,Delivered
O037482,CUST037483,R037482,2/1/2021,1072,UPI,Delivered
O037483,CUST037484,R037483,1/14/2021,1964,Wallet,Delivered
O037484,CUST037485,R037484,6/17/2025,1189,UPI,Delivered
O037485,CUST037486,R037485,1/16/2019,223,Card,Delivered
O037486,CUST037487,R037486,12/13/2023,1818,Card,Delivered
O037487,CUST037488,R037487,3/12/2020,1550,Card,Cancelled
O037488,CUST037489,R037488,9/26/2020,1108,Wallet,Delivered
O037489,CUST037490,R037489,12/27/2023,1181,UPI,Delivered
O037490,CUST037491,R037490,4/21/2021,523,COD,Delivered
O037491,CUST037492,R037491,10/28/2020,395,COD,Delivered
O037492,CUST037493,R037492,4/27/2024,198,Card,Delivered
O037493,CUST037494,R037493,1/26/2024,921,COD,Delivered
O037494,CUST037495,R037494,11/7/2021,298,Card,Delivered
O037495,CUST037496,R037495,2/4/2024,1116,Wallet,Delivered
O037496,CUST037497,R037496,4/9/2023,729,COD,Delivered
O037497,CUST037498,R037497,8/26/2020,849,UPI,Delivered
O037498,CUST037499,R037498,9/10/2021,1741,COD,Delivered
O037499,CUST037500,R037499,12/14/2020,911,UPI,Delivered
O037500,CUST037501,R037500,11/6/2022,1166,UPI,Delivered
O037501,CUST037502,R037501,3/21/2022,1780,Wallet,Delivered
O037502,CUST037503,R037502,10/11/2023,799,UPI,Delivered
O037503,CUST037504,R037503,4/15/2020,139,UPI,Delivered
O037504,CUST037505,R037504,4/15/2021,1912,Card,Delivered
O037505,CUST037506,R037505,8/21/2021,305,Card,Cancelled
O037506,CUST037507,R037506,4/20/2019,1593,Card,Delivered
O037507,CUST037508,R037507,9/16/2019,1816,Card,Cancelled
O037508,CUST037509,R037508,10/26/2019,906,Card,Delivered
O037509,CUST037510,R037509,6/18/2025,345,Card,Delivered
O037510,CUST037511,R037510,11/21/2022,640,Wallet,Delivered
O037511,CUST037512,R037511,3/5/2020,512,COD,Delivered
O037512,CUST037513,R037512,5/24/2020,532,COD,Delivered
O037513,CUST037514,R037513,8/3/2019,783,COD,Delivered
O037514,CUST037515,R037514,8/2/2022,1397,Wallet,Delivered
O037515,CUST037516,R037515,5/6/2023,950,COD,Delivered
O037516,CUST037517,R037516,11/10/2022,571,COD,Delivered
O037517,CUST037518,R037517,11/24/2025,765,UPI,Cancelled
O037518,CUST037519,R037518,2/12/2025,1584,COD,Delivered
O037519,CUST037520,R037519,12/26/2019,1144,Wallet,Delivered
O037520,CUST037521,R037520,10/8/2023,1235,Wallet,Delivered
O037521,CUST037522,R037521,1/17/2025,1295,UPI,Delivered
O037522,CUST037523,R037522,4/8/2022,1623,UPI,Cancelled
O037523,CUST037524,R037523,9/12/2024,1918,UPI,Delivered
O037524,CUST037525,R037524,12/14/2023,1789,Card,Delivered
O037525,CUST037526,R037525,3/15/2019,444,Card,Delivered
O037526,CUST037527,R037526,2/22/2023,1346,UPI,Cancelled
O037527,CUST037528,R037527,6/21/2024,773,COD,Delivered
O037528,CUST037529,R037528,11/24/2020,495,UPI,Delivered
O037529,CUST037530,R037529,7/16/2020,187,COD,Delivered
O037530,CUST037531,R037530,12/16/2022,426,Card,Delivered
O037531,CUST037532,R037531,6/9/2025,311,COD,Delivered
O037532,CUST037533,R037532,2/28/2021,760,Wallet,Delivered
O037533,CUST037534,R037533,1/5/2019,852,Card,Delivered
O037534,CUST037535,R037534,1/27/2025,955,UPI,Delivered
O037535,CUST037536,R037535,4/3/2022,1711,COD,Delivered
O037536,CUST037537,R037536,5/7/2025,645,Wallet,Delivered
O037537,CUST037538,R037537,4/8/2020,1580,UPI,Delivered
O037538,CUST037539,R037538,11/9/2021,1962,COD,Delivered
O037539,CUST037540,R037539,7/4/2021,1006,UPI,Delivered
O037540,CUST037541,R037540,12/7/2025,389,Wallet,Delivered
O037541,CUST037542,R037541,3/19/2024,1123,UPI,Delivered
O037542,CUST037543,R037542,1/20/2022,1705,Card,Delivered
O037543,CUST037544,R037543,12/10/2022,1943,UPI,Delivered
O037544,CUST037545,R037544,7/19/2025,1877,Card,Delivered
O037545,CUST037546,R037545,6/22/2025,867,UPI,Delivered
O037546,CUST037547,R037546,9/27/2020,1655,UPI,Delivered
O037547,CUST037548,R037547,1/21/2025,572,Wallet,Delivered
O037548,CUST037549,R037548,7/26/2024,803,Card,Delivered
O037549,CUST037550,R037549,7/16/2022,305,Wallet,Delivered
O037550,CUST037551,R037550,12/2/2021,1197,Wallet,Delivered
O037551,CUST037552,R037551,3/6/2021,1117,Wallet,Delivered
O037552,CUST037553,R037552,8/4/2023,1050,UPI,Delivered
O037553,CUST037554,R037553,8/9/2025,1489,Wallet,Delivered
O037554,CUST037555,R037554,5/6/2020,1211,UPI,Delivered
O037555,CUST037556,R037555,10/21/2025,514,Wallet,Delivered
O037556,CUST037557,R037556,4/11/2020,1098,UPI,Delivered
O037557,CUST037558,R037557,7/20/2025,194,Card,Cancelled
O037558,CUST037559,R037558,5/23/2023,1968,Card,Delivered
O037559,CUST037560,R037559,3/14/2022,1699,UPI,Cancelled
O037560,CUST037561,R037560,10/24/2023,610,Card,Delivered
O037561,CUST037562,R037561,8/26/2024,1859,Card,Delivered
O037562,CUST037563,R037562,10/27/2020,349,Wallet,Delivered
O037563,CUST037564,R037563,3/4/2024,396,COD,Cancelled
O037564,CUST037565,R037564,5/22/2024,907,COD,Delivered
O037565,CUST037566,R037565,3/5/2021,1157,Card,Delivered
O037566,CUST037567,R037566,4/3/2020,583,COD,Delivered
O037567,CUST037568,R037567,12/1/2020,828,UPI,Delivered
O037568,CUST037569,R037568,5/15/2019,1185,COD,Delivered
O037569,CUST037570,R037569,11/23/2022,714,Wallet,Delivered
O037570,CUST037571,R037570,3/14/2020,1712,Wallet,Delivered
O037571,CUST037572,R037571,3/10/2023,1584,Card,Delivered
O037572,CUST037573,R037572,12/17/2024,1358,UPI,Delivered
O037573,CUST037574,R037573,2/19/2020,1281,Card,Delivered
O037574,CUST037575,R037574,1/7/2024,1476,UPI,Delivered
O037575,CUST037576,R037575,10/21/2020,568,UPI,Delivered
O037576,CUST037577,R037576,9/13/2025,1918,Card,Delivered
O037577,CUST037578,R037577,4/17/2021,567,COD,Delivered
O037578,CUST037579,R037578,3/2/2023,1786,Card,Delivered
O037579,CUST037580,R037579,1/12/2025,199,Card,Cancelled
O037580,CUST037581,R037580,1/26/2022,443,Card,Delivered
O037581,CUST037582,R037581,7/25/2023,802,Wallet,Delivered
O037582,CUST037583,R037582,8/25/2024,375,COD,Delivered
O037583,CUST037584,R037583,3/8/2019,439,COD,Cancelled
O037584,CUST037585,R037584,9/19/2023,677,Wallet,Delivered
O037585,CUST037586,R037585,4/11/2021,1466,UPI,Delivered
O037586,CUST037587,R037586,3/1/2020,645,Wallet,Delivered
O037587,CUST037588,R037587,9/26/2021,709,COD,Delivered
O037588,CUST037589,R037588,9/9/2019,767,Wallet,Delivered
O037589,CUST037590,R037589,3/21/2025,1106,UPI,Delivered
O037590,CUST037591,R037590,4/5/2019,1657,COD,Cancelled
O037591,CUST037592,R037591,12/6/2025,1018,UPI,Delivered
O037592,CUST037593,R037592,6/7/2024,1326,Wallet,Delivered
O037593,CUST037594,R037593,8/14/2023,818,Wallet,Delivered
O037594,CUST037595,R037594,7/13/2022,1892,Card,Cancelled
O037595,CUST037596,R037595,11/13/2021,229,Wallet,Delivered
O037596,CUST037597,R037596,8/12/2024,1572,Card,Cancelled
O037597,CUST037598,R037597,11/7/2022,1766,Card,Delivered
O037598,CUST037599,R037598,9/2/2019,1667,Wallet,Delivered
O037599,CUST037600,R037599,6/17/2024,262,COD,Delivered
O037600,CUST037601,R037600,12/21/2022,324,UPI,Delivered
O037601,CUST037602,R037601,6/19/2021,427,Wallet,Delivered
O037602,CUST037603,R037602,5/23/2020,200,Card,Delivered
O037603,CUST037604,R037603,4/27/2019,384,COD,Delivered
O037604,CUST037605,R037604,8/28/2020,808,Wallet,Delivered
O037605,CUST037606,R037605,5/2/2020,1434,UPI,Cancelled
O037606,CUST037607,R037606,2/23/2023,479,Wallet,Delivered
O037607,CUST037608,R037607,5/28/2022,1508,Wallet,Cancelled
O037608,CUST037609,R037608,7/7/2023,862,COD,Cancelled
O037609,CUST037610,R037609,4/9/2020,1188,UPI,Delivered
O037610,CUST037611,R037610,2/2/2024,1427,Wallet,Delivered
O037611,CUST037612,R037611,6/11/2025,1458,UPI,Cancelled
O037612,CUST037613,R037612,9/18/2019,1778,UPI,Delivered
O037613,CUST037614,R037613,9/15/2021,1127,Wallet,Delivered
O037614,CUST037615,R037614,2/13/2023,1945,COD,Delivered
O037615,CUST037616,R037615,12/18/2020,1933,UPI,Delivered
O037616,CUST037617,R037616,2/11/2020,1901,Card,Delivered
O037617,CUST037618,R037617,12/22/2024,425,Card,Delivered
O037618,CUST037619,R037618,6/27/2022,162,Wallet,Delivered
O037619,CUST037620,R037619,9/18/2023,1996,Wallet,Delivered
O037620,CUST037621,R037620,8/23/2024,706,Wallet,Delivered
O037621,CUST037622,R037621,9/16/2025,906,Wallet,Delivered
O037622,CUST037623,R037622,3/17/2019,1407,COD,Delivered
O037623,CUST037624,R037623,10/3/2020,582,Wallet,Delivered
O037624,CUST037625,R037624,6/12/2023,1540,UPI,Delivered
O037625,CUST037626,R037625,7/11/2025,977,UPI,Delivered
O037626,CUST037627,R037626,11/3/2024,1172,Wallet,Delivered
O037627,CUST037628,R037627,3/17/2019,1990,UPI,Delivered
O037628,CUST037629,R037628,4/18/2025,1088,Wallet,Delivered
O037629,CUST037630,R037629,4/12/2025,1989,Card,Delivered
O037630,CUST037631,R037630,4/23/2022,1481,Card,Delivered
O037631,CUST037632,R037631,12/14/2024,380,Card,Delivered
O037632,CUST037633,R037632,6/25/2020,139,UPI,Delivered
O037633,CUST037634,R037633,8/23/2023,1700,COD,Delivered
O037634,CUST037635,R037634,8/18/2023,567,Wallet,Delivered
O037635,CUST037636,R037635,2/11/2025,135,Card,Delivered
O037636,CUST037637,R037636,9/15/2020,198,COD,Delivered
O037637,CUST037638,R037637,10/7/2019,1156,Card,Delivered
O037638,CUST037639,R037638,10/6/2020,1085,Wallet,Delivered
O037639,CUST037640,R037639,6/26/2024,832,Wallet,Delivered
O037640,CUST037641,R037640,11/11/2021,896,Wallet,Delivered
O037641,CUST037642,R037641,6/28/2020,704,Wallet,Delivered
O037642,CUST037643,R037642,7/14/2020,1780,COD,Delivered
O037643,CUST037644,R037643,9/5/2020,1141,UPI,Delivered
O037644,CUST037645,R037644,7/9/2019,1941,UPI,Delivered
O037645,CUST037646,R037645,8/22/2019,767,Wallet,Delivered
O037646,CUST037647,R037646,2/5/2024,1318,UPI,Delivered
O037647,CUST037648,R037647,1/15/2023,183,UPI,Cancelled
O037648,CUST037649,R037648,3/21/2019,285,Card,Delivered
O037649,CUST037650,R037649,1/9/2024,1889,COD,Delivered
O037650,CUST037651,R037650,6/1/2021,1785,UPI,Delivered
O037651,CUST037652,R037651,8/16/2025,178,Wallet,Delivered
O037652,CUST037653,R037652,8/27/2019,448,UPI,Cancelled
O037653,CUST037654,R037653,8/21/2023,556,Card,Delivered
O037654,CUST037655,R037654,6/25/2022,321,Card,Delivered
O037655,CUST037656,R037655,6/8/2020,1603,UPI,Cancelled
O037656,CUST037657,R037656,3/19/2021,1847,COD,Delivered
O037657,CUST037658,R037657,1/20/2019,751,UPI,Delivered
O037658,CUST037659,R037658,3/20/2023,113,Card,Delivered
O037659,CUST037660,R037659,8/15/2020,128,Card,Delivered
O037660,CUST037661,R037660,3/25/2022,179,Card,Delivered
O037661,CUST037662,R037661,9/4/2025,997,Wallet,Delivered
O037662,CUST037663,R037662,4/28/2023,744,Card,Delivered
O037663,CUST037664,R037663,2/1/2023,639,COD,Delivered
O037664,CUST037665,R037664,10/26/2024,889,UPI,Delivered
O037665,CUST037666,R037665,11/13/2020,270,Card,Delivered
O037666,CUST037667,R037666,10/3/2022,1268,Card,Delivered
O037667,CUST037668,R037667,8/8/2019,1076,COD,Delivered
O037668,CUST037669,R037668,6/6/2024,1646,Wallet,Delivered
O037669,CUST037670,R037669,1/2/2022,940,Wallet,Delivered
O037670,CUST037671,R037670,9/14/2021,1380,Wallet,Delivered
O037671,CUST037672,R037671,3/15/2023,1805,Card,Delivered
O037672,CUST037673,R037672,9/20/2025,1694,Wallet,Delivered
O037673,CUST037674,R037673,5/6/2024,1697,Card,Delivered
O037674,CUST037675,R037674,2/18/2019,614,Card,Delivered
O037675,CUST037676,R037675,4/22/2023,1373,Card,Delivered
O037676,CUST037677,R037676,5/24/2025,255,Card,Delivered
O037677,CUST037678,R037677,2/21/2023,549,Card,Delivered
O037678,CUST037679,R037678,5/22/2020,553,Card,Delivered
O037679,CUST037680,R037679,9/26/2022,885,COD,Cancelled
O037680,CUST037681,R037680,3/2/2021,1878,COD,Delivered
O037681,CUST037682,R037681,6/1/2021,1306,UPI,Delivered
O037682,CUST037683,R037682,3/4/2024,601,COD,Delivered
O037683,CUST037684,R037683,11/26/2019,997,COD,Delivered
O037684,CUST037685,R037684,11/9/2025,1421,Wallet,Delivered
O037685,CUST037686,R037685,5/17/2021,421,COD,Delivered
O037686,CUST037687,R037686,8/1/2019,1357,UPI,Delivered
O037687,CUST037688,R037687,2/13/2019,1608,UPI,Delivered
O037688,CUST037689,R037688,10/3/2023,1474,Card,Delivered
O037689,CUST037690,R037689,9/18/2022,1947,Wallet,Delivered
O037690,CUST037691,R037690,10/15/2025,1606,Card,Cancelled
O037691,CUST037692,R037691,8/23/2023,641,COD,Delivered
O037692,CUST037693,R037692,6/26/2020,1940,COD,Delivered
O037693,CUST037694,R037693,8/18/2024,1923,COD,Delivered
O037694,CUST037695,R037694,2/4/2019,1351,COD,Delivered
O037695,CUST037696,R037695,6/5/2020,1657,Card,Cancelled
O037696,CUST037697,R037696,3/26/2024,1084,COD,Delivered
O037697,CUST037698,R037697,11/10/2025,576,Wallet,Delivered
O037698,CUST037699,R037698,7/5/2025,1132,COD,Delivered
O037699,CUST037700,R037699,4/2/2022,1401,COD,Delivered
O037700,CUST037701,R037700,2/14/2024,806,UPI,Delivered
O037701,CUST037702,R037701,3/6/2023,1562,Card,Delivered
O037702,CUST037703,R037702,8/26/2020,1102,Wallet,Delivered
O037703,CUST037704,R037703,8/5/2019,1222,UPI,Delivered
O037704,CUST037705,R037704,4/17/2025,262,Wallet,Delivered
O037705,CUST037706,R037705,5/21/2024,1600,Card,Delivered
O037706,CUST037707,R037706,4/12/2019,1540,Card,Delivered
O037707,CUST037708,R037707,2/26/2019,252,Card,Cancelled
O037708,CUST037709,R037708,12/14/2020,1700,UPI,Delivered
O037709,CUST037710,R037709,8/21/2023,874,UPI,Delivered
O037710,CUST037711,R037710,12/20/2025,236,COD,Delivered
O037711,CUST037712,R037711,7/27/2025,748,Wallet,Delivered
O037712,CUST037713,R037712,10/5/2023,128,COD,Delivered
O037713,CUST037714,R037713,3/23/2019,423,COD,Cancelled
O037714,CUST037715,R037714,6/1/2025,1179,COD,Delivered
O037715,CUST037716,R037715,5/7/2025,762,COD,Delivered
O037716,CUST037717,R037716,4/28/2021,1013,UPI,Delivered
O037717,CUST037718,R037717,8/12/2022,890,Wallet,Delivered
O037718,CUST037719,R037718,11/2/2024,1185,UPI,Delivered
O037719,CUST037720,R037719,11/7/2019,1200,Wallet,Delivered
O037720,CUST037721,R037720,8/8/2019,1807,UPI,Delivered
O037721,CUST037722,R037721,9/11/2024,1316,Card,Delivered
O037722,CUST037723,R037722,10/23/2025,1503,Wallet,Delivered
O037723,CUST037724,R037723,10/6/2025,1754,Card,Delivered
O037724,CUST037725,R037724,10/22/2019,1881,Wallet,Delivered
O037725,CUST037726,R037725,6/15/2023,1392,UPI,Delivered
O037726,CUST037727,R037726,3/11/2025,1513,UPI,Delivered
O037727,CUST037728,R037727,9/18/2022,1554,Card,Delivered
O037728,CUST037729,R037728,12/24/2024,441,Card,Delivered
O037729,CUST037730,R037729,7/16/2022,245,UPI,Delivered
O037730,CUST037731,R037730,10/17/2019,1980,Card,Delivered
O037731,CUST037732,R037731,2/18/2020,374,COD,Delivered
O037732,CUST037733,R037732,10/5/2025,1399,Card,Delivered
O037733,CUST037734,R037733,11/24/2020,996,Wallet,Delivered
O037734,CUST037735,R037734,8/27/2023,549,Card,Delivered
O037735,CUST037736,R037735,11/26/2020,692,COD,Delivered
O037736,CUST037737,R037736,9/22/2023,424,COD,Cancelled
O037737,CUST037738,R037737,6/10/2020,608,COD,Delivered
O037738,CUST037739,R037738,1/3/2022,1544,Wallet,Delivered
O037739,CUST037740,R037739,7/8/2025,1129,COD,Delivered
O037740,CUST037741,R037740,3/27/2022,1169,UPI,Cancelled
O037741,CUST037742,R037741,7/11/2022,1959,COD,Delivered
O037742,CUST037743,R037742,9/18/2024,874,UPI,Delivered
O037743,CUST037744,R037743,5/12/2019,1640,UPI,Delivered
O037744,CUST037745,R037744,10/13/2022,1890,Wallet,Delivered
O037745,CUST037746,R037745,12/14/2020,1190,UPI,Delivered
O037746,CUST037747,R037746,7/19/2021,613,UPI,Delivered
O037747,CUST037748,R037747,3/22/2023,1352,UPI,Cancelled
O037748,CUST037749,R037748,2/21/2022,779,Card,Delivered
O037749,CUST037750,R037749,1/17/2020,1941,UPI,Delivered
O037750,CUST037751,R037750,4/22/2020,225,COD,Delivered
O037751,CUST037752,R037751,1/26/2022,1160,Card,Delivered
O037752,CUST037753,R037752,4/9/2019,1795,Card,Delivered
O037753,CUST037754,R037753,7/21/2025,829,UPI,Delivered
O037754,CUST037755,R037754,3/5/2024,1053,COD,Delivered
O037755,CUST037756,R037755,7/27/2022,490,Wallet,Delivered
O037756,CUST037757,R037756,1/7/2021,1430,Card,Cancelled
O037757,CUST037758,R037757,4/8/2024,661,UPI,Delivered
O037758,CUST037759,R037758,7/9/2022,1298,UPI,Delivered
O037759,CUST037760,R037759,4/5/2021,1669,UPI,Cancelled
O037760,CUST037761,R037760,9/3/2023,1395,Card,Delivered
O037761,CUST037762,R037761,7/24/2022,823,Wallet,Delivered
O037762,CUST037763,R037762,7/25/2025,1141,UPI,Delivered
O037763,CUST037764,R037763,12/22/2023,443,COD,Delivered
O037764,CUST037765,R037764,5/26/2020,315,COD,Delivered
O037765,CUST037766,R037765,2/25/2024,113,Card,Cancelled
O037766,CUST037767,R037766,6/22/2023,874,COD,Delivered
O037767,CUST037768,R037767,6/6/2020,251,COD,Delivered
O037768,CUST037769,R037768,4/2/2020,1030,Wallet,Delivered
O037769,CUST037770,R037769,1/7/2021,585,COD,Delivered
O037770,CUST037771,R037770,11/26/2021,706,Wallet,Delivered
O037771,CUST037772,R037771,11/10/2025,1386,COD,Delivered
O037772,CUST037773,R037772,3/13/2019,1328,UPI,Delivered
O037773,CUST037774,R037773,2/4/2025,1012,UPI,Delivered
O037774,CUST037775,R037774,3/18/2024,1626,Wallet,Delivered
O037775,CUST037776,R037775,5/6/2024,757,Wallet,Delivered
O037776,CUST037777,R037776,3/17/2025,103,Wallet,Delivered
O037777,CUST037778,R037777,7/13/2024,1832,Card,Delivered
O037778,CUST037779,R037778,10/19/2019,221,Card,Delivered
O037779,CUST037780,R037779,11/19/2023,1503,Card,Delivered
O037780,CUST037781,R037780,12/15/2020,1768,UPI,Delivered
O037781,CUST037782,R037781,3/25/2024,690,UPI,Delivered
O037782,CUST037783,R037782,7/17/2021,202,Card,Delivered
O037783,CUST037784,R037783,11/20/2021,497,COD,Delivered
O037784,CUST037785,R037784,7/4/2020,107,COD,Delivered
O037785,CUST037786,R037785,12/23/2021,421,Wallet,Delivered
O037786,CUST037787,R037786,5/27/2019,672,Card,Delivered
O037787,CUST037788,R037787,12/28/2022,1242,Wallet,Delivered
O037788,CUST037789,R037788,5/3/2025,1055,Wallet,Delivered
O037789,CUST037790,R037789,2/12/2020,731,Wallet,Delivered
O037790,CUST037791,R037790,8/23/2024,1493,UPI,Delivered
O037791,CUST037792,R037791,9/14/2019,1782,COD,Delivered
O037792,CUST037793,R037792,4/1/2024,1293,UPI,Delivered
O037793,CUST037794,R037793,4/10/2024,1384,Wallet,Delivered
O037794,CUST037795,R037794,11/20/2019,1254,UPI,Delivered
O037795,CUST037796,R037795,7/15/2023,1524,UPI,Delivered
O037796,CUST037797,R037796,5/11/2025,1774,Wallet,Delivered
O037797,CUST037798,R037797,11/12/2024,1385,Card,Delivered
O037798,CUST037799,R037798,6/14/2025,290,UPI,Delivered
O037799,CUST037800,R037799,8/20/2022,1061,UPI,Delivered
O037800,CUST037801,R037800,2/19/2019,667,COD,Delivered
O037801,CUST037802,R037801,7/22/2024,606,Wallet,Delivered
O037802,CUST037803,R037802,6/18/2023,108,Card,Cancelled
O037803,CUST037804,R037803,6/14/2019,346,Card,Delivered
O037804,CUST037805,R037804,11/5/2023,269,COD,Delivered
O037805,CUST037806,R037805,12/26/2024,713,Wallet,Delivered
O037806,CUST037807,R037806,3/3/2021,762,UPI,Delivered
O037807,CUST037808,R037807,7/26/2019,870,UPI,Delivered
O037808,CUST037809,R037808,1/2/2025,1630,Card,Delivered
O037809,CUST037810,R037809,4/6/2021,545,COD,Delivered
O037810,CUST037811,R037810,7/7/2019,1046,UPI,Delivered
O037811,CUST037812,R037811,6/8/2025,1807,COD,Delivered
O037812,CUST037813,R037812,2/2/2022,851,Wallet,Delivered
O037813,CUST037814,R037813,6/14/2023,284,Wallet,Delivered
O037814,CUST037815,R037814,10/17/2019,1279,UPI,Delivered
O037815,CUST037816,R037815,5/22/2023,1626,Card,Cancelled
O037816,CUST037817,R037816,2/8/2021,1857,Wallet,Delivered
O037817,CUST037818,R037817,5/17/2025,1786,Card,Delivered
O037818,CUST037819,R037818,8/21/2019,821,Card,Delivered
O037819,CUST037820,R037819,10/26/2021,1434,UPI,Delivered
O037820,CUST037821,R037820,2/20/2021,486,Wallet,Delivered
O037821,CUST037822,R037821,11/24/2020,724,UPI,Delivered
O037822,CUST037823,R037822,10/15/2022,162,COD,Delivered
O037823,CUST037824,R037823,2/2/2019,836,Card,Delivered
O037824,CUST037825,R037824,6/5/2020,577,COD,Delivered
O037825,CUST037826,R037825,12/3/2019,467,Wallet,Delivered
O037826,CUST037827,R037826,12/28/2024,913,COD,Delivered
O037827,CUST037828,R037827,8/26/2024,895,UPI,Delivered
O037828,CUST037829,R037828,8/17/2025,239,Wallet,Delivered
O037829,CUST037830,R037829,6/2/2024,1056,UPI,Delivered
O037830,CUST037831,R037830,9/18/2023,104,Card,Delivered
O037831,CUST037832,R037831,4/21/2022,1877,Card,Delivered
O037832,CUST037833,R037832,12/14/2024,1657,UPI,Delivered
O037833,CUST037834,R037833,10/21/2021,574,Card,Delivered
O037834,CUST037835,R037834,4/25/2025,1780,COD,Delivered
O037835,CUST037836,R037835,5/26/2025,206,COD,Delivered
O037836,CUST037837,R037836,6/2/2024,1892,COD,Delivered
O037837,CUST037838,R037837,5/21/2020,622,COD,Delivered
O037838,CUST037839,R037838,11/4/2024,1047,Card,Delivered
O037839,CUST037840,R037839,8/1/2020,434,COD,Delivered
O037840,CUST037841,R037840,12/27/2022,939,Wallet,Delivered
O037841,CUST037842,R037841,8/17/2025,1042,COD,Delivered
O037842,CUST037843,R037842,3/19/2021,673,Wallet,Delivered
O037843,CUST037844,R037843,9/12/2023,1665,COD,Delivered
O037844,CUST037845,R037844,10/8/2023,1493,Card,Delivered
O037845,CUST037846,R037845,4/11/2025,1273,Wallet,Delivered
O037846,CUST037847,R037846,10/18/2023,1202,UPI,Delivered
O037847,CUST037848,R037847,8/7/2023,1440,UPI,Delivered
O037848,CUST037849,R037848,1/20/2020,351,Wallet,Delivered
O037849,CUST037850,R037849,8/12/2019,1508,Card,Delivered
O037850,CUST037851,R037850,1/16/2022,413,Card,Cancelled
O037851,CUST037852,R037851,11/27/2024,1675,UPI,Delivered
O037852,CUST037853,R037852,9/11/2020,1994,COD,Delivered
O037853,CUST037854,R037853,4/24/2025,555,Card,Delivered
O037854,CUST037855,R037854,2/27/2025,659,Wallet,Delivered
O037855,CUST037856,R037855,2/23/2021,289,COD,Delivered
O037856,CUST037857,R037856,12/7/2025,392,COD,Delivered
O037857,CUST037858,R037857,7/18/2025,1153,UPI,Delivered
O037858,CUST037859,R037858,12/5/2020,1382,Card,Delivered
O037859,CUST037860,R037859,8/27/2021,993,UPI,Delivered
O037860,CUST037861,R037860,4/1/2025,1056,Wallet,Delivered
O037861,CUST037862,R037861,12/15/2023,1154,Card,Delivered
O037862,CUST037863,R037862,2/26/2020,1169,Wallet,Delivered
O037863,CUST037864,R037863,12/10/2022,1503,COD,Delivered
O037864,CUST037865,R037864,9/11/2024,869,UPI,Delivered
O037865,CUST037866,R037865,11/6/2021,1183,Wallet,Delivered
O037866,CUST037867,R037866,11/13/2023,800,Wallet,Delivered
O037867,CUST037868,R037867,5/15/2021,1748,Card,Delivered
O037868,CUST037869,R037868,1/11/2020,1980,COD,Delivered
O037869,CUST037870,R037869,11/10/2019,1481,UPI,Delivered
O037870,CUST037871,R037870,7/6/2024,1720,Card,Delivered
O037871,CUST037872,R037871,11/22/2024,1626,Wallet,Cancelled
O037872,CUST037873,R037872,8/15/2019,181,COD,Delivered
O037873,CUST037874,R037873,5/20/2019,245,Wallet,Delivered
O037874,CUST037875,R037874,9/18/2021,343,COD,Delivered
O037875,CUST037876,R037875,7/22/2024,357,Card,Delivered
O037876,CUST037877,R037876,7/27/2020,273,Card,Delivered
O037877,CUST037878,R037877,5/27/2025,659,Wallet,Delivered
O037878,CUST037879,R037878,6/28/2023,1291,UPI,Delivered
O037879,CUST037880,R037879,8/22/2022,591,COD,Delivered
O037880,CUST037881,R037880,8/10/2023,1402,COD,Cancelled
O037881,CUST037882,R037881,5/5/2023,751,COD,Delivered
O037882,CUST037883,R037882,11/7/2021,1098,UPI,Delivered
O037883,CUST037884,R037883,6/28/2024,1336,Wallet,Delivered
O037884,CUST037885,R037884,9/5/2024,1241,Wallet,Cancelled
O037885,CUST037886,R037885,7/17/2021,1742,UPI,Delivered
O037886,CUST037887,R037886,12/14/2020,1048,Wallet,Delivered
O037887,CUST037888,R037887,9/12/2020,1860,Card,Delivered
O037888,CUST037889,R037888,3/17/2019,1842,UPI,Delivered
O037889,CUST037890,R037889,9/8/2023,1790,Card,Delivered
O037890,CUST037891,R037890,8/22/2019,320,UPI,Delivered
O037891,CUST037892,R037891,11/25/2023,1919,Wallet,Delivered
O037892,CUST037893,R037892,4/16/2023,206,COD,Delivered
O037893,CUST037894,R037893,10/24/2020,129,COD,Delivered
O037894,CUST037895,R037894,6/15/2024,368,COD,Delivered
O037895,CUST037896,R037895,12/9/2021,758,Card,Delivered
O037896,CUST037897,R037896,2/23/2019,1969,Wallet,Delivered
O037897,CUST037898,R037897,1/28/2021,1032,Wallet,Delivered
O037898,CUST037899,R037898,3/11/2023,898,UPI,Delivered
O037899,CUST037900,R037899,1/2/2022,1136,Wallet,Delivered
O037900,CUST037901,R037900,6/16/2025,1947,Wallet,Delivered
O037901,CUST037902,R037901,8/17/2021,997,Wallet,Delivered
O037902,CUST037903,R037902,6/11/2021,1835,Card,Delivered
O037903,CUST037904,R037903,4/22/2022,1376,Card,Delivered
O037904,CUST037905,R037904,8/14/2019,105,Card,Delivered
O037905,CUST037906,R037905,11/24/2023,250,UPI,Delivered
O037906,CUST037907,R037906,3/25/2025,1552,COD,Delivered
O037907,CUST037908,R037907,2/16/2020,412,COD,Delivered
O037908,CUST037909,R037908,5/10/2019,1988,Card,Delivered
O037909,CUST037910,R037909,8/11/2024,156,COD,Delivered
O037910,CUST037911,R037910,5/28/2019,1077,Card,Delivered
O037911,CUST037912,R037911,9/4/2019,1005,Wallet,Delivered
O037912,CUST037913,R037912,9/25/2023,746,COD,Delivered
O037913,CUST037914,R037913,5/10/2022,675,Wallet,Delivered
O037914,CUST037915,R037914,9/27/2021,658,Wallet,Cancelled
O037915,CUST037916,R037915,12/13/2021,1626,COD,Delivered
O037916,CUST037917,R037916,10/4/2023,992,UPI,Delivered
O037917,CUST037918,R037917,7/8/2022,1797,UPI,Delivered
O037918,CUST037919,R037918,2/19/2025,923,Wallet,Delivered
O037919,CUST037920,R037919,12/6/2023,1212,Card,Delivered
O037920,CUST037921,R037920,3/13/2022,1929,UPI,Delivered
O037921,CUST037922,R037921,6/19/2021,131,Card,Delivered
O037922,CUST037923,R037922,8/8/2019,1674,Card,Delivered
O037923,CUST037924,R037923,12/23/2019,1749,UPI,Delivered
O037924,CUST037925,R037924,3/13/2019,1999,Wallet,Cancelled
O037925,CUST037926,R037925,7/25/2020,362,UPI,Delivered
O037926,CUST037927,R037926,11/20/2022,466,COD,Cancelled
O037927,CUST037928,R037927,9/21/2021,274,COD,Delivered
O037928,CUST037929,R037928,3/8/2023,401,Card,Delivered
O037929,CUST037930,R037929,12/18/2019,608,Wallet,Cancelled
O037930,CUST037931,R037930,3/2/2023,1414,COD,Delivered
O037931,CUST037932,R037931,4/3/2024,1031,Card,Delivered
O037932,CUST037933,R037932,3/1/2025,1923,Card,Cancelled
O037933,CUST037934,R037933,7/7/2020,1795,Card,Delivered
O037934,CUST037935,R037934,9/1/2020,843,Wallet,Delivered
O037935,CUST037936,R037935,8/25/2023,659,Card,Delivered
O037936,CUST037937,R037936,12/21/2023,559,COD,Delivered
O037937,CUST037938,R037937,8/24/2020,853,Wallet,Delivered
O037938,CUST037939,R037938,1/10/2019,229,Card,Delivered
O037939,CUST037940,R037939,5/2/2019,1178,UPI,Delivered
O037940,CUST037941,R037940,4/6/2020,985,COD,Delivered
O037941,CUST037942,R037941,11/5/2022,1604,Wallet,Delivered
O037942,CUST037943,R037942,9/1/2025,1364,Wallet,Delivered
O037943,CUST037944,R037943,9/13/2020,1237,Wallet,Delivered
O037944,CUST037945,R037944,6/13/2022,1911,Card,Delivered
O037945,CUST037946,R037945,8/19/2019,1540,Wallet,Cancelled
O037946,CUST037947,R037946,7/5/2024,1587,UPI,Delivered
O037947,CUST037948,R037947,4/24/2020,503,Card,Delivered
O037948,CUST037949,R037948,4/20/2025,1287,Card,Cancelled
O037949,CUST037950,R037949,4/18/2025,175,Card,Delivered
O037950,CUST037951,R037950,4/19/2021,470,Card,Delivered
O037951,CUST037952,R037951,6/20/2024,337,UPI,Delivered
O037952,CUST037953,R037952,1/25/2021,837,Card,Delivered
O037953,CUST037954,R037953,8/1/2024,1788,Card,Delivered
O037954,CUST037955,R037954,7/27/2023,1221,Wallet,Cancelled
O037955,CUST037956,R037955,3/3/2025,457,COD,Delivered
O037956,CUST037957,R037956,10/23/2020,896,Wallet,Delivered
O037957,CUST037958,R037957,10/8/2019,1571,COD,Delivered
O037958,CUST037959,R037958,8/16/2021,267,COD,Delivered
O037959,CUST037960,R037959,7/27/2024,1203,UPI,Delivered
O037960,CUST037961,R037960,10/11/2021,1136,UPI,Delivered
O037961,CUST037962,R037961,1/2/2020,1402,UPI,Delivered
O037962,CUST037963,R037962,12/12/2020,1868,COD,Delivered
O037963,CUST037964,R037963,4/13/2021,1099,UPI,Delivered
O037964,CUST037965,R037964,2/15/2019,127,Card,Delivered
O037965,CUST037966,R037965,10/26/2019,1465,Card,Delivered
O037966,CUST037967,R037966,9/11/2024,1449,Card,Cancelled
O037967,CUST037968,R037967,11/24/2023,1266,COD,Delivered
O037968,CUST037969,R037968,11/25/2020,1513,Card,Delivered
O037969,CUST037970,R037969,3/26/2020,940,Wallet,Delivered
O037970,CUST037971,R037970,9/9/2024,726,Wallet,Delivered
O037971,CUST037972,R037971,2/3/2022,846,COD,Delivered
O037972,CUST037973,R037972,11/28/2022,1246,COD,Delivered
O037973,CUST037974,R037973,10/12/2021,657,UPI,Delivered
O037974,CUST037975,R037974,5/2/2025,1447,Card,Delivered
O037975,CUST037976,R037975,9/21/2023,1066,Wallet,Delivered
O037976,CUST037977,R037976,10/3/2025,1180,UPI,Delivered
O037977,CUST037978,R037977,2/15/2019,171,Wallet,Delivered
O037978,CUST037979,R037978,12/19/2024,1510,UPI,Delivered
O037979,CUST037980,R037979,5/11/2020,1493,Card,Delivered
O037980,CUST037981,R037980,10/26/2021,1937,Card,Delivered
O037981,CUST037982,R037981,4/13/2023,1620,UPI,Delivered
O037982,CUST037983,R037982,11/20/2022,732,UPI,Delivered
O037983,CUST037984,R037983,7/18/2022,343,COD,Delivered
O037984,CUST037985,R037984,5/26/2024,636,COD,Cancelled
O037985,CUST037986,R037985,4/2/2019,1918,COD,Delivered
O037986,CUST037987,R037986,4/21/2021,274,COD,Cancelled
O037987,CUST037988,R037987,10/27/2025,1064,COD,Delivered
O037988,CUST037989,R037988,3/2/2023,682,COD,Delivered
O037989,CUST037990,R037989,10/26/2021,797,Wallet,Delivered
O037990,CUST037991,R037990,10/10/2021,844,Wallet,Delivered
O037991,CUST037992,R037991,10/28/2022,1095,UPI,Delivered
O037992,CUST037993,R037992,12/6/2022,1114,COD,Delivered
O037993,CUST037994,R037993,12/7/2024,1727,UPI,Delivered
O037994,CUST037995,R037994,7/8/2025,1281,UPI,Delivered
O037995,CUST037996,R037995,5/22/2022,1360,Wallet,Delivered
O037996,CUST037997,R037996,1/5/2024,1859,Card,Delivered
O037997,CUST037998,R037997,2/21/2022,253,UPI,Delivered
O037998,CUST037999,R037998,3/14/2019,1535,Card,Delivered
O037999,CUST038000,R037999,10/16/2021,1835,Card,Delivered
O038000,CUST038001,R038000,6/22/2020,1866,Card,Delivered
O038001,CUST038002,R038001,7/24/2020,726,UPI,Delivered
O038002,CUST038003,R038002,5/21/2023,160,UPI,Delivered
O038003,CUST038004,R038003,7/13/2023,1933,Card,Cancelled
O038004,CUST038005,R038004,5/17/2021,326,UPI,Delivered
O038005,CUST038006,R038005,10/6/2025,1314,Card,Delivered
O038006,CUST038007,R038006,12/23/2022,917,Wallet,Delivered
O038007,CUST038008,R038007,3/26/2022,470,Card,Delivered
O038008,CUST038009,R038008,9/25/2019,586,COD,Delivered
O038009,CUST038010,R038009,9/21/2025,1092,COD,Delivered
O038010,CUST038011,R038010,2/9/2021,454,COD,Delivered
O038011,CUST038012,R038011,6/2/2023,1389,Wallet,Delivered
O038012,CUST038013,R038012,10/4/2020,1023,COD,Delivered
O038013,CUST038014,R038013,1/25/2024,1098,UPI,Delivered
O038014,CUST038015,R038014,5/5/2019,1816,COD,Delivered
O038015,CUST038016,R038015,3/16/2020,789,Wallet,Delivered
O038016,CUST038017,R038016,7/10/2025,1549,UPI,Cancelled
O038017,CUST038018,R038017,9/11/2025,1843,Wallet,Delivered
O038018,CUST038019,R038018,11/16/2025,975,UPI,Delivered
O038019,CUST038020,R038019,12/17/2022,533,UPI,Delivered
O038020,CUST038021,R038020,11/21/2024,1272,UPI,Delivered
O038021,CUST038022,R038021,1/20/2023,693,Card,Delivered
O038022,CUST038023,R038022,12/16/2020,185,Card,Delivered
O038023,CUST038024,R038023,7/19/2019,114,Card,Delivered
O038024,CUST038025,R038024,2/24/2025,1011,Card,Cancelled
O038025,CUST038026,R038025,1/8/2024,1651,Card,Delivered
O038026,CUST038027,R038026,9/20/2019,715,Wallet,Delivered
O038027,CUST038028,R038027,11/28/2025,587,COD,Delivered
O038028,CUST038029,R038028,9/25/2020,448,Wallet,Delivered
O038029,CUST038030,R038029,4/4/2023,1340,Card,Delivered
O038030,CUST038031,R038030,4/5/2020,571,COD,Delivered
O038031,CUST038032,R038031,11/11/2025,1257,Wallet,Delivered
O038032,CUST038033,R038032,3/12/2024,1204,Wallet,Cancelled
O038033,CUST038034,R038033,1/2/2019,888,Wallet,Delivered
O038034,CUST038035,R038034,2/17/2025,310,COD,Delivered
O038035,CUST038036,R038035,6/18/2020,814,UPI,Delivered
O038036,CUST038037,R038036,7/16/2021,157,COD,Delivered
O038037,CUST038038,R038037,1/19/2022,209,COD,Delivered
O038038,CUST038039,R038038,3/24/2020,1871,Card,Cancelled
O038039,CUST038040,R038039,5/20/2022,759,COD,Delivered
O038040,CUST038041,R038040,4/28/2023,102,COD,Delivered
O038041,CUST038042,R038041,4/26/2020,919,Wallet,Delivered
O038042,CUST038043,R038042,4/6/2021,539,COD,Delivered
O038043,CUST038044,R038043,3/23/2021,616,Wallet,Delivered
O038044,CUST038045,R038044,3/11/2023,1300,COD,Delivered
O038045,CUST038046,R038045,1/12/2021,1248,Wallet,Delivered
O038046,CUST038047,R038046,1/3/2024,976,UPI,Delivered
O038047,CUST038048,R038047,10/17/2021,1410,UPI,Delivered
O038048,CUST038049,R038048,8/5/2023,857,Wallet,Delivered
O038049,CUST038050,R038049,8/16/2021,1849,Wallet,Delivered
O038050,CUST038051,R038050,3/7/2025,1727,Card,Delivered
O038051,CUST038052,R038051,10/19/2020,121,UPI,Cancelled
O038052,CUST038053,R038052,6/17/2024,1387,Card,Delivered
O038053,CUST038054,R038053,5/10/2025,1619,UPI,Delivered
O038054,CUST038055,R038054,5/23/2022,536,UPI,Delivered
O038055,CUST038056,R038055,1/15/2019,155,Card,Delivered
O038056,CUST038057,R038056,6/18/2023,280,COD,Delivered
O038057,CUST038058,R038057,7/6/2020,1929,COD,Cancelled
O038058,CUST038059,R038058,7/21/2022,342,Wallet,Delivered
O038059,CUST038060,R038059,12/26/2024,593,Card,Delivered
O038060,CUST038061,R038060,11/27/2021,1200,Wallet,Delivered
O038061,CUST038062,R038061,12/28/2021,1008,COD,Delivered
O038062,CUST038063,R038062,3/11/2023,577,COD,Delivered
O038063,CUST038064,R038063,1/21/2025,1344,UPI,Delivered
O038064,CUST038065,R038064,6/13/2022,1638,COD,Delivered
O038065,CUST038066,R038065,3/27/2019,1047,UPI,Delivered
O038066,CUST038067,R038066,1/4/2020,1280,UPI,Delivered
O038067,CUST038068,R038067,5/18/2022,1339,UPI,Delivered
O038068,CUST038069,R038068,3/17/2021,1672,UPI,Delivered
O038069,CUST038070,R038069,10/13/2020,1972,Wallet,Delivered
O038070,CUST038071,R038070,8/16/2020,1589,Card,Delivered
O038071,CUST038072,R038071,7/15/2021,210,Wallet,Delivered
O038072,CUST038073,R038072,1/23/2019,975,UPI,Delivered
O038073,CUST038074,R038073,1/18/2020,577,COD,Delivered
O038074,CUST038075,R038074,11/21/2025,386,Wallet,Delivered
O038075,CUST038076,R038075,6/17/2023,1898,Card,Cancelled
O038076,CUST038077,R038076,7/12/2022,196,Card,Delivered
O038077,CUST038078,R038077,3/4/2019,125,Card,Delivered
O038078,CUST038079,R038078,3/25/2023,598,Wallet,Delivered
O038079,CUST038080,R038079,7/23/2022,656,UPI,Delivered
O038080,CUST038081,R038080,9/23/2024,759,Wallet,Delivered
O038081,CUST038082,R038081,4/28/2020,1476,Card,Cancelled
O038082,CUST038083,R038082,4/4/2024,460,COD,Delivered
O038083,CUST038084,R038083,11/9/2022,966,UPI,Delivered
O038084,CUST038085,R038084,8/7/2025,1770,COD,Delivered
O038085,CUST038086,R038085,1/28/2023,635,Wallet,Delivered
O038086,CUST038087,R038086,9/12/2022,194,Wallet,Delivered
O038087,CUST038088,R038087,10/16/2025,1188,Wallet,Delivered
O038088,CUST038089,R038088,9/19/2025,1520,UPI,Cancelled
O038089,CUST038090,R038089,6/7/2025,1757,UPI,Delivered
O038090,CUST038091,R038090,1/16/2019,1643,UPI,Delivered
O038091,CUST038092,R038091,3/19/2023,706,Card,Delivered
O038092,CUST038093,R038092,7/20/2024,1284,UPI,Cancelled
O038093,CUST038094,R038093,1/18/2023,375,Wallet,Delivered
O038094,CUST038095,R038094,7/23/2022,248,UPI,Delivered
O038095,CUST038096,R038095,2/13/2022,1978,Card,Delivered
O038096,CUST038097,R038096,7/3/2024,756,Card,Delivered
O038097,CUST038098,R038097,12/1/2022,498,COD,Delivered
O038098,CUST038099,R038098,9/2/2024,426,COD,Delivered
O038099,CUST038100,R038099,7/27/2022,866,COD,Delivered
O038100,CUST038101,R038100,4/25/2019,804,Wallet,Delivered
O038101,CUST038102,R038101,5/15/2022,1627,COD,Delivered
O038102,CUST038103,R038102,2/2/2020,485,COD,Delivered
O038103,CUST038104,R038103,8/11/2019,1303,Wallet,Cancelled
O038104,CUST038105,R038104,11/14/2025,1372,Card,Delivered
O038105,CUST038106,R038105,9/2/2019,1075,UPI,Delivered
O038106,CUST038107,R038106,9/13/2025,420,Card,Delivered
O038107,CUST038108,R038107,3/23/2025,1670,Card,Delivered
O038108,CUST038109,R038108,7/21/2020,164,COD,Delivered
O038109,CUST038110,R038109,2/4/2022,1812,Card,Delivered
O038110,CUST038111,R038110,7/19/2019,543,COD,Delivered
O038111,CUST038112,R038111,5/2/2020,962,Card,Delivered
O038112,CUST038113,R038112,6/28/2020,909,Wallet,Delivered
O038113,CUST038114,R038113,12/26/2025,892,Wallet,Delivered
O038114,CUST038115,R038114,9/16/2020,957,COD,Delivered
O038115,CUST038116,R038115,8/17/2021,530,COD,Delivered
O038116,CUST038117,R038116,12/11/2024,1521,COD,Delivered
O038117,CUST038118,R038117,4/2/2023,1416,Card,Delivered
O038118,CUST038119,R038118,7/9/2024,1163,Wallet,Delivered
O038119,CUST038120,R038119,9/16/2021,1048,UPI,Delivered
O038120,CUST038121,R038120,8/5/2025,1291,UPI,Delivered
O038121,CUST038122,R038121,4/18/2024,463,Wallet,Delivered
O038122,CUST038123,R038122,3/14/2022,1473,Card,Delivered
O038123,CUST038124,R038123,6/13/2025,333,Card,Cancelled
O038124,CUST038125,R038124,1/25/2022,1589,UPI,Delivered
O038125,CUST038126,R038125,1/9/2024,1903,COD,Delivered
O038126,CUST038127,R038126,8/21/2020,509,Card,Delivered
O038127,CUST038128,R038127,2/26/2019,617,COD,Cancelled
O038128,CUST038129,R038128,3/21/2024,145,COD,Delivered
O038129,CUST038130,R038129,4/6/2021,248,Card,Cancelled
O038130,CUST038131,R038130,10/17/2025,1033,UPI,Delivered
O038131,CUST038132,R038131,2/4/2024,1271,Card,Delivered
O038132,CUST038133,R038132,10/26/2021,707,Wallet,Delivered
O038133,CUST038134,R038133,12/27/2022,907,Wallet,Delivered
O038134,CUST038135,R038134,12/13/2019,1266,COD,Delivered
O038135,CUST038136,R038135,2/8/2022,1089,UPI,Delivered
O038136,CUST038137,R038136,9/8/2020,1888,COD,Delivered
O038137,CUST038138,R038137,7/8/2024,1249,UPI,Delivered
O038138,CUST038139,R038138,2/10/2025,1520,UPI,Delivered
O038139,CUST038140,R038139,12/18/2020,1137,Wallet,Delivered
O038140,CUST038141,R038140,10/20/2020,1706,Card,Delivered
O038141,CUST038142,R038141,9/16/2019,1770,COD,Delivered
O038142,CUST038143,R038142,2/9/2025,1338,UPI,Delivered
O038143,CUST038144,R038143,2/5/2021,1599,UPI,Delivered
O038144,CUST038145,R038144,2/20/2023,1470,Wallet,Delivered
O038145,CUST038146,R038145,6/14/2022,1971,COD,Delivered
O038146,CUST038147,R038146,7/16/2021,140,Wallet,Delivered
O038147,CUST038148,R038147,1/16/2021,455,COD,Delivered
O038148,CUST038149,R038148,6/24/2020,277,Card,Delivered
O038149,CUST038150,R038149,5/24/2021,188,Card,Delivered
O038150,CUST038151,R038150,2/25/2023,439,Wallet,Delivered
O038151,CUST038152,R038151,12/27/2022,1244,UPI,Delivered
O038152,CUST038153,R038152,9/21/2024,505,COD,Delivered
O038153,CUST038154,R038153,6/8/2021,1322,COD,Delivered
O038154,CUST038155,R038154,9/4/2025,672,Card,Delivered
O038155,CUST038156,R038155,9/4/2025,998,Wallet,Delivered
O038156,CUST038157,R038156,9/27/2023,1259,UPI,Cancelled
O038157,CUST038158,R038157,1/4/2020,1087,Wallet,Delivered
O038158,CUST038159,R038158,8/15/2024,1588,Wallet,Delivered
O038159,CUST038160,R038159,12/13/2021,768,COD,Delivered
O038160,CUST038161,R038160,4/11/2023,114,Card,Delivered
O038161,CUST038162,R038161,10/18/2024,1699,UPI,Delivered
O038162,CUST038163,R038162,11/6/2021,1706,UPI,Delivered
O038163,CUST038164,R038163,2/20/2023,229,UPI,Delivered
O038164,CUST038165,R038164,8/21/2024,1871,UPI,Delivered
O038165,CUST038166,R038165,8/16/2021,165,Card,Delivered
O038166,CUST038167,R038166,12/23/2023,1951,Card,Delivered
O038167,CUST038168,R038167,6/14/2023,288,COD,Delivered
O038168,CUST038169,R038168,3/8/2020,609,UPI,Delivered
O038169,CUST038170,R038169,9/22/2020,1887,COD,Delivered
O038170,CUST038171,R038170,4/27/2022,748,COD,Delivered
O038171,CUST038172,R038171,8/10/2024,316,Wallet,Delivered
O038172,CUST038173,R038172,5/22/2021,558,COD,Delivered
O038173,CUST038174,R038173,3/5/2025,1631,Wallet,Delivered
O038174,CUST038175,R038174,1/13/2019,470,UPI,Delivered
O038175,CUST038176,R038175,3/3/2021,1793,UPI,Cancelled
O038176,CUST038177,R038176,10/14/2025,1285,Card,Delivered
O038177,CUST038178,R038177,11/11/2022,1916,Card,Cancelled
O038178,CUST038179,R038178,1/19/2023,210,UPI,Delivered
O038179,CUST038180,R038179,3/24/2019,138,Card,Delivered
O038180,CUST038181,R038180,10/14/2021,332,COD,Delivered
O038181,CUST038182,R038181,4/8/2020,1839,UPI,Cancelled
O038182,CUST038183,R038182,11/10/2023,1932,COD,Delivered
O038183,CUST038184,R038183,12/28/2025,966,Card,Delivered
O038184,CUST038185,R038184,5/26/2020,899,Wallet,Delivered
O038185,CUST038186,R038185,6/22/2021,602,COD,Delivered
O038186,CUST038187,R038186,12/8/2023,787,Wallet,Delivered
O038187,CUST038188,R038187,7/1/2020,514,Wallet,Cancelled
O038188,CUST038189,R038188,9/11/2019,1409,COD,Delivered
O038189,CUST038190,R038189,8/2/2025,945,UPI,Delivered
O038190,CUST038191,R038190,7/6/2024,1707,UPI,Delivered
O038191,CUST038192,R038191,1/13/2023,838,Wallet,Delivered
O038192,CUST038193,R038192,9/6/2019,1132,Card,Delivered
O038193,CUST038194,R038193,9/9/2024,1893,Wallet,Delivered
O038194,CUST038195,R038194,9/18/2020,1991,Wallet,Delivered
O038195,CUST038196,R038195,3/6/2023,1548,Card,Delivered
O038196,CUST038197,R038196,8/22/2020,1594,UPI,Delivered
O038197,CUST038198,R038197,7/13/2023,516,Wallet,Cancelled
O038198,CUST038199,R038198,3/25/2023,263,UPI,Delivered
O038199,CUST038200,R038199,9/18/2021,578,COD,Delivered
O038200,CUST038201,R038200,3/23/2022,125,COD,Delivered
O038201,CUST038202,R038201,1/6/2023,311,Card,Delivered
O038202,CUST038203,R038202,4/24/2020,562,Wallet,Delivered
O038203,CUST038204,R038203,2/1/2024,1367,Card,Delivered
O038204,CUST038205,R038204,11/25/2023,945,COD,Delivered
O038205,CUST038206,R038205,7/28/2021,748,Wallet,Cancelled
O038206,CUST038207,R038206,10/6/2019,621,Wallet,Delivered
O038207,CUST038208,R038207,4/13/2020,1607,UPI,Delivered
O038208,CUST038209,R038208,5/8/2025,1207,Card,Delivered
O038209,CUST038210,R038209,10/3/2022,1210,COD,Delivered
O038210,CUST038211,R038210,3/7/2025,705,Wallet,Delivered
O038211,CUST038212,R038211,9/7/2020,1987,Card,Delivered
O038212,CUST038213,R038212,7/1/2020,1332,Wallet,Delivered
O038213,CUST038214,R038213,6/8/2023,880,COD,Delivered
O038214,CUST038215,R038214,1/3/2020,1451,Wallet,Delivered
O038215,CUST038216,R038215,8/27/2023,1274,Wallet,Delivered
O038216,CUST038217,R038216,4/11/2022,1194,Wallet,Delivered
O038217,CUST038218,R038217,5/8/2024,1700,Card,Cancelled
O038218,CUST038219,R038218,3/17/2019,1461,COD,Delivered
O038219,CUST038220,R038219,2/4/2022,1507,UPI,Delivered
O038220,CUST038221,R038220,7/23/2019,417,UPI,Delivered
O038221,CUST038222,R038221,4/19/2021,1204,UPI,Delivered
O038222,CUST038223,R038222,8/15/2021,1966,Card,Delivered
O038223,CUST038224,R038223,9/17/2022,321,Card,Delivered
O038224,CUST038225,R038224,7/19/2020,193,UPI,Delivered
O038225,CUST038226,R038225,11/23/2024,949,Card,Delivered
O038226,CUST038227,R038226,9/3/2025,1509,Card,Delivered
O038227,CUST038228,R038227,1/25/2020,1111,Wallet,Delivered
O038228,CUST038229,R038228,10/1/2025,366,COD,Delivered
O038229,CUST038230,R038229,6/20/2025,811,COD,Delivered
O038230,CUST038231,R038230,1/2/2019,1492,COD,Cancelled
O038231,CUST038232,R038231,10/12/2019,231,COD,Delivered
O038232,CUST038233,R038232,10/26/2023,1161,Wallet,Delivered
O038233,CUST038234,R038233,9/10/2023,1046,Wallet,Delivered
O038234,CUST038235,R038234,9/28/2021,1313,UPI,Delivered
O038235,CUST038236,R038235,12/12/2021,1582,COD,Delivered
O038236,CUST038237,R038236,12/12/2024,993,UPI,Delivered
O038237,CUST038238,R038237,6/13/2022,1884,Card,Delivered
O038238,CUST038239,R038238,1/25/2019,1578,UPI,Delivered
O038239,CUST038240,R038239,7/12/2023,1300,UPI,Cancelled
O038240,CUST038241,R038240,4/20/2022,726,Card,Delivered
O038241,CUST038242,R038241,10/24/2022,1038,Card,Delivered
O038242,CUST038243,R038242,6/17/2020,428,COD,Delivered
O038243,CUST038244,R038243,1/25/2019,219,Wallet,Delivered
O038244,CUST038245,R038244,8/24/2019,766,COD,Delivered
O038245,CUST038246,R038245,9/21/2020,1205,COD,Delivered
O038246,CUST038247,R038246,1/11/2020,1134,Wallet,Delivered
O038247,CUST038248,R038247,5/1/2024,1357,Card,Delivered
O038248,CUST038249,R038248,10/19/2019,917,COD,Delivered
O038249,CUST038250,R038249,10/28/2022,1037,UPI,Delivered
O038250,CUST038251,R038250,6/15/2020,1973,Wallet,Cancelled
O038251,CUST038252,R038251,7/18/2021,1622,UPI,Cancelled
O038252,CUST038253,R038252,11/13/2021,1343,Card,Delivered
O038253,CUST038254,R038253,2/23/2024,1782,Card,Delivered
O038254,CUST038255,R038254,12/11/2025,1510,UPI,Delivered
O038255,CUST038256,R038255,10/19/2023,516,UPI,Cancelled
O038256,CUST038257,R038256,3/12/2022,262,COD,Cancelled
O038257,CUST038258,R038257,8/24/2019,557,COD,Delivered
O038258,CUST038259,R038258,6/28/2025,1834,Card,Cancelled
O038259,CUST038260,R038259,6/20/2019,227,COD,Delivered
O038260,CUST038261,R038260,9/24/2019,1016,COD,Delivered
O038261,CUST038262,R038261,12/1/2021,533,COD,Delivered
O038262,CUST038263,R038262,11/25/2024,654,Wallet,Delivered
O038263,CUST038264,R038263,5/9/2020,700,Wallet,Delivered
O038264,CUST038265,R038264,8/27/2021,1767,UPI,Delivered
O038265,CUST038266,R038265,3/7/2025,1003,COD,Delivered
O038266,CUST038267,R038266,7/5/2024,1574,UPI,Delivered
O038267,CUST038268,R038267,11/6/2025,1127,UPI,Delivered
O038268,CUST038269,R038268,12/20/2025,1318,Wallet,Delivered
O038269,CUST038270,R038269,9/7/2024,1823,Card,Delivered
O038270,CUST038271,R038270,4/19/2021,174,Wallet,Delivered
O038271,CUST038272,R038271,8/12/2023,1450,UPI,Delivered
O038272,CUST038273,R038272,1/15/2021,1744,UPI,Delivered
O038273,CUST038274,R038273,5/21/2023,1644,Card,Delivered
O038274,CUST038275,R038274,3/24/2023,685,Card,Delivered
O038275,CUST038276,R038275,10/19/2024,445,Card,Delivered
O038276,CUST038277,R038276,11/18/2020,316,COD,Cancelled
O038277,CUST038278,R038277,12/22/2025,860,UPI,Delivered
O038278,CUST038279,R038278,12/10/2020,1632,UPI,Delivered
O038279,CUST038280,R038279,2/28/2024,806,COD,Delivered
O038280,CUST038281,R038280,12/2/2020,320,Card,Delivered
O038281,CUST038282,R038281,5/23/2024,506,COD,Delivered
O038282,CUST038283,R038282,6/16/2022,1013,COD,Delivered
O038283,CUST038284,R038283,3/7/2025,418,COD,Delivered
O038284,CUST038285,R038284,8/28/2022,1173,Wallet,Delivered
O038285,CUST038286,R038285,2/3/2023,933,Card,Delivered
O038286,CUST038287,R038286,3/24/2020,1008,UPI,Delivered
O038287,CUST038288,R038287,7/12/2020,1774,COD,Delivered
O038288,CUST038289,R038288,12/15/2023,688,Wallet,Delivered
O038289,CUST038290,R038289,11/9/2021,1405,UPI,Cancelled
O038290,CUST038291,R038290,12/10/2024,1950,Wallet,Delivered
O038291,CUST038292,R038291,6/15/2022,821,UPI,Delivered
O038292,CUST038293,R038292,2/16/2023,422,UPI,Delivered
O038293,CUST038294,R038293,3/19/2021,992,UPI,Cancelled
O038294,CUST038295,R038294,1/17/2025,295,Card,Delivered
O038295,CUST038296,R038295,6/10/2022,106,Card,Delivered
O038296,CUST038297,R038296,9/17/2025,1929,Card,Delivered
O038297,CUST038298,R038297,7/23/2019,964,UPI,Delivered
O038298,CUST038299,R038298,10/4/2024,1605,UPI,Delivered
O038299,CUST038300,R038299,2/18/2020,624,Wallet,Delivered
O038300,CUST038301,R038300,1/26/2021,501,COD,Delivered
O038301,CUST038302,R038301,8/25/2023,304,COD,Delivered
O038302,CUST038303,R038302,2/4/2023,1066,COD,Delivered
O038303,CUST038304,R038303,11/4/2024,721,COD,Delivered
O038304,CUST038305,R038304,2/9/2024,1102,Wallet,Delivered
O038305,CUST038306,R038305,6/10/2019,1050,Wallet,Delivered
O038306,CUST038307,R038306,8/28/2021,783,Wallet,Delivered
O038307,CUST038308,R038307,8/12/2025,1856,COD,Delivered
O038308,CUST038309,R038308,8/12/2024,733,UPI,Delivered
O038309,CUST038310,R038309,5/13/2022,1546,UPI,Cancelled
O038310,CUST038311,R038310,3/17/2020,1593,Card,Delivered
O038311,CUST038312,R038311,1/16/2023,1222,Wallet,Cancelled
O038312,CUST038313,R038312,5/13/2022,289,Card,Delivered
O038313,CUST038314,R038313,5/21/2025,1495,COD,Delivered
O038314,CUST038315,R038314,4/19/2025,840,Wallet,Delivered
O038315,CUST038316,R038315,10/5/2019,395,COD,Delivered
O038316,CUST038317,R038316,8/20/2020,765,COD,Delivered
O038317,CUST038318,R038317,3/11/2019,1190,Card,Delivered
O038318,CUST038319,R038318,2/10/2024,1095,Wallet,Delivered
O038319,CUST038320,R038319,4/1/2024,827,UPI,Delivered
O038320,CUST038321,R038320,5/16/2023,1011,Wallet,Delivered
O038321,CUST038322,R038321,2/28/2023,821,Wallet,Delivered
O038322,CUST038323,R038322,9/14/2020,1634,Wallet,Delivered
O038323,CUST038324,R038323,9/5/2022,1637,Card,Delivered
O038324,CUST038325,R038324,5/16/2021,1931,Wallet,Delivered
O038325,CUST038326,R038325,6/14/2022,1345,Card,Delivered
O038326,CUST038327,R038326,2/9/2021,1584,Card,Delivered
O038327,CUST038328,R038327,5/22/2021,457,UPI,Delivered
O038328,CUST038329,R038328,4/14/2019,1907,Card,Delivered
O038329,CUST038330,R038329,5/17/2024,381,COD,Delivered
O038330,CUST038331,R038330,10/5/2021,1818,COD,Cancelled
O038331,CUST038332,R038331,7/20/2022,755,COD,Delivered
O038332,CUST038333,R038332,12/23/2019,443,Card,Delivered
O038333,CUST038334,R038333,2/25/2024,801,Wallet,Delivered
O038334,CUST038335,R038334,9/22/2024,866,COD,Delivered
O038335,CUST038336,R038335,4/9/2020,536,COD,Cancelled
O038336,CUST038337,R038336,3/19/2023,1296,UPI,Delivered
O038337,CUST038338,R038337,9/11/2024,1547,Card,Delivered
O038338,CUST038339,R038338,4/26/2022,962,UPI,Delivered
O038339,CUST038340,R038339,2/3/2021,1200,Wallet,Delivered
O038340,CUST038341,R038340,8/17/2023,1128,UPI,Delivered
O038341,CUST038342,R038341,2/15/2023,1567,Card,Delivered
O038342,CUST038343,R038342,1/12/2019,173,Wallet,Cancelled
O038343,CUST038344,R038343,8/14/2019,1435,Card,Delivered
O038344,CUST038345,R038344,3/14/2024,344,UPI,Delivered
O038345,CUST038346,R038345,12/18/2023,1115,UPI,Delivered
O038346,CUST038347,R038346,10/19/2019,418,COD,Delivered
O038347,CUST038348,R038347,2/19/2024,482,Wallet,Delivered
O038348,CUST038349,R038348,10/18/2020,1813,Card,Delivered
O038349,CUST038350,R038349,7/14/2022,673,Card,Delivered
O038350,CUST038351,R038350,10/2/2021,1980,Card,Delivered
O038351,CUST038352,R038351,12/27/2019,513,Wallet,Delivered
O038352,CUST038353,R038352,8/22/2025,576,UPI,Delivered
O038353,CUST038354,R038353,8/23/2020,679,Wallet,Delivered
O038354,CUST038355,R038354,4/7/2020,1435,Card,Delivered
O038355,CUST038356,R038355,11/2/2021,605,COD,Delivered
O038356,CUST038357,R038356,7/8/2023,811,UPI,Delivered
O038357,CUST038358,R038357,5/5/2023,1621,Card,Delivered
O038358,CUST038359,R038358,8/27/2025,492,Wallet,Delivered
O038359,CUST038360,R038359,3/11/2021,1740,Wallet,Delivered
O038360,CUST038361,R038360,8/10/2021,908,Wallet,Delivered
O038361,CUST038362,R038361,7/16/2019,1429,UPI,Delivered
O038362,CUST038363,R038362,1/5/2019,1668,UPI,Cancelled
O038363,CUST038364,R038363,8/12/2020,1596,UPI,Delivered
O038364,CUST038365,R038364,3/22/2021,664,UPI,Delivered
O038365,CUST038366,R038365,11/19/2020,1204,Wallet,Cancelled
O038366,CUST038367,R038366,4/17/2022,296,COD,Delivered
O038367,CUST038368,R038367,2/22/2019,162,Card,Delivered
O038368,CUST038369,R038368,12/12/2021,220,Card,Delivered
O038369,CUST038370,R038369,6/3/2020,471,Card,Delivered
O038370,CUST038371,R038370,1/28/2025,349,Card,Delivered
O038371,CUST038372,R038371,2/28/2025,283,COD,Delivered
O038372,CUST038373,R038372,11/5/2022,466,COD,Delivered
O038373,CUST038374,R038373,5/20/2024,699,Wallet,Delivered
O038374,CUST038375,R038374,7/13/2021,1517,COD,Cancelled
O038375,CUST038376,R038375,1/27/2019,395,COD,Delivered
O038376,CUST038377,R038376,8/8/2022,1217,Wallet,Cancelled
O038377,CUST038378,R038377,7/16/2025,1292,Wallet,Cancelled
O038378,CUST038379,R038378,12/1/2020,865,Wallet,Delivered
O038379,CUST038380,R038379,4/12/2022,1813,UPI,Delivered
O038380,CUST038381,R038380,9/16/2021,1156,Card,Delivered
O038381,CUST038382,R038381,3/14/2020,1738,Card,Delivered
O038382,CUST038383,R038382,2/25/2022,1274,Card,Delivered
O038383,CUST038384,R038383,6/10/2023,437,COD,Delivered
O038384,CUST038385,R038384,10/23/2020,818,UPI,Delivered
O038385,CUST038386,R038385,9/26/2022,510,COD,Delivered
O038386,CUST038387,R038386,9/20/2021,743,Wallet,Delivered
O038387,CUST038388,R038387,10/15/2024,672,COD,Delivered
O038388,CUST038389,R038388,10/16/2022,482,COD,Delivered
O038389,CUST038390,R038389,9/9/2021,1436,Card,Delivered
O038390,CUST038391,R038390,9/3/2021,1337,Card,Delivered
O038391,CUST038392,R038391,1/8/2023,1083,Wallet,Delivered
O038392,CUST038393,R038392,3/13/2020,1006,UPI,Delivered
O038393,CUST038394,R038393,8/3/2019,1244,Card,Delivered
O038394,CUST038395,R038394,12/17/2025,373,Wallet,Delivered
O038395,CUST038396,R038395,8/13/2023,1318,Card,Delivered
O038396,CUST038397,R038396,3/13/2021,1954,Card,Delivered
O038397,CUST038398,R038397,12/24/2025,1489,UPI,Delivered
O038398,CUST038399,R038398,3/7/2022,1505,COD,Cancelled
O038399,CUST038400,R038399,9/15/2021,360,UPI,Delivered
O038400,CUST038401,R038400,4/24/2024,462,COD,Delivered
O038401,CUST038402,R038401,9/17/2019,1999,COD,Cancelled
O038402,CUST038403,R038402,12/4/2023,207,Card,Delivered
O038403,CUST038404,R038403,7/18/2020,953,UPI,Delivered
O038404,CUST038405,R038404,9/2/2025,1190,UPI,Delivered
O038405,CUST038406,R038405,9/25/2022,622,Wallet,Delivered
O038406,CUST038407,R038406,11/26/2021,861,Wallet,Delivered
O038407,CUST038408,R038407,7/12/2025,1045,COD,Delivered
O038408,CUST038409,R038408,4/7/2025,939,UPI,Delivered
O038409,CUST038410,R038409,7/7/2025,1745,COD,Delivered
O038410,CUST038411,R038410,6/5/2025,1107,UPI,Delivered
O038411,CUST038412,R038411,4/10/2022,1165,Wallet,Delivered
O038412,CUST038413,R038412,9/12/2023,1031,UPI,Delivered
O038413,CUST038414,R038413,1/18/2023,1979,COD,Delivered
O038414,CUST038415,R038414,9/14/2021,143,Wallet,Cancelled
O038415,CUST038416,R038415,9/13/2021,1725,UPI,Delivered
O038416,CUST038417,R038416,10/13/2022,612,UPI,Delivered
O038417,CUST038418,R038417,1/25/2022,1819,Wallet,Delivered
O038418,CUST038419,R038418,5/19/2024,1887,Card,Cancelled
O038419,CUST038420,R038419,2/14/2025,1950,UPI,Cancelled
O038420,CUST038421,R038420,4/15/2022,407,Card,Delivered
O038421,CUST038422,R038421,1/3/2019,172,UPI,Delivered
O038422,CUST038423,R038422,6/23/2024,1946,Card,Delivered
O038423,CUST038424,R038423,2/24/2022,295,COD,Delivered
O038424,CUST038425,R038424,3/26/2021,839,UPI,Delivered
O038425,CUST038426,R038425,10/15/2022,220,COD,Delivered
O038426,CUST038427,R038426,8/7/2022,1212,COD,Delivered
O038427,CUST038428,R038427,1/2/2025,518,Card,Delivered
O038428,CUST038429,R038428,9/1/2020,913,Wallet,Delivered
O038429,CUST038430,R038429,12/1/2021,1179,UPI,Delivered
O038430,CUST038431,R038430,6/28/2019,1051,Wallet,Delivered
O038431,CUST038432,R038431,2/13/2021,1547,Wallet,Delivered
O038432,CUST038433,R038432,3/11/2020,677,Wallet,Delivered
O038433,CUST038434,R038433,8/9/2019,1924,Card,Delivered
O038434,CUST038435,R038434,7/17/2020,801,Wallet,Delivered
O038435,CUST038436,R038435,11/5/2022,1606,UPI,Delivered
O038436,CUST038437,R038436,10/18/2024,1986,UPI,Delivered
O038437,CUST038438,R038437,8/20/2025,1467,Wallet,Delivered
O038438,CUST038439,R038438,6/10/2024,1912,Card,Delivered
O038439,CUST038440,R038439,8/1/2021,1841,Card,Delivered
O038440,CUST038441,R038440,1/12/2025,182,Card,Delivered
O038441,CUST038442,R038441,12/6/2024,529,UPI,Delivered
O038442,CUST038443,R038442,8/24/2023,1808,COD,Delivered
O038443,CUST038444,R038443,10/25/2019,668,COD,Delivered
O038444,CUST038445,R038444,5/8/2022,273,COD,Delivered
O038445,CUST038446,R038445,5/21/2024,337,COD,Delivered
O038446,CUST038447,R038446,4/4/2021,1541,COD,Delivered
O038447,CUST038448,R038447,6/12/2020,385,Wallet,Delivered
O038448,CUST038449,R038448,7/27/2024,1221,Wallet,Cancelled
O038449,CUST038450,R038449,9/13/2021,757,Wallet,Delivered
O038450,CUST038451,R038450,6/4/2025,1128,UPI,Delivered
O038451,CUST038452,R038451,12/11/2024,1528,UPI,Delivered
O038452,CUST038453,R038452,2/16/2023,1884,Card,Cancelled
O038453,CUST038454,R038453,5/6/2022,226,COD,Delivered
O038454,CUST038455,R038454,11/7/2022,1629,UPI,Cancelled
O038455,CUST038456,R038455,2/11/2024,1852,COD,Delivered
O038456,CUST038457,R038456,2/26/2024,880,UPI,Delivered
O038457,CUST038458,R038457,3/24/2021,809,COD,Delivered
O038458,CUST038459,R038458,9/22/2022,556,COD,Delivered
O038459,CUST038460,R038459,7/5/2023,740,COD,Delivered
O038460,CUST038461,R038460,8/27/2023,428,Wallet,Delivered
O038461,CUST038462,R038461,1/10/2022,1266,COD,Delivered
O038462,CUST038463,R038462,11/1/2024,802,UPI,Delivered
O038463,CUST038464,R038463,9/5/2021,1172,UPI,Delivered
O038464,CUST038465,R038464,4/12/2022,726,Wallet,Delivered
O038465,CUST038466,R038465,12/3/2021,977,Card,Delivered
O038466,CUST038467,R038466,10/7/2020,1744,Wallet,Delivered
O038467,CUST038468,R038467,9/16/2020,202,Wallet,Delivered
O038468,CUST038469,R038468,5/6/2019,1511,Card,Delivered
O038469,CUST038470,R038469,6/20/2020,1552,UPI,Delivered
O038470,CUST038471,R038470,9/11/2022,426,Wallet,Cancelled
O038471,CUST038472,R038471,2/22/2021,173,UPI,Delivered
O038472,CUST038473,R038472,6/17/2024,361,Card,Delivered
O038473,CUST038474,R038473,8/22/2020,1989,COD,Delivered
O038474,CUST038475,R038474,9/4/2024,168,Card,Delivered
O038475,CUST038476,R038475,11/23/2024,418,Wallet,Delivered
O038476,CUST038477,R038476,5/27/2023,962,Card,Delivered
O038477,CUST038478,R038477,6/22/2019,834,COD,Delivered
O038478,CUST038479,R038478,3/26/2023,638,COD,Delivered
O038479,CUST038480,R038479,2/4/2020,472,COD,Cancelled
O038480,CUST038481,R038480,4/10/2022,1718,UPI,Delivered
O038481,CUST038482,R038481,8/10/2023,1128,COD,Delivered
O038482,CUST038483,R038482,7/2/2021,1169,Wallet,Delivered
O038483,CUST038484,R038483,9/5/2022,1987,UPI,Delivered
O038484,CUST038485,R038484,10/17/2023,800,Wallet,Cancelled
O038485,CUST038486,R038485,10/11/2021,152,Wallet,Delivered
O038486,CUST038487,R038486,4/17/2022,1606,COD,Delivered
O038487,CUST038488,R038487,2/14/2022,1414,COD,Delivered
O038488,CUST038489,R038488,5/10/2019,1167,COD,Delivered
O038489,CUST038490,R038489,3/10/2024,785,Wallet,Delivered
O038490,CUST038491,R038490,1/7/2025,1546,Card,Cancelled
O038491,CUST038492,R038491,3/16/2020,1350,COD,Delivered
O038492,CUST038493,R038492,9/2/2024,1226,UPI,Delivered
O038493,CUST038494,R038493,10/21/2021,529,UPI,Delivered
O038494,CUST038495,R038494,10/21/2022,1125,UPI,Delivered
O038495,CUST038496,R038495,1/12/2024,1881,Card,Delivered
O038496,CUST038497,R038496,6/16/2021,274,COD,Delivered
O038497,CUST038498,R038497,1/15/2022,146,Card,Delivered
O038498,CUST038499,R038498,12/22/2019,864,Card,Delivered
O038499,CUST038500,R038499,2/2/2019,1429,Card,Delivered
O038500,CUST038501,R038500,4/25/2021,1030,Wallet,Delivered
O038501,CUST038502,R038501,5/28/2020,1796,COD,Delivered
O038502,CUST038503,R038502,9/19/2024,445,COD,Delivered
O038503,CUST038504,R038503,1/1/2025,1337,COD,Cancelled
O038504,CUST038505,R038504,11/10/2022,1983,COD,Delivered
O038505,CUST038506,R038505,1/24/2021,1017,Wallet,Delivered
O038506,CUST038507,R038506,1/16/2023,1202,Wallet,Delivered
O038507,CUST038508,R038507,8/2/2020,1169,Wallet,Cancelled
O038508,CUST038509,R038508,2/9/2019,1497,COD,Delivered
O038509,CUST038510,R038509,3/10/2020,902,UPI,Delivered
O038510,CUST038511,R038510,2/12/2024,1664,Card,Delivered
O038511,CUST038512,R038511,8/19/2023,1536,UPI,Delivered
O038512,CUST038513,R038512,8/11/2019,1219,UPI,Delivered
O038513,CUST038514,R038513,8/19/2025,647,UPI,Delivered
O038514,CUST038515,R038514,1/22/2022,890,Card,Delivered
O038515,CUST038516,R038515,4/14/2024,1963,Card,Delivered
O038516,CUST038517,R038516,4/24/2020,107,Card,Delivered
O038517,CUST038518,R038517,5/22/2024,189,Card,Delivered
O038518,CUST038519,R038518,9/19/2022,634,Card,Delivered
O038519,CUST038520,R038519,11/3/2023,818,COD,Delivered
O038520,CUST038521,R038520,11/25/2022,823,Card,Delivered
O038521,CUST038522,R038521,12/11/2023,267,COD,Delivered
O038522,CUST038523,R038522,9/19/2020,947,UPI,Delivered
O038523,CUST038524,R038523,10/12/2020,1882,Wallet,Delivered
O038524,CUST038525,R038524,10/7/2019,1580,UPI,Cancelled
O038525,CUST038526,R038525,10/12/2024,1307,UPI,Delivered
O038526,CUST038527,R038526,5/22/2023,1703,UPI,Cancelled
O038527,CUST038528,R038527,6/10/2023,1425,UPI,Cancelled
O038528,CUST038529,R038528,1/17/2022,105,UPI,Delivered
O038529,CUST038530,R038529,2/12/2025,151,COD,Delivered
O038530,CUST038531,R038530,5/24/2022,278,COD,Delivered
O038531,CUST038532,R038531,11/27/2019,1690,Card,Delivered
O038532,CUST038533,R038532,1/18/2019,338,COD,Delivered
O038533,CUST038534,R038533,11/26/2022,867,COD,Delivered
O038534,CUST038535,R038534,9/27/2020,487,Card,Delivered
O038535,CUST038536,R038535,12/21/2023,607,Wallet,Delivered
O038536,CUST038537,R038536,5/7/2022,614,Wallet,Delivered
O038537,CUST038538,R038537,12/21/2023,1687,Wallet,Delivered
O038538,CUST038539,R038538,6/7/2019,924,COD,Delivered
O038539,CUST038540,R038539,9/4/2021,1363,UPI,Delivered
O038540,CUST038541,R038540,2/4/2025,1084,UPI,Delivered
O038541,CUST038542,R038541,4/19/2021,908,Wallet,Delivered
O038542,CUST038543,R038542,10/6/2020,1670,Card,Delivered
O038543,CUST038544,R038543,5/18/2022,1969,Wallet,Delivered
O038544,CUST038545,R038544,12/9/2019,1350,UPI,Delivered
O038545,CUST038546,R038545,5/13/2023,1856,Wallet,Delivered
O038546,CUST038547,R038546,12/23/2024,1496,Card,Delivered
O038547,CUST038548,R038547,9/22/2020,530,Card,Delivered
O038548,CUST038549,R038548,1/18/2025,222,UPI,Delivered
O038549,CUST038550,R038549,2/17/2024,274,COD,Delivered
O038550,CUST038551,R038550,8/16/2025,781,Card,Delivered
O038551,CUST038552,R038551,11/7/2025,1552,Card,Delivered
O038552,CUST038553,R038552,5/26/2023,1148,Wallet,Delivered
O038553,CUST038554,R038553,2/27/2021,701,Card,Delivered
O038554,CUST038555,R038554,5/1/2021,568,COD,Delivered
O038555,CUST038556,R038555,8/21/2019,1286,Card,Delivered
O038556,CUST038557,R038556,12/12/2024,268,COD,Delivered
O038557,CUST038558,R038557,4/5/2021,1029,Wallet,Delivered
O038558,CUST038559,R038558,11/1/2022,1089,Card,Delivered
O038559,CUST038560,R038559,1/26/2019,728,Wallet,Delivered
O038560,CUST038561,R038560,9/10/2025,1619,Card,Cancelled
O038561,CUST038562,R038561,3/13/2019,597,Wallet,Delivered
O038562,CUST038563,R038562,2/5/2023,1365,UPI,Delivered
O038563,CUST038564,R038563,6/4/2022,1914,UPI,Delivered
O038564,CUST038565,R038564,1/13/2023,740,Wallet,Delivered
O038565,CUST038566,R038565,1/14/2024,336,UPI,Delivered
O038566,CUST038567,R038566,6/18/2020,902,UPI,Cancelled
O038567,CUST038568,R038567,8/17/2025,248,Card,Delivered
O038568,CUST038569,R038568,2/9/2025,1535,Card,Delivered
O038569,CUST038570,R038569,6/15/2023,1786,Card,Delivered
O038570,CUST038571,R038570,3/22/2020,821,UPI,Delivered
O038571,CUST038572,R038571,5/3/2022,1717,UPI,Delivered
O038572,CUST038573,R038572,4/21/2021,518,Wallet,Delivered
O038573,CUST038574,R038573,1/4/2024,390,COD,Delivered
O038574,CUST038575,R038574,8/22/2019,214,COD,Delivered
O038575,CUST038576,R038575,6/2/2023,981,Card,Delivered
O038576,CUST038577,R038576,2/27/2023,641,COD,Delivered
O038577,CUST038578,R038577,12/8/2019,891,Wallet,Delivered
O038578,CUST038579,R038578,9/9/2019,1009,Wallet,Delivered
O038579,CUST038580,R038579,3/27/2019,693,Wallet,Delivered
O038580,CUST038581,R038580,4/11/2019,1765,COD,Delivered
O038581,CUST038582,R038581,1/11/2022,628,UPI,Cancelled
O038582,CUST038583,R038582,9/10/2025,1446,UPI,Cancelled
O038583,CUST038584,R038583,3/16/2020,1449,Card,Delivered
O038584,CUST038585,R038584,4/15/2022,1327,Wallet,Delivered
O038585,CUST038586,R038585,8/15/2025,135,UPI,Delivered
O038586,CUST038587,R038586,7/19/2025,1908,Card,Delivered
O038587,CUST038588,R038587,3/17/2019,302,COD,Delivered
O038588,CUST038589,R038588,2/24/2025,1783,Card,Cancelled
O038589,CUST038590,R038589,11/8/2024,257,COD,Delivered
O038590,CUST038591,R038590,8/2/2021,683,Card,Delivered
O038591,CUST038592,R038591,2/19/2024,1053,Wallet,Delivered
O038592,CUST038593,R038592,11/22/2020,780,Wallet,Delivered
O038593,CUST038594,R038593,9/14/2019,920,Wallet,Delivered
O038594,CUST038595,R038594,3/27/2025,673,Wallet,Delivered
O038595,CUST038596,R038595,10/13/2021,1490,COD,Delivered
O038596,CUST038597,R038596,12/4/2023,1536,Card,Cancelled
O038597,CUST038598,R038597,4/15/2022,1906,Wallet,Cancelled
O038598,CUST038599,R038598,12/16/2023,1191,UPI,Delivered
O038599,CUST038600,R038599,1/7/2020,1429,Card,Delivered
O038600,CUST038601,R038600,7/18/2023,351,UPI,Delivered
O038601,CUST038602,R038601,8/12/2023,1871,Card,Delivered
O038602,CUST038603,R038602,8/11/2022,302,Card,Delivered
O038603,CUST038604,R038603,4/3/2024,1739,Card,Delivered
O038604,CUST038605,R038604,9/18/2021,669,COD,Delivered
O038605,CUST038606,R038605,12/23/2022,396,Card,Delivered
O038606,CUST038607,R038606,10/24/2020,581,COD,Delivered
O038607,CUST038608,R038607,3/21/2025,780,COD,Delivered
O038608,CUST038609,R038608,6/8/2023,391,COD,Cancelled
O038609,CUST038610,R038609,4/26/2020,1152,UPI,Delivered
O038610,CUST038611,R038610,7/10/2024,1698,Card,Delivered
O038611,CUST038612,R038611,2/27/2021,851,UPI,Delivered
O038612,CUST038613,R038612,9/1/2022,1045,Wallet,Delivered
O038613,CUST038614,R038613,4/15/2020,979,UPI,Delivered
O038614,CUST038615,R038614,10/14/2025,1488,UPI,Delivered
O038615,CUST038616,R038615,3/6/2022,1863,Wallet,Cancelled
O038616,CUST038617,R038616,10/12/2024,1393,Card,Delivered
O038617,CUST038618,R038617,1/12/2025,253,Wallet,Delivered
O038618,CUST038619,R038618,8/17/2024,1025,UPI,Delivered
O038619,CUST038620,R038619,10/19/2019,371,COD,Delivered
O038620,CUST038621,R038620,6/16/2020,440,Wallet,Delivered
O038621,CUST038622,R038621,2/17/2023,1909,Card,Delivered
O038622,CUST038623,R038622,10/13/2021,770,COD,Delivered
O038623,CUST038624,R038623,7/5/2024,425,Card,Delivered
O038624,CUST038625,R038624,12/2/2023,467,COD,Delivered
O038625,CUST038626,R038625,8/24/2025,705,UPI,Delivered
O038626,CUST038627,R038626,10/24/2021,531,Wallet,Delivered
O038627,CUST038628,R038627,8/5/2020,1036,Card,Delivered
O038628,CUST038629,R038628,9/25/2019,524,Card,Delivered
O038629,CUST038630,R038629,7/4/2023,769,Wallet,Delivered
O038630,CUST038631,R038630,7/3/2022,1575,COD,Delivered
O038631,CUST038632,R038631,8/25/2024,402,Wallet,Delivered
O038632,CUST038633,R038632,4/10/2023,1654,Wallet,Cancelled
O038633,CUST038634,R038633,12/9/2019,828,Wallet,Delivered
O038634,CUST038635,R038634,10/16/2020,1330,UPI,Delivered
O038635,CUST038636,R038635,8/4/2023,1524,UPI,Cancelled
O038636,CUST038637,R038636,11/10/2019,1702,UPI,Delivered
O038637,CUST038638,R038637,7/20/2024,509,UPI,Delivered
O038638,CUST038639,R038638,2/15/2022,1094,Wallet,Delivered
O038639,CUST038640,R038639,3/16/2023,191,COD,Delivered
O038640,CUST038641,R038640,2/19/2021,1664,UPI,Delivered
O038641,CUST038642,R038641,11/6/2021,141,Card,Delivered
O038642,CUST038643,R038642,8/1/2025,386,Card,Delivered
O038643,CUST038644,R038643,2/26/2022,302,Card,Delivered
O038644,CUST038645,R038644,4/27/2019,1962,COD,Delivered
O038645,CUST038646,R038645,8/4/2020,381,COD,Delivered
O038646,CUST038647,R038646,6/18/2019,620,COD,Delivered
O038647,CUST038648,R038647,10/10/2020,1437,Card,Cancelled
O038648,CUST038649,R038648,11/27/2025,289,UPI,Delivered
O038649,CUST038650,R038649,7/7/2023,1362,Wallet,Delivered
O038650,CUST038651,R038650,3/15/2019,1138,Wallet,Cancelled
O038651,CUST038652,R038651,4/27/2021,710,COD,Delivered
O038652,CUST038653,R038652,11/10/2024,1707,UPI,Delivered
O038653,CUST038654,R038653,8/14/2023,1324,Card,Delivered
O038654,CUST038655,R038654,1/8/2023,1659,UPI,Delivered
O038655,CUST038656,R038655,8/23/2025,1189,UPI,Delivered
O038656,CUST038657,R038656,8/7/2022,1819,Card,Delivered
O038657,CUST038658,R038657,8/21/2022,343,Wallet,Delivered
O038658,CUST038659,R038658,9/14/2020,1943,Card,Delivered
O038659,CUST038660,R038659,6/13/2019,236,COD,Delivered
O038660,CUST038661,R038660,10/7/2022,592,Card,Delivered
O038661,CUST038662,R038661,1/8/2020,333,Wallet,Delivered
O038662,CUST038663,R038662,7/9/2021,1407,Card,Delivered
O038663,CUST038664,R038663,4/3/2020,1226,UPI,Delivered
O038664,CUST038665,R038664,3/7/2019,934,COD,Delivered
O038665,CUST038666,R038665,11/11/2024,862,UPI,Delivered
O038666,CUST038667,R038666,10/2/2020,846,Card,Delivered
O038667,CUST038668,R038667,4/9/2019,273,Wallet,Delivered
O038668,CUST038669,R038668,10/10/2021,1276,UPI,Delivered
O038669,CUST038670,R038669,6/11/2024,1863,Card,Delivered
O038670,CUST038671,R038670,1/22/2020,1400,UPI,Delivered
O038671,CUST038672,R038671,3/7/2023,1987,Card,Cancelled
O038672,CUST038673,R038672,5/14/2024,323,UPI,Delivered
O038673,CUST038674,R038673,8/23/2020,382,COD,Delivered
O038674,CUST038675,R038674,12/16/2025,1851,COD,Delivered
O038675,CUST038676,R038675,7/3/2021,308,UPI,Delivered
O038676,CUST038677,R038676,12/25/2022,842,UPI,Delivered
O038677,CUST038678,R038677,2/2/2023,1085,UPI,Delivered
O038678,CUST038679,R038678,9/22/2025,479,Wallet,Delivered
O038679,CUST038680,R038679,10/24/2020,462,Wallet,Delivered
O038680,CUST038681,R038680,4/6/2021,895,COD,Delivered
O038681,CUST038682,R038681,9/5/2025,892,UPI,Delivered
O038682,CUST038683,R038682,9/6/2019,1524,COD,Delivered
O038683,CUST038684,R038683,10/3/2019,1016,UPI,Delivered
O038684,CUST038685,R038684,8/11/2020,1079,Wallet,Delivered
O038685,CUST038686,R038685,4/9/2019,951,Wallet,Delivered
O038686,CUST038687,R038686,11/18/2022,1944,Card,Delivered
O038687,CUST038688,R038687,4/13/2025,101,Wallet,Cancelled
O038688,CUST038689,R038688,12/12/2021,1825,UPI,Delivered
O038689,CUST038690,R038689,2/12/2025,458,Card,Delivered
O038690,CUST038691,R038690,10/24/2024,1714,Wallet,Delivered
O038691,CUST038692,R038691,4/17/2024,139,COD,Delivered
O038692,CUST038693,R038692,5/19/2021,1979,UPI,Cancelled
O038693,CUST038694,R038693,6/15/2023,686,Card,Delivered
O038694,CUST038695,R038694,11/7/2020,509,UPI,Delivered
O038695,CUST038696,R038695,9/28/2025,1899,UPI,Delivered
O038696,CUST038697,R038696,1/26/2020,253,COD,Delivered
O038697,CUST038698,R038697,4/27/2021,759,UPI,Delivered
O038698,CUST038699,R038698,6/14/2023,141,COD,Delivered
O038699,CUST038700,R038699,3/6/2019,1133,COD,Delivered
O038700,CUST038701,R038700,11/2/2024,301,Card,Delivered
O038701,CUST038702,R038701,8/1/2023,1057,COD,Delivered
O038702,CUST038703,R038702,1/28/2024,1025,Wallet,Delivered
O038703,CUST038704,R038703,11/27/2020,902,Wallet,Delivered
O038704,CUST038705,R038704,10/13/2023,1403,Wallet,Delivered
O038705,CUST038706,R038705,8/7/2022,322,Wallet,Delivered
O038706,CUST038707,R038706,6/4/2022,1820,UPI,Delivered
O038707,CUST038708,R038707,1/15/2024,710,Wallet,Delivered
O038708,CUST038709,R038708,6/3/2022,1514,UPI,Cancelled
O038709,CUST038710,R038709,1/17/2021,1770,UPI,Delivered
O038710,CUST038711,R038710,7/22/2023,1432,Wallet,Delivered
O038711,CUST038712,R038711,6/8/2023,1832,Card,Delivered
O038712,CUST038713,R038712,11/28/2021,1755,Card,Delivered
O038713,CUST038714,R038713,1/11/2019,1993,COD,Delivered
O038714,CUST038715,R038714,10/2/2025,674,UPI,Delivered
O038715,CUST038716,R038715,8/23/2024,1697,COD,Delivered
O038716,CUST038717,R038716,11/24/2022,518,COD,Delivered
O038717,CUST038718,R038717,9/7/2025,130,COD,Delivered
O038718,CUST038719,R038718,7/19/2022,1840,COD,Delivered
O038719,CUST038720,R038719,1/27/2022,1436,COD,Delivered
O038720,CUST038721,R038720,8/10/2019,797,Wallet,Delivered
O038721,CUST038722,R038721,10/25/2019,1131,Wallet,Delivered
O038722,CUST038723,R038722,9/11/2023,673,Wallet,Delivered
O038723,CUST038724,R038723,5/3/2021,1048,Wallet,Delivered
O038724,CUST038725,R038724,2/10/2025,1492,COD,Delivered
O038725,CUST038726,R038725,1/15/2024,1415,UPI,Delivered
O038726,CUST038727,R038726,8/5/2021,1610,Card,Delivered
O038727,CUST038728,R038727,3/27/2025,1302,Wallet,Delivered
O038728,CUST038729,R038728,2/4/2024,1318,Card,Delivered
O038729,CUST038730,R038729,11/19/2025,178,UPI,Delivered
O038730,CUST038731,R038730,3/16/2019,666,COD,Delivered
O038731,CUST038732,R038731,3/20/2025,157,COD,Delivered
O038732,CUST038733,R038732,5/27/2019,590,COD,Delivered
O038733,CUST038734,R038733,7/26/2019,318,UPI,Delivered
O038734,CUST038735,R038734,4/6/2024,1219,Card,Delivered
O038735,CUST038736,R038735,3/27/2024,717,Wallet,Delivered
O038736,CUST038737,R038736,2/7/2019,1092,Wallet,Delivered
O038737,CUST038738,R038737,2/10/2025,647,Wallet,Delivered
O038738,CUST038739,R038738,10/3/2020,1460,UPI,Delivered
O038739,CUST038740,R038739,4/6/2024,1697,UPI,Delivered
O038740,CUST038741,R038740,5/15/2022,111,Wallet,Delivered
O038741,CUST038742,R038741,2/5/2024,1362,Card,Delivered
O038742,CUST038743,R038742,3/19/2023,1409,Wallet,Delivered
O038743,CUST038744,R038743,6/18/2022,326,COD,Cancelled
O038744,CUST038745,R038744,5/21/2020,1712,Wallet,Delivered
O038745,CUST038746,R038745,11/11/2022,207,Card,Delivered
O038746,CUST038747,R038746,3/20/2020,1836,COD,Delivered
O038747,CUST038748,R038747,8/3/2024,1848,Card,Delivered
O038748,CUST038749,R038748,6/22/2019,376,Wallet,Cancelled
O038749,CUST038750,R038749,1/1/2021,882,Card,Delivered
O038750,CUST038751,R038750,8/20/2025,755,COD,Delivered
O038751,CUST038752,R038751,10/25/2020,553,COD,Delivered
O038752,CUST038753,R038752,8/1/2019,424,Wallet,Cancelled
O038753,CUST038754,R038753,4/10/2025,1671,Wallet,Delivered
O038754,CUST038755,R038754,9/9/2019,979,COD,Delivered
O038755,CUST038756,R038755,12/1/2021,1026,Wallet,Delivered
O038756,CUST038757,R038756,12/4/2023,1843,Wallet,Delivered
O038757,CUST038758,R038757,4/16/2024,439,Wallet,Cancelled
O038758,CUST038759,R038758,7/5/2024,1768,Card,Delivered
O038759,CUST038760,R038759,2/15/2020,1452,Wallet,Delivered
O038760,CUST038761,R038760,2/12/2025,169,UPI,Delivered
O038761,CUST038762,R038761,10/16/2023,1893,UPI,Delivered
O038762,CUST038763,R038762,4/24/2023,1555,UPI,Delivered
O038763,CUST038764,R038763,1/17/2025,371,UPI,Delivered
O038764,CUST038765,R038764,11/26/2022,1264,COD,Delivered
O038765,CUST038766,R038765,7/13/2023,1136,UPI,Delivered
O038766,CUST038767,R038766,6/20/2024,483,Wallet,Delivered
O038767,CUST038768,R038767,10/20/2023,845,UPI,Delivered
O038768,CUST038769,R038768,3/11/2020,1737,UPI,Delivered
O038769,CUST038770,R038769,10/15/2024,130,Card,Delivered
O038770,CUST038771,R038770,4/14/2021,1643,UPI,Cancelled
O038771,CUST038772,R038771,9/16/2020,754,UPI,Delivered
O038772,CUST038773,R038772,12/26/2019,1318,Card,Delivered
O038773,CUST038774,R038773,12/22/2025,881,Wallet,Delivered
O038774,CUST038775,R038774,5/26/2022,1717,Card,Delivered
O038775,CUST038776,R038775,7/21/2025,366,COD,Delivered
O038776,CUST038777,R038776,10/28/2024,1121,COD,Delivered
O038777,CUST038778,R038777,9/8/2023,1936,Card,Delivered
O038778,CUST038779,R038778,9/23/2022,927,Wallet,Delivered
O038779,CUST038780,R038779,6/15/2024,1111,COD,Delivered
O038780,CUST038781,R038780,4/1/2023,1127,Wallet,Delivered
O038781,CUST038782,R038781,9/6/2022,1397,COD,Delivered
O038782,CUST038783,R038782,6/9/2019,759,UPI,Delivered
O038783,CUST038784,R038783,8/11/2021,1259,UPI,Cancelled
O038784,CUST038785,R038784,11/18/2023,1381,UPI,Delivered
O038785,CUST038786,R038785,6/9/2021,934,UPI,Delivered
O038786,CUST038787,R038786,3/17/2020,542,UPI,Delivered
O038787,CUST038788,R038787,5/20/2022,810,Card,Delivered
O038788,CUST038789,R038788,3/16/2020,1882,Card,Delivered
O038789,CUST038790,R038789,2/22/2020,1923,Card,Delivered
O038790,CUST038791,R038790,10/18/2023,143,UPI,Delivered
O038791,CUST038792,R038791,4/18/2022,587,Card,Delivered
O038792,CUST038793,R038792,12/1/2019,732,COD,Delivered
O038793,CUST038794,R038793,8/24/2020,743,Wallet,Delivered
O038794,CUST038795,R038794,3/10/2025,125,Card,Delivered
O038795,CUST038796,R038795,11/19/2024,419,COD,Delivered
O038796,CUST038797,R038796,4/5/2023,919,COD,Delivered
O038797,CUST038798,R038797,6/27/2019,997,UPI,Delivered
O038798,CUST038799,R038798,2/4/2023,725,UPI,Delivered
O038799,CUST038800,R038799,3/12/2020,1598,UPI,Delivered
O038800,CUST038801,R038800,5/2/2022,1580,Card,Delivered
O038801,CUST038802,R038801,8/19/2020,1926,Wallet,Delivered
O038802,CUST038803,R038802,4/10/2024,1968,Card,Delivered
O038803,CUST038804,R038803,11/21/2019,187,COD,Delivered
O038804,CUST038805,R038804,2/25/2019,1643,Card,Cancelled
O038805,CUST038806,R038805,5/18/2024,820,COD,Delivered
O038806,CUST038807,R038806,12/24/2025,788,COD,Delivered
O038807,CUST038808,R038807,9/26/2019,343,Card,Delivered
O038808,CUST038809,R038808,3/20/2022,457,COD,Delivered
O038809,CUST038810,R038809,12/6/2023,248,COD,Cancelled
O038810,CUST038811,R038810,5/1/2024,1577,Wallet,Delivered
O038811,CUST038812,R038811,10/4/2019,770,COD,Delivered
O038812,CUST038813,R038812,9/2/2023,1214,Wallet,Delivered
O038813,CUST038814,R038813,1/3/2020,1196,UPI,Delivered
O038814,CUST038815,R038814,6/21/2022,698,Wallet,Delivered
O038815,CUST038816,R038815,4/4/2024,1628,Card,Delivered
O038816,CUST038817,R038816,6/16/2021,1878,Wallet,Delivered
O038817,CUST038818,R038817,3/6/2021,1259,Card,Delivered
O038818,CUST038819,R038818,1/12/2019,1815,Wallet,Cancelled
O038819,CUST038820,R038819,7/19/2025,1460,Card,Delivered
O038820,CUST038821,R038820,5/20/2021,450,UPI,Delivered
O038821,CUST038822,R038821,12/17/2019,1974,UPI,Delivered
O038822,CUST038823,R038822,5/15/2023,1766,COD,Delivered
O038823,CUST038824,R038823,3/15/2024,1194,UPI,Delivered
O038824,CUST038825,R038824,8/7/2021,1446,Card,Delivered
O038825,CUST038826,R038825,2/24/2020,1004,Wallet,Delivered
O038826,CUST038827,R038826,9/25/2022,813,Card,Delivered
O038827,CUST038828,R038827,3/2/2020,489,COD,Delivered
O038828,CUST038829,R038828,7/27/2025,1244,COD,Delivered
O038829,CUST038830,R038829,11/11/2019,649,COD,Delivered
O038830,CUST038831,R038830,4/3/2023,1367,UPI,Delivered
O038831,CUST038832,R038831,1/6/2019,1431,Card,Delivered
O038832,CUST038833,R038832,5/3/2025,1076,Wallet,Delivered
O038833,CUST038834,R038833,4/15/2024,110,Card,Cancelled
O038834,CUST038835,R038834,2/18/2021,318,COD,Delivered
O038835,CUST038836,R038835,9/4/2020,955,UPI,Delivered
O038836,CUST038837,R038836,2/3/2023,1759,UPI,Delivered
O038837,CUST038838,R038837,1/10/2020,635,Wallet,Delivered
O038838,CUST038839,R038838,8/13/2019,237,Wallet,Cancelled
O038839,CUST038840,R038839,5/16/2019,1014,UPI,Delivered
O038840,CUST038841,R038840,3/19/2019,2000,Card,Delivered
O038841,CUST038842,R038841,1/7/2019,1444,UPI,Delivered
O038842,CUST038843,R038842,8/14/2023,1739,Card,Cancelled
O038843,CUST038844,R038843,2/20/2020,599,UPI,Delivered
O038844,CUST038845,R038844,1/25/2021,1631,UPI,Delivered
O038845,CUST038846,R038845,8/19/2024,439,COD,Delivered
O038846,CUST038847,R038846,4/3/2023,311,Card,Delivered
O038847,CUST038848,R038847,10/22/2023,109,Card,Delivered
O038848,CUST038849,R038848,9/28/2022,614,Card,Delivered
O038849,CUST038850,R038849,6/26/2019,487,COD,Delivered
O038850,CUST038851,R038850,2/7/2022,743,COD,Delivered
O038851,CUST038852,R038851,8/7/2019,865,Wallet,Delivered
O038852,CUST038853,R038852,5/26/2019,673,Wallet,Delivered
O038853,CUST038854,R038853,7/13/2023,1660,COD,Delivered
O038854,CUST038855,R038854,3/9/2021,538,UPI,Delivered
O038855,CUST038856,R038855,8/8/2023,1356,UPI,Cancelled
O038856,CUST038857,R038856,10/14/2022,1407,UPI,Cancelled
O038857,CUST038858,R038857,10/7/2023,1291,Wallet,Delivered
O038858,CUST038859,R038858,4/14/2019,1957,UPI,Delivered
O038859,CUST038860,R038859,2/18/2023,1829,Card,Delivered
O038860,CUST038861,R038860,6/16/2025,216,Card,Delivered
O038861,CUST038862,R038861,2/23/2021,1242,UPI,Cancelled
O038862,CUST038863,R038862,7/7/2020,147,Card,Delivered
O038863,CUST038864,R038863,1/1/2022,534,UPI,Delivered
O038864,CUST038865,R038864,2/16/2019,481,COD,Delivered
O038865,CUST038866,R038865,10/20/2023,464,COD,Delivered
O038866,CUST038867,R038866,10/8/2025,388,COD,Delivered
O038867,CUST038868,R038867,12/18/2019,198,UPI,Delivered
O038868,CUST038869,R038868,8/5/2025,1399,COD,Delivered
O038869,CUST038870,R038869,12/24/2024,1451,Card,Delivered
O038870,CUST038871,R038870,7/10/2021,1827,Wallet,Delivered
O038871,CUST038872,R038871,7/15/2022,1155,UPI,Delivered
O038872,CUST038873,R038872,4/6/2019,1910,Card,Delivered
O038873,CUST038874,R038873,7/17/2025,260,Wallet,Delivered
O038874,CUST038875,R038874,4/11/2024,1462,Card,Delivered
O038875,CUST038876,R038875,3/8/2023,191,Card,Delivered
O038876,CUST038877,R038876,1/2/2020,1633,Card,Delivered
O038877,CUST038878,R038877,1/17/2024,525,COD,Delivered
O038878,CUST038879,R038878,2/21/2021,509,Card,Delivered
O038879,CUST038880,R038879,8/26/2019,432,COD,Delivered
O038880,CUST038881,R038880,12/19/2024,669,COD,Delivered
O038881,CUST038882,R038881,4/6/2025,170,COD,Delivered
O038882,CUST038883,R038882,4/24/2022,1068,UPI,Delivered
O038883,CUST038884,R038883,7/4/2021,1618,UPI,Delivered
O038884,CUST038885,R038884,1/24/2022,771,Wallet,Delivered
O038885,CUST038886,R038885,3/28/2023,1003,COD,Delivered
O038886,CUST038887,R038886,7/14/2020,933,Wallet,Delivered
O038887,CUST038888,R038887,10/13/2024,1078,UPI,Delivered
O038888,CUST038889,R038888,4/5/2025,1713,COD,Delivered
O038889,CUST038890,R038889,2/11/2022,1249,UPI,Delivered
O038890,CUST038891,R038890,4/12/2019,677,Wallet,Delivered
O038891,CUST038892,R038891,1/15/2021,1137,UPI,Delivered
O038892,CUST038893,R038892,4/20/2021,222,Card,Cancelled
O038893,CUST038894,R038893,9/14/2023,285,Wallet,Delivered
O038894,CUST038895,R038894,10/15/2025,1863,Card,Delivered
O038895,CUST038896,R038895,11/19/2022,728,COD,Delivered
O038896,CUST038897,R038896,2/27/2023,344,Card,Cancelled
O038897,CUST038898,R038897,3/27/2019,387,Wallet,Delivered
O038898,CUST038899,R038898,11/23/2025,620,UPI,Delivered
O038899,CUST038900,R038899,12/24/2025,549,COD,Delivered
O038900,CUST038901,R038900,1/8/2019,1228,Card,Delivered
O038901,CUST038902,R038901,8/27/2021,615,Card,Delivered
O038902,CUST038903,R038902,10/6/2024,866,Wallet,Delivered
O038903,CUST038904,R038903,4/6/2019,1432,COD,Delivered
O038904,CUST038905,R038904,2/25/2021,551,Wallet,Delivered
O038905,CUST038906,R038905,6/11/2020,1543,COD,Delivered
O038906,CUST038907,R038906,8/7/2020,674,Wallet,Delivered
O038907,CUST038908,R038907,2/14/2020,1239,UPI,Delivered
O038908,CUST038909,R038908,4/2/2025,1116,UPI,Delivered
O038909,CUST038910,R038909,5/5/2019,1666,UPI,Delivered
O038910,CUST038911,R038910,9/18/2022,430,UPI,Delivered
O038911,CUST038912,R038911,9/14/2020,1009,Wallet,Delivered
O038912,CUST038913,R038912,6/14/2022,2000,Card,Delivered
O038913,CUST038914,R038913,3/26/2025,1617,UPI,Delivered
O038914,CUST038915,R038914,7/6/2024,1937,UPI,Delivered
O038915,CUST038916,R038915,1/27/2019,243,Card,Delivered
O038916,CUST038917,R038916,10/25/2023,158,COD,Delivered
O038917,CUST038918,R038917,3/26/2020,167,COD,Delivered
O038918,CUST038919,R038918,9/6/2022,271,COD,Delivered
O038919,CUST038920,R038919,12/17/2025,334,COD,Delivered
O038920,CUST038921,R038920,10/8/2022,1288,Card,Cancelled
O038921,CUST038922,R038921,8/25/2022,209,Wallet,Delivered
O038922,CUST038923,R038922,1/27/2020,1283,Wallet,Delivered
O038923,CUST038924,R038923,4/13/2022,1102,Wallet,Delivered
O038924,CUST038925,R038924,7/25/2020,668,COD,Delivered
O038925,CUST038926,R038925,3/9/2020,1617,Wallet,Delivered
O038926,CUST038927,R038926,9/13/2019,1234,UPI,Cancelled
O038927,CUST038928,R038927,1/7/2024,1553,UPI,Delivered
O038928,CUST038929,R038928,4/22/2021,914,UPI,Delivered
O038929,CUST038930,R038929,12/6/2025,1676,Card,Delivered
O038930,CUST038931,R038930,11/20/2022,450,Wallet,Delivered
O038931,CUST038932,R038931,7/15/2020,1788,Card,Delivered
O038932,CUST038933,R038932,8/11/2020,124,Card,Delivered
O038933,CUST038934,R038933,9/3/2019,1959,UPI,Delivered
O038934,CUST038935,R038934,1/6/2022,1727,Card,Delivered
O038935,CUST038936,R038935,5/24/2020,899,UPI,Delivered
O038936,CUST038937,R038936,9/22/2023,712,UPI,Delivered
O038937,CUST038938,R038937,11/27/2023,285,COD,Delivered
O038938,CUST038939,R038938,6/4/2022,816,Wallet,Delivered
O038939,CUST038940,R038939,3/1/2020,755,Card,Delivered
O038940,CUST038941,R038940,5/8/2022,187,COD,Delivered
O038941,CUST038942,R038941,9/10/2025,1132,UPI,Delivered
O038942,CUST038943,R038942,11/7/2023,1764,Card,Delivered
O038943,CUST038944,R038943,7/21/2025,1550,Wallet,Delivered
O038944,CUST038945,R038944,9/8/2024,1832,Card,Delivered
O038945,CUST038946,R038945,8/12/2020,169,UPI,Delivered
O038946,CUST038947,R038946,4/21/2022,103,COD,Delivered
O038947,CUST038948,R038947,11/14/2025,1815,COD,Delivered
O038948,CUST038949,R038948,9/25/2025,228,UPI,Delivered
O038949,CUST038950,R038949,10/23/2022,756,Wallet,Delivered
O038950,CUST038951,R038950,4/27/2021,995,UPI,Delivered
O038951,CUST038952,R038951,12/19/2024,432,COD,Delivered
O038952,CUST038953,R038952,6/24/2022,420,COD,Delivered
O038953,CUST038954,R038953,2/5/2019,815,Card,Delivered
O038954,CUST038955,R038954,5/4/2019,750,Wallet,Delivered
O038955,CUST038956,R038955,4/4/2023,1380,COD,Delivered
O038956,CUST038957,R038956,8/2/2025,1165,UPI,Delivered
O038957,CUST038958,R038957,8/10/2023,1492,Wallet,Delivered
O038958,CUST038959,R038958,4/6/2021,798,Wallet,Delivered
O038959,CUST038960,R038959,3/15/2022,1795,Card,Delivered
O038960,CUST038961,R038960,7/9/2020,1603,Wallet,Delivered
O038961,CUST038962,R038961,6/7/2021,1789,UPI,Delivered
O038962,CUST038963,R038962,4/10/2024,417,Card,Delivered
O038963,CUST038964,R038963,3/22/2021,1623,Wallet,Delivered
O038964,CUST038965,R038964,1/16/2019,1949,Card,Delivered
O038965,CUST038966,R038965,10/18/2019,1937,UPI,Delivered
O038966,CUST038967,R038966,3/15/2019,476,COD,Delivered
O038967,CUST038968,R038967,11/6/2019,366,Card,Delivered
O038968,CUST038969,R038968,12/27/2025,276,Card,Delivered
O038969,CUST038970,R038969,12/25/2022,782,Wallet,Delivered
O038970,CUST038971,R038970,4/5/2025,1077,COD,Cancelled
O038971,CUST038972,R038971,9/16/2020,458,COD,Delivered
O038972,CUST038973,R038972,11/10/2024,983,COD,Delivered
O038973,CUST038974,R038973,10/6/2022,1803,Card,Delivered
O038974,CUST038975,R038974,6/23/2019,978,COD,Delivered
O038975,CUST038976,R038975,2/26/2021,618,Wallet,Delivered
O038976,CUST038977,R038976,1/25/2025,855,Wallet,Delivered
O038977,CUST038978,R038977,1/10/2019,1312,COD,Delivered
O038978,CUST038979,R038978,10/6/2025,237,COD,Delivered
O038979,CUST038980,R038979,6/3/2023,1740,UPI,Cancelled
O038980,CUST038981,R038980,6/22/2025,609,Wallet,Delivered
O038981,CUST038982,R038981,5/2/2024,1409,UPI,Cancelled
O038982,CUST038983,R038982,5/15/2021,1872,Wallet,Delivered
O038983,CUST038984,R038983,7/21/2022,1277,Wallet,Cancelled
O038984,CUST038985,R038984,1/7/2025,1552,Card,Delivered
O038985,CUST038986,R038985,2/26/2025,1655,Card,Delivered
O038986,CUST038987,R038986,8/9/2020,1594,COD,Delivered
O038987,CUST038988,R038987,12/25/2019,594,Wallet,Delivered
O038988,CUST038989,R038988,10/21/2023,1611,COD,Delivered
O038989,CUST038990,R038989,5/20/2024,471,COD,Delivered
O038990,CUST038991,R038990,4/5/2021,1985,Card,Delivered
O038991,CUST038992,R038991,12/18/2023,1755,Card,Delivered
O038992,CUST038993,R038992,2/25/2024,1356,COD,Delivered
O038993,CUST038994,R038993,8/9/2022,717,COD,Delivered
O038994,CUST038995,R038994,8/25/2019,1026,Wallet,Delivered
O038995,CUST038996,R038995,4/10/2021,643,Wallet,Delivered
O038996,CUST038997,R038996,1/2/2022,893,Wallet,Delivered
O038997,CUST038998,R038997,12/8/2022,1343,COD,Cancelled
O038998,CUST038999,R038998,8/8/2025,1272,UPI,Cancelled
O038999,CUST039000,R038999,2/4/2019,1254,Card,Delivered
O039000,CUST039001,R039000,12/21/2021,1260,Wallet,Delivered
O039001,CUST039002,R039001,12/2/2025,1227,UPI,Cancelled
O039002,CUST039003,R039002,6/17/2019,1989,Wallet,Delivered
O039003,CUST039004,R039003,2/15/2019,191,Card,Delivered
O039004,CUST039005,R039004,3/13/2025,1414,Card,Delivered
O039005,CUST039006,R039005,1/20/2019,1984,COD,Delivered
O039006,CUST039007,R039006,2/18/2022,1712,Wallet,Delivered
O039007,CUST039008,R039007,2/26/2019,1070,COD,Delivered
O039008,CUST039009,R039008,5/20/2021,861,Wallet,Delivered
O039009,CUST039010,R039009,8/3/2022,981,Wallet,Delivered
O039010,CUST039011,R039010,4/9/2020,498,Wallet,Delivered
O039011,CUST039012,R039011,2/1/2021,1316,UPI,Delivered
O039012,CUST039013,R039012,7/4/2024,1298,Wallet,Cancelled
O039013,CUST039014,R039013,5/10/2020,1732,Wallet,Delivered
O039014,CUST039015,R039014,4/3/2023,1316,Card,Delivered
O039015,CUST039016,R039015,2/17/2022,1319,Wallet,Delivered
O039016,CUST039017,R039016,6/15/2024,240,COD,Delivered
O039017,CUST039018,R039017,1/23/2020,1632,Wallet,Delivered
O039018,CUST039019,R039018,10/8/2023,171,Card,Delivered
O039019,CUST039020,R039019,10/19/2025,1756,Card,Delivered
O039020,CUST039021,R039020,11/1/2024,1698,Card,Delivered
O039021,CUST039022,R039021,11/20/2022,477,COD,Cancelled
O039022,CUST039023,R039022,9/28/2024,598,Card,Cancelled
O039023,CUST039024,R039023,8/19/2019,650,COD,Delivered
O039024,CUST039025,R039024,10/23/2023,409,COD,Delivered
O039025,CUST039026,R039025,11/27/2021,1926,Wallet,Delivered
O039026,CUST039027,R039026,1/4/2021,1523,Wallet,Delivered
O039027,CUST039028,R039027,5/5/2023,932,COD,Delivered
O039028,CUST039029,R039028,2/27/2022,978,COD,Cancelled
O039029,CUST039030,R039029,8/2/2020,1757,Wallet,Delivered
O039030,CUST039031,R039030,9/18/2022,360,Wallet,Delivered
O039031,CUST039032,R039031,2/5/2023,1689,UPI,Delivered
O039032,CUST039033,R039032,1/14/2020,1410,Wallet,Delivered
O039033,CUST039034,R039033,1/11/2019,1849,UPI,Delivered
O039034,CUST039035,R039034,6/15/2024,1995,UPI,Delivered
O039035,CUST039036,R039035,9/23/2024,1400,UPI,Delivered
O039036,CUST039037,R039036,4/13/2020,265,COD,Delivered
O039037,CUST039038,R039037,10/25/2025,1970,Card,Delivered
O039038,CUST039039,R039038,9/11/2021,1543,COD,Delivered
O039039,CUST039040,R039039,1/26/2021,1140,Card,Delivered
O039040,CUST039041,R039040,6/2/2025,1560,Wallet,Delivered
O039041,CUST039042,R039041,7/21/2019,594,UPI,Delivered
O039042,CUST039043,R039042,11/25/2022,1624,Card,Delivered
O039043,CUST039044,R039043,12/15/2024,1563,UPI,Delivered
O039044,CUST039045,R039044,5/15/2022,673,UPI,Delivered
O039045,CUST039046,R039045,11/24/2021,1232,UPI,Delivered
O039046,CUST039047,R039046,10/22/2025,835,Wallet,Delivered
O039047,CUST039048,R039047,2/5/2021,1861,Card,Delivered
O039048,CUST039049,R039048,9/20/2021,216,COD,Delivered
O039049,CUST039050,R039049,7/26/2021,977,COD,Delivered
O039050,CUST039051,R039050,12/8/2024,1793,Card,Delivered
O039051,CUST039052,R039051,10/22/2025,398,Wallet,Delivered
O039052,CUST039053,R039052,3/9/2020,1005,COD,Delivered
O039053,CUST039054,R039053,7/27/2019,972,Wallet,Delivered
O039054,CUST039055,R039054,9/4/2025,1307,COD,Delivered
O039055,CUST039056,R039055,5/7/2019,718,UPI,Delivered
O039056,CUST039057,R039056,3/10/2019,1223,UPI,Cancelled
O039057,CUST039058,R039057,2/16/2025,1301,Wallet,Delivered
O039058,CUST039059,R039058,9/8/2021,849,UPI,Delivered
O039059,CUST039060,R039059,10/16/2025,451,UPI,Delivered
O039060,CUST039061,R039060,8/20/2023,1477,UPI,Delivered
O039061,CUST039062,R039061,8/15/2025,1777,Card,Delivered
O039062,CUST039063,R039062,3/21/2023,1780,Card,Delivered
O039063,CUST039064,R039063,10/17/2022,1900,UPI,Delivered
O039064,CUST039065,R039064,6/16/2020,182,Card,Delivered
O039065,CUST039066,R039065,12/19/2022,621,COD,Delivered
O039066,CUST039067,R039066,10/22/2020,633,Wallet,Delivered
O039067,CUST039068,R039067,7/8/2025,1935,Card,Delivered
O039068,CUST039069,R039068,11/17/2019,333,COD,Delivered
O039069,CUST039070,R039069,7/7/2021,839,COD,Delivered
O039070,CUST039071,R039070,3/26/2025,962,Wallet,Delivered
O039071,CUST039072,R039071,9/3/2021,509,Wallet,Delivered
O039072,CUST039073,R039072,6/11/2019,1079,UPI,Delivered
O039073,CUST039074,R039073,10/1/2025,1061,UPI,Delivered
O039074,CUST039075,R039074,4/9/2020,1394,COD,Delivered
O039075,CUST039076,R039075,8/3/2021,1440,Card,Cancelled
O039076,CUST039077,R039076,10/14/2024,1944,Card,Delivered
O039077,CUST039078,R039077,4/18/2024,1238,Card,Delivered
O039078,CUST039079,R039078,3/12/2020,666,COD,Delivered
O039079,CUST039080,R039079,6/23/2023,677,Card,Delivered
O039080,CUST039081,R039080,5/24/2021,126,Card,Cancelled
O039081,CUST039082,R039081,11/17/2019,377,COD,Delivered
O039082,CUST039083,R039082,11/8/2019,169,COD,Delivered
O039083,CUST039084,R039083,11/26/2021,1497,Wallet,Delivered
O039084,CUST039085,R039084,8/4/2019,727,Card,Delivered
O039085,CUST039086,R039085,4/27/2019,1167,UPI,Delivered
O039086,CUST039087,R039086,2/2/2023,1106,UPI,Delivered
O039087,CUST039088,R039087,11/20/2023,549,COD,Delivered
O039088,CUST039089,R039088,12/3/2019,1484,UPI,Delivered
O039089,CUST039090,R039089,6/15/2024,1604,COD,Delivered
O039090,CUST039091,R039090,6/5/2020,899,UPI,Delivered
O039091,CUST039092,R039091,2/6/2020,1661,Wallet,Delivered
O039092,CUST039093,R039092,2/17/2025,1305,Card,Delivered
O039093,CUST039094,R039093,9/19/2025,345,UPI,Delivered
O039094,CUST039095,R039094,2/12/2021,1939,Wallet,Cancelled
O039095,CUST039096,R039095,9/17/2024,1686,Card,Delivered
O039096,CUST039097,R039096,5/13/2023,1108,UPI,Delivered
O039097,CUST039098,R039097,6/5/2022,1356,Card,Delivered
O039098,CUST039099,R039098,5/24/2021,784,Wallet,Delivered
O039099,CUST039100,R039099,9/25/2023,766,Card,Delivered
O039100,CUST039101,R039100,4/1/2023,339,COD,Cancelled
O039101,CUST039102,R039101,11/26/2021,1100,COD,Delivered
O039102,CUST039103,R039102,2/10/2019,506,Card,Delivered
O039103,CUST039104,R039103,1/28/2020,1006,UPI,Delivered
O039104,CUST039105,R039104,10/28/2022,1320,COD,Delivered
O039105,CUST039106,R039105,9/1/2020,921,UPI,Delivered
O039106,CUST039107,R039106,4/13/2020,1863,COD,Delivered
O039107,CUST039108,R039107,1/16/2021,666,Wallet,Delivered
O039108,CUST039109,R039108,12/12/2019,1346,Card,Delivered
O039109,CUST039110,R039109,9/7/2019,1780,UPI,Delivered
O039110,CUST039111,R039110,11/14/2022,973,Wallet,Delivered
O039111,CUST039112,R039111,5/18/2021,147,Wallet,Cancelled
O039112,CUST039113,R039112,5/19/2025,971,Wallet,Delivered
O039113,CUST039114,R039113,7/18/2024,1963,UPI,Delivered
O039114,CUST039115,R039114,9/6/2020,1301,UPI,Delivered
O039115,CUST039116,R039115,3/12/2021,1596,UPI,Cancelled
O039116,CUST039117,R039116,6/19/2019,194,UPI,Delivered
O039117,CUST039118,R039117,12/24/2024,1520,Wallet,Delivered
O039118,CUST039119,R039118,3/18/2019,154,COD,Delivered
O039119,CUST039120,R039119,8/1/2023,162,Card,Delivered
O039120,CUST039121,R039120,11/19/2025,1930,Card,Delivered
O039121,CUST039122,R039121,8/28/2020,534,Card,Delivered
O039122,CUST039123,R039122,3/24/2025,446,Wallet,Delivered
O039123,CUST039124,R039123,7/4/2019,696,COD,Delivered
O039124,CUST039125,R039124,4/6/2020,774,Wallet,Delivered
O039125,CUST039126,R039125,3/24/2024,588,Wallet,Delivered
O039126,CUST039127,R039126,3/12/2019,1581,COD,Delivered
O039127,CUST039128,R039127,10/8/2020,961,Wallet,Delivered
O039128,CUST039129,R039128,11/7/2022,1250,Wallet,Cancelled
O039129,CUST039130,R039129,10/13/2023,997,UPI,Cancelled
O039130,CUST039131,R039130,6/5/2024,1137,Wallet,Delivered
O039131,CUST039132,R039131,3/12/2019,1846,UPI,Delivered
O039132,CUST039133,R039132,9/11/2024,1722,UPI,Delivered
O039133,CUST039134,R039133,9/14/2020,328,UPI,Delivered
O039134,CUST039135,R039134,8/25/2022,1163,UPI,Delivered
O039135,CUST039136,R039135,1/5/2023,1963,Card,Delivered
O039136,CUST039137,R039136,10/27/2021,312,UPI,Delivered
O039137,CUST039138,R039137,1/16/2022,434,COD,Delivered
O039138,CUST039139,R039138,11/19/2019,379,COD,Delivered
O039139,CUST039140,R039139,3/7/2025,308,COD,Delivered
O039140,CUST039141,R039140,4/17/2020,1955,Wallet,Delivered
O039141,CUST039142,R039141,10/2/2019,866,Card,Delivered
O039142,CUST039143,R039142,3/22/2023,658,Wallet,Delivered
O039143,CUST039144,R039143,11/2/2024,1245,COD,Delivered
O039144,CUST039145,R039144,11/6/2021,578,UPI,Delivered
O039145,CUST039146,R039145,11/26/2020,1339,Card,Delivered
O039146,CUST039147,R039146,12/9/2022,416,Wallet,Delivered
O039147,CUST039148,R039147,2/13/2023,1382,UPI,Delivered
O039148,CUST039149,R039148,5/6/2021,106,Card,Delivered
O039149,CUST039150,R039149,4/28/2023,1542,Card,Cancelled
O039150,CUST039151,R039150,10/23/2020,479,COD,Delivered
O039151,CUST039152,R039151,2/20/2022,467,UPI,Delivered
O039152,CUST039153,R039152,10/25/2022,351,COD,Delivered
O039153,CUST039154,R039153,4/18/2020,589,COD,Delivered
O039154,CUST039155,R039154,7/5/2024,1923,Card,Delivered
O039155,CUST039156,R039155,6/24/2019,702,UPI,Delivered
O039156,CUST039157,R039156,10/4/2022,1332,UPI,Delivered
O039157,CUST039158,R039157,9/22/2019,622,Wallet,Delivered
O039158,CUST039159,R039158,3/26/2025,861,COD,Delivered
O039159,CUST039160,R039159,9/10/2025,1044,Wallet,Delivered
O039160,CUST039161,R039160,11/15/2025,1036,UPI,Delivered
O039161,CUST039162,R039161,2/3/2025,1666,COD,Delivered
O039162,CUST039163,R039162,9/9/2023,1159,UPI,Delivered
O039163,CUST039164,R039163,8/9/2019,587,UPI,Delivered
O039164,CUST039165,R039164,10/14/2023,1095,UPI,Delivered
O039165,CUST039166,R039165,4/20/2024,1912,Card,Cancelled
O039166,CUST039167,R039166,12/12/2022,206,Wallet,Delivered
O039167,CUST039168,R039167,4/14/2023,1714,UPI,Delivered
O039168,CUST039169,R039168,2/18/2021,318,Card,Delivered
O039169,CUST039170,R039169,2/26/2019,234,UPI,Delivered
O039170,CUST039171,R039170,6/24/2021,283,Wallet,Delivered
O039171,CUST039172,R039171,3/21/2025,477,Card,Delivered
O039172,CUST039173,R039172,7/21/2025,660,COD,Delivered
O039173,CUST039174,R039173,3/9/2022,1079,Card,Delivered
O039174,CUST039175,R039174,5/26/2020,394,COD,Delivered
O039175,CUST039176,R039175,4/4/2023,819,UPI,Delivered
O039176,CUST039177,R039176,4/4/2021,1586,Wallet,Delivered
O039177,CUST039178,R039177,12/24/2019,711,Wallet,Delivered
O039178,CUST039179,R039178,11/14/2019,1704,Wallet,Delivered
O039179,CUST039180,R039179,7/7/2022,878,Wallet,Delivered
O039180,CUST039181,R039180,7/16/2025,1133,Wallet,Delivered
O039181,CUST039182,R039181,10/5/2019,706,UPI,Delivered
O039182,CUST039183,R039182,6/4/2021,1512,Wallet,Delivered
O039183,CUST039184,R039183,9/18/2023,150,Wallet,Delivered
O039184,CUST039185,R039184,4/12/2022,908,Wallet,Delivered
O039185,CUST039186,R039185,9/12/2024,211,Card,Delivered
O039186,CUST039187,R039186,9/28/2019,1469,UPI,Delivered
O039187,CUST039188,R039187,1/4/2020,1846,UPI,Cancelled
O039188,CUST039189,R039188,11/23/2020,195,UPI,Delivered
O039189,CUST039190,R039189,2/23/2020,117,Wallet,Delivered
O039190,CUST039191,R039190,11/20/2019,1989,COD,Delivered
O039191,CUST039192,R039191,9/5/2021,191,COD,Delivered
O039192,CUST039193,R039192,3/16/2024,249,COD,Delivered
O039193,CUST039194,R039193,4/7/2024,1241,UPI,Cancelled
O039194,CUST039195,R039194,11/24/2023,367,Wallet,Delivered
O039195,CUST039196,R039195,6/26/2021,1128,Wallet,Delivered
O039196,CUST039197,R039196,5/12/2025,952,Wallet,Delivered
O039197,CUST039198,R039197,1/21/2022,525,COD,Delivered
O039198,CUST039199,R039198,12/7/2019,1773,COD,Delivered
O039199,CUST039200,R039199,7/15/2019,1129,UPI,Delivered
O039200,CUST039201,R039200,3/5/2022,1462,UPI,Delivered
O039201,CUST039202,R039201,7/20/2023,823,UPI,Delivered
O039202,CUST039203,R039202,7/5/2020,1635,Card,Delivered
O039203,CUST039204,R039203,6/15/2019,239,Wallet,Delivered
O039204,CUST039205,R039204,3/14/2021,1708,Card,Delivered
O039205,CUST039206,R039205,7/10/2021,1940,Card,Delivered
O039206,CUST039207,R039206,12/2/2025,1870,UPI,Delivered
O039207,CUST039208,R039207,8/5/2021,1361,COD,Delivered
O039208,CUST039209,R039208,9/21/2023,793,UPI,Delivered
O039209,CUST039210,R039209,7/21/2020,569,Wallet,Delivered
O039210,CUST039211,R039210,8/26/2024,142,Card,Delivered
O039211,CUST039212,R039211,12/2/2019,500,COD,Delivered
O039212,CUST039213,R039212,8/25/2019,744,UPI,Delivered
O039213,CUST039214,R039213,7/28/2021,1549,COD,Delivered
O039214,CUST039215,R039214,1/1/2024,615,UPI,Delivered
O039215,CUST039216,R039215,7/27/2020,1679,Card,Delivered
O039216,CUST039217,R039216,2/9/2021,1469,Wallet,Delivered
O039217,CUST039218,R039217,11/15/2021,1796,Card,Delivered
O039218,CUST039219,R039218,11/11/2019,128,Wallet,Delivered
O039219,CUST039220,R039219,10/20/2020,1914,Card,Delivered
O039220,CUST039221,R039220,7/13/2019,1404,Card,Cancelled
O039221,CUST039222,R039221,2/24/2023,1849,UPI,Cancelled
O039222,CUST039223,R039222,6/22/2025,657,Wallet,Delivered
O039223,CUST039224,R039223,4/26/2020,851,Wallet,Delivered
O039224,CUST039225,R039224,2/17/2022,538,COD,Delivered
O039225,CUST039226,R039225,8/25/2019,265,COD,Delivered
O039226,CUST039227,R039226,11/1/2019,705,Card,Delivered
O039227,CUST039228,R039227,4/3/2020,703,Wallet,Delivered
O039228,CUST039229,R039228,4/2/2025,1295,COD,Delivered
O039229,CUST039230,R039229,7/25/2025,1086,UPI,Delivered
O039230,CUST039231,R039230,10/8/2022,1413,COD,Delivered
O039231,CUST039232,R039231,6/6/2019,756,Wallet,Delivered
O039232,CUST039233,R039232,6/14/2022,1573,UPI,Delivered
O039233,CUST039234,R039233,11/7/2023,1512,Wallet,Delivered
O039234,CUST039235,R039234,7/6/2023,1641,Wallet,Delivered
O039235,CUST039236,R039235,6/17/2025,274,UPI,Delivered
O039236,CUST039237,R039236,7/21/2022,1523,Wallet,Delivered
O039237,CUST039238,R039237,11/14/2019,198,Card,Cancelled
O039238,CUST039239,R039238,4/19/2021,1783,UPI,Delivered
O039239,CUST039240,R039239,2/13/2024,322,COD,Delivered
O039240,CUST039241,R039240,6/4/2022,324,Card,Delivered
O039241,CUST039242,R039241,3/25/2022,1966,Card,Delivered
O039242,CUST039243,R039242,3/19/2019,703,Wallet,Delivered
O039243,CUST039244,R039243,10/3/2022,997,Card,Cancelled
O039244,CUST039245,R039244,12/15/2019,372,COD,Delivered
O039245,CUST039246,R039245,11/9/2020,1364,Card,Delivered
O039246,CUST039247,R039246,2/2/2025,284,COD,Delivered
O039247,CUST039248,R039247,7/28/2023,1257,Wallet,Delivered
O039248,CUST039249,R039248,12/3/2020,901,Wallet,Delivered
O039249,CUST039250,R039249,9/2/2024,1139,Wallet,Delivered
O039250,CUST039251,R039250,8/16/2021,1288,COD,Delivered
O039251,CUST039252,R039251,8/8/2024,126,COD,Delivered
O039252,CUST039253,R039252,1/1/2023,1585,UPI,Delivered
O039253,CUST039254,R039253,2/20/2022,524,Wallet,Delivered
O039254,CUST039255,R039254,12/28/2019,1330,UPI,Delivered
O039255,CUST039256,R039255,1/8/2023,1836,Wallet,Delivered
O039256,CUST039257,R039256,9/19/2020,1235,UPI,Delivered
O039257,CUST039258,R039257,12/6/2020,1461,UPI,Delivered
O039258,CUST039259,R039258,10/25/2019,1565,UPI,Cancelled
O039259,CUST039260,R039259,8/8/2020,1373,Card,Delivered
O039260,CUST039261,R039260,8/24/2022,488,Wallet,Delivered
O039261,CUST039262,R039261,2/20/2019,1468,COD,Delivered
O039262,CUST039263,R039262,8/18/2023,328,COD,Delivered
O039263,CUST039264,R039263,11/4/2025,190,Card,Delivered
O039264,CUST039265,R039264,9/17/2024,1643,Card,Delivered
O039265,CUST039266,R039265,12/24/2020,1245,Card,Delivered
O039266,CUST039267,R039266,8/7/2024,569,COD,Delivered
O039267,CUST039268,R039267,12/22/2019,946,Wallet,Delivered
O039268,CUST039269,R039268,2/4/2025,562,COD,Delivered
O039269,CUST039270,R039269,6/1/2023,851,Wallet,Delivered
O039270,CUST039271,R039270,1/6/2021,1122,COD,Delivered
O039271,CUST039272,R039271,8/6/2024,1181,Wallet,Cancelled
O039272,CUST039273,R039272,4/2/2022,1169,UPI,Cancelled
O039273,CUST039274,R039273,12/18/2019,1117,COD,Delivered
O039274,CUST039275,R039274,3/1/2019,1128,Card,Delivered
O039275,CUST039276,R039275,12/15/2023,1846,Wallet,Delivered
O039276,CUST039277,R039276,5/14/2025,297,UPI,Delivered
O039277,CUST039278,R039277,10/14/2023,1259,Card,Cancelled
O039278,CUST039279,R039278,8/18/2022,1874,Card,Delivered
O039279,CUST039280,R039279,1/17/2022,229,COD,Delivered
O039280,CUST039281,R039280,2/24/2021,562,Card,Delivered
O039281,CUST039282,R039281,4/14/2020,353,COD,Delivered
O039282,CUST039283,R039282,2/23/2024,469,COD,Delivered
O039283,CUST039284,R039283,8/1/2021,1925,COD,Delivered
O039284,CUST039285,R039284,11/1/2019,1268,Wallet,Delivered
O039285,CUST039286,R039285,8/25/2019,1213,Wallet,Delivered
O039286,CUST039287,R039286,7/8/2022,1653,Wallet,Delivered
O039287,CUST039288,R039287,11/2/2022,1172,UPI,Delivered
O039288,CUST039289,R039288,12/17/2021,1038,Wallet,Delivered
O039289,CUST039290,R039289,5/14/2025,385,COD,Delivered
O039290,CUST039291,R039290,9/22/2021,1479,Wallet,Delivered
O039291,CUST039292,R039291,2/6/2023,1918,Card,Delivered
O039292,CUST039293,R039292,5/17/2020,1650,Card,Delivered
O039293,CUST039294,R039293,5/25/2019,1662,Card,Delivered
O039294,CUST039295,R039294,8/14/2025,398,COD,Delivered
O039295,CUST039296,R039295,3/26/2020,513,UPI,Cancelled
O039296,CUST039297,R039296,10/17/2024,558,Card,Cancelled
O039297,CUST039298,R039297,9/22/2019,885,Card,Delivered
O039298,CUST039299,R039298,7/26/2024,1885,COD,Delivered
O039299,CUST039300,R039299,6/3/2022,1443,Wallet,Delivered
O039300,CUST039301,R039300,2/4/2024,788,COD,Delivered
O039301,CUST039302,R039301,2/26/2023,829,Wallet,Delivered
O039302,CUST039303,R039302,8/9/2020,1903,Wallet,Delivered
O039303,CUST039304,R039303,4/17/2021,250,COD,Delivered
O039304,CUST039305,R039304,3/2/2025,1539,UPI,Delivered
O039305,CUST039306,R039305,9/12/2024,1266,Wallet,Delivered
O039306,CUST039307,R039306,3/9/2019,1451,UPI,Delivered
O039307,CUST039308,R039307,3/9/2025,1959,UPI,Delivered
O039308,CUST039309,R039308,11/21/2022,1184,UPI,Delivered
O039309,CUST039310,R039309,7/11/2023,175,COD,Delivered
O039310,CUST039311,R039310,10/23/2020,1880,UPI,Delivered
O039311,CUST039312,R039311,5/7/2022,1502,COD,Delivered
O039312,CUST039313,R039312,10/26/2024,1103,UPI,Delivered
O039313,CUST039314,R039313,10/1/2021,1416,Card,Delivered
O039314,CUST039315,R039314,10/20/2025,446,COD,Delivered
O039315,CUST039316,R039315,6/24/2019,630,COD,Delivered
O039316,CUST039317,R039316,9/26/2021,356,COD,Delivered
O039317,CUST039318,R039317,2/25/2022,1199,UPI,Delivered
O039318,CUST039319,R039318,5/6/2019,1895,UPI,Delivered
O039319,CUST039320,R039319,3/4/2019,436,COD,Delivered
O039320,CUST039321,R039320,5/11/2020,1775,Card,Cancelled
O039321,CUST039322,R039321,2/19/2021,169,Card,Delivered
O039322,CUST039323,R039322,5/22/2022,931,Card,Delivered
O039323,CUST039324,R039323,4/5/2024,1702,UPI,Cancelled
O039324,CUST039325,R039324,11/20/2021,312,Wallet,Delivered
O039325,CUST039326,R039325,3/8/2023,925,COD,Delivered
O039326,CUST039327,R039326,5/27/2025,763,COD,Delivered
O039327,CUST039328,R039327,4/3/2022,1201,COD,Delivered
O039328,CUST039329,R039328,8/6/2025,818,UPI,Delivered
O039329,CUST039330,R039329,8/9/2022,1068,UPI,Delivered
O039330,CUST039331,R039330,10/15/2021,1197,Wallet,Delivered
O039331,CUST039332,R039331,4/4/2021,750,Wallet,Delivered
O039332,CUST039333,R039332,5/14/2025,1953,UPI,Delivered
O039333,CUST039334,R039333,2/14/2021,1392,UPI,Delivered
O039334,CUST039335,R039334,10/13/2023,1687,Card,Delivered
O039335,CUST039336,R039335,9/19/2022,1559,Card,Delivered
O039336,CUST039337,R039336,5/15/2024,1858,UPI,Delivered
O039337,CUST039338,R039337,3/15/2025,102,UPI,Delivered
O039338,CUST039339,R039338,8/17/2023,542,Card,Delivered
O039339,CUST039340,R039339,5/21/2025,553,Wallet,Delivered
O039340,CUST039341,R039340,1/5/2024,1829,Card,Delivered
O039341,CUST039342,R039341,11/16/2022,478,Wallet,Delivered
O039342,CUST039343,R039342,8/6/2024,685,Card,Delivered
O039343,CUST039344,R039343,8/24/2019,813,Wallet,Delivered
O039344,CUST039345,R039344,4/1/2023,365,Wallet,Delivered
O039345,CUST039346,R039345,4/9/2022,724,Wallet,Delivered
O039346,CUST039347,R039346,7/23/2021,1480,UPI,Delivered
O039347,CUST039348,R039347,10/7/2023,1303,COD,Cancelled
O039348,CUST039349,R039348,3/28/2022,1349,UPI,Cancelled
O039349,CUST039350,R039349,9/10/2021,1475,UPI,Delivered
O039350,CUST039351,R039350,4/20/2022,775,UPI,Delivered
O039351,CUST039352,R039351,6/4/2023,159,Card,Delivered
O039352,CUST039353,R039352,1/15/2020,164,Card,Delivered
O039353,CUST039354,R039353,7/17/2019,1445,Card,Cancelled
O039354,CUST039355,R039354,6/10/2024,523,COD,Delivered
O039355,CUST039356,R039355,11/7/2020,1785,COD,Delivered
O039356,CUST039357,R039356,12/25/2024,1348,Wallet,Delivered
O039357,CUST039358,R039357,12/2/2021,584,Card,Delivered
O039358,CUST039359,R039358,6/25/2025,768,UPI,Delivered
O039359,CUST039360,R039359,10/24/2024,1001,COD,Delivered
O039360,CUST039361,R039360,1/18/2021,501,COD,Delivered
O039361,CUST039362,R039361,3/1/2022,1393,UPI,Delivered
O039362,CUST039363,R039362,6/13/2019,1519,COD,Delivered
O039363,CUST039364,R039363,10/7/2023,819,UPI,Delivered
O039364,CUST039365,R039364,6/5/2021,246,Wallet,Delivered
O039365,CUST039366,R039365,1/16/2020,1263,UPI,Delivered
O039366,CUST039367,R039366,12/17/2024,255,UPI,Delivered
O039367,CUST039368,R039367,2/11/2020,139,Wallet,Cancelled
O039368,CUST039369,R039368,5/16/2020,1580,Card,Delivered
O039369,CUST039370,R039369,11/20/2021,1008,UPI,Delivered
O039370,CUST039371,R039370,2/3/2023,1213,UPI,Delivered
O039371,CUST039372,R039371,11/21/2025,385,Wallet,Delivered
O039372,CUST039373,R039372,6/19/2019,617,Card,Delivered
O039373,CUST039374,R039373,3/28/2025,118,Card,Cancelled
O039374,CUST039375,R039374,6/24/2024,1054,COD,Delivered
O039375,CUST039376,R039375,6/7/2019,421,Card,Cancelled
O039376,CUST039377,R039376,6/2/2025,926,Wallet,Delivered
O039377,CUST039378,R039377,10/28/2025,1240,COD,Delivered
O039378,CUST039379,R039378,2/26/2020,880,UPI,Delivered
O039379,CUST039380,R039379,11/12/2024,1816,COD,Delivered
O039380,CUST039381,R039380,9/15/2022,767,COD,Delivered
O039381,CUST039382,R039381,9/11/2024,1197,UPI,Delivered
O039382,CUST039383,R039382,5/7/2022,1637,UPI,Delivered
O039383,CUST039384,R039383,6/13/2021,873,UPI,Delivered
O039384,CUST039385,R039384,6/16/2020,1940,UPI,Delivered
O039385,CUST039386,R039385,10/13/2023,1245,UPI,Delivered
O039386,CUST039387,R039386,11/22/2020,337,Card,Cancelled
O039387,CUST039388,R039387,6/18/2023,1682,UPI,Delivered
O039388,CUST039389,R039388,7/17/2019,1554,UPI,Delivered
O039389,CUST039390,R039389,9/27/2020,115,UPI,Delivered
O039390,CUST039391,R039390,2/22/2023,1441,Wallet,Delivered
O039391,CUST039392,R039391,10/16/2024,1970,COD,Delivered
O039392,CUST039393,R039392,6/1/2023,114,COD,Delivered
O039393,CUST039394,R039393,10/19/2021,1900,Card,Delivered
O039394,CUST039395,R039394,9/27/2023,386,Card,Delivered
O039395,CUST039396,R039395,9/23/2019,302,COD,Delivered
O039396,CUST039397,R039396,6/1/2020,552,COD,Delivered
O039397,CUST039398,R039397,9/4/2021,413,COD,Delivered
O039398,CUST039399,R039398,12/18/2020,478,COD,Delivered
O039399,CUST039400,R039399,2/10/2024,1426,Card,Delivered
O039400,CUST039401,R039400,10/6/2022,875,Wallet,Delivered
O039401,CUST039402,R039401,2/5/2020,1170,Wallet,Delivered
O039402,CUST039403,R039402,4/15/2019,787,UPI,Delivered
O039403,CUST039404,R039403,12/3/2021,1058,COD,Delivered
O039404,CUST039405,R039404,6/11/2025,1760,Wallet,Delivered
O039405,CUST039406,R039405,1/10/2020,1632,Card,Delivered
O039406,CUST039407,R039406,6/13/2023,281,UPI,Delivered
O039407,CUST039408,R039407,4/22/2023,1058,UPI,Delivered
O039408,CUST039409,R039408,2/4/2019,1819,COD,Delivered
O039409,CUST039410,R039409,3/26/2024,168,Wallet,Delivered
O039410,CUST039411,R039410,3/14/2021,1932,COD,Delivered
O039411,CUST039412,R039411,7/13/2020,1995,COD,Delivered
O039412,CUST039413,R039412,5/5/2019,196,COD,Delivered
O039413,CUST039414,R039413,12/15/2024,1870,COD,Delivered
O039414,CUST039415,R039414,10/28/2021,787,UPI,Delivered
O039415,CUST039416,R039415,2/25/2024,578,Wallet,Delivered
O039416,CUST039417,R039416,3/26/2023,1203,COD,Delivered
O039417,CUST039418,R039417,10/5/2022,531,Wallet,Delivered
O039418,CUST039419,R039418,7/24/2021,1249,UPI,Delivered
O039419,CUST039420,R039419,6/8/2023,1799,COD,Delivered
O039420,CUST039421,R039420,2/6/2023,674,Wallet,Delivered
O039421,CUST039422,R039421,8/27/2021,1479,Card,Delivered
O039422,CUST039423,R039422,11/21/2019,972,UPI,Delivered
O039423,CUST039424,R039423,9/15/2021,1976,COD,Delivered
O039424,CUST039425,R039424,3/8/2022,312,UPI,Delivered
O039425,CUST039426,R039425,3/21/2024,240,COD,Delivered
O039426,CUST039427,R039426,11/17/2022,484,Card,Delivered
O039427,CUST039428,R039427,11/3/2025,1843,Card,Delivered
O039428,CUST039429,R039428,6/25/2022,621,UPI,Delivered
O039429,CUST039430,R039429,8/2/2023,1247,UPI,Delivered
O039430,CUST039431,R039430,7/21/2019,576,Wallet,Delivered
O039431,CUST039432,R039431,10/26/2024,1337,COD,Delivered
O039432,CUST039433,R039432,10/8/2021,959,Wallet,Delivered
O039433,CUST039434,R039433,9/13/2023,892,Wallet,Delivered
O039434,CUST039435,R039434,1/28/2019,1524,COD,Delivered
O039435,CUST039436,R039435,12/9/2020,1059,Wallet,Delivered
O039436,CUST039437,R039436,11/8/2025,225,UPI,Delivered
O039437,CUST039438,R039437,9/8/2023,940,Wallet,Delivered
O039438,CUST039439,R039438,4/17/2019,1758,Card,Delivered
O039439,CUST039440,R039439,11/11/2022,101,Wallet,Delivered
O039440,CUST039441,R039440,12/13/2025,1502,UPI,Delivered
O039441,CUST039442,R039441,10/20/2019,238,Card,Delivered
O039442,CUST039443,R039442,4/24/2025,149,UPI,Delivered
O039443,CUST039444,R039443,12/22/2025,192,COD,Delivered
O039444,CUST039445,R039444,6/20/2019,429,Card,Delivered
O039445,CUST039446,R039445,7/18/2023,619,COD,Delivered
O039446,CUST039447,R039446,4/8/2025,1000,Card,Delivered
O039447,CUST039448,R039447,5/25/2019,251,Card,Delivered
O039448,CUST039449,R039448,7/3/2022,670,Wallet,Delivered
O039449,CUST039450,R039449,10/3/2022,853,Wallet,Delivered
O039450,CUST039451,R039450,9/18/2023,601,Wallet,Delivered
O039451,CUST039452,R039451,3/12/2019,1549,COD,Delivered
O039452,CUST039453,R039452,7/5/2024,728,Wallet,Delivered
O039453,CUST039454,R039453,5/14/2020,1293,Wallet,Delivered
O039454,CUST039455,R039454,1/15/2021,910,UPI,Delivered
O039455,CUST039456,R039455,1/5/2023,1710,Wallet,Delivered
O039456,CUST039457,R039456,1/19/2020,299,Wallet,Delivered
O039457,CUST039458,R039457,10/14/2023,1057,Wallet,Delivered
O039458,CUST039459,R039458,7/15/2025,1897,Card,Delivered
O039459,CUST039460,R039459,10/27/2020,1432,UPI,Delivered
O039460,CUST039461,R039460,9/2/2021,1702,UPI,Delivered
O039461,CUST039462,R039461,10/22/2021,1947,Wallet,Delivered
O039462,CUST039463,R039462,5/22/2019,1609,COD,Delivered
O039463,CUST039464,R039463,2/16/2025,1878,Card,Delivered
O039464,CUST039465,R039464,5/3/2023,1986,Card,Delivered
O039465,CUST039466,R039465,11/13/2021,105,COD,Delivered
O039466,CUST039467,R039466,11/5/2024,1353,UPI,Delivered
O039467,CUST039468,R039467,9/26/2023,287,Wallet,Delivered
O039468,CUST039469,R039468,3/25/2020,1086,COD,Delivered
O039469,CUST039470,R039469,3/10/2021,731,COD,Delivered
O039470,CUST039471,R039470,2/20/2025,435,COD,Delivered
O039471,CUST039472,R039471,5/6/2020,1688,COD,Delivered
O039472,CUST039473,R039472,3/9/2020,1048,UPI,Delivered
O039473,CUST039474,R039473,2/5/2025,1362,Wallet,Cancelled
O039474,CUST039475,R039474,10/19/2023,719,Wallet,Delivered
O039475,CUST039476,R039475,2/3/2024,1225,UPI,Cancelled
O039476,CUST039477,R039476,2/13/2020,1985,Wallet,Delivered
O039477,CUST039478,R039477,7/13/2025,1602,Card,Delivered
O039478,CUST039479,R039478,3/8/2023,1667,Card,Delivered
O039479,CUST039480,R039479,11/28/2024,1981,Wallet,Delivered
O039480,CUST039481,R039480,3/7/2023,1275,COD,Delivered
O039481,CUST039482,R039481,7/19/2024,702,UPI,Delivered
O039482,CUST039483,R039482,9/20/2021,522,Wallet,Delivered
O039483,CUST039484,R039483,2/21/2024,1996,Card,Delivered
O039484,CUST039485,R039484,1/28/2022,414,COD,Delivered
O039485,CUST039486,R039485,12/23/2022,665,Wallet,Delivered
O039486,CUST039487,R039486,10/27/2020,1470,Card,Delivered
O039487,CUST039488,R039487,3/1/2021,335,COD,Delivered
O039488,CUST039489,R039488,10/26/2019,884,UPI,Delivered
O039489,CUST039490,R039489,6/8/2024,887,COD,Delivered
O039490,CUST039491,R039490,2/7/2020,1220,UPI,Cancelled
O039491,CUST039492,R039491,2/3/2023,1457,Wallet,Delivered
O039492,CUST039493,R039492,12/9/2024,167,Card,Delivered
O039493,CUST039494,R039493,1/8/2020,1363,UPI,Cancelled
O039494,CUST039495,R039494,4/22/2022,1759,UPI,Delivered
O039495,CUST039496,R039495,5/20/2024,567,Wallet,Delivered
O039496,CUST039497,R039496,11/25/2023,635,UPI,Delivered
O039497,CUST039498,R039497,6/16/2020,502,COD,Delivered
O039498,CUST039499,R039498,5/24/2020,186,COD,Delivered
O039499,CUST039500,R039499,6/28/2023,626,Card,Delivered
O039500,CUST039501,R039500,7/1/2019,553,COD,Delivered
O039501,CUST039502,R039501,11/27/2021,928,COD,Delivered
O039502,CUST039503,R039502,3/24/2020,975,Wallet,Delivered
O039503,CUST039504,R039503,3/7/2023,1264,COD,Delivered
O039504,CUST039505,R039504,6/3/2021,612,Wallet,Delivered
O039505,CUST039506,R039505,5/13/2024,1685,UPI,Delivered
O039506,CUST039507,R039506,12/10/2025,1407,Wallet,Delivered
O039507,CUST039508,R039507,1/3/2020,1419,Wallet,Delivered
O039508,CUST039509,R039508,1/15/2019,182,UPI,Delivered
O039509,CUST039510,R039509,3/19/2019,1438,Wallet,Delivered
O039510,CUST039511,R039510,2/11/2022,119,Card,Cancelled
O039511,CUST039512,R039511,11/19/2020,1747,Card,Delivered
O039512,CUST039513,R039512,5/11/2023,279,Card,Cancelled
O039513,CUST039514,R039513,5/3/2023,169,UPI,Delivered
O039514,CUST039515,R039514,11/24/2023,1557,Card,Delivered
O039515,CUST039516,R039515,3/18/2020,592,Wallet,Delivered
O039516,CUST039517,R039516,6/2/2024,1935,Card,Delivered
O039517,CUST039518,R039517,3/13/2021,228,COD,Delivered
O039518,CUST039519,R039518,1/7/2019,1476,Card,Delivered
O039519,CUST039520,R039519,12/4/2025,135,COD,Delivered
O039520,CUST039521,R039520,4/26/2022,1209,COD,Delivered
O039521,CUST039522,R039521,12/10/2022,854,UPI,Delivered
O039522,CUST039523,R039522,9/28/2019,1055,Wallet,Delivered
O039523,CUST039524,R039523,7/10/2019,1636,COD,Delivered
O039524,CUST039525,R039524,7/13/2021,474,Wallet,Delivered
O039525,CUST039526,R039525,4/6/2020,1797,UPI,Delivered
O039526,CUST039527,R039526,1/25/2025,842,COD,Delivered
O039527,CUST039528,R039527,9/5/2021,920,Wallet,Delivered
O039528,CUST039529,R039528,11/13/2022,1686,Wallet,Cancelled
O039529,CUST039530,R039529,2/18/2025,1092,UPI,Cancelled
O039530,CUST039531,R039530,10/2/2020,1362,UPI,Delivered
O039531,CUST039532,R039531,4/23/2023,1677,UPI,Delivered
O039532,CUST039533,R039532,2/10/2022,1223,Card,Delivered
O039533,CUST039534,R039533,11/22/2025,398,Wallet,Delivered
O039534,CUST039535,R039534,10/18/2021,1944,COD,Delivered
O039535,CUST039536,R039535,7/17/2023,287,COD,Delivered
O039536,CUST039537,R039536,7/26/2025,110,Card,Delivered
O039537,CUST039538,R039537,1/16/2021,1563,Card,Delivered
O039538,CUST039539,R039538,3/22/2019,1160,Card,Delivered
O039539,CUST039540,R039539,10/1/2020,522,Card,Delivered
O039540,CUST039541,R039540,3/22/2020,580,Wallet,Delivered
O039541,CUST039542,R039541,11/3/2023,413,COD,Delivered
O039542,CUST039543,R039542,7/27/2025,709,Wallet,Delivered
O039543,CUST039544,R039543,9/6/2020,978,COD,Delivered
O039544,CUST039545,R039544,5/5/2023,1331,Wallet,Delivered
O039545,CUST039546,R039545,6/4/2019,883,UPI,Cancelled
O039546,CUST039547,R039546,7/16/2019,1027,COD,Delivered
O039547,CUST039548,R039547,7/27/2019,1038,Card,Delivered
O039548,CUST039549,R039548,3/11/2025,1803,Wallet,Delivered
O039549,CUST039550,R039549,11/8/2025,261,UPI,Delivered
O039550,CUST039551,R039550,1/13/2022,1180,UPI,Cancelled
O039551,CUST039552,R039551,3/17/2019,1789,UPI,Delivered
O039552,CUST039553,R039552,4/16/2021,137,COD,Delivered
O039553,CUST039554,R039553,2/23/2024,196,UPI,Delivered
O039554,CUST039555,R039554,12/13/2023,1975,Card,Delivered
O039555,CUST039556,R039555,7/22/2025,325,COD,Delivered
O039556,CUST039557,R039556,4/28/2022,1780,Card,Delivered
O039557,CUST039558,R039557,9/27/2020,947,COD,Delivered
O039558,CUST039559,R039558,9/27/2020,675,COD,Delivered
O039559,CUST039560,R039559,12/26/2025,1114,COD,Delivered
O039560,CUST039561,R039560,3/21/2021,659,UPI,Delivered
O039561,CUST039562,R039561,12/8/2022,531,Wallet,Delivered
O039562,CUST039563,R039562,7/3/2020,306,Card,Delivered
O039563,CUST039564,R039563,10/21/2025,1268,Wallet,Delivered
O039564,CUST039565,R039564,5/4/2022,1876,Card,Delivered
O039565,CUST039566,R039565,9/16/2023,1559,UPI,Delivered
O039566,CUST039567,R039566,6/24/2022,1253,UPI,Delivered
O039567,CUST039568,R039567,8/14/2019,293,COD,Delivered
O039568,CUST039569,R039568,6/23/2023,412,UPI,Delivered
O039569,CUST039570,R039569,3/16/2020,415,Card,Delivered
O039570,CUST039571,R039570,11/20/2024,992,UPI,Delivered
O039571,CUST039572,R039571,5/28/2023,1731,COD,Delivered
O039572,CUST039573,R039572,9/1/2023,1158,Wallet,Delivered
O039573,CUST039574,R039573,5/2/2021,747,COD,Delivered
O039574,CUST039575,R039574,2/24/2025,750,COD,Delivered
O039575,CUST039576,R039575,3/3/2023,1823,Wallet,Delivered
O039576,CUST039577,R039576,6/15/2020,164,COD,Delivered
O039577,CUST039578,R039577,4/27/2019,1492,UPI,Delivered
O039578,CUST039579,R039578,12/11/2025,1220,Wallet,Delivered
O039579,CUST039580,R039579,8/8/2020,1360,UPI,Delivered
O039580,CUST039581,R039580,4/8/2021,1809,Wallet,Delivered
O039581,CUST039582,R039581,10/20/2025,1040,Wallet,Delivered
O039582,CUST039583,R039582,6/11/2022,1976,COD,Delivered
O039583,CUST039584,R039583,5/22/2024,1664,UPI,Delivered
O039584,CUST039585,R039584,11/9/2023,1347,Card,Delivered
O039585,CUST039586,R039585,1/23/2019,948,UPI,Cancelled
O039586,CUST039587,R039586,1/24/2023,1375,Card,Delivered
O039587,CUST039588,R039587,9/19/2025,410,COD,Delivered
O039588,CUST039589,R039588,9/18/2024,550,COD,Cancelled
O039589,CUST039590,R039589,7/24/2022,271,Card,Delivered
O039590,CUST039591,R039590,5/24/2021,1109,Card,Delivered
O039591,CUST039592,R039591,12/5/2025,1848,Card,Delivered
O039592,CUST039593,R039592,11/3/2022,1025,UPI,Delivered
O039593,CUST039594,R039593,2/10/2025,537,COD,Cancelled
O039594,CUST039595,R039594,4/1/2019,832,Wallet,Delivered
O039595,CUST039596,R039595,5/5/2022,1593,COD,Delivered
O039596,CUST039597,R039596,8/17/2019,1852,Card,Delivered
O039597,CUST039598,R039597,3/4/2022,201,Wallet,Delivered
O039598,CUST039599,R039598,3/6/2025,772,COD,Delivered
O039599,CUST039600,R039599,9/24/2025,614,COD,Delivered
O039600,CUST039601,R039600,11/1/2024,1121,COD,Delivered
O039601,CUST039602,R039601,2/1/2025,1305,Wallet,Delivered
O039602,CUST039603,R039602,10/7/2021,1027,UPI,Delivered
O039603,CUST039604,R039603,4/13/2024,1106,Wallet,Delivered
O039604,CUST039605,R039604,12/3/2022,658,Wallet,Delivered
O039605,CUST039606,R039605,10/13/2023,1911,UPI,Delivered
O039606,CUST039607,R039606,10/8/2022,1293,UPI,Cancelled
O039607,CUST039608,R039607,10/12/2022,1543,UPI,Delivered
O039608,CUST039609,R039608,12/18/2021,1409,Card,Delivered
O039609,CUST039610,R039609,4/14/2025,1959,Wallet,Delivered
O039610,CUST039611,R039610,10/17/2021,1719,UPI,Delivered
O039611,CUST039612,R039611,8/16/2024,432,Card,Delivered
O039612,CUST039613,R039612,5/19/2020,404,COD,Delivered
O039613,CUST039614,R039613,4/3/2019,1749,Card,Delivered
O039614,CUST039615,R039614,8/10/2025,399,Wallet,Delivered
O039615,CUST039616,R039615,5/2/2021,644,Card,Delivered
O039616,CUST039617,R039616,10/22/2025,765,COD,Delivered
O039617,CUST039618,R039617,9/28/2019,275,COD,Delivered
O039618,CUST039619,R039618,5/8/2025,639,Wallet,Delivered
O039619,CUST039620,R039619,7/22/2022,1400,Wallet,Delivered
O039620,CUST039621,R039620,1/7/2024,1203,COD,Cancelled
O039621,CUST039622,R039621,2/27/2023,1069,UPI,Delivered
O039622,CUST039623,R039622,12/9/2020,1576,Wallet,Delivered
O039623,CUST039624,R039623,4/18/2021,621,Wallet,Delivered
O039624,CUST039625,R039624,3/10/2025,1954,UPI,Delivered
O039625,CUST039626,R039625,4/14/2024,1965,UPI,Delivered
O039626,CUST039627,R039626,2/15/2020,1366,UPI,Delivered
O039627,CUST039628,R039627,8/5/2025,1916,Card,Delivered
O039628,CUST039629,R039628,5/27/2023,1271,UPI,Cancelled
O039629,CUST039630,R039629,2/17/2023,873,COD,Delivered
O039630,CUST039631,R039630,12/23/2021,1836,UPI,Delivered
O039631,CUST039632,R039631,3/17/2023,683,Wallet,Delivered
O039632,CUST039633,R039632,3/17/2024,920,Card,Delivered
O039633,CUST039634,R039633,7/15/2024,358,COD,Delivered
O039634,CUST039635,R039634,1/1/2021,1288,UPI,Delivered
O039635,CUST039636,R039635,1/12/2023,1664,COD,Delivered
O039636,CUST039637,R039636,6/6/2024,664,UPI,Delivered
O039637,CUST039638,R039637,2/3/2025,1998,Wallet,Cancelled
O039638,CUST039639,R039638,9/14/2022,1120,UPI,Delivered
O039639,CUST039640,R039639,6/16/2023,1626,UPI,Cancelled
O039640,CUST039641,R039640,12/5/2023,1998,Wallet,Delivered
O039641,CUST039642,R039641,3/14/2021,1490,Card,Delivered
O039642,CUST039643,R039642,6/18/2021,918,UPI,Delivered
O039643,CUST039644,R039643,1/2/2023,1166,Wallet,Delivered
O039644,CUST039645,R039644,2/18/2021,343,Wallet,Delivered
O039645,CUST039646,R039645,11/17/2022,537,COD,Delivered
O039646,CUST039647,R039646,6/26/2025,1876,Card,Delivered
O039647,CUST039648,R039647,1/23/2021,905,COD,Delivered
O039648,CUST039649,R039648,4/7/2025,391,Card,Cancelled
O039649,CUST039650,R039649,5/1/2021,815,Wallet,Delivered
O039650,CUST039651,R039650,10/25/2020,1092,COD,Delivered
O039651,CUST039652,R039651,6/24/2020,737,Wallet,Delivered
O039652,CUST039653,R039652,2/10/2024,1416,COD,Delivered
O039653,CUST039654,R039653,5/7/2020,725,COD,Delivered
O039654,CUST039655,R039654,11/9/2023,1150,UPI,Delivered
O039655,CUST039656,R039655,4/5/2021,1546,UPI,Delivered
O039656,CUST039657,R039656,7/11/2023,787,Wallet,Delivered
O039657,CUST039658,R039657,11/15/2025,1860,UPI,Delivered
O039658,CUST039659,R039658,2/12/2024,1209,UPI,Delivered
O039659,CUST039660,R039659,5/21/2024,257,UPI,Cancelled
O039660,CUST039661,R039660,9/17/2023,1532,Card,Delivered
O039661,CUST039662,R039661,11/16/2022,181,UPI,Delivered
O039662,CUST039663,R039662,1/23/2023,432,Card,Delivered
O039663,CUST039664,R039663,11/28/2020,1764,Card,Cancelled
O039664,CUST039665,R039664,7/20/2022,352,COD,Delivered
O039665,CUST039666,R039665,6/5/2021,143,Card,Cancelled
O039666,CUST039667,R039666,4/19/2020,1815,Card,Delivered
O039667,CUST039668,R039667,10/25/2020,339,Card,Delivered
O039668,CUST039669,R039668,11/21/2019,778,COD,Delivered
O039669,CUST039670,R039669,2/27/2024,467,Card,Delivered
O039670,CUST039671,R039670,11/3/2024,334,COD,Delivered
O039671,CUST039672,R039671,3/15/2019,398,COD,Delivered
O039672,CUST039673,R039672,12/9/2023,1384,Card,Delivered
O039673,CUST039674,R039673,9/5/2023,765,Wallet,Delivered
O039674,CUST039675,R039674,10/4/2021,1272,Wallet,Delivered
O039675,CUST039676,R039675,9/14/2020,633,UPI,Delivered
O039676,CUST039677,R039676,8/3/2024,952,COD,Delivered
O039677,CUST039678,R039677,4/9/2021,1486,Wallet,Delivered
O039678,CUST039679,R039678,3/8/2025,1234,Card,Cancelled
O039679,CUST039680,R039679,7/7/2024,132,UPI,Delivered
O039680,CUST039681,R039680,6/20/2021,967,UPI,Delivered
O039681,CUST039682,R039681,1/2/2022,1772,COD,Delivered
O039682,CUST039683,R039682,5/22/2019,127,Wallet,Delivered
O039683,CUST039684,R039683,8/12/2022,1852,Card,Delivered
O039684,CUST039685,R039684,3/12/2021,1915,Card,Delivered
O039685,CUST039686,R039685,4/4/2020,111,Card,Delivered
O039686,CUST039687,R039686,10/15/2024,382,Wallet,Delivered
O039687,CUST039688,R039687,5/27/2021,932,UPI,Delivered
O039688,CUST039689,R039688,3/23/2020,428,Wallet,Delivered
O039689,CUST039690,R039689,12/25/2021,1059,Card,Delivered
O039690,CUST039691,R039690,12/4/2023,388,COD,Delivered
O039691,CUST039692,R039691,10/3/2025,894,UPI,Delivered
O039692,CUST039693,R039692,3/2/2019,1693,Card,Delivered
O039693,CUST039694,R039693,5/3/2025,583,Wallet,Delivered
O039694,CUST039695,R039694,8/25/2023,1389,UPI,Delivered
O039695,CUST039696,R039695,10/19/2019,756,Wallet,Delivered
O039696,CUST039697,R039696,9/17/2019,1511,Card,Delivered
O039697,CUST039698,R039697,7/7/2025,1705,Wallet,Delivered
O039698,CUST039699,R039698,10/13/2020,1629,Card,Delivered
O039699,CUST039700,R039699,10/9/2023,1867,Card,Delivered
O039700,CUST039701,R039700,1/21/2022,1987,UPI,Cancelled
O039701,CUST039702,R039701,2/18/2024,516,Wallet,Delivered
O039702,CUST039703,R039702,9/28/2019,1104,UPI,Delivered
O039703,CUST039704,R039703,6/19/2024,432,Wallet,Delivered
O039704,CUST039705,R039704,12/24/2023,932,COD,Delivered
O039705,CUST039706,R039705,11/3/2019,848,Wallet,Delivered
O039706,CUST039707,R039706,11/12/2023,671,Wallet,Delivered
O039707,CUST039708,R039707,5/25/2019,1433,COD,Delivered
O039708,CUST039709,R039708,12/6/2022,973,Wallet,Delivered
O039709,CUST039710,R039709,4/18/2024,145,Wallet,Delivered
O039710,CUST039711,R039710,7/8/2022,905,Wallet,Delivered
O039711,CUST039712,R039711,11/16/2023,1717,Card,Delivered
O039712,CUST039713,R039712,2/10/2021,1911,Wallet,Cancelled
O039713,CUST039714,R039713,4/11/2021,1603,UPI,Delivered
O039714,CUST039715,R039714,6/19/2022,133,Card,Delivered
O039715,CUST039716,R039715,4/23/2019,1776,UPI,Delivered
O039716,CUST039717,R039716,8/21/2019,1949,COD,Delivered
O039717,CUST039718,R039717,4/18/2020,1926,Card,Delivered
O039718,CUST039719,R039718,4/12/2019,465,COD,Delivered
O039719,CUST039720,R039719,11/6/2023,890,Card,Delivered
O039720,CUST039721,R039720,8/20/2021,209,Card,Cancelled
O039721,CUST039722,R039721,4/1/2019,590,Wallet,Delivered
O039722,CUST039723,R039722,10/5/2025,774,COD,Delivered
O039723,CUST039724,R039723,4/17/2021,521,COD,Delivered
O039724,CUST039725,R039724,2/11/2025,1333,COD,Delivered
O039725,CUST039726,R039725,6/5/2020,681,Wallet,Delivered
O039726,CUST039727,R039726,6/13/2023,1395,Wallet,Delivered
O039727,CUST039728,R039727,6/13/2022,761,UPI,Delivered
O039728,CUST039729,R039728,10/4/2019,1566,Wallet,Delivered
O039729,CUST039730,R039729,8/16/2023,199,Wallet,Delivered
O039730,CUST039731,R039730,12/12/2021,697,Card,Delivered
O039731,CUST039732,R039731,9/9/2019,1982,Card,Delivered
O039732,CUST039733,R039732,6/1/2025,1517,UPI,Delivered
O039733,CUST039734,R039733,2/4/2023,1726,UPI,Delivered
O039734,CUST039735,R039734,7/24/2021,250,Wallet,Delivered
O039735,CUST039736,R039735,10/27/2025,1529,COD,Delivered
O039736,CUST039737,R039736,5/18/2022,1793,Card,Delivered
O039737,CUST039738,R039737,4/2/2024,1896,Card,Delivered
O039738,CUST039739,R039738,10/10/2022,1960,COD,Delivered
O039739,CUST039740,R039739,11/4/2025,1306,UPI,Delivered
O039740,CUST039741,R039740,10/24/2025,137,Wallet,Delivered
O039741,CUST039742,R039741,7/23/2023,943,COD,Delivered
O039742,CUST039743,R039742,6/9/2020,588,COD,Delivered
O039743,CUST039744,R039743,3/19/2022,1975,COD,Delivered
O039744,CUST039745,R039744,3/28/2023,1402,COD,Delivered
O039745,CUST039746,R039745,6/6/2022,894,UPI,Delivered
O039746,CUST039747,R039746,2/2/2021,1278,Wallet,Delivered
O039747,CUST039748,R039747,5/15/2023,639,Wallet,Delivered
O039748,CUST039749,R039748,9/6/2021,1188,Card,Delivered
O039749,CUST039750,R039749,12/11/2021,1944,Wallet,Delivered
O039750,CUST039751,R039750,10/11/2024,1513,UPI,Delivered
O039751,CUST039752,R039751,3/7/2022,1576,Card,Delivered
O039752,CUST039753,R039752,7/27/2020,1939,Wallet,Delivered
O039753,CUST039754,R039753,7/6/2021,1698,COD,Delivered
O039754,CUST039755,R039754,3/18/2025,560,UPI,Delivered
O039755,CUST039756,R039755,4/18/2025,379,COD,Delivered
O039756,CUST039757,R039756,5/20/2024,1591,Card,Delivered
O039757,CUST039758,R039757,7/23/2022,303,Card,Delivered
O039758,CUST039759,R039758,10/1/2024,554,Wallet,Delivered
O039759,CUST039760,R039759,2/25/2020,1321,Card,Delivered
O039760,CUST039761,R039760,3/26/2023,255,COD,Delivered
O039761,CUST039762,R039761,1/28/2024,805,Wallet,Delivered
O039762,CUST039763,R039762,3/6/2023,672,COD,Delivered
O039763,CUST039764,R039763,9/6/2024,1173,UPI,Cancelled
O039764,CUST039765,R039764,10/2/2024,1366,Wallet,Cancelled
O039765,CUST039766,R039765,9/8/2022,1556,Wallet,Cancelled
O039766,CUST039767,R039766,9/8/2023,792,Wallet,Delivered
O039767,CUST039768,R039767,10/13/2025,1231,Wallet,Delivered
O039768,CUST039769,R039768,12/13/2020,1934,COD,Delivered
O039769,CUST039770,R039769,2/17/2021,1698,UPI,Delivered
O039770,CUST039771,R039770,1/4/2022,348,COD,Delivered
O039771,CUST039772,R039771,4/22/2020,599,Card,Delivered
O039772,CUST039773,R039772,2/26/2025,519,Card,Delivered
O039773,CUST039774,R039773,10/27/2021,473,COD,Delivered
O039774,CUST039775,R039774,5/1/2022,849,COD,Delivered
O039775,CUST039776,R039775,9/22/2024,890,Wallet,Delivered
O039776,CUST039777,R039776,2/13/2022,1216,COD,Delivered
O039777,CUST039778,R039777,6/3/2024,565,Wallet,Delivered
O039778,CUST039779,R039778,6/11/2020,1600,Wallet,Delivered
O039779,CUST039780,R039779,5/8/2025,1328,COD,Delivered
O039780,CUST039781,R039780,4/3/2021,1275,Wallet,Delivered
O039781,CUST039782,R039781,7/14/2020,1978,UPI,Delivered
O039782,CUST039783,R039782,6/18/2019,898,Wallet,Delivered
O039783,CUST039784,R039783,9/5/2025,1866,Card,Delivered
O039784,CUST039785,R039784,12/17/2022,1598,Card,Delivered
O039785,CUST039786,R039785,3/7/2020,136,Card,Delivered
O039786,CUST039787,R039786,8/1/2023,134,Wallet,Cancelled
O039787,CUST039788,R039787,9/25/2022,1478,Card,Delivered
O039788,CUST039789,R039788,5/16/2019,506,COD,Delivered
O039789,CUST039790,R039789,9/28/2020,1844,Card,Delivered
O039790,CUST039791,R039790,12/12/2024,182,COD,Cancelled
O039791,CUST039792,R039791,1/6/2020,1260,Card,Delivered
O039792,CUST039793,R039792,1/3/2020,1955,COD,Delivered
O039793,CUST039794,R039793,8/25/2025,1066,COD,Delivered
O039794,CUST039795,R039794,3/8/2022,706,Wallet,Delivered
O039795,CUST039796,R039795,11/28/2024,688,Wallet,Delivered
O039796,CUST039797,R039796,6/7/2020,1525,COD,Delivered
O039797,CUST039798,R039797,4/11/2019,325,Wallet,Delivered
O039798,CUST039799,R039798,4/4/2022,1654,UPI,Delivered
O039799,CUST039800,R039799,7/24/2023,762,Wallet,Delivered
O039800,CUST039801,R039800,10/7/2022,1131,UPI,Delivered
O039801,CUST039802,R039801,9/10/2023,166,UPI,Cancelled
O039802,CUST039803,R039802,5/22/2022,1429,UPI,Delivered
O039803,CUST039804,R039803,11/6/2024,1699,Card,Delivered
O039804,CUST039805,R039804,9/1/2022,1635,Wallet,Delivered
O039805,CUST039806,R039805,5/13/2021,1187,Card,Delivered
O039806,CUST039807,R039806,2/20/2024,255,Wallet,Delivered
O039807,CUST039808,R039807,5/17/2025,1795,Card,Delivered
O039808,CUST039809,R039808,10/16/2023,1777,COD,Delivered
O039809,CUST039810,R039809,6/26/2021,1725,Card,Delivered
O039810,CUST039811,R039810,8/15/2023,1459,Card,Delivered
O039811,CUST039812,R039811,7/20/2019,1017,Card,Delivered
O039812,CUST039813,R039812,5/27/2020,633,Card,Delivered
O039813,CUST039814,R039813,6/23/2023,494,COD,Delivered
O039814,CUST039815,R039814,4/27/2022,367,COD,Delivered
O039815,CUST039816,R039815,1/26/2024,662,UPI,Delivered
O039816,CUST039817,R039816,9/3/2022,893,COD,Delivered
O039817,CUST039818,R039817,2/4/2021,1251,Wallet,Delivered
O039818,CUST039819,R039818,9/3/2020,804,UPI,Delivered
O039819,CUST039820,R039819,9/15/2024,927,COD,Delivered
O039820,CUST039821,R039820,10/26/2025,1455,UPI,Delivered
O039821,CUST039822,R039821,7/10/2021,1394,Wallet,Delivered
O039822,CUST039823,R039822,12/7/2021,107,UPI,Delivered
O039823,CUST039824,R039823,8/9/2023,1075,UPI,Delivered
O039824,CUST039825,R039824,10/15/2021,1688,UPI,Cancelled
O039825,CUST039826,R039825,7/13/2024,249,Card,Delivered
O039826,CUST039827,R039826,8/25/2025,112,UPI,Delivered
O039827,CUST039828,R039827,6/11/2020,1884,Card,Delivered
O039828,CUST039829,R039828,9/20/2019,277,COD,Delivered
O039829,CUST039830,R039829,8/26/2019,1564,Card,Delivered
O039830,CUST039831,R039830,10/26/2022,868,COD,Delivered
O039831,CUST039832,R039831,9/26/2020,595,Card,Delivered
O039832,CUST039833,R039832,3/25/2024,1028,Card,Delivered
O039833,CUST039834,R039833,10/21/2022,548,COD,Delivered
O039834,CUST039835,R039834,10/5/2023,165,COD,Delivered
O039835,CUST039836,R039835,12/1/2021,1624,UPI,Delivered
O039836,CUST039837,R039836,3/13/2025,691,COD,Delivered
O039837,CUST039838,R039837,7/24/2022,1304,UPI,Delivered
O039838,CUST039839,R039838,10/8/2019,1811,UPI,Delivered
O039839,CUST039840,R039839,8/19/2025,1211,UPI,Delivered
O039840,CUST039841,R039840,2/5/2022,201,Card,Delivered
O039841,CUST039842,R039841,10/21/2019,321,UPI,Delivered
O039842,CUST039843,R039842,10/14/2022,374,Card,Delivered
O039843,CUST039844,R039843,1/27/2025,956,UPI,Delivered
O039844,CUST039845,R039844,1/26/2024,1651,COD,Delivered
O039845,CUST039846,R039845,8/28/2024,1072,COD,Delivered
O039846,CUST039847,R039846,8/1/2020,593,Card,Delivered
O039847,CUST039848,R039847,9/23/2024,209,COD,Delivered
O039848,CUST039849,R039848,11/2/2019,1717,COD,Delivered
O039849,CUST039850,R039849,3/14/2025,1921,COD,Delivered
O039850,CUST039851,R039850,11/25/2019,1349,UPI,Delivered
O039851,CUST039852,R039851,6/9/2022,1332,Wallet,Delivered
O039852,CUST039853,R039852,5/8/2021,1254,UPI,Delivered
O039853,CUST039854,R039853,2/6/2023,1762,Wallet,Delivered
O039854,CUST039855,R039854,10/18/2021,950,Wallet,Delivered
O039855,CUST039856,R039855,10/8/2022,1891,COD,Delivered
O039856,CUST039857,R039856,8/16/2024,1583,Wallet,Delivered
O039857,CUST039858,R039857,10/8/2020,1311,Card,Delivered
O039858,CUST039859,R039858,4/22/2019,733,UPI,Delivered
O039859,CUST039860,R039859,8/23/2020,1221,UPI,Delivered
O039860,CUST039861,R039860,5/17/2019,1900,Card,Delivered
O039861,CUST039862,R039861,3/25/2022,444,COD,Cancelled
O039862,CUST039863,R039862,4/24/2025,172,Card,Delivered
O039863,CUST039864,R039863,4/22/2019,966,Card,Delivered
O039864,CUST039865,R039864,2/3/2023,1954,Card,Delivered
O039865,CUST039866,R039865,2/4/2025,871,UPI,Delivered
O039866,CUST039867,R039866,5/8/2025,490,COD,Delivered
O039867,CUST039868,R039867,3/28/2019,610,COD,Delivered
O039868,CUST039869,R039868,5/3/2024,1507,Wallet,Delivered
O039869,CUST039870,R039869,7/11/2019,677,Wallet,Delivered
O039870,CUST039871,R039870,6/3/2021,928,UPI,Delivered
O039871,CUST039872,R039871,11/17/2019,1536,Wallet,Delivered
O039872,CUST039873,R039872,6/7/2020,1372,Card,Delivered
O039873,CUST039874,R039873,9/12/2023,1517,Card,Delivered
O039874,CUST039875,R039874,9/11/2024,1157,Wallet,Delivered
O039875,CUST039876,R039875,10/6/2022,884,UPI,Delivered
O039876,CUST039877,R039876,7/12/2025,831,Wallet,Delivered
O039877,CUST039878,R039877,10/1/2023,808,Wallet,Delivered
O039878,CUST039879,R039878,4/15/2024,1757,Wallet,Cancelled
O039879,CUST039880,R039879,9/5/2021,1202,UPI,Delivered
O039880,CUST039881,R039880,5/10/2025,1501,UPI,Delivered
O039881,CUST039882,R039881,11/14/2025,1373,Card,Delivered
O039882,CUST039883,R039882,7/8/2023,1880,UPI,Delivered
O039883,CUST039884,R039883,5/16/2025,1639,UPI,Delivered
O039884,CUST039885,R039884,11/15/2023,346,Card,Delivered
O039885,CUST039886,R039885,5/18/2023,182,COD,Delivered
O039886,CUST039887,R039886,1/2/2022,1384,Card,Delivered
O039887,CUST039888,R039887,1/9/2019,250,COD,Delivered
O039888,CUST039889,R039888,6/28/2024,499,Card,Delivered
O039889,CUST039890,R039889,9/22/2021,622,COD,Delivered
O039890,CUST039891,R039890,1/24/2024,425,COD,Delivered
O039891,CUST039892,R039891,4/9/2024,528,Wallet,Delivered
O039892,CUST039893,R039892,2/20/2022,1245,Wallet,Cancelled
O039893,CUST039894,R039893,9/4/2021,1118,COD,Delivered
O039894,CUST039895,R039894,9/26/2025,990,UPI,Delivered
O039895,CUST039896,R039895,2/3/2023,1540,Wallet,Cancelled
O039896,CUST039897,R039896,6/16/2020,404,Wallet,Delivered
O039897,CUST039898,R039897,3/9/2020,1863,UPI,Delivered
O039898,CUST039899,R039898,1/12/2025,1875,Wallet,Delivered
O039899,CUST039900,R039899,10/11/2020,1000,UPI,Delivered
O039900,CUST039901,R039900,4/4/2021,1810,UPI,Delivered
O039901,CUST039902,R039901,9/25/2019,1128,UPI,Cancelled
O039902,CUST039903,R039902,5/16/2022,730,Card,Delivered
O039903,CUST039904,R039903,5/21/2024,1943,Wallet,Delivered
O039904,CUST039905,R039904,4/19/2024,144,COD,Delivered
O039905,CUST039906,R039905,2/15/2019,905,UPI,Delivered
O039906,CUST039907,R039906,11/6/2023,1747,Card,Delivered
O039907,CUST039908,R039907,9/20/2025,781,UPI,Delivered
O039908,CUST039909,R039908,10/26/2025,1584,COD,Delivered
O039909,CUST039910,R039909,3/26/2022,623,Wallet,Delivered
O039910,CUST039911,R039910,5/2/2024,1952,COD,Cancelled
O039911,CUST039912,R039911,9/13/2021,1030,Wallet,Delivered
O039912,CUST039913,R039912,7/15/2025,1540,UPI,Cancelled
O039913,CUST039914,R039913,4/5/2021,1854,Wallet,Delivered
O039914,CUST039915,R039914,7/14/2022,1216,UPI,Delivered
O039915,CUST039916,R039915,1/17/2025,774,UPI,Delivered
O039916,CUST039917,R039916,4/1/2023,1271,Wallet,Delivered
O039917,CUST039918,R039917,10/20/2019,188,COD,Cancelled
O039918,CUST039919,R039918,6/16/2024,427,COD,Cancelled
O039919,CUST039920,R039919,12/22/2025,1834,Card,Cancelled
O039920,CUST039921,R039920,1/21/2023,824,Card,Delivered
O039921,CUST039922,R039921,3/1/2025,311,Card,Delivered
O039922,CUST039923,R039922,7/27/2020,731,Wallet,Delivered
O039923,CUST039924,R039923,12/25/2024,679,COD,Delivered
O039924,CUST039925,R039924,9/23/2021,689,Wallet,Delivered
O039925,CUST039926,R039925,11/9/2022,1331,Card,Delivered
O039926,CUST039927,R039926,7/6/2023,582,COD,Delivered
O039927,CUST039928,R039927,6/8/2022,1007,UPI,Delivered
O039928,CUST039929,R039928,4/12/2020,1440,UPI,Delivered
O039929,CUST039930,R039929,6/10/2025,931,COD,Delivered
O039930,CUST039931,R039930,10/17/2021,1706,UPI,Delivered
O039931,CUST039932,R039931,6/10/2024,1055,UPI,Delivered
O039932,CUST039933,R039932,1/19/2020,1877,UPI,Cancelled
O039933,CUST039934,R039933,7/16/2025,1496,Card,Delivered
O039934,CUST039935,R039934,8/10/2025,102,UPI,Delivered
O039935,CUST039936,R039935,7/21/2020,347,UPI,Delivered
O039936,CUST039937,R039936,1/26/2019,1672,Card,Delivered
O039937,CUST039938,R039937,1/17/2025,305,COD,Delivered
O039938,CUST039939,R039938,2/4/2024,103,COD,Delivered
O039939,CUST039940,R039939,9/18/2021,199,Card,Cancelled
O039940,CUST039941,R039940,2/2/2024,623,Card,Delivered
O039941,CUST039942,R039941,6/26/2024,1056,Wallet,Delivered
O039942,CUST039943,R039942,9/5/2019,1040,Card,Delivered
O039943,CUST039944,R039943,5/12/2021,1950,COD,Delivered
O039944,CUST039945,R039944,11/19/2024,248,COD,Delivered
O039945,CUST039946,R039945,8/7/2020,1240,Card,Delivered
O039946,CUST039947,R039946,5/19/2022,686,Wallet,Delivered
O039947,CUST039948,R039947,7/27/2022,1235,COD,Delivered
O039948,CUST039949,R039948,11/12/2019,591,UPI,Delivered
O039949,CUST039950,R039949,11/28/2019,861,COD,Delivered
O039950,CUST039951,R039950,6/8/2024,1396,COD,Cancelled
O039951,CUST039952,R039951,3/7/2019,1192,UPI,Delivered
O039952,CUST039953,R039952,4/7/2020,1822,UPI,Delivered
O039953,CUST039954,R039953,10/18/2024,823,UPI,Delivered
O039954,CUST039955,R039954,4/1/2021,1624,COD,Delivered
O039955,CUST039956,R039955,12/21/2023,228,COD,Delivered
O039956,CUST039957,R039956,3/15/2025,1740,Card,Delivered
O039957,CUST039958,R039957,2/8/2025,1809,Card,Delivered
O039958,CUST039959,R039958,4/2/2022,1869,Card,Delivered
O039959,CUST039960,R039959,9/12/2022,302,COD,Delivered
O039960,CUST039961,R039960,3/21/2024,846,UPI,Delivered
O039961,CUST039962,R039961,8/22/2021,207,Wallet,Delivered
O039962,CUST039963,R039962,3/23/2021,1013,Card,Delivered
O039963,CUST039964,R039963,5/2/2024,297,COD,Delivered
O039964,CUST039965,R039964,11/1/2021,808,UPI,Delivered
O039965,CUST039966,R039965,2/1/2022,1613,Card,Delivered
O039966,CUST039967,R039966,11/28/2025,484,Wallet,Delivered
O039967,CUST039968,R039967,3/24/2021,1284,Wallet,Delivered
O039968,CUST039969,R039968,1/18/2025,856,Wallet,Delivered
O039969,CUST039970,R039969,1/16/2022,1357,Card,Delivered
O039970,CUST039971,R039970,3/5/2020,1426,Wallet,Delivered
O039971,CUST039972,R039971,9/11/2020,1529,Card,Delivered
O039972,CUST039973,R039972,5/7/2024,1468,UPI,Delivered
O039973,CUST039974,R039973,7/15/2020,1474,Wallet,Cancelled
O039974,CUST039975,R039974,4/16/2023,1899,COD,Delivered
O039975,CUST039976,R039975,2/18/2021,629,Wallet,Delivered
O039976,CUST039977,R039976,6/12/2024,1863,COD,Delivered
O039977,CUST039978,R039977,1/16/2025,424,COD,Delivered
O039978,CUST039979,R039978,10/23/2024,769,COD,Delivered
O039979,CUST039980,R039979,6/11/2021,528,Wallet,Delivered
O039980,CUST039981,R039980,3/25/2019,1327,COD,Delivered
O039981,CUST039982,R039981,11/6/2025,944,Wallet,Delivered
O039982,CUST039983,R039982,5/17/2020,1893,Wallet,Delivered
O039983,CUST039984,R039983,11/6/2023,756,Wallet,Delivered
O039984,CUST039985,R039984,1/12/2025,1573,Card,Delivered
O039985,CUST039986,R039985,12/8/2024,1555,UPI,Delivered
O039986,CUST039987,R039986,1/6/2024,1562,Wallet,Delivered
O039987,CUST039988,R039987,12/17/2019,1944,Card,Delivered
O039988,CUST039989,R039988,11/21/2019,1685,UPI,Delivered
O039989,CUST039990,R039989,12/19/2023,1907,Card,Delivered
O039990,CUST039991,R039990,1/17/2022,1525,Card,Delivered
O039991,CUST039992,R039991,4/11/2025,385,COD,Delivered
O039992,CUST039993,R039992,2/5/2023,804,UPI,Delivered
O039993,CUST039994,R039993,7/19/2022,1955,Card,Delivered
O039994,CUST039995,R039994,7/28/2020,735,COD,Delivered
O039995,CUST039996,R039995,12/12/2020,664,COD,Delivered
O039996,CUST039997,R039996,4/15/2023,371,COD,Delivered
O039997,CUST039998,R039997,5/9/2021,1189,COD,Delivered
O039998,CUST039999,R039998,8/2/2019,283,Wallet,Delivered
O039999,CUST040000,R039999,3/8/2024,1179,Wallet,Delivered
O040000,CUST040001,R040000,8/11/2020,714,UPI,Delivered
O040001,CUST040002,R040001,1/2/2021,1475,Wallet,Delivered
O040002,CUST040003,R040002,8/13/2025,114,Wallet,Delivered
O040003,CUST040004,R040003,12/12/2022,618,UPI,Delivered
O040004,CUST040005,R040004,7/6/2020,1945,Card,Cancelled
O040005,CUST040006,R040005,6/27/2019,1476,UPI,Delivered
O040006,CUST040007,R040006,5/3/2023,1572,Card,Delivered
O040007,CUST040008,R040007,7/23/2020,351,UPI,Delivered
O040008,CUST040009,R040008,6/26/2021,285,COD,Delivered
O040009,CUST040010,R040009,10/17/2020,1932,COD,Cancelled
O040010,CUST040011,R040010,1/3/2022,1992,Card,Delivered
O040011,CUST040012,R040011,6/12/2024,1801,COD,Delivered
O040012,CUST040013,R040012,11/2/2019,1156,Wallet,Delivered
O040013,CUST040014,R040013,10/21/2024,1991,Wallet,Delivered
O040014,CUST040015,R040014,2/22/2025,896,COD,Delivered
O040015,CUST040016,R040015,10/7/2020,503,Card,Delivered
O040016,CUST040017,R040016,4/17/2025,1895,COD,Delivered
O040017,CUST040018,R040017,2/27/2019,1322,COD,Delivered
O040018,CUST040019,R040018,5/6/2022,853,UPI,Delivered
O040019,CUST040020,R040019,9/1/2025,993,Wallet,Delivered
O040020,CUST040021,R040020,1/13/2024,739,COD,Delivered
O040021,CUST040022,R040021,6/4/2025,1039,Card,Delivered
O040022,CUST040023,R040022,4/8/2024,1801,COD,Delivered
O040023,CUST040024,R040023,4/10/2023,1413,UPI,Delivered
O040024,CUST040025,R040024,4/5/2021,1215,Card,Delivered
O040025,CUST040026,R040025,1/21/2025,1785,Wallet,Delivered
O040026,CUST040027,R040026,2/4/2021,1608,COD,Delivered
O040027,CUST040028,R040027,2/16/2025,513,Wallet,Delivered
O040028,CUST040029,R040028,11/17/2020,162,COD,Delivered
O040029,CUST040030,R040029,1/22/2022,1511,Card,Delivered
O040030,CUST040031,R040030,10/22/2021,224,Card,Delivered
O040031,CUST040032,R040031,4/28/2022,469,Wallet,Delivered
O040032,CUST040033,R040032,12/24/2020,1274,Card,Delivered
O040033,CUST040034,R040033,10/23/2019,399,COD,Delivered
O040034,CUST040035,R040034,2/27/2020,656,Wallet,Delivered
O040035,CUST040036,R040035,8/5/2024,528,COD,Delivered
O040036,CUST040037,R040036,12/4/2025,1028,Wallet,Cancelled
O040037,CUST040038,R040037,4/28/2025,831,COD,Cancelled
O040038,CUST040039,R040038,7/2/2025,1445,Wallet,Cancelled
O040039,CUST040040,R040039,8/6/2021,702,Wallet,Delivered
O040040,CUST040041,R040040,10/10/2020,1146,Wallet,Delivered
O040041,CUST040042,R040041,3/11/2024,1854,Card,Delivered
O040042,CUST040043,R040042,4/17/2024,1663,COD,Delivered
O040043,CUST040044,R040043,8/3/2019,1742,UPI,Delivered
O040044,CUST040045,R040044,10/15/2023,1986,UPI,Delivered
O040045,CUST040046,R040045,10/18/2025,1902,Card,Delivered
O040046,CUST040047,R040046,10/20/2021,1917,COD,Delivered
O040047,CUST040048,R040047,9/22/2020,744,Card,Delivered
O040048,CUST040049,R040048,2/14/2024,746,Wallet,Delivered
O040049,CUST040050,R040049,6/12/2025,1072,COD,Delivered
O040050,CUST040051,R040050,8/1/2023,161,Wallet,Delivered
O040051,CUST040052,R040051,10/3/2021,1490,Wallet,Delivered
O040052,CUST040053,R040052,8/7/2019,1216,Wallet,Delivered
O040053,CUST040054,R040053,1/1/2025,1190,Wallet,Delivered
O040054,CUST040055,R040054,7/12/2022,1899,Wallet,Delivered
O040055,CUST040056,R040055,4/20/2020,818,COD,Delivered
O040056,CUST040057,R040056,7/4/2024,1823,Card,Delivered
O040057,CUST040058,R040057,11/15/2023,1185,UPI,Delivered
O040058,CUST040059,R040058,11/6/2022,1947,Card,Delivered
O040059,CUST040060,R040059,1/28/2024,235,Wallet,Cancelled
O040060,CUST040061,R040060,1/22/2025,1372,Card,Delivered
O040061,CUST040062,R040061,4/15/2022,406,COD,Cancelled
O040062,CUST040063,R040062,12/27/2019,1701,Card,Delivered
O040063,CUST040064,R040063,5/10/2021,1679,COD,Cancelled
O040064,CUST040065,R040064,10/28/2023,1105,Card,Delivered
O040065,CUST040066,R040065,12/1/2023,1844,Card,Cancelled
O040066,CUST040067,R040066,4/24/2020,850,COD,Cancelled
O040067,CUST040068,R040067,7/6/2022,626,Wallet,Delivered
O040068,CUST040069,R040068,10/1/2020,608,Wallet,Delivered
O040069,CUST040070,R040069,4/5/2020,1440,COD,Delivered
O040070,CUST040071,R040070,2/10/2025,278,Wallet,Delivered
O040071,CUST040072,R040071,6/1/2021,1607,Card,Delivered
O040072,CUST040073,R040072,9/22/2019,868,Wallet,Delivered
O040073,CUST040074,R040073,8/6/2020,988,UPI,Delivered
O040074,CUST040075,R040074,12/10/2024,1924,Wallet,Delivered
O040075,CUST040076,R040075,7/22/2019,1853,UPI,Cancelled
O040076,CUST040077,R040076,1/4/2023,1338,Card,Delivered
O040077,CUST040078,R040077,7/23/2021,1908,UPI,Delivered
O040078,CUST040079,R040078,5/10/2023,1461,COD,Delivered
O040079,CUST040080,R040079,10/25/2020,641,Wallet,Delivered
O040080,CUST040081,R040080,8/16/2022,285,Card,Delivered
O040081,CUST040082,R040081,2/24/2024,224,Card,Cancelled
O040082,CUST040083,R040082,5/2/2022,1641,UPI,Cancelled
O040083,CUST040084,R040083,3/13/2020,1368,Card,Delivered
O040084,CUST040085,R040084,11/20/2020,795,Card,Delivered
O040085,CUST040086,R040085,9/26/2025,591,Card,Delivered
O040086,CUST040087,R040086,7/22/2019,352,COD,Delivered
O040087,CUST040088,R040087,4/26/2021,224,COD,Delivered
O040088,CUST040089,R040088,4/25/2023,512,Wallet,Delivered
O040089,CUST040090,R040089,10/28/2024,526,COD,Delivered
O040090,CUST040091,R040090,12/26/2025,1141,COD,Delivered
O040091,CUST040092,R040091,1/1/2020,650,UPI,Delivered
O040092,CUST040093,R040092,9/13/2019,841,COD,Delivered
O040093,CUST040094,R040093,9/24/2021,1375,UPI,Delivered
O040094,CUST040095,R040094,9/12/2023,1358,Wallet,Delivered
O040095,CUST040096,R040095,6/5/2024,1792,Wallet,Delivered
O040096,CUST040097,R040096,11/8/2022,984,UPI,Delivered
O040097,CUST040098,R040097,3/14/2024,1597,UPI,Cancelled
O040098,CUST040099,R040098,5/20/2020,208,Card,Delivered
O040099,CUST040100,R040099,8/24/2019,1913,UPI,Delivered
O040100,CUST040101,R040100,2/10/2021,1740,Card,Delivered
O040101,CUST040102,R040101,8/19/2020,128,Card,Delivered
O040102,CUST040103,R040102,11/25/2019,1155,Card,Delivered
O040103,CUST040104,R040103,12/21/2025,757,COD,Delivered
O040104,CUST040105,R040104,4/24/2022,315,Card,Delivered
O040105,CUST040106,R040105,11/22/2021,885,Card,Delivered
O040106,CUST040107,R040106,5/19/2023,469,Card,Cancelled
O040107,CUST040108,R040107,9/7/2022,1987,COD,Delivered
O040108,CUST040109,R040108,9/28/2019,1582,UPI,Delivered
O040109,CUST040110,R040109,8/9/2020,644,Card,Delivered
O040110,CUST040111,R040110,8/23/2024,1215,UPI,Delivered
O040111,CUST040112,R040111,3/7/2019,1726,COD,Delivered
O040112,CUST040113,R040112,4/19/2021,639,Wallet,Delivered
O040113,CUST040114,R040113,1/5/2025,1400,UPI,Delivered
O040114,CUST040115,R040114,4/13/2022,1690,COD,Delivered
O040115,CUST040116,R040115,8/6/2024,1437,Card,Delivered
O040116,CUST040117,R040116,8/15/2020,801,UPI,Delivered
O040117,CUST040118,R040117,9/18/2019,1545,Card,Cancelled
O040118,CUST040119,R040118,10/24/2019,973,COD,Delivered
O040119,CUST040120,R040119,7/27/2019,513,COD,Delivered
O040120,CUST040121,R040120,3/25/2019,124,COD,Delivered
O040121,CUST040122,R040121,9/28/2019,1626,COD,Cancelled
O040122,CUST040123,R040122,5/12/2025,1700,Card,Cancelled
O040123,CUST040124,R040123,12/24/2020,1302,UPI,Delivered
O040124,CUST040125,R040124,7/8/2024,1246,Wallet,Delivered
O040125,CUST040126,R040125,9/6/2024,1175,Wallet,Delivered
O040126,CUST040127,R040126,5/5/2023,1619,COD,Delivered
O040127,CUST040128,R040127,8/15/2025,845,COD,Delivered
O040128,CUST040129,R040128,1/7/2022,1524,Card,Delivered
O040129,CUST040130,R040129,12/15/2020,1429,Wallet,Delivered
O040130,CUST040131,R040130,10/6/2022,1162,Card,Delivered
O040131,CUST040132,R040131,3/21/2019,590,UPI,Delivered
O040132,CUST040133,R040132,10/22/2021,1184,UPI,Delivered
O040133,CUST040134,R040133,7/19/2023,1685,Card,Delivered
O040134,CUST040135,R040134,5/23/2021,354,Card,Delivered
O040135,CUST040136,R040135,3/21/2023,1982,Card,Delivered
O040136,CUST040137,R040136,7/19/2022,923,Card,Delivered
O040137,CUST040138,R040137,6/3/2021,1918,COD,Cancelled
O040138,CUST040139,R040138,10/3/2019,792,UPI,Delivered
O040139,CUST040140,R040139,12/7/2023,347,COD,Delivered
O040140,CUST040141,R040140,6/26/2025,461,COD,Delivered
O040141,CUST040142,R040141,5/2/2020,1141,Wallet,Delivered
O040142,CUST040143,R040142,3/10/2022,1090,Wallet,Delivered
O040143,CUST040144,R040143,10/28/2022,779,UPI,Delivered
O040144,CUST040145,R040144,11/15/2021,1392,Wallet,Delivered
O040145,CUST040146,R040145,12/3/2023,1483,Wallet,Delivered
O040146,CUST040147,R040146,10/14/2024,1476,Wallet,Delivered
O040147,CUST040148,R040147,3/9/2021,1915,Card,Delivered
O040148,CUST040149,R040148,11/16/2025,1598,Card,Delivered
O040149,CUST040150,R040149,9/22/2019,1552,Wallet,Delivered
O040150,CUST040151,R040150,12/12/2021,1535,COD,Delivered
O040151,CUST040152,R040151,5/26/2019,1547,Wallet,Cancelled
O040152,CUST040153,R040152,5/16/2023,1096,UPI,Delivered
O040153,CUST040154,R040153,4/9/2019,1347,Wallet,Delivered
O040154,CUST040155,R040154,7/13/2019,964,UPI,Delivered
O040155,CUST040156,R040155,7/8/2024,1769,UPI,Delivered
O040156,CUST040157,R040156,8/11/2020,1533,UPI,Delivered
O040157,CUST040158,R040157,2/12/2025,202,UPI,Cancelled
O040158,CUST040159,R040158,7/16/2022,295,Card,Delivered
O040159,CUST040160,R040159,11/4/2021,1299,Card,Delivered
O040160,CUST040161,R040160,10/7/2025,725,COD,Delivered
O040161,CUST040162,R040161,4/27/2019,452,Card,Delivered
O040162,CUST040163,R040162,9/19/2023,537,COD,Delivered
O040163,CUST040164,R040163,6/22/2025,346,Card,Delivered
O040164,CUST040165,R040164,7/9/2025,448,COD,Delivered
O040165,CUST040166,R040165,11/27/2024,1203,Wallet,Cancelled
O040166,CUST040167,R040166,12/3/2021,1007,Card,Cancelled
O040167,CUST040168,R040167,9/24/2024,580,UPI,Delivered
O040168,CUST040169,R040168,3/2/2019,1390,Wallet,Delivered
O040169,CUST040170,R040169,11/16/2025,260,Wallet,Delivered
O040170,CUST040171,R040170,5/7/2020,1764,UPI,Cancelled
O040171,CUST040172,R040171,6/10/2022,1987,Wallet,Delivered
O040172,CUST040173,R040172,4/13/2022,914,UPI,Delivered
O040173,CUST040174,R040173,7/2/2023,1719,UPI,Delivered
O040174,CUST040175,R040174,12/21/2021,1081,UPI,Cancelled
O040175,CUST040176,R040175,4/14/2023,689,Card,Delivered
O040176,CUST040177,R040176,7/19/2020,1862,Wallet,Delivered
O040177,CUST040178,R040177,9/18/2020,1965,COD,Delivered
O040178,CUST040179,R040178,5/14/2025,821,UPI,Delivered
O040179,CUST040180,R040179,1/5/2021,1636,UPI,Delivered
O040180,CUST040181,R040180,12/19/2019,240,Wallet,Delivered
O040181,CUST040182,R040181,7/24/2023,1007,UPI,Delivered
O040182,CUST040183,R040182,4/25/2025,1953,COD,Delivered
O040183,CUST040184,R040183,5/2/2020,1380,Card,Delivered
O040184,CUST040185,R040184,9/5/2023,751,Wallet,Delivered
O040185,CUST040186,R040185,1/10/2019,1002,UPI,Delivered
O040186,CUST040187,R040186,3/24/2025,1764,Wallet,Cancelled
O040187,CUST040188,R040187,10/11/2022,1126,UPI,Delivered
O040188,CUST040189,R040188,8/15/2021,732,UPI,Delivered
O040189,CUST040190,R040189,11/19/2022,1061,Wallet,Delivered
O040190,CUST040191,R040190,1/19/2025,109,COD,Delivered
O040191,CUST040192,R040191,1/15/2021,342,Card,Delivered
O040192,CUST040193,R040192,3/21/2024,1679,UPI,Delivered
O040193,CUST040194,R040193,1/20/2019,458,Card,Delivered
O040194,CUST040195,R040194,6/26/2021,206,Card,Delivered
O040195,CUST040196,R040195,12/26/2021,587,COD,Delivered
O040196,CUST040197,R040196,7/23/2025,535,Card,Delivered
O040197,CUST040198,R040197,7/21/2022,795,Wallet,Delivered
O040198,CUST040199,R040198,12/11/2023,1046,Card,Delivered
O040199,CUST040200,R040199,1/5/2021,535,COD,Delivered
O040200,CUST040201,R040200,6/6/2024,921,Wallet,Delivered
O040201,CUST040202,R040201,12/9/2024,1360,UPI,Delivered
O040202,CUST040203,R040202,4/28/2022,852,COD,Delivered
O040203,CUST040204,R040203,8/14/2025,1670,Wallet,Delivered
O040204,CUST040205,R040204,9/9/2023,1013,Card,Delivered
O040205,CUST040206,R040205,5/18/2023,1787,Wallet,Cancelled
O040206,CUST040207,R040206,9/14/2021,1087,Card,Delivered
O040207,CUST040208,R040207,9/9/2019,1724,UPI,Delivered
O040208,CUST040209,R040208,3/21/2023,247,UPI,Delivered
O040209,CUST040210,R040209,5/24/2022,1529,Card,Delivered
O040210,CUST040211,R040210,3/15/2023,412,COD,Delivered
O040211,CUST040212,R040211,12/6/2023,1849,Card,Delivered
O040212,CUST040213,R040212,6/14/2021,151,Card,Cancelled
O040213,CUST040214,R040213,6/1/2021,581,Card,Delivered
O040214,CUST040215,R040214,6/24/2019,977,Wallet,Delivered
O040215,CUST040216,R040215,4/23/2022,960,COD,Delivered
O040216,CUST040217,R040216,8/10/2020,391,Wallet,Delivered
O040217,CUST040218,R040217,6/19/2025,629,Wallet,Delivered
O040218,CUST040219,R040218,8/13/2025,1447,Card,Delivered
O040219,CUST040220,R040219,6/24/2019,704,Wallet,Delivered
O040220,CUST040221,R040220,4/4/2021,1086,COD,Delivered
O040221,CUST040222,R040221,2/15/2025,447,Wallet,Delivered
O040222,CUST040223,R040222,10/28/2019,762,Wallet,Delivered
O040223,CUST040224,R040223,11/6/2020,1546,COD,Delivered
O040224,CUST040225,R040224,10/9/2020,1037,UPI,Delivered
O040225,CUST040226,R040225,7/4/2022,1668,Wallet,Cancelled
O040226,CUST040227,R040226,5/17/2020,782,Wallet,Delivered
O040227,CUST040228,R040227,3/28/2021,210,COD,Delivered
O040228,CUST040229,R040228,4/11/2021,148,COD,Delivered
O040229,CUST040230,R040229,2/13/2019,1655,Card,Delivered
O040230,CUST040231,R040230,5/7/2024,1719,Card,Delivered
O040231,CUST040232,R040231,11/1/2021,1822,UPI,Delivered
O040232,CUST040233,R040232,7/20/2025,1842,COD,Delivered
O040233,CUST040234,R040233,12/20/2021,702,UPI,Delivered
O040234,CUST040235,R040234,4/20/2022,1965,Wallet,Delivered
O040235,CUST040236,R040235,9/22/2019,869,Card,Delivered
O040236,CUST040237,R040236,3/1/2022,272,Card,Delivered
O040237,CUST040238,R040237,2/3/2019,697,Wallet,Delivered
O040238,CUST040239,R040238,3/27/2024,1459,Card,Cancelled
O040239,CUST040240,R040239,3/26/2025,399,Wallet,Delivered
O040240,CUST040241,R040240,11/22/2023,1203,Wallet,Delivered
O040241,CUST040242,R040241,3/6/2025,820,COD,Delivered
O040242,CUST040243,R040242,3/14/2020,1316,UPI,Cancelled
O040243,CUST040244,R040243,10/4/2024,1336,COD,Delivered
O040244,CUST040245,R040244,5/10/2022,1438,UPI,Delivered
O040245,CUST040246,R040245,9/6/2022,1949,UPI,Delivered
O040246,CUST040247,R040246,3/15/2023,1375,Wallet,Delivered
O040247,CUST040248,R040247,4/15/2022,1756,COD,Delivered
O040248,CUST040249,R040248,5/17/2020,480,COD,Delivered
O040249,CUST040250,R040249,4/10/2024,1964,Card,Delivered
O040250,CUST040251,R040250,10/26/2021,314,Card,Delivered
O040251,CUST040252,R040251,10/22/2024,230,Card,Delivered
O040252,CUST040253,R040252,9/2/2020,1915,COD,Delivered
O040253,CUST040254,R040253,10/16/2025,820,COD,Delivered
O040254,CUST040255,R040254,1/18/2025,437,Wallet,Delivered
O040255,CUST040256,R040255,10/9/2020,1851,Wallet,Delivered
O040256,CUST040257,R040256,5/26/2019,534,COD,Delivered
O040257,CUST040258,R040257,5/11/2021,1482,UPI,Delivered
O040258,CUST040259,R040258,1/7/2020,1471,UPI,Delivered
O040259,CUST040260,R040259,9/2/2025,1419,Wallet,Delivered
O040260,CUST040261,R040260,3/16/2020,1843,UPI,Delivered
O040261,CUST040262,R040261,10/20/2020,1579,UPI,Delivered
O040262,CUST040263,R040262,3/18/2022,108,Card,Delivered
O040263,CUST040264,R040263,4/19/2024,1370,Card,Delivered
O040264,CUST040265,R040264,11/9/2020,279,Card,Delivered
O040265,CUST040266,R040265,5/3/2020,529,UPI,Delivered
O040266,CUST040267,R040266,2/17/2023,1876,Card,Delivered
O040267,CUST040268,R040267,9/18/2021,655,COD,Delivered
O040268,CUST040269,R040268,2/10/2025,578,COD,Delivered
O040269,CUST040270,R040269,4/14/2019,324,COD,Delivered
O040270,CUST040271,R040270,9/6/2023,1143,Card,Delivered
O040271,CUST040272,R040271,1/1/2019,198,Wallet,Delivered
O040272,CUST040273,R040272,4/6/2020,1035,COD,Delivered
O040273,CUST040274,R040273,7/10/2023,570,UPI,Delivered
O040274,CUST040275,R040274,11/2/2021,1196,Wallet,Delivered
O040275,CUST040276,R040275,3/12/2022,259,Wallet,Delivered
O040276,CUST040277,R040276,12/13/2025,463,UPI,Delivered
O040277,CUST040278,R040277,4/4/2024,1796,Card,Cancelled
O040278,CUST040279,R040278,1/26/2022,1333,Wallet,Delivered
O040279,CUST040280,R040279,6/27/2021,1536,UPI,Delivered
O040280,CUST040281,R040280,5/13/2023,309,Wallet,Delivered
O040281,CUST040282,R040281,4/24/2022,194,COD,Delivered
O040282,CUST040283,R040282,5/15/2020,1843,Card,Cancelled
O040283,CUST040284,R040283,1/3/2023,1771,UPI,Delivered
O040284,CUST040285,R040284,2/11/2020,1758,COD,Delivered
O040285,CUST040286,R040285,3/1/2022,1317,UPI,Delivered
O040286,CUST040287,R040286,1/20/2024,187,Wallet,Delivered
O040287,CUST040288,R040287,11/24/2020,987,COD,Delivered
O040288,CUST040289,R040288,6/7/2024,887,Card,Delivered
O040289,CUST040290,R040289,9/23/2021,123,Wallet,Delivered
O040290,CUST040291,R040290,4/1/2019,1174,Card,Delivered
O040291,CUST040292,R040291,9/4/2022,709,Wallet,Delivered
O040292,CUST040293,R040292,12/28/2025,912,Wallet,Delivered
O040293,CUST040294,R040293,3/4/2022,698,COD,Delivered
O040294,CUST040295,R040294,8/2/2024,1516,Card,Delivered
O040295,CUST040296,R040295,3/6/2022,1710,COD,Delivered
O040296,CUST040297,R040296,5/8/2019,1327,Wallet,Delivered
O040297,CUST040298,R040297,4/2/2019,1135,Card,Delivered
O040298,CUST040299,R040298,4/20/2019,1749,COD,Delivered
O040299,CUST040300,R040299,9/3/2025,1465,COD,Delivered
O040300,CUST040301,R040300,5/15/2024,363,UPI,Delivered
O040301,CUST040302,R040301,3/15/2023,263,Card,Delivered
O040302,CUST040303,R040302,9/21/2025,1401,Card,Delivered
O040303,CUST040304,R040303,9/20/2021,1846,Card,Delivered
O040304,CUST040305,R040304,5/26/2024,325,Wallet,Delivered
O040305,CUST040306,R040305,4/22/2022,875,UPI,Delivered
O040306,CUST040307,R040306,8/13/2022,315,Card,Delivered
O040307,CUST040308,R040307,3/25/2024,609,COD,Delivered
O040308,CUST040309,R040308,6/1/2024,481,Card,Delivered
O040309,CUST040310,R040309,9/3/2022,943,Wallet,Cancelled
O040310,CUST040311,R040310,5/27/2021,752,COD,Delivered
O040311,CUST040312,R040311,2/2/2024,1366,Wallet,Delivered
O040312,CUST040313,R040312,6/5/2020,1119,Wallet,Delivered
O040313,CUST040314,R040313,9/9/2021,1035,Wallet,Delivered
O040314,CUST040315,R040314,11/10/2025,1956,UPI,Delivered
O040315,CUST040316,R040315,9/15/2025,1508,COD,Delivered
O040316,CUST040317,R040316,3/1/2021,1636,UPI,Delivered
O040317,CUST040318,R040317,11/21/2019,1886,UPI,Delivered
O040318,CUST040319,R040318,11/16/2024,1504,UPI,Delivered
O040319,CUST040320,R040319,1/10/2022,1832,Card,Delivered
O040320,CUST040321,R040320,11/19/2019,225,UPI,Delivered
O040321,CUST040322,R040321,12/13/2019,1998,COD,Delivered
O040322,CUST040323,R040322,5/4/2024,604,UPI,Delivered
O040323,CUST040324,R040323,5/21/2020,1555,COD,Delivered
O040324,CUST040325,R040324,10/24/2019,1409,Wallet,Delivered
O040325,CUST040326,R040325,11/27/2024,1131,Wallet,Delivered
O040326,CUST040327,R040326,6/25/2024,1080,Wallet,Delivered
O040327,CUST040328,R040327,2/11/2021,142,Wallet,Delivered
O040328,CUST040329,R040328,6/19/2023,668,COD,Delivered
O040329,CUST040330,R040329,3/2/2021,1680,UPI,Cancelled
O040330,CUST040331,R040330,1/14/2023,1042,UPI,Delivered
O040331,CUST040332,R040331,12/4/2025,1592,Card,Cancelled
O040332,CUST040333,R040332,11/18/2020,1919,Wallet,Delivered
O040333,CUST040334,R040333,4/20/2020,1281,Card,Delivered
O040334,CUST040335,R040334,5/13/2024,316,COD,Delivered
O040335,CUST040336,R040335,1/5/2020,1660,UPI,Delivered
O040336,CUST040337,R040336,2/9/2024,1642,Card,Delivered
O040337,CUST040338,R040337,3/27/2019,1026,UPI,Delivered
O040338,CUST040339,R040338,3/28/2022,1760,Card,Cancelled
O040339,CUST040340,R040339,11/22/2024,696,COD,Cancelled
O040340,CUST040341,R040340,10/5/2023,770,COD,Delivered
O040341,CUST040342,R040341,3/28/2025,328,COD,Delivered
O040342,CUST040343,R040342,5/4/2023,1297,COD,Delivered
O040343,CUST040344,R040343,1/8/2023,135,Wallet,Delivered
O040344,CUST040345,R040344,8/27/2020,1202,UPI,Delivered
O040345,CUST040346,R040345,10/13/2024,821,COD,Delivered
O040346,CUST040347,R040346,5/2/2021,942,UPI,Delivered
O040347,CUST040348,R040347,4/8/2024,1833,Wallet,Delivered
O040348,CUST040349,R040348,7/19/2021,1767,Wallet,Delivered
O040349,CUST040350,R040349,1/4/2019,1258,Card,Delivered
O040350,CUST040351,R040350,6/22/2021,1698,UPI,Delivered
O040351,CUST040352,R040351,12/9/2020,1420,Card,Delivered
O040352,CUST040353,R040352,1/24/2019,486,Wallet,Delivered
O040353,CUST040354,R040353,12/15/2025,386,COD,Delivered
O040354,CUST040355,R040354,11/23/2020,120,COD,Delivered
O040355,CUST040356,R040355,12/27/2023,1969,Card,Cancelled
O040356,CUST040357,R040356,6/17/2024,1652,Wallet,Delivered
O040357,CUST040358,R040357,5/24/2024,818,Card,Delivered
O040358,CUST040359,R040358,4/22/2024,865,Card,Delivered
O040359,CUST040360,R040359,10/27/2021,130,COD,Delivered
O040360,CUST040361,R040360,7/3/2019,181,COD,Delivered
O040361,CUST040362,R040361,1/22/2020,432,Wallet,Delivered
O040362,CUST040363,R040362,10/2/2020,447,Card,Delivered
O040363,CUST040364,R040363,7/25/2023,1061,COD,Delivered
O040364,CUST040365,R040364,7/26/2019,608,UPI,Delivered
O040365,CUST040366,R040365,9/13/2022,730,COD,Delivered
O040366,CUST040367,R040366,10/23/2024,1477,UPI,Delivered
O040367,CUST040368,R040367,2/11/2023,1209,COD,Delivered
O040368,CUST040369,R040368,2/4/2020,1648,Wallet,Delivered
O040369,CUST040370,R040369,9/6/2024,884,UPI,Cancelled
O040370,CUST040371,R040370,5/12/2023,1063,UPI,Delivered
O040371,CUST040372,R040371,7/10/2021,1955,Card,Delivered
O040372,CUST040373,R040372,3/22/2019,1821,Wallet,Delivered
O040373,CUST040374,R040373,1/5/2025,1699,Card,Delivered
O040374,CUST040375,R040374,4/17/2022,1994,UPI,Delivered
O040375,CUST040376,R040375,2/27/2020,1076,Card,Delivered
O040376,CUST040377,R040376,3/19/2025,671,COD,Delivered
O040377,CUST040378,R040377,4/23/2023,224,Card,Delivered
O040378,CUST040379,R040378,2/22/2022,838,Card,Delivered
O040379,CUST040380,R040379,5/18/2023,1137,Card,Cancelled
O040380,CUST040381,R040380,10/5/2025,1837,COD,Delivered
O040381,CUST040382,R040381,1/26/2022,1439,Wallet,Cancelled
O040382,CUST040383,R040382,11/8/2019,501,Card,Delivered
O040383,CUST040384,R040383,9/22/2021,854,Wallet,Delivered
O040384,CUST040385,R040384,1/25/2022,1614,COD,Delivered
O040385,CUST040386,R040385,7/16/2023,549,Wallet,Delivered
O040386,CUST040387,R040386,1/2/2020,1316,UPI,Delivered
O040387,CUST040388,R040387,3/12/2022,1610,COD,Delivered
O040388,CUST040389,R040388,3/9/2020,1226,UPI,Delivered
O040389,CUST040390,R040389,7/14/2021,331,Wallet,Delivered
O040390,CUST040391,R040390,12/17/2025,1027,UPI,Cancelled
O040391,CUST040392,R040391,2/16/2022,455,COD,Delivered
O040392,CUST040393,R040392,7/20/2025,235,Card,Delivered
O040393,CUST040394,R040393,7/15/2020,1497,COD,Delivered
O040394,CUST040395,R040394,9/21/2024,1483,COD,Delivered
O040395,CUST040396,R040395,12/11/2022,1557,Card,Delivered
O040396,CUST040397,R040396,1/22/2019,897,UPI,Delivered
O040397,CUST040398,R040397,2/26/2024,769,COD,Delivered
O040398,CUST040399,R040398,5/5/2020,1064,Wallet,Delivered
O040399,CUST040400,R040399,9/3/2023,1534,COD,Delivered
O040400,CUST040401,R040400,8/12/2020,765,COD,Delivered
O040401,CUST040402,R040401,3/9/2020,1445,Card,Delivered
O040402,CUST040403,R040402,11/21/2019,1388,Wallet,Delivered
O040403,CUST040404,R040403,5/5/2019,1115,UPI,Delivered
O040404,CUST040405,R040404,11/19/2020,498,UPI,Delivered
O040405,CUST040406,R040405,7/20/2025,1291,Wallet,Delivered
O040406,CUST040407,R040406,4/18/2025,1542,Card,Delivered
O040407,CUST040408,R040407,12/22/2020,254,Card,Delivered
O040408,CUST040409,R040408,6/20/2022,1702,UPI,Delivered
O040409,CUST040410,R040409,5/17/2023,514,Card,Cancelled
O040410,CUST040411,R040410,10/21/2019,1764,COD,Delivered
O040411,CUST040412,R040411,4/27/2019,681,Wallet,Delivered
O040412,CUST040413,R040412,7/5/2025,304,COD,Delivered
O040413,CUST040414,R040413,9/24/2020,381,COD,Cancelled
O040414,CUST040415,R040414,11/4/2022,1062,Wallet,Delivered
O040415,CUST040416,R040415,9/8/2025,1004,COD,Delivered
O040416,CUST040417,R040416,8/28/2021,731,UPI,Delivered
O040417,CUST040418,R040417,10/14/2024,1170,Wallet,Delivered
O040418,CUST040419,R040418,1/2/2025,1399,Wallet,Delivered
O040419,CUST040420,R040419,3/13/2025,1332,COD,Delivered
O040420,CUST040421,R040420,6/3/2020,1771,UPI,Delivered
O040421,CUST040422,R040421,5/15/2019,1493,UPI,Delivered
O040422,CUST040423,R040422,12/21/2025,1186,UPI,Delivered
O040423,CUST040424,R040423,7/2/2024,1380,UPI,Delivered
O040424,CUST040425,R040424,5/24/2021,302,Card,Delivered
O040425,CUST040426,R040425,9/15/2020,1822,Card,Delivered
O040426,CUST040427,R040426,12/19/2022,1943,Card,Delivered
O040427,CUST040428,R040427,11/26/2021,1690,UPI,Delivered
O040428,CUST040429,R040428,3/17/2019,1683,UPI,Delivered
O040429,CUST040430,R040429,6/22/2019,1443,UPI,Delivered
O040430,CUST040431,R040430,10/12/2021,156,Card,Delivered
O040431,CUST040432,R040431,2/13/2022,253,Card,Delivered
O040432,CUST040433,R040432,12/2/2024,1154,UPI,Delivered
O040433,CUST040434,R040433,2/6/2021,582,COD,Delivered
O040434,CUST040435,R040434,7/26/2025,304,UPI,Delivered
O040435,CUST040436,R040435,11/19/2020,1898,COD,Delivered
O040436,CUST040437,R040436,5/13/2023,234,Card,Delivered
O040437,CUST040438,R040437,3/6/2022,299,COD,Delivered
O040438,CUST040439,R040438,11/25/2019,1061,Wallet,Delivered
O040439,CUST040440,R040439,6/2/2019,928,UPI,Delivered
O040440,CUST040441,R040440,6/24/2019,538,UPI,Delivered
O040441,CUST040442,R040441,1/28/2019,1343,Card,Delivered
O040442,CUST040443,R040442,6/13/2025,171,Wallet,Delivered
O040443,CUST040444,R040443,10/6/2021,1673,UPI,Cancelled
O040444,CUST040445,R040444,3/10/2024,1770,Wallet,Delivered
O040445,CUST040446,R040445,4/12/2025,814,UPI,Delivered
O040446,CUST040447,R040446,10/28/2023,1577,Wallet,Delivered
O040447,CUST040448,R040447,7/20/2025,932,Wallet,Cancelled
O040448,CUST040449,R040448,7/13/2022,278,Card,Delivered
O040449,CUST040450,R040449,9/7/2020,1751,Wallet,Delivered
O040450,CUST040451,R040450,4/16/2022,1861,Card,Delivered
O040451,CUST040452,R040451,9/12/2019,677,UPI,Delivered
O040452,CUST040453,R040452,8/3/2021,1555,UPI,Delivered
O040453,CUST040454,R040453,3/21/2023,155,Wallet,Delivered
O040454,CUST040455,R040454,4/23/2021,960,UPI,Delivered
O040455,CUST040456,R040455,10/23/2023,1732,COD,Delivered
O040456,CUST040457,R040456,6/28/2023,1294,COD,Delivered
O040457,CUST040458,R040457,7/4/2021,672,COD,Delivered
O040458,CUST040459,R040458,12/7/2020,923,Wallet,Delivered
O040459,CUST040460,R040459,5/23/2023,1237,Wallet,Delivered
O040460,CUST040461,R040460,5/4/2025,592,Wallet,Delivered
O040461,CUST040462,R040461,4/7/2021,1796,UPI,Delivered
O040462,CUST040463,R040462,4/11/2022,479,Wallet,Delivered
O040463,CUST040464,R040463,4/11/2022,1905,COD,Delivered
O040464,CUST040465,R040464,12/7/2020,1776,Card,Delivered
O040465,CUST040466,R040465,6/19/2019,1599,UPI,Delivered
O040466,CUST040467,R040466,7/22/2020,374,Card,Delivered
O040467,CUST040468,R040467,12/23/2024,116,UPI,Cancelled
O040468,CUST040469,R040468,2/24/2021,540,COD,Delivered
O040469,CUST040470,R040469,1/2/2023,493,COD,Delivered
O040470,CUST040471,R040470,9/20/2024,716,COD,Delivered
O040471,CUST040472,R040471,12/10/2023,967,Card,Delivered
O040472,CUST040473,R040472,4/3/2021,386,COD,Delivered
O040473,CUST040474,R040473,1/5/2025,636,Wallet,Delivered
O040474,CUST040475,R040474,4/9/2025,995,UPI,Delivered
O040475,CUST040476,R040475,10/27/2023,698,COD,Delivered
O040476,CUST040477,R040476,8/11/2020,1520,Wallet,Delivered
O040477,CUST040478,R040477,7/7/2019,869,UPI,Delivered
O040478,CUST040479,R040478,9/14/2021,1943,Wallet,Delivered
O040479,CUST040480,R040479,7/16/2020,1046,UPI,Delivered
O040480,CUST040481,R040480,11/7/2024,1632,UPI,Delivered
O040481,CUST040482,R040481,6/18/2025,156,UPI,Delivered
O040482,CUST040483,R040482,12/23/2024,110,Card,Delivered
O040483,CUST040484,R040483,4/15/2024,376,COD,Delivered
O040484,CUST040485,R040484,8/4/2024,1769,Card,Delivered
O040485,CUST040486,R040485,6/13/2023,1903,Card,Delivered
O040486,CUST040487,R040486,9/28/2020,427,UPI,Delivered
O040487,CUST040488,R040487,1/18/2024,611,Wallet,Delivered
O040488,CUST040489,R040488,1/22/2025,854,Card,Delivered
O040489,CUST040490,R040489,5/8/2024,248,COD,Cancelled
O040490,CUST040491,R040490,1/17/2019,486,COD,Cancelled
O040491,CUST040492,R040491,2/11/2021,1559,Card,Delivered
O040492,CUST040493,R040492,8/26/2020,661,UPI,Delivered
O040493,CUST040494,R040493,3/2/2023,1292,Wallet,Delivered
O040494,CUST040495,R040494,2/13/2020,785,UPI,Delivered
O040495,CUST040496,R040495,10/4/2022,1104,UPI,Delivered
O040496,CUST040497,R040496,12/9/2019,1893,COD,Delivered
O040497,CUST040498,R040497,5/14/2020,1429,UPI,Delivered
O040498,CUST040499,R040498,6/10/2025,1627,Wallet,Cancelled
O040499,CUST040500,R040499,12/16/2024,628,Wallet,Delivered
O040500,CUST040501,R040500,11/26/2022,1700,Card,Cancelled
O040501,CUST040502,R040501,8/10/2019,1943,COD,Delivered
O040502,CUST040503,R040502,9/12/2021,1382,Card,Delivered
O040503,CUST040504,R040503,4/5/2022,1576,Card,Delivered
O040504,CUST040505,R040504,1/27/2020,1928,UPI,Delivered
O040505,CUST040506,R040505,10/21/2021,1751,COD,Delivered
O040506,CUST040507,R040506,2/18/2022,656,Wallet,Delivered
O040507,CUST040508,R040507,11/16/2022,1918,COD,Delivered
O040508,CUST040509,R040508,10/20/2021,784,Card,Delivered
O040509,CUST040510,R040509,7/28/2025,193,Card,Delivered
O040510,CUST040511,R040510,5/2/2025,618,Wallet,Delivered
O040511,CUST040512,R040511,5/26/2022,1243,UPI,Cancelled
O040512,CUST040513,R040512,6/25/2024,287,COD,Delivered
O040513,CUST040514,R040513,3/21/2019,793,Wallet,Delivered
O040514,CUST040515,R040514,4/4/2020,671,COD,Delivered
O040515,CUST040516,R040515,3/13/2021,1172,UPI,Delivered
O040516,CUST040517,R040516,7/28/2024,1235,COD,Delivered
O040517,CUST040518,R040517,3/8/2022,1588,Wallet,Delivered
O040518,CUST040519,R040518,4/8/2023,1795,Wallet,Delivered
O040519,CUST040520,R040519,2/13/2022,1284,Wallet,Delivered
O040520,CUST040521,R040520,11/13/2024,1539,COD,Delivered
O040521,CUST040522,R040521,9/15/2025,443,Wallet,Delivered
O040522,CUST040523,R040522,12/9/2025,1885,UPI,Delivered
O040523,CUST040524,R040523,5/25/2025,234,UPI,Delivered
O040524,CUST040525,R040524,1/21/2023,144,Card,Delivered
O040525,CUST040526,R040525,4/27/2023,1804,Card,Delivered
O040526,CUST040527,R040526,6/16/2021,454,COD,Delivered
O040527,CUST040528,R040527,6/16/2019,288,Card,Delivered
O040528,CUST040529,R040528,11/8/2023,1279,COD,Cancelled
O040529,CUST040530,R040529,4/25/2021,1863,Card,Delivered
O040530,CUST040531,R040530,6/3/2024,1205,Wallet,Cancelled
O040531,CUST040532,R040531,3/2/2023,566,UPI,Delivered
O040532,CUST040533,R040532,8/22/2022,1328,Wallet,Delivered
O040533,CUST040534,R040533,3/8/2021,1758,UPI,Delivered
O040534,CUST040535,R040534,1/16/2022,1500,UPI,Delivered
O040535,CUST040536,R040535,4/13/2025,1973,UPI,Delivered
O040536,CUST040537,R040536,7/18/2023,1328,Card,Delivered
O040537,CUST040538,R040537,11/8/2022,188,Card,Delivered
O040538,CUST040539,R040538,1/2/2021,439,Wallet,Delivered
O040539,CUST040540,R040539,2/16/2024,1510,Card,Delivered
O040540,CUST040541,R040540,6/17/2024,375,COD,Delivered
O040541,CUST040542,R040541,6/8/2021,434,COD,Delivered
O040542,CUST040543,R040542,6/12/2025,182,Card,Delivered
O040543,CUST040544,R040543,2/4/2020,1249,Card,Delivered
O040544,CUST040545,R040544,3/3/2021,1988,UPI,Delivered
O040545,CUST040546,R040545,10/2/2022,988,COD,Delivered
O040546,CUST040547,R040546,8/8/2019,486,Wallet,Delivered
O040547,CUST040548,R040547,3/27/2021,1117,Wallet,Delivered
O040548,CUST040549,R040548,12/7/2020,179,COD,Delivered
O040549,CUST040550,R040549,6/13/2020,944,UPI,Delivered
O040550,CUST040551,R040550,7/2/2023,1750,UPI,Delivered
O040551,CUST040552,R040551,1/25/2021,1242,COD,Delivered
O040552,CUST040553,R040552,8/26/2024,1131,UPI,Delivered
O040553,CUST040554,R040553,10/12/2020,166,Wallet,Cancelled
O040554,CUST040555,R040554,7/18/2021,1996,COD,Delivered
O040555,CUST040556,R040555,12/14/2025,1699,Card,Delivered
O040556,CUST040557,R040556,3/1/2022,1877,UPI,Cancelled
O040557,CUST040558,R040557,10/13/2025,1604,COD,Cancelled
O040558,CUST040559,R040558,10/27/2024,1032,UPI,Delivered
O040559,CUST040560,R040559,12/18/2024,146,Wallet,Delivered
O040560,CUST040561,R040560,11/22/2023,907,COD,Delivered
O040561,CUST040562,R040561,4/1/2024,807,Card,Delivered
O040562,CUST040563,R040562,12/22/2020,1939,Wallet,Delivered
O040563,CUST040564,R040563,1/25/2023,1367,COD,Delivered
O040564,CUST040565,R040564,2/6/2021,901,Wallet,Delivered
O040565,CUST040566,R040565,11/2/2021,748,Wallet,Delivered
O040566,CUST040567,R040566,6/6/2022,795,COD,Delivered
O040567,CUST040568,R040567,5/5/2021,1372,Card,Delivered
O040568,CUST040569,R040568,3/9/2019,1604,COD,Delivered
O040569,CUST040570,R040569,3/6/2019,1297,Wallet,Delivered
O040570,CUST040571,R040570,4/3/2022,981,Card,Delivered
O040571,CUST040572,R040571,8/18/2019,1595,COD,Delivered
O040572,CUST040573,R040572,6/9/2021,1423,Card,Delivered
O040573,CUST040574,R040573,3/13/2020,327,Wallet,Delivered
O040574,CUST040575,R040574,1/10/2019,184,Card,Delivered
O040575,CUST040576,R040575,3/19/2021,1316,Card,Delivered
O040576,CUST040577,R040576,12/19/2020,1754,UPI,Delivered
O040577,CUST040578,R040577,4/25/2020,278,COD,Delivered
O040578,CUST040579,R040578,12/21/2025,660,UPI,Delivered
O040579,CUST040580,R040579,1/12/2023,171,Card,Delivered
O040580,CUST040581,R040580,11/24/2025,465,COD,Delivered
O040581,CUST040582,R040581,5/28/2025,332,Card,Delivered
O040582,CUST040583,R040582,6/1/2021,1088,COD,Delivered
O040583,CUST040584,R040583,11/26/2022,641,COD,Delivered
O040584,CUST040585,R040584,2/27/2019,1216,Wallet,Delivered
O040585,CUST040586,R040585,3/3/2024,1039,Wallet,Delivered
O040586,CUST040587,R040586,11/8/2022,956,Wallet,Delivered
O040587,CUST040588,R040587,8/5/2019,1745,UPI,Delivered
O040588,CUST040589,R040588,11/13/2023,1466,COD,Delivered
O040589,CUST040590,R040589,7/28/2024,1545,UPI,Delivered
O040590,CUST040591,R040590,12/20/2022,1796,Wallet,Delivered
O040591,CUST040592,R040591,12/16/2025,1462,Wallet,Cancelled
O040592,CUST040593,R040592,4/7/2024,1731,UPI,Delivered
O040593,CUST040594,R040593,3/18/2022,1982,Card,Delivered
O040594,CUST040595,R040594,3/11/2019,1850,COD,Delivered
O040595,CUST040596,R040595,12/3/2021,705,UPI,Delivered
O040596,CUST040597,R040596,11/23/2023,1269,Card,Delivered
O040597,CUST040598,R040597,1/22/2023,876,COD,Delivered
O040598,CUST040599,R040598,11/25/2019,560,COD,Delivered
O040599,CUST040600,R040599,9/17/2020,572,COD,Delivered
O040600,CUST040601,R040600,4/27/2021,1530,Wallet,Delivered
O040601,CUST040602,R040601,10/8/2020,194,COD,Delivered
O040602,CUST040603,R040602,10/23/2019,1633,UPI,Cancelled
O040603,CUST040604,R040603,6/13/2024,951,Wallet,Delivered
O040604,CUST040605,R040604,2/3/2021,1506,Card,Delivered
O040605,CUST040606,R040605,11/17/2023,1776,Wallet,Delivered
O040606,CUST040607,R040606,2/19/2020,1182,UPI,Delivered
O040607,CUST040608,R040607,11/12/2022,1937,COD,Cancelled
O040608,CUST040609,R040608,4/4/2019,1760,UPI,Delivered
O040609,CUST040610,R040609,9/11/2022,1487,Card,Cancelled
O040610,CUST040611,R040610,5/23/2021,921,UPI,Delivered
O040611,CUST040612,R040611,2/26/2022,1660,COD,Delivered
O040612,CUST040613,R040612,6/20/2025,616,COD,Delivered
O040613,CUST040614,R040613,4/28/2021,685,COD,Delivered
O040614,CUST040615,R040614,5/26/2023,238,COD,Cancelled
O040615,CUST040616,R040615,11/2/2022,1250,Card,Delivered
O040616,CUST040617,R040616,9/8/2019,616,Wallet,Delivered
O040617,CUST040618,R040617,6/25/2025,1122,UPI,Delivered
O040618,CUST040619,R040618,6/12/2025,678,COD,Delivered
O040619,CUST040620,R040619,12/1/2025,798,Wallet,Delivered
O040620,CUST040621,R040620,3/7/2023,1727,Wallet,Delivered
O040621,CUST040622,R040621,6/13/2023,1911,Wallet,Delivered
O040622,CUST040623,R040622,5/5/2023,1104,Card,Delivered
O040623,CUST040624,R040623,10/20/2021,1549,UPI,Delivered
O040624,CUST040625,R040624,8/8/2022,1276,Card,Delivered
O040625,CUST040626,R040625,11/22/2022,276,Wallet,Delivered
O040626,CUST040627,R040626,10/9/2021,345,Card,Cancelled
O040627,CUST040628,R040627,4/21/2023,1930,COD,Delivered
O040628,CUST040629,R040628,7/24/2023,1877,Card,Delivered
O040629,CUST040630,R040629,11/17/2021,1610,COD,Delivered
O040630,CUST040631,R040630,9/20/2020,783,COD,Delivered
O040631,CUST040632,R040631,4/21/2023,786,Card,Delivered
O040632,CUST040633,R040632,1/26/2020,408,Wallet,Delivered
O040633,CUST040634,R040633,7/1/2020,455,Wallet,Cancelled
O040634,CUST040635,R040634,12/28/2024,1528,Wallet,Delivered
O040635,CUST040636,R040635,6/7/2024,764,Card,Delivered
O040636,CUST040637,R040636,3/1/2021,911,COD,Delivered
O040637,CUST040638,R040637,6/2/2024,464,Wallet,Delivered
O040638,CUST040639,R040638,11/10/2021,651,COD,Delivered
O040639,CUST040640,R040639,8/26/2025,1435,UPI,Delivered
O040640,CUST040641,R040640,4/9/2022,1162,COD,Delivered
O040641,CUST040642,R040641,5/2/2023,1557,Wallet,Delivered
O040642,CUST040643,R040642,10/5/2020,799,Wallet,Delivered
O040643,CUST040644,R040643,5/11/2024,983,UPI,Delivered
O040644,CUST040645,R040644,11/10/2022,1918,Card,Delivered
O040645,CUST040646,R040645,3/21/2021,1542,Wallet,Delivered
O040646,CUST040647,R040646,4/4/2024,1545,Card,Delivered
O040647,CUST040648,R040647,4/16/2021,194,UPI,Delivered
O040648,CUST040649,R040648,6/24/2022,970,Card,Cancelled
O040649,CUST040650,R040649,6/18/2022,571,Card,Delivered
O040650,CUST040651,R040650,11/21/2023,1982,Card,Delivered
O040651,CUST040652,R040651,8/20/2019,156,Card,Delivered
O040652,CUST040653,R040652,2/12/2019,1051,Card,Delivered
O040653,CUST040654,R040653,8/4/2021,1790,COD,Delivered
O040654,CUST040655,R040654,8/25/2024,1218,Wallet,Delivered
O040655,CUST040656,R040655,3/5/2019,416,UPI,Delivered
O040656,CUST040657,R040656,10/20/2024,773,Wallet,Delivered
O040657,CUST040658,R040657,3/4/2019,1534,COD,Delivered
O040658,CUST040659,R040658,6/16/2023,444,COD,Delivered
O040659,CUST040660,R040659,8/1/2024,1205,UPI,Delivered
O040660,CUST040661,R040660,12/10/2023,1711,COD,Delivered
O040661,CUST040662,R040661,12/7/2025,1077,UPI,Delivered
O040662,CUST040663,R040662,2/12/2024,188,Wallet,Delivered
O040663,CUST040664,R040663,6/16/2023,753,UPI,Cancelled
O040664,CUST040665,R040664,4/14/2021,1711,COD,Delivered
O040665,CUST040666,R040665,1/14/2023,144,UPI,Delivered
O040666,CUST040667,R040666,2/13/2021,1407,Card,Delivered
O040667,CUST040668,R040667,8/19/2024,1009,Card,Delivered
O040668,CUST040669,R040668,6/28/2021,1087,UPI,Delivered
O040669,CUST040670,R040669,9/15/2019,390,Wallet,Delivered
O040670,CUST040671,R040670,9/19/2020,262,COD,Delivered
O040671,CUST040672,R040671,3/25/2021,979,Wallet,Delivered
O040672,CUST040673,R040672,11/24/2019,1248,Wallet,Delivered
O040673,CUST040674,R040673,7/12/2023,909,COD,Delivered
O040674,CUST040675,R040674,5/8/2022,1296,Card,Delivered
O040675,CUST040676,R040675,4/20/2020,1244,Wallet,Delivered
O040676,CUST040677,R040676,8/3/2019,971,UPI,Delivered
O040677,CUST040678,R040677,12/15/2021,1755,UPI,Delivered
O040678,CUST040679,R040678,5/14/2021,1244,UPI,Delivered
O040679,CUST040680,R040679,3/16/2024,1451,Card,Delivered
O040680,CUST040681,R040680,12/20/2022,169,Card,Delivered
O040681,CUST040682,R040681,9/19/2020,1622,UPI,Delivered
O040682,CUST040683,R040682,9/16/2024,478,Card,Cancelled
O040683,CUST040684,R040683,5/19/2023,1684,Card,Delivered
O040684,CUST040685,R040684,7/26/2019,595,Wallet,Cancelled
O040685,CUST040686,R040685,11/4/2021,150,COD,Delivered
O040686,CUST040687,R040686,1/21/2023,526,Card,Cancelled
O040687,CUST040688,R040687,12/3/2022,956,COD,Delivered
O040688,CUST040689,R040688,10/7/2021,860,COD,Cancelled
O040689,CUST040690,R040689,12/26/2023,587,UPI,Delivered
O040690,CUST040691,R040690,12/12/2023,483,Wallet,Cancelled
O040691,CUST040692,R040691,9/24/2020,1288,Wallet,Delivered
O040692,CUST040693,R040692,6/11/2019,1110,COD,Delivered
O040693,CUST040694,R040693,2/1/2024,1686,UPI,Delivered
O040694,CUST040695,R040694,5/13/2021,1414,UPI,Delivered
O040695,CUST040696,R040695,6/20/2019,1106,UPI,Delivered
O040696,CUST040697,R040696,6/1/2023,1338,Card,Delivered
O040697,CUST040698,R040697,4/23/2023,255,UPI,Delivered
O040698,CUST040699,R040698,5/13/2021,1668,Card,Delivered
O040699,CUST040700,R040699,5/18/2023,143,UPI,Delivered
O040700,CUST040701,R040700,7/25/2024,1584,COD,Delivered
O040701,CUST040702,R040701,2/17/2022,1011,Card,Delivered
O040702,CUST040703,R040702,7/20/2025,204,Card,Delivered
O040703,CUST040704,R040703,10/22/2021,274,COD,Delivered
O040704,CUST040705,R040704,5/19/2021,904,Card,Delivered
O040705,CUST040706,R040705,4/13/2023,1913,UPI,Delivered
O040706,CUST040707,R040706,5/24/2019,541,COD,Delivered
O040707,CUST040708,R040707,11/23/2025,224,UPI,Delivered
O040708,CUST040709,R040708,11/20/2023,1817,COD,Delivered
O040709,CUST040710,R040709,4/12/2024,149,Card,Delivered
O040710,CUST040711,R040710,1/6/2022,1979,COD,Delivered
O040711,CUST040712,R040711,6/24/2025,1014,Wallet,Delivered
O040712,CUST040713,R040712,7/28/2022,1033,UPI,Delivered
O040713,CUST040714,R040713,4/23/2023,395,Wallet,Delivered
O040714,CUST040715,R040714,4/27/2020,1201,Card,Delivered
O040715,CUST040716,R040715,3/10/2022,1972,Wallet,Delivered
O040716,CUST040717,R040716,12/4/2020,1028,UPI,Delivered
O040717,CUST040718,R040717,1/4/2024,1615,COD,Delivered
O040718,CUST040719,R040718,4/10/2020,724,Wallet,Delivered
O040719,CUST040720,R040719,9/27/2023,157,Wallet,Delivered
O040720,CUST040721,R040720,2/18/2020,896,Wallet,Delivered
O040721,CUST040722,R040721,3/15/2020,198,Card,Delivered
O040722,CUST040723,R040722,12/6/2019,1667,COD,Delivered
O040723,CUST040724,R040723,11/15/2020,1770,Card,Delivered
O040724,CUST040725,R040724,2/19/2020,629,UPI,Delivered
O040725,CUST040726,R040725,1/3/2019,1705,Wallet,Delivered
O040726,CUST040727,R040726,4/20/2025,1913,COD,Delivered
O040727,CUST040728,R040727,4/21/2020,817,UPI,Delivered
O040728,CUST040729,R040728,1/22/2022,1582,COD,Delivered
O040729,CUST040730,R040729,11/27/2023,645,Card,Delivered
O040730,CUST040731,R040730,4/27/2019,387,COD,Delivered
O040731,CUST040732,R040731,4/4/2020,768,Wallet,Delivered
O040732,CUST040733,R040732,5/21/2025,1151,COD,Delivered
O040733,CUST040734,R040733,11/28/2021,512,COD,Delivered
O040734,CUST040735,R040734,6/10/2022,1760,COD,Delivered
O040735,CUST040736,R040735,9/9/2025,438,COD,Delivered
O040736,CUST040737,R040736,7/9/2022,1386,Card,Delivered
O040737,CUST040738,R040737,4/5/2023,1258,Card,Delivered
O040738,CUST040739,R040738,6/12/2019,1322,Wallet,Delivered
O040739,CUST040740,R040739,11/15/2025,1573,Card,Delivered
O040740,CUST040741,R040740,12/16/2022,1872,UPI,Cancelled
O040741,CUST040742,R040741,5/17/2019,391,COD,Delivered
O040742,CUST040743,R040742,3/28/2021,1701,COD,Cancelled
O040743,CUST040744,R040743,10/14/2020,606,COD,Delivered
O040744,CUST040745,R040744,3/6/2025,861,Card,Delivered
O040745,CUST040746,R040745,12/1/2025,306,Card,Delivered
O040746,CUST040747,R040746,8/3/2019,557,COD,Delivered
O040747,CUST040748,R040747,2/10/2025,915,UPI,Delivered
O040748,CUST040749,R040748,7/26/2022,481,COD,Delivered
O040749,CUST040750,R040749,7/11/2023,1473,Wallet,Delivered
O040750,CUST040751,R040750,8/6/2021,779,Card,Delivered
O040751,CUST040752,R040751,3/13/2022,1858,Wallet,Delivered
O040752,CUST040753,R040752,3/15/2023,901,UPI,Delivered
O040753,CUST040754,R040753,5/4/2020,1532,Wallet,Delivered
O040754,CUST040755,R040754,10/17/2024,1952,Wallet,Delivered
O040755,CUST040756,R040755,7/22/2021,1318,Card,Delivered
O040756,CUST040757,R040756,6/9/2022,221,Card,Cancelled
O040757,CUST040758,R040757,12/3/2022,1489,Card,Delivered
O040758,CUST040759,R040758,1/11/2025,1867,Card,Delivered
O040759,CUST040760,R040759,7/25/2019,348,UPI,Delivered
O040760,CUST040761,R040760,8/20/2025,525,Wallet,Delivered
O040761,CUST040762,R040761,11/20/2025,763,Card,Delivered
O040762,CUST040763,R040762,3/5/2025,201,COD,Cancelled
O040763,CUST040764,R040763,1/16/2020,439,UPI,Delivered
O040764,CUST040765,R040764,3/9/2024,1473,UPI,Delivered
O040765,CUST040766,R040765,12/25/2024,518,Wallet,Delivered
O040766,CUST040767,R040766,6/1/2022,1149,Wallet,Delivered
O040767,CUST040768,R040767,4/12/2024,680,Wallet,Delivered
O040768,CUST040769,R040768,1/3/2021,977,UPI,Delivered
O040769,CUST040770,R040769,10/3/2019,1739,Wallet,Delivered
O040770,CUST040771,R040770,5/12/2022,1280,UPI,Delivered
O040771,CUST040772,R040771,1/5/2025,1911,UPI,Delivered
O040772,CUST040773,R040772,11/20/2020,1019,Wallet,Delivered
O040773,CUST040774,R040773,10/6/2021,185,Card,Cancelled
O040774,CUST040775,R040774,7/14/2020,380,COD,Delivered
O040775,CUST040776,R040775,5/17/2023,1291,Card,Delivered
O040776,CUST040777,R040776,9/10/2021,1534,Card,Delivered
O040777,CUST040778,R040777,6/26/2025,1718,UPI,Cancelled
O040778,CUST040779,R040778,6/20/2022,1608,COD,Delivered
O040779,CUST040780,R040779,9/17/2019,512,Wallet,Delivered
O040780,CUST040781,R040780,2/15/2021,1768,COD,Delivered
O040781,CUST040782,R040781,9/19/2024,134,UPI,Delivered
O040782,CUST040783,R040782,5/20/2025,1983,Card,Delivered
O040783,CUST040784,R040783,9/28/2019,469,Wallet,Delivered
O040784,CUST040785,R040784,5/24/2024,1099,UPI,Delivered
O040785,CUST040786,R040785,4/23/2019,207,COD,Delivered
O040786,CUST040787,R040786,4/23/2020,1276,Wallet,Cancelled
O040787,CUST040788,R040787,10/2/2024,624,COD,Delivered
O040788,CUST040789,R040788,10/11/2022,1081,UPI,Delivered
O040789,CUST040790,R040789,4/26/2022,1150,COD,Delivered
O040790,CUST040791,R040790,12/7/2025,1509,Wallet,Delivered
O040791,CUST040792,R040791,1/15/2022,1759,Wallet,Delivered
O040792,CUST040793,R040792,5/11/2021,1178,COD,Delivered
O040793,CUST040794,R040793,10/12/2025,1385,Card,Delivered
O040794,CUST040795,R040794,5/14/2019,1652,Wallet,Delivered
O040795,CUST040796,R040795,7/3/2023,1600,UPI,Delivered
O040796,CUST040797,R040796,12/23/2020,128,UPI,Delivered
O040797,CUST040798,R040797,4/18/2019,1902,Card,Delivered
O040798,CUST040799,R040798,6/25/2021,1725,Card,Delivered
O040799,CUST040800,R040799,4/17/2020,369,COD,Delivered
O040800,CUST040801,R040800,11/12/2024,240,Card,Delivered
O040801,CUST040802,R040801,9/6/2019,1232,Card,Cancelled
O040802,CUST040803,R040802,5/23/2024,1779,COD,Delivered
O040803,CUST040804,R040803,11/2/2025,1125,COD,Cancelled
O040804,CUST040805,R040804,7/2/2024,486,COD,Delivered
O040805,CUST040806,R040805,2/21/2023,794,COD,Delivered
O040806,CUST040807,R040806,6/6/2020,1045,COD,Delivered
O040807,CUST040808,R040807,5/8/2025,379,Wallet,Delivered
O040808,CUST040809,R040808,9/5/2025,1395,UPI,Cancelled
O040809,CUST040810,R040809,4/17/2024,757,UPI,Delivered
O040810,CUST040811,R040810,5/28/2019,1990,Card,Cancelled
O040811,CUST040812,R040811,7/28/2025,551,Wallet,Delivered
O040812,CUST040813,R040812,8/18/2025,1424,Card,Delivered
O040813,CUST040814,R040813,9/15/2019,284,Card,Delivered
O040814,CUST040815,R040814,2/7/2023,388,COD,Delivered
O040815,CUST040816,R040815,6/11/2025,1867,COD,Cancelled
O040816,CUST040817,R040816,4/2/2023,1169,Card,Delivered
O040817,CUST040818,R040817,7/2/2024,1908,UPI,Delivered
O040818,CUST040819,R040818,1/1/2021,839,COD,Delivered
O040819,CUST040820,R040819,10/8/2023,375,COD,Delivered
O040820,CUST040821,R040820,2/24/2022,466,Wallet,Delivered
O040821,CUST040822,R040821,10/6/2025,1931,COD,Cancelled
O040822,CUST040823,R040822,6/10/2022,801,UPI,Delivered
O040823,CUST040824,R040823,1/1/2022,1607,UPI,Delivered
O040824,CUST040825,R040824,10/23/2019,1217,COD,Delivered
O040825,CUST040826,R040825,10/27/2020,1084,UPI,Delivered
O040826,CUST040827,R040826,5/10/2021,1977,Wallet,Delivered
O040827,CUST040828,R040827,11/16/2022,1905,COD,Delivered
O040828,CUST040829,R040828,7/12/2020,1657,Card,Delivered
O040829,CUST040830,R040829,10/25/2025,1841,UPI,Cancelled
O040830,CUST040831,R040830,1/11/2024,1525,Wallet,Cancelled
O040831,CUST040832,R040831,5/26/2021,947,Wallet,Delivered
O040832,CUST040833,R040832,3/17/2023,1892,COD,Delivered
O040833,CUST040834,R040833,10/21/2019,1983,COD,Delivered
O040834,CUST040835,R040834,1/1/2020,702,Card,Delivered
O040835,CUST040836,R040835,4/20/2020,1796,Wallet,Delivered
O040836,CUST040837,R040836,8/23/2024,1222,COD,Delivered
O040837,CUST040838,R040837,12/4/2022,1008,Wallet,Delivered
O040838,CUST040839,R040838,7/1/2022,701,Wallet,Delivered
O040839,CUST040840,R040839,12/5/2021,748,COD,Delivered
O040840,CUST040841,R040840,5/3/2023,1526,Card,Delivered
O040841,CUST040842,R040841,11/6/2024,1764,Wallet,Delivered
O040842,CUST040843,R040842,8/9/2025,1458,Wallet,Delivered
O040843,CUST040844,R040843,8/6/2024,1185,UPI,Delivered
O040844,CUST040845,R040844,1/20/2023,1378,COD,Delivered
O040845,CUST040846,R040845,12/11/2022,1268,Card,Delivered
O040846,CUST040847,R040846,5/12/2023,1535,Wallet,Delivered
O040847,CUST040848,R040847,8/6/2020,1980,Card,Delivered
O040848,CUST040849,R040848,11/18/2024,1215,UPI,Delivered
O040849,CUST040850,R040849,3/17/2023,1611,UPI,Delivered
O040850,CUST040851,R040850,6/23/2025,385,COD,Delivered
O040851,CUST040852,R040851,10/23/2024,505,UPI,Delivered
O040852,CUST040853,R040852,4/10/2023,124,Card,Delivered
O040853,CUST040854,R040853,3/22/2022,947,COD,Cancelled
O040854,CUST040855,R040854,5/25/2021,253,Card,Delivered
O040855,CUST040856,R040855,6/28/2020,1009,COD,Delivered
O040856,CUST040857,R040856,2/25/2021,555,COD,Delivered
O040857,CUST040858,R040857,8/27/2020,1169,COD,Delivered
O040858,CUST040859,R040858,8/10/2019,929,COD,Delivered
O040859,CUST040860,R040859,4/6/2023,262,COD,Delivered
O040860,CUST040861,R040860,9/3/2022,1595,UPI,Delivered
O040861,CUST040862,R040861,10/13/2019,1323,COD,Delivered
O040862,CUST040863,R040862,4/27/2023,1271,UPI,Delivered
O040863,CUST040864,R040863,6/18/2025,1946,Wallet,Delivered
O040864,CUST040865,R040864,6/17/2019,1307,Wallet,Cancelled
O040865,CUST040866,R040865,8/5/2020,1641,UPI,Delivered
O040866,CUST040867,R040866,10/17/2024,1942,Card,Delivered
O040867,CUST040868,R040867,10/7/2019,1813,COD,Delivered
O040868,CUST040869,R040868,3/25/2019,624,Wallet,Delivered
O040869,CUST040870,R040869,10/22/2025,1184,Card,Delivered
O040870,CUST040871,R040870,4/21/2022,786,COD,Delivered
O040871,CUST040872,R040871,6/25/2025,1557,Card,Delivered
O040872,CUST040873,R040872,5/16/2023,1828,COD,Delivered
O040873,CUST040874,R040873,1/26/2019,1386,Card,Cancelled
O040874,CUST040875,R040874,6/7/2021,1952,Card,Delivered
O040875,CUST040876,R040875,4/21/2023,1062,Wallet,Delivered
O040876,CUST040877,R040876,9/12/2020,673,COD,Delivered
O040877,CUST040878,R040877,8/27/2023,967,Card,Delivered
O040878,CUST040879,R040878,2/9/2022,1258,COD,Cancelled
O040879,CUST040880,R040879,10/11/2024,1097,UPI,Delivered
O040880,CUST040881,R040880,10/4/2021,1857,COD,Cancelled
O040881,CUST040882,R040881,10/26/2019,1724,UPI,Delivered
O040882,CUST040883,R040882,12/10/2021,1272,Card,Delivered
O040883,CUST040884,R040883,12/22/2025,830,UPI,Delivered
O040884,CUST040885,R040884,10/25/2023,1569,Card,Delivered
O040885,CUST040886,R040885,5/17/2023,1872,COD,Delivered
O040886,CUST040887,R040886,12/27/2024,586,COD,Delivered
O040887,CUST040888,R040887,5/25/2022,1996,COD,Delivered
O040888,CUST040889,R040888,2/1/2021,1100,Card,Delivered
O040889,CUST040890,R040889,7/5/2020,717,COD,Delivered
O040890,CUST040891,R040890,12/28/2021,1012,UPI,Delivered
O040891,CUST040892,R040891,6/10/2025,457,COD,Delivered
O040892,CUST040893,R040892,12/26/2020,712,Wallet,Delivered
O040893,CUST040894,R040893,6/5/2019,1648,Wallet,Delivered
O040894,CUST040895,R040894,4/7/2019,1832,Wallet,Delivered
O040895,CUST040896,R040895,7/5/2021,1063,UPI,Delivered
O040896,CUST040897,R040896,1/19/2020,1501,Wallet,Delivered
O040897,CUST040898,R040897,12/6/2025,1185,UPI,Delivered
O040898,CUST040899,R040898,12/21/2025,1489,Wallet,Delivered
O040899,CUST040900,R040899,10/8/2022,202,Card,Cancelled
O040900,CUST040901,R040900,8/20/2024,1655,Card,Delivered
O040901,CUST040902,R040901,6/23/2025,1772,Card,Delivered
O040902,CUST040903,R040902,1/15/2020,1712,COD,Delivered
O040903,CUST040904,R040903,12/22/2021,628,Card,Delivered
O040904,CUST040905,R040904,11/19/2025,679,Card,Delivered
O040905,CUST040906,R040905,11/21/2024,372,Wallet,Delivered
O040906,CUST040907,R040906,2/27/2021,376,COD,Delivered
O040907,CUST040908,R040907,2/22/2025,1449,Wallet,Delivered
O040908,CUST040909,R040908,8/5/2022,679,COD,Delivered
O040909,CUST040910,R040909,3/28/2024,1118,COD,Delivered
O040910,CUST040911,R040910,3/1/2020,846,UPI,Delivered
O040911,CUST040912,R040911,12/15/2025,391,COD,Cancelled
O040912,CUST040913,R040912,6/3/2024,1719,Wallet,Delivered
O040913,CUST040914,R040913,12/14/2021,1446,COD,Delivered
O040914,CUST040915,R040914,7/5/2025,1453,Wallet,Delivered
O040915,CUST040916,R040915,4/3/2024,944,COD,Delivered
O040916,CUST040917,R040916,4/13/2020,828,UPI,Delivered
O040917,CUST040918,R040917,7/7/2019,1769,Card,Delivered
O040918,CUST040919,R040918,10/19/2023,1463,Wallet,Cancelled
O040919,CUST040920,R040919,10/3/2023,1509,Card,Delivered
O040920,CUST040921,R040920,1/10/2024,675,UPI,Delivered
O040921,CUST040922,R040921,4/21/2023,879,UPI,Delivered
O040922,CUST040923,R040922,2/17/2023,481,Card,Delivered
O040923,CUST040924,R040923,6/17/2024,1935,UPI,Delivered
O040924,CUST040925,R040924,5/19/2022,114,Card,Delivered
O040925,CUST040926,R040925,7/11/2022,907,Card,Delivered
O040926,CUST040927,R040926,11/3/2020,1647,Card,Delivered
O040927,CUST040928,R040927,3/24/2022,1069,UPI,Delivered
O040928,CUST040929,R040928,2/5/2019,560,UPI,Delivered
O040929,CUST040930,R040929,1/23/2022,488,Wallet,Delivered
O040930,CUST040931,R040930,3/2/2021,1386,COD,Delivered
O040931,CUST040932,R040931,10/14/2023,364,COD,Delivered
O040932,CUST040933,R040932,6/25/2025,1125,UPI,Delivered
O040933,CUST040934,R040933,12/5/2021,1669,Wallet,Cancelled
O040934,CUST040935,R040934,2/5/2023,1031,UPI,Cancelled
O040935,CUST040936,R040935,2/11/2023,1999,COD,Delivered
O040936,CUST040937,R040936,7/14/2019,667,Wallet,Cancelled
O040937,CUST040938,R040937,9/13/2025,1631,Card,Delivered
O040938,CUST040939,R040938,4/13/2025,1580,UPI,Delivered
O040939,CUST040940,R040939,9/12/2025,1263,Card,Cancelled
O040940,CUST040941,R040940,11/18/2024,859,Card,Delivered
O040941,CUST040942,R040941,11/27/2024,1188,Wallet,Cancelled
O040942,CUST040943,R040942,9/17/2024,280,COD,Delivered
O040943,CUST040944,R040943,10/25/2021,157,Card,Delivered
O040944,CUST040945,R040944,3/23/2023,407,Card,Delivered
O040945,CUST040946,R040945,3/22/2022,741,COD,Delivered
O040946,CUST040947,R040946,8/28/2023,397,Card,Delivered
O040947,CUST040948,R040947,9/28/2023,647,Card,Delivered
O040948,CUST040949,R040948,10/12/2024,1197,Wallet,Delivered
O040949,CUST040950,R040949,9/24/2021,886,Wallet,Delivered
O040950,CUST040951,R040950,1/14/2023,1676,Wallet,Cancelled
O040951,CUST040952,R040951,12/14/2020,1101,UPI,Cancelled
O040952,CUST040953,R040952,8/13/2023,1345,Card,Delivered
O040953,CUST040954,R040953,12/19/2024,1959,Card,Cancelled
O040954,CUST040955,R040954,5/17/2021,1724,Wallet,Delivered
O040955,CUST040956,R040955,5/18/2020,324,Card,Delivered
O040956,CUST040957,R040956,12/18/2025,200,Card,Delivered
O040957,CUST040958,R040957,6/24/2021,495,Wallet,Delivered
O040958,CUST040959,R040958,1/2/2020,1972,COD,Delivered
O040959,CUST040960,R040959,2/15/2024,441,Card,Delivered
O040960,CUST040961,R040960,1/1/2021,865,COD,Delivered
O040961,CUST040962,R040961,8/28/2022,813,COD,Cancelled
O040962,CUST040963,R040962,8/25/2019,547,Wallet,Delivered
O040963,CUST040964,R040963,5/11/2023,403,Wallet,Delivered
O040964,CUST040965,R040964,6/23/2021,1208,COD,Delivered
O040965,CUST040966,R040965,5/10/2020,961,COD,Delivered
O040966,CUST040967,R040966,12/1/2024,1576,Card,Delivered
O040967,CUST040968,R040967,12/12/2021,1384,UPI,Delivered
O040968,CUST040969,R040968,7/19/2022,957,UPI,Delivered
O040969,CUST040970,R040969,2/27/2020,1195,UPI,Delivered
O040970,CUST040971,R040970,2/19/2023,112,UPI,Delivered
O040971,CUST040972,R040971,6/12/2025,1632,Card,Delivered
O040972,CUST040973,R040972,3/12/2019,100,UPI,Delivered
O040973,CUST040974,R040973,11/23/2020,1493,COD,Delivered
O040974,CUST040975,R040974,2/14/2024,921,Card,Delivered
O040975,CUST040976,R040975,8/19/2019,163,UPI,Delivered
O040976,CUST040977,R040976,6/21/2024,1963,COD,Delivered
O040977,CUST040978,R040977,10/17/2024,824,Wallet,Delivered
O040978,CUST040979,R040978,7/12/2022,1765,Card,Delivered
O040979,CUST040980,R040979,12/23/2024,1192,UPI,Delivered
O040980,CUST040981,R040980,8/7/2022,1174,Card,Delivered
O040981,CUST040982,R040981,4/1/2024,617,COD,Cancelled
O040982,CUST040983,R040982,10/21/2022,812,Card,Delivered
O040983,CUST040984,R040983,6/16/2023,1836,COD,Delivered
O040984,CUST040985,R040984,2/6/2020,609,Wallet,Delivered
O040985,CUST040986,R040985,8/23/2020,812,UPI,Delivered
O040986,CUST040987,R040986,6/21/2024,348,Wallet,Delivered
O040987,CUST040988,R040987,8/25/2021,1110,Card,Delivered
O040988,CUST040989,R040988,3/8/2024,1886,COD,Delivered
O040989,CUST040990,R040989,11/3/2023,949,Wallet,Delivered
O040990,CUST040991,R040990,7/1/2023,1580,COD,Cancelled
O040991,CUST040992,R040991,11/9/2024,619,Wallet,Delivered
O040992,CUST040993,R040992,12/26/2022,1903,Wallet,Delivered
O040993,CUST040994,R040993,6/17/2023,997,Wallet,Delivered
O040994,CUST040995,R040994,11/14/2023,1820,Card,Delivered
O040995,CUST040996,R040995,11/4/2019,1567,COD,Delivered
O040996,CUST040997,R040996,6/13/2020,1626,Card,Delivered
O040997,CUST040998,R040997,12/17/2021,225,UPI,Delivered
O040998,CUST040999,R040998,10/25/2022,1615,Wallet,Delivered
O040999,CUST041000,R040999,5/16/2024,1866,COD,Delivered
O041000,CUST041001,R041000,11/20/2023,775,Card,Delivered
O041001,CUST041002,R041001,10/20/2020,1502,Card,Delivered
O041002,CUST041003,R041002,7/26/2025,566,Card,Delivered
O041003,CUST041004,R041003,11/25/2023,307,Card,Delivered
O041004,CUST041005,R041004,2/4/2019,726,COD,Delivered
O041005,CUST041006,R041005,5/21/2021,674,Wallet,Delivered
O041006,CUST041007,R041006,12/26/2023,614,COD,Delivered
O041007,CUST041008,R041007,11/8/2023,1611,COD,Delivered
O041008,CUST041009,R041008,1/6/2021,294,Card,Delivered
O041009,CUST041010,R041009,5/8/2024,1286,UPI,Delivered
O041010,CUST041011,R041010,6/3/2022,898,UPI,Delivered
O041011,CUST041012,R041011,8/6/2020,1232,Wallet,Cancelled
O041012,CUST041013,R041012,6/12/2019,1481,UPI,Delivered
O041013,CUST041014,R041013,3/14/2019,1403,Wallet,Delivered
O041014,CUST041015,R041014,1/15/2021,1654,UPI,Delivered
O041015,CUST041016,R041015,7/20/2024,1194,UPI,Cancelled
O041016,CUST041017,R041016,5/7/2023,1993,Card,Delivered
O041017,CUST041018,R041017,6/26/2023,342,Card,Delivered
O041018,CUST041019,R041018,7/22/2023,196,Wallet,Delivered
O041019,CUST041020,R041019,3/28/2019,701,COD,Delivered
O041020,CUST041021,R041020,3/9/2021,765,Wallet,Delivered
O041021,CUST041022,R041021,11/24/2025,338,COD,Delivered
O041022,CUST041023,R041022,9/9/2022,1331,Wallet,Cancelled
O041023,CUST041024,R041023,9/5/2025,942,Card,Delivered
O041024,CUST041025,R041024,12/7/2025,1746,Wallet,Cancelled
O041025,CUST041026,R041025,6/13/2019,811,UPI,Delivered
O041026,CUST041027,R041026,5/2/2023,1448,Wallet,Delivered
O041027,CUST041028,R041027,9/16/2024,1873,Wallet,Delivered
O041028,CUST041029,R041028,4/8/2021,1281,UPI,Delivered
O041029,CUST041030,R041029,5/7/2023,180,Card,Cancelled
O041030,CUST041031,R041030,3/2/2021,1399,Card,Delivered
O041031,CUST041032,R041031,1/10/2024,1713,Card,Delivered
O041032,CUST041033,R041032,4/25/2021,323,UPI,Delivered
O041033,CUST041034,R041033,12/19/2023,425,Wallet,Delivered
O041034,CUST041035,R041034,7/19/2019,620,Card,Delivered
O041035,CUST041036,R041035,9/3/2022,1959,COD,Delivered
O041036,CUST041037,R041036,3/14/2025,1935,UPI,Delivered
O041037,CUST041038,R041037,4/2/2024,1363,UPI,Delivered
O041038,CUST041039,R041038,7/23/2019,472,Wallet,Delivered
O041039,CUST041040,R041039,10/27/2023,1064,COD,Delivered
O041040,CUST041041,R041040,5/10/2019,599,Wallet,Delivered
O041041,CUST041042,R041041,4/5/2019,897,UPI,Delivered
O041042,CUST041043,R041042,8/2/2025,1698,COD,Delivered
O041043,CUST041044,R041043,12/11/2019,1059,UPI,Delivered
O041044,CUST041045,R041044,9/4/2019,1820,UPI,Delivered
O041045,CUST041046,R041045,8/19/2025,1125,Wallet,Delivered
O041046,CUST041047,R041046,8/13/2025,1944,COD,Delivered
O041047,CUST041048,R041047,2/14/2019,280,COD,Cancelled
O041048,CUST041049,R041048,7/15/2022,1613,Card,Delivered
O041049,CUST041050,R041049,7/8/2022,1552,COD,Delivered
O041050,CUST041051,R041050,5/26/2019,1992,UPI,Cancelled
O041051,CUST041052,R041051,1/25/2019,1989,COD,Delivered
O041052,CUST041053,R041052,1/22/2024,296,Wallet,Cancelled
O041053,CUST041054,R041053,1/19/2020,1689,Card,Delivered
O041054,CUST041055,R041054,3/21/2025,1956,UPI,Delivered
O041055,CUST041056,R041055,12/18/2022,1898,Card,Delivered
O041056,CUST041057,R041056,7/27/2025,421,COD,Delivered
O041057,CUST041058,R041057,12/21/2020,1052,Card,Delivered
O041058,CUST041059,R041058,5/22/2022,314,Card,Delivered
O041059,CUST041060,R041059,9/22/2021,1132,COD,Delivered
O041060,CUST041061,R041060,1/2/2025,480,COD,Delivered
O041061,CUST041062,R041061,5/11/2023,801,UPI,Delivered
O041062,CUST041063,R041062,6/24/2021,784,COD,Delivered
O041063,CUST041064,R041063,6/1/2021,1355,Wallet,Cancelled
O041064,CUST041065,R041064,1/13/2025,1610,Wallet,Delivered
O041065,CUST041066,R041065,9/10/2025,1098,COD,Delivered
O041066,CUST041067,R041066,8/8/2025,1349,Card,Delivered
O041067,CUST041068,R041067,3/15/2025,1572,Wallet,Delivered
O041068,CUST041069,R041068,10/2/2022,1514,UPI,Delivered
O041069,CUST041070,R041069,4/22/2023,1939,UPI,Delivered
O041070,CUST041071,R041070,12/18/2022,1681,Card,Delivered
O041071,CUST041072,R041071,6/24/2022,1875,Card,Delivered
O041072,CUST041073,R041072,5/16/2023,225,COD,Delivered
O041073,CUST041074,R041073,3/11/2020,1998,Card,Delivered
O041074,CUST041075,R041074,12/5/2025,1084,Card,Cancelled
O041075,CUST041076,R041075,1/19/2021,1413,COD,Delivered
O041076,CUST041077,R041076,9/24/2023,1014,COD,Delivered
O041077,CUST041078,R041077,3/27/2021,337,COD,Delivered
O041078,CUST041079,R041078,2/19/2025,715,COD,Delivered
O041079,CUST041080,R041079,12/5/2025,966,COD,Delivered
O041080,CUST041081,R041080,6/10/2020,337,Wallet,Delivered
O041081,CUST041082,R041081,7/3/2019,1174,Wallet,Cancelled
O041082,CUST041083,R041082,12/16/2025,667,Wallet,Delivered
O041083,CUST041084,R041083,10/27/2020,1472,UPI,Delivered
O041084,CUST041085,R041084,2/19/2024,1982,COD,Delivered
O041085,CUST041086,R041085,11/11/2025,897,COD,Delivered
O041086,CUST041087,R041086,4/8/2022,1615,Card,Delivered
O041087,CUST041088,R041087,12/27/2025,239,Card,Delivered
O041088,CUST041089,R041088,12/3/2021,1456,COD,Delivered
O041089,CUST041090,R041089,9/25/2023,1058,Card,Delivered
O041090,CUST041091,R041090,2/1/2019,425,Wallet,Delivered
O041091,CUST041092,R041091,5/27/2021,760,COD,Delivered
O041092,CUST041093,R041092,5/5/2023,295,COD,Delivered
O041093,CUST041094,R041093,4/26/2025,381,Wallet,Delivered
O041094,CUST041095,R041094,7/4/2024,1884,Card,Cancelled
O041095,CUST041096,R041095,1/4/2020,754,Wallet,Delivered
O041096,CUST041097,R041096,2/28/2025,1521,UPI,Delivered
O041097,CUST041098,R041097,7/22/2024,1137,COD,Delivered
O041098,CUST041099,R041098,1/27/2021,941,UPI,Delivered
O041099,CUST041100,R041099,7/9/2025,1702,COD,Delivered
O041100,CUST041101,R041100,2/15/2021,1799,UPI,Delivered
O041101,CUST041102,R041101,11/11/2023,1247,Card,Delivered
O041102,CUST041103,R041102,5/19/2024,1687,UPI,Delivered
O041103,CUST041104,R041103,12/10/2024,1420,Wallet,Delivered
O041104,CUST041105,R041104,8/22/2023,846,Wallet,Delivered
O041105,CUST041106,R041105,6/15/2025,1812,Card,Delivered
O041106,CUST041107,R041106,5/23/2020,1899,COD,Cancelled
O041107,CUST041108,R041107,6/27/2023,612,Card,Delivered
O041108,CUST041109,R041108,7/19/2021,370,Wallet,Delivered
O041109,CUST041110,R041109,1/23/2022,1181,COD,Delivered
O041110,CUST041111,R041110,1/3/2024,929,COD,Delivered
O041111,CUST041112,R041111,7/28/2021,558,Wallet,Delivered
O041112,CUST041113,R041112,3/3/2020,598,COD,Delivered
O041113,CUST041114,R041113,1/10/2025,1416,UPI,Delivered
O041114,CUST041115,R041114,2/6/2025,1399,COD,Delivered
O041115,CUST041116,R041115,7/3/2023,1303,Wallet,Delivered
O041116,CUST041117,R041116,8/4/2019,1035,Card,Delivered
O041117,CUST041118,R041117,11/19/2025,1475,COD,Delivered
O041118,CUST041119,R041118,9/10/2020,1473,Card,Cancelled
O041119,CUST041120,R041119,4/17/2020,1559,Wallet,Delivered
O041120,CUST041121,R041120,12/8/2024,227,Card,Delivered
O041121,CUST041122,R041121,4/20/2024,1364,Wallet,Cancelled
O041122,CUST041123,R041122,9/17/2023,1570,Card,Delivered
O041123,CUST041124,R041123,6/22/2019,349,Card,Delivered
O041124,CUST041125,R041124,6/22/2025,425,UPI,Delivered
O041125,CUST041126,R041125,3/9/2024,1876,Card,Delivered
O041126,CUST041127,R041126,6/21/2021,793,UPI,Delivered
O041127,CUST041128,R041127,12/25/2020,1787,Card,Delivered
O041128,CUST041129,R041128,9/23/2020,728,COD,Delivered
O041129,CUST041130,R041129,10/23/2025,412,COD,Delivered
O041130,CUST041131,R041130,3/25/2021,1026,COD,Delivered
O041131,CUST041132,R041131,2/8/2023,849,COD,Delivered
O041132,CUST041133,R041132,6/9/2024,220,COD,Delivered
O041133,CUST041134,R041133,3/27/2024,1549,UPI,Delivered
O041134,CUST041135,R041134,10/10/2021,1233,COD,Delivered
O041135,CUST041136,R041135,9/25/2024,1186,UPI,Delivered
O041136,CUST041137,R041136,2/17/2021,1866,Wallet,Delivered
O041137,CUST041138,R041137,5/17/2022,1097,Wallet,Delivered
O041138,CUST041139,R041138,11/4/2019,1536,UPI,Delivered
O041139,CUST041140,R041139,5/15/2021,1787,UPI,Delivered
O041140,CUST041141,R041140,6/6/2020,1403,Card,Delivered
O041141,CUST041142,R041141,7/24/2024,519,Wallet,Delivered
O041142,CUST041143,R041142,1/18/2020,1084,Card,Delivered
O041143,CUST041144,R041143,3/19/2021,643,Card,Delivered
O041144,CUST041145,R041144,8/22/2024,1471,Card,Delivered
O041145,CUST041146,R041145,8/18/2019,1738,Card,Delivered
O041146,CUST041147,R041146,3/24/2019,1166,Card,Cancelled
O041147,CUST041148,R041147,5/5/2021,1905,Card,Delivered
O041148,CUST041149,R041148,5/20/2019,976,Wallet,Delivered
O041149,CUST041150,R041149,1/11/2023,593,COD,Delivered
O041150,CUST041151,R041150,11/26/2022,888,Wallet,Delivered
O041151,CUST041152,R041151,12/6/2019,1153,Card,Cancelled
O041152,CUST041153,R041152,1/10/2023,557,Wallet,Delivered
O041153,CUST041154,R041153,3/3/2024,1019,Card,Delivered
O041154,CUST041155,R041154,3/19/2019,1148,Wallet,Cancelled
O041155,CUST041156,R041155,3/2/2025,701,Card,Delivered
O041156,CUST041157,R041156,6/14/2022,730,UPI,Delivered
O041157,CUST041158,R041157,12/17/2021,341,Card,Delivered
O041158,CUST041159,R041158,12/19/2024,1782,COD,Delivered
O041159,CUST041160,R041159,11/25/2022,495,Card,Delivered
O041160,CUST041161,R041160,7/21/2024,1954,COD,Delivered
O041161,CUST041162,R041161,6/27/2025,1064,Card,Delivered
O041162,CUST041163,R041162,3/4/2021,638,COD,Delivered
O041163,CUST041164,R041163,7/27/2025,932,UPI,Delivered
O041164,CUST041165,R041164,9/9/2024,307,Card,Delivered
O041165,CUST041166,R041165,12/26/2023,601,COD,Delivered
O041166,CUST041167,R041166,2/4/2022,1108,Wallet,Delivered
O041167,CUST041168,R041167,9/6/2020,1683,Wallet,Delivered
O041168,CUST041169,R041168,7/2/2023,919,UPI,Delivered
O041169,CUST041170,R041169,6/15/2022,1358,Wallet,Delivered
O041170,CUST041171,R041170,9/5/2024,1336,Card,Cancelled
O041171,CUST041172,R041171,10/23/2024,1442,Wallet,Delivered
O041172,CUST041173,R041172,5/6/2022,111,Card,Delivered
O041173,CUST041174,R041173,4/18/2021,1570,Card,Delivered
O041174,CUST041175,R041174,2/22/2020,1693,Card,Delivered
O041175,CUST041176,R041175,8/14/2019,298,Card,Delivered
O041176,CUST041177,R041176,3/21/2020,586,Card,Delivered
O041177,CUST041178,R041177,10/18/2019,589,Card,Delivered
O041178,CUST041179,R041178,7/20/2025,218,Card,Delivered
O041179,CUST041180,R041179,2/26/2022,1910,COD,Delivered
O041180,CUST041181,R041180,12/1/2022,1343,Wallet,Delivered
O041181,CUST041182,R041181,1/4/2025,535,COD,Delivered
O041182,CUST041183,R041182,5/26/2023,975,COD,Delivered
O041183,CUST041184,R041183,9/27/2024,952,Wallet,Delivered
O041184,CUST041185,R041184,2/18/2019,169,COD,Cancelled
O041185,CUST041186,R041185,4/1/2019,1672,UPI,Delivered
O041186,CUST041187,R041186,12/12/2023,1361,COD,Delivered
O041187,CUST041188,R041187,11/3/2025,1801,UPI,Delivered
O041188,CUST041189,R041188,4/8/2021,1291,Wallet,Delivered
O041189,CUST041190,R041189,2/16/2024,1214,Wallet,Delivered
O041190,CUST041191,R041190,6/13/2021,250,UPI,Cancelled
O041191,CUST041192,R041191,6/24/2025,1308,COD,Cancelled
O041192,CUST041193,R041192,7/8/2022,1104,Card,Delivered
O041193,CUST041194,R041193,6/9/2022,531,Wallet,Delivered
O041194,CUST041195,R041194,7/21/2024,780,UPI,Delivered
O041195,CUST041196,R041195,8/14/2019,338,Card,Delivered
O041196,CUST041197,R041196,8/15/2023,140,UPI,Delivered
O041197,CUST041198,R041197,12/21/2020,1860,UPI,Cancelled
O041198,CUST041199,R041198,4/17/2025,861,Card,Delivered
O041199,CUST041200,R041199,10/1/2020,1605,Card,Cancelled
O041200,CUST041201,R041200,3/21/2024,989,Wallet,Delivered
O041201,CUST041202,R041201,12/27/2019,480,UPI,Delivered
O041202,CUST041203,R041202,4/21/2021,404,Wallet,Delivered
O041203,CUST041204,R041203,5/1/2025,1339,COD,Delivered
O041204,CUST041205,R041204,1/13/2024,1979,Card,Delivered
O041205,CUST041206,R041205,3/24/2022,720,UPI,Delivered
O041206,CUST041207,R041206,2/4/2024,1526,Wallet,Cancelled
O041207,CUST041208,R041207,5/2/2022,887,Wallet,Cancelled
O041208,CUST041209,R041208,11/9/2021,1893,COD,Cancelled
O041209,CUST041210,R041209,5/12/2020,812,Wallet,Delivered
O041210,CUST041211,R041210,8/15/2022,1477,Card,Delivered
O041211,CUST041212,R041211,8/11/2025,1489,UPI,Delivered
O041212,CUST041213,R041212,4/10/2020,1221,UPI,Delivered
O041213,CUST041214,R041213,10/16/2019,649,Card,Delivered
O041214,CUST041215,R041214,8/21/2020,1109,Wallet,Cancelled
O041215,CUST041216,R041215,4/16/2021,194,COD,Delivered
O041216,CUST041217,R041216,1/24/2020,1967,Card,Delivered
O041217,CUST041218,R041217,3/22/2019,360,UPI,Delivered
O041218,CUST041219,R041218,6/19/2024,381,Card,Delivered
O041219,CUST041220,R041219,1/26/2024,253,COD,Delivered
O041220,CUST041221,R041220,5/27/2024,503,Wallet,Delivered
O041221,CUST041222,R041221,9/11/2025,620,COD,Delivered
O041222,CUST041223,R041222,6/22/2020,429,COD,Delivered
O041223,CUST041224,R041223,3/10/2021,1137,COD,Cancelled
O041224,CUST041225,R041224,4/5/2020,587,UPI,Delivered
O041225,CUST041226,R041225,8/4/2024,838,UPI,Delivered
O041226,CUST041227,R041226,5/11/2021,1880,Card,Delivered
O041227,CUST041228,R041227,9/10/2022,1688,Wallet,Cancelled
O041228,CUST041229,R041228,8/16/2019,282,UPI,Delivered
O041229,CUST041230,R041229,4/16/2021,110,Card,Delivered
O041230,CUST041231,R041230,7/23/2024,405,COD,Delivered
O041231,CUST041232,R041231,1/1/2021,1437,Card,Delivered
O041232,CUST041233,R041232,10/14/2020,340,Card,Delivered
O041233,CUST041234,R041233,6/28/2024,722,COD,Delivered
O041234,CUST041235,R041234,11/27/2022,665,COD,Delivered
O041235,CUST041236,R041235,2/23/2023,647,COD,Delivered
O041236,CUST041237,R041236,7/11/2019,292,Wallet,Delivered
O041237,CUST041238,R041237,9/21/2025,1102,Wallet,Delivered
O041238,CUST041239,R041238,5/8/2022,882,COD,Delivered
O041239,CUST041240,R041239,11/26/2022,1496,UPI,Delivered
O041240,CUST041241,R041240,10/6/2024,1298,Wallet,Delivered
O041241,CUST041242,R041241,1/18/2022,910,UPI,Delivered
O041242,CUST041243,R041242,5/26/2021,1672,UPI,Delivered
O041243,CUST041244,R041243,7/17/2024,1922,Wallet,Delivered
O041244,CUST041245,R041244,7/10/2021,1227,Card,Delivered
O041245,CUST041246,R041245,9/9/2022,1858,UPI,Delivered
O041246,CUST041247,R041246,9/23/2019,1394,Card,Delivered
O041247,CUST041248,R041247,9/13/2021,816,Card,Delivered
O041248,CUST041249,R041248,10/17/2025,263,UPI,Cancelled
O041249,CUST041250,R041249,2/22/2022,1809,COD,Delivered
O041250,CUST041251,R041250,5/16/2020,719,COD,Delivered
O041251,CUST041252,R041251,6/10/2022,1554,Card,Delivered
O041252,CUST041253,R041252,7/21/2024,1112,UPI,Delivered
O041253,CUST041254,R041253,2/1/2020,1089,Card,Delivered
O041254,CUST041255,R041254,6/27/2022,527,Wallet,Cancelled
O041255,CUST041256,R041255,5/21/2021,765,COD,Delivered
O041256,CUST041257,R041256,10/12/2019,698,COD,Delivered
O041257,CUST041258,R041257,11/5/2024,1335,UPI,Delivered
O041258,CUST041259,R041258,10/6/2024,1475,Card,Delivered
O041259,CUST041260,R041259,6/4/2024,1011,Wallet,Delivered
O041260,CUST041261,R041260,12/8/2023,1527,Card,Delivered
O041261,CUST041262,R041261,8/19/2023,129,COD,Delivered
O041262,CUST041263,R041262,4/5/2020,795,Wallet,Delivered
O041263,CUST041264,R041263,11/26/2024,1431,COD,Delivered
O041264,CUST041265,R041264,6/7/2019,539,Wallet,Delivered
O041265,CUST041266,R041265,1/4/2025,1867,Wallet,Cancelled
O041266,CUST041267,R041266,4/11/2019,956,COD,Delivered
O041267,CUST041268,R041267,5/12/2019,1730,UPI,Cancelled
O041268,CUST041269,R041268,7/3/2020,1476,COD,Delivered
O041269,CUST041270,R041269,10/12/2025,1410,UPI,Delivered
O041270,CUST041271,R041270,8/16/2023,190,UPI,Delivered
O041271,CUST041272,R041271,10/23/2021,1472,Wallet,Delivered
O041272,CUST041273,R041272,9/14/2023,1716,COD,Delivered
O041273,CUST041274,R041273,11/19/2024,620,Card,Delivered
O041274,CUST041275,R041274,8/17/2021,1647,Card,Delivered
O041275,CUST041276,R041275,11/28/2020,455,Card,Delivered
O041276,CUST041277,R041276,11/23/2025,158,Card,Delivered
O041277,CUST041278,R041277,5/2/2021,582,COD,Delivered
O041278,CUST041279,R041278,7/18/2019,595,Wallet,Delivered
O041279,CUST041280,R041279,9/21/2025,572,COD,Delivered
O041280,CUST041281,R041280,1/6/2021,1389,COD,Cancelled
O041281,CUST041282,R041281,4/4/2023,203,Card,Delivered
O041282,CUST041283,R041282,6/7/2020,1201,Wallet,Cancelled
O041283,CUST041284,R041283,8/10/2023,818,UPI,Delivered
O041284,CUST041285,R041284,11/5/2021,1131,COD,Delivered
O041285,CUST041286,R041285,5/11/2020,1376,Wallet,Delivered
O041286,CUST041287,R041286,6/13/2019,1249,Wallet,Delivered
O041287,CUST041288,R041287,1/14/2021,1755,UPI,Delivered
O041288,CUST041289,R041288,7/22/2022,1088,UPI,Delivered
O041289,CUST041290,R041289,8/5/2021,1719,UPI,Delivered
O041290,CUST041291,R041290,1/24/2023,199,UPI,Delivered
O041291,CUST041292,R041291,1/20/2019,1589,COD,Delivered
O041292,CUST041293,R041292,4/16/2019,188,Card,Delivered
O041293,CUST041294,R041293,5/1/2020,291,Wallet,Delivered
O041294,CUST041295,R041294,5/14/2024,1765,Card,Delivered
O041295,CUST041296,R041295,6/1/2020,1245,Card,Delivered
O041296,CUST041297,R041296,2/25/2025,861,UPI,Delivered
O041297,CUST041298,R041297,11/6/2021,1667,Wallet,Cancelled
O041298,CUST041299,R041298,5/13/2025,532,UPI,Delivered
O041299,CUST041300,R041299,12/1/2020,1337,Wallet,Delivered
O041300,CUST041301,R041300,5/14/2025,1973,COD,Delivered
O041301,CUST041302,R041301,5/10/2020,1132,UPI,Delivered
O041302,CUST041303,R041302,1/6/2019,1938,Card,Delivered
O041303,CUST041304,R041303,4/25/2019,1299,Card,Cancelled
O041304,CUST041305,R041304,3/8/2023,1671,COD,Delivered
O041305,CUST041306,R041305,9/19/2019,232,Wallet,Cancelled
O041306,CUST041307,R041306,7/17/2023,336,Wallet,Delivered
O041307,CUST041308,R041307,6/17/2020,399,Card,Cancelled
O041308,CUST041309,R041308,5/2/2025,1917,Card,Delivered
O041309,CUST041310,R041309,7/13/2021,1856,Wallet,Delivered
O041310,CUST041311,R041310,7/28/2023,1284,UPI,Delivered
O041311,CUST041312,R041311,2/22/2023,323,Wallet,Delivered
O041312,CUST041313,R041312,3/24/2022,953,Wallet,Delivered
O041313,CUST041314,R041313,4/9/2022,744,Wallet,Delivered
O041314,CUST041315,R041314,5/4/2022,749,UPI,Delivered
O041315,CUST041316,R041315,12/28/2025,1554,COD,Delivered
O041316,CUST041317,R041316,2/9/2019,915,UPI,Delivered
O041317,CUST041318,R041317,2/3/2019,1459,UPI,Delivered
O041318,CUST041319,R041318,5/13/2021,904,Wallet,Delivered
O041319,CUST041320,R041319,7/11/2023,1853,COD,Delivered
O041320,CUST041321,R041320,2/11/2022,195,COD,Delivered
O041321,CUST041322,R041321,7/11/2020,1533,UPI,Delivered
O041322,CUST041323,R041322,10/8/2023,1516,Card,Cancelled
O041323,CUST041324,R041323,12/25/2023,1912,UPI,Delivered
O041324,CUST041325,R041324,4/23/2025,1839,COD,Cancelled
O041325,CUST041326,R041325,5/20/2020,569,UPI,Delivered
O041326,CUST041327,R041326,10/19/2022,361,COD,Delivered
O041327,CUST041328,R041327,12/27/2022,900,Card,Delivered
O041328,CUST041329,R041328,8/22/2020,281,Card,Delivered
O041329,CUST041330,R041329,6/4/2023,706,COD,Delivered
O041330,CUST041331,R041330,10/25/2021,648,UPI,Delivered
O041331,CUST041332,R041331,2/17/2023,267,Card,Delivered
O041332,CUST041333,R041332,2/28/2022,1084,COD,Delivered
O041333,CUST041334,R041333,9/27/2022,395,COD,Delivered
O041334,CUST041335,R041334,5/8/2025,722,COD,Delivered
O041335,CUST041336,R041335,2/24/2020,705,COD,Delivered
O041336,CUST041337,R041336,4/1/2020,1138,Wallet,Delivered
O041337,CUST041338,R041337,12/11/2019,1563,Wallet,Delivered
O041338,CUST041339,R041338,5/8/2019,945,COD,Delivered
O041339,CUST041340,R041339,1/7/2019,1450,UPI,Delivered
O041340,CUST041341,R041340,11/15/2021,1466,Wallet,Delivered
O041341,CUST041342,R041341,4/26/2025,1414,UPI,Delivered
O041342,CUST041343,R041342,6/20/2022,1796,UPI,Delivered
O041343,CUST041344,R041343,6/16/2025,1277,Card,Cancelled
O041344,CUST041345,R041344,4/18/2025,1784,UPI,Delivered
O041345,CUST041346,R041345,4/14/2025,1713,Card,Delivered
O041346,CUST041347,R041346,10/9/2022,1957,Card,Delivered
O041347,CUST041348,R041347,4/3/2025,1004,UPI,Delivered
O041348,CUST041349,R041348,9/18/2022,1332,Card,Delivered
O041349,CUST041350,R041349,8/23/2024,929,COD,Delivered
O041350,CUST041351,R041350,3/6/2021,291,COD,Delivered
O041351,CUST041352,R041351,9/18/2024,605,COD,Delivered
O041352,CUST041353,R041352,2/4/2021,1071,COD,Delivered
O041353,CUST041354,R041353,3/9/2025,193,COD,Delivered
O041354,CUST041355,R041354,11/2/2020,1031,Wallet,Delivered
O041355,CUST041356,R041355,1/15/2022,567,Wallet,Delivered
O041356,CUST041357,R041356,12/25/2025,936,UPI,Delivered
O041357,CUST041358,R041357,1/13/2024,1828,COD,Delivered
O041358,CUST041359,R041358,12/9/2020,807,Card,Cancelled
O041359,CUST041360,R041359,10/4/2022,1573,UPI,Cancelled
O041360,CUST041361,R041360,7/26/2020,1675,Wallet,Delivered
O041361,CUST041362,R041361,4/2/2024,949,UPI,Delivered
O041362,CUST041363,R041362,4/18/2019,546,Wallet,Delivered
O041363,CUST041364,R041363,1/21/2020,1808,Wallet,Delivered
O041364,CUST041365,R041364,12/20/2019,648,COD,Delivered
O041365,CUST041366,R041365,1/26/2025,270,COD,Delivered
O041366,CUST041367,R041366,5/25/2021,238,COD,Delivered
O041367,CUST041368,R041367,7/3/2023,1741,Card,Cancelled
O041368,CUST041369,R041368,3/2/2025,605,Wallet,Delivered
O041369,CUST041370,R041369,7/26/2025,1155,UPI,Delivered
O041370,CUST041371,R041370,12/14/2022,1027,COD,Delivered
O041371,CUST041372,R041371,5/24/2021,851,UPI,Delivered
O041372,CUST041373,R041372,7/7/2020,1617,COD,Delivered
O041373,CUST041374,R041373,12/13/2023,1720,UPI,Cancelled
O041374,CUST041375,R041374,1/13/2024,1037,Card,Delivered
O041375,CUST041376,R041375,12/18/2022,1645,UPI,Delivered
O041376,CUST041377,R041376,3/9/2023,1328,COD,Delivered
O041377,CUST041378,R041377,12/21/2019,756,Wallet,Delivered
O041378,CUST041379,R041378,3/14/2021,1963,Card,Delivered
O041379,CUST041380,R041379,12/20/2021,1799,COD,Cancelled
O041380,CUST041381,R041380,3/25/2025,467,Card,Delivered
O041381,CUST041382,R041381,5/17/2022,221,COD,Delivered
O041382,CUST041383,R041382,3/20/2020,772,COD,Delivered
O041383,CUST041384,R041383,3/26/2020,644,COD,Delivered
O041384,CUST041385,R041384,3/27/2023,516,Wallet,Delivered
O041385,CUST041386,R041385,11/1/2024,518,Card,Cancelled
O041386,CUST041387,R041386,8/8/2025,1337,Wallet,Delivered
O041387,CUST041388,R041387,1/7/2024,1319,COD,Delivered
O041388,CUST041389,R041388,1/28/2022,1261,Wallet,Delivered
O041389,CUST041390,R041389,7/4/2022,988,UPI,Delivered
O041390,CUST041391,R041390,12/18/2021,1385,Wallet,Delivered
O041391,CUST041392,R041391,3/8/2021,1579,Card,Cancelled
O041392,CUST041393,R041392,1/16/2023,1415,Wallet,Delivered
O041393,CUST041394,R041393,12/7/2020,127,Card,Delivered
O041394,CUST041395,R041394,7/18/2024,1783,UPI,Delivered
O041395,CUST041396,R041395,3/15/2020,1400,Card,Delivered
O041396,CUST041397,R041396,10/20/2022,434,Card,Delivered
O041397,CUST041398,R041397,7/21/2020,559,UPI,Delivered
O041398,CUST041399,R041398,12/11/2024,179,UPI,Delivered
O041399,CUST041400,R041399,6/22/2025,713,UPI,Delivered
O041400,CUST041401,R041400,8/2/2019,1701,Card,Cancelled
O041401,CUST041402,R041401,8/22/2021,638,Card,Delivered
O041402,CUST041403,R041402,1/22/2019,366,Card,Delivered
O041403,CUST041404,R041403,3/24/2022,805,COD,Delivered
O041404,CUST041405,R041404,3/6/2025,955,Card,Delivered
O041405,CUST041406,R041405,10/7/2020,1978,COD,Delivered
O041406,CUST041407,R041406,6/26/2024,1406,UPI,Delivered
O041407,CUST041408,R041407,12/10/2019,1127,Wallet,Delivered
O041408,CUST041409,R041408,11/23/2022,819,UPI,Delivered
O041409,CUST041410,R041409,1/11/2021,1711,Wallet,Delivered
O041410,CUST041411,R041410,6/14/2024,948,Wallet,Delivered
O041411,CUST041412,R041411,10/2/2019,1456,UPI,Cancelled
O041412,CUST041413,R041412,7/14/2022,1384,UPI,Delivered
O041413,CUST041414,R041413,9/8/2023,1361,Card,Cancelled
O041414,CUST041415,R041414,9/22/2022,429,Wallet,Delivered
O041415,CUST041416,R041415,1/17/2019,994,UPI,Cancelled
O041416,CUST041417,R041416,11/18/2023,600,COD,Delivered
O041417,CUST041418,R041417,2/1/2022,1627,Card,Delivered
O041418,CUST041419,R041418,4/17/2020,1595,Card,Delivered
O041419,CUST041420,R041419,10/23/2024,1022,Card,Delivered
O041420,CUST041421,R041420,8/4/2021,1755,Card,Delivered
O041421,CUST041422,R041421,4/18/2021,436,Wallet,Delivered
O041422,CUST041423,R041422,4/6/2023,483,COD,Delivered
O041423,CUST041424,R041423,3/24/2023,739,Wallet,Delivered
O041424,CUST041425,R041424,12/3/2021,1072,Card,Delivered
O041425,CUST041426,R041425,12/8/2019,478,Wallet,Cancelled
O041426,CUST041427,R041426,12/3/2025,979,UPI,Delivered
O041427,CUST041428,R041427,9/17/2022,1101,COD,Delivered
O041428,CUST041429,R041428,11/1/2019,610,UPI,Delivered
O041429,CUST041430,R041429,3/13/2020,217,Wallet,Delivered
O041430,CUST041431,R041430,8/16/2024,1735,UPI,Delivered
O041431,CUST041432,R041431,11/12/2020,1255,UPI,Cancelled
O041432,CUST041433,R041432,6/17/2025,1688,Card,Delivered
O041433,CUST041434,R041433,10/13/2023,1371,Card,Delivered
O041434,CUST041435,R041434,6/20/2023,655,Card,Delivered
O041435,CUST041436,R041435,10/21/2024,527,COD,Delivered
O041436,CUST041437,R041436,2/25/2020,826,Wallet,Delivered
O041437,CUST041438,R041437,12/7/2020,227,Card,Delivered
O041438,CUST041439,R041438,1/24/2022,522,COD,Delivered
O041439,CUST041440,R041439,12/6/2021,1023,Wallet,Delivered
O041440,CUST041441,R041440,6/5/2025,1636,Wallet,Cancelled
O041441,CUST041442,R041441,7/2/2019,697,UPI,Delivered
O041442,CUST041443,R041442,7/13/2025,1273,Wallet,Delivered
O041443,CUST041444,R041443,2/4/2025,1256,Card,Cancelled
O041444,CUST041445,R041444,9/20/2025,1298,Wallet,Delivered
O041445,CUST041446,R041445,11/5/2024,1906,UPI,Delivered
O041446,CUST041447,R041446,7/17/2021,1460,UPI,Delivered
O041447,CUST041448,R041447,2/20/2019,1283,Card,Delivered
O041448,CUST041449,R041448,4/8/2019,148,Card,Cancelled
O041449,CUST041450,R041449,6/19/2024,443,Card,Delivered
O041450,CUST041451,R041450,1/17/2020,315,UPI,Delivered
O041451,CUST041452,R041451,1/18/2022,139,Card,Delivered
O041452,CUST041453,R041452,8/28/2023,1825,COD,Delivered
O041453,CUST041454,R041453,3/27/2024,1252,Wallet,Delivered
O041454,CUST041455,R041454,8/2/2020,489,Card,Delivered
O041455,CUST041456,R041455,12/23/2023,933,Wallet,Delivered
O041456,CUST041457,R041456,10/26/2020,872,COD,Delivered
O041457,CUST041458,R041457,6/16/2022,1926,COD,Delivered
O041458,CUST041459,R041458,7/28/2019,1523,UPI,Delivered
O041459,CUST041460,R041459,2/12/2021,1076,COD,Delivered
O041460,CUST041461,R041460,3/2/2019,1434,UPI,Delivered
O041461,CUST041462,R041461,8/2/2022,1142,COD,Delivered
O041462,CUST041463,R041462,2/14/2019,1072,UPI,Delivered
O041463,CUST041464,R041463,12/11/2020,106,Card,Delivered
O041464,CUST041465,R041464,11/20/2024,1694,COD,Delivered
O041465,CUST041466,R041465,10/9/2025,1485,Card,Delivered
O041466,CUST041467,R041466,9/14/2019,869,UPI,Delivered
O041467,CUST041468,R041467,8/25/2020,1117,UPI,Delivered
O041468,CUST041469,R041468,1/20/2025,121,Card,Delivered
O041469,CUST041470,R041469,4/21/2022,104,UPI,Delivered
O041470,CUST041471,R041470,3/19/2019,1781,UPI,Cancelled
O041471,CUST041472,R041471,11/16/2022,712,UPI,Delivered
O041472,CUST041473,R041472,1/28/2019,1450,UPI,Cancelled
O041473,CUST041474,R041473,10/18/2020,622,Wallet,Delivered
O041474,CUST041475,R041474,9/26/2021,375,Card,Delivered
O041475,CUST041476,R041475,8/19/2021,260,Wallet,Delivered
O041476,CUST041477,R041476,12/27/2025,1195,Card,Delivered
O041477,CUST041478,R041477,11/11/2025,1894,Card,Delivered
O041478,CUST041479,R041478,5/26/2024,674,UPI,Delivered
O041479,CUST041480,R041479,8/2/2022,1113,COD,Delivered
O041480,CUST041481,R041480,5/28/2024,802,Wallet,Cancelled
O041481,CUST041482,R041481,8/8/2019,1813,COD,Delivered
O041482,CUST041483,R041482,3/9/2021,733,Wallet,Delivered
O041483,CUST041484,R041483,10/14/2019,1441,UPI,Cancelled
O041484,CUST041485,R041484,11/10/2024,1383,UPI,Delivered
O041485,CUST041486,R041485,8/9/2023,1067,UPI,Delivered
O041486,CUST041487,R041486,11/15/2022,239,UPI,Delivered
O041487,CUST041488,R041487,8/21/2021,1003,Wallet,Delivered
O041488,CUST041489,R041488,11/14/2023,1820,COD,Delivered
O041489,CUST041490,R041489,4/21/2022,1823,Card,Delivered
O041490,CUST041491,R041490,5/20/2025,467,UPI,Delivered
O041491,CUST041492,R041491,4/20/2024,290,Card,Delivered
O041492,CUST041493,R041492,3/25/2024,206,COD,Delivered
O041493,CUST041494,R041493,4/23/2021,462,Wallet,Delivered
O041494,CUST041495,R041494,9/9/2020,541,COD,Delivered
O041495,CUST041496,R041495,6/21/2019,349,COD,Delivered
O041496,CUST041497,R041496,6/9/2021,1051,COD,Delivered
O041497,CUST041498,R041497,10/5/2021,1000,Wallet,Delivered
O041498,CUST041499,R041498,11/4/2025,727,Wallet,Delivered
O041499,CUST041500,R041499,11/9/2022,1042,UPI,Delivered
O041500,CUST041501,R041500,2/2/2021,1110,COD,Cancelled
O041501,CUST041502,R041501,10/9/2025,1611,UPI,Delivered
O041502,CUST041503,R041502,5/3/2022,1484,Card,Cancelled
O041503,CUST041504,R041503,4/15/2025,555,Card,Delivered
O041504,CUST041505,R041504,11/25/2019,1346,Card,Delivered
O041505,CUST041506,R041505,2/12/2022,250,Card,Delivered
O041506,CUST041507,R041506,1/26/2019,506,COD,Delivered
O041507,CUST041508,R041507,10/25/2022,629,COD,Delivered
O041508,CUST041509,R041508,10/22/2024,567,COD,Delivered
O041509,CUST041510,R041509,6/9/2021,207,COD,Delivered
O041510,CUST041511,R041510,12/20/2024,1012,Wallet,Cancelled
O041511,CUST041512,R041511,7/5/2021,772,Card,Delivered
O041512,CUST041513,R041512,8/26/2025,1135,UPI,Delivered
O041513,CUST041514,R041513,7/5/2021,1155,Wallet,Delivered
O041514,CUST041515,R041514,9/16/2023,767,UPI,Delivered
O041515,CUST041516,R041515,11/24/2025,1528,UPI,Delivered
O041516,CUST041517,R041516,4/16/2022,171,Wallet,Delivered
O041517,CUST041518,R041517,10/13/2019,1006,Card,Delivered
O041518,CUST041519,R041518,9/7/2024,1768,UPI,Delivered
O041519,CUST041520,R041519,1/20/2019,1309,Card,Delivered
O041520,CUST041521,R041520,6/19/2024,736,Card,Delivered
O041521,CUST041522,R041521,9/17/2021,227,UPI,Delivered
O041522,CUST041523,R041522,5/21/2021,1768,COD,Delivered
O041523,CUST041524,R041523,12/15/2024,629,COD,Delivered
O041524,CUST041525,R041524,2/9/2023,1399,UPI,Delivered
O041525,CUST041526,R041525,12/20/2022,751,Wallet,Delivered
O041526,CUST041527,R041526,10/28/2023,815,Card,Delivered
O041527,CUST041528,R041527,6/26/2022,383,Wallet,Delivered
O041528,CUST041529,R041528,7/19/2020,615,Card,Delivered
O041529,CUST041530,R041529,8/10/2019,799,COD,Delivered
O041530,CUST041531,R041530,6/7/2021,1224,UPI,Delivered
O041531,CUST041532,R041531,4/2/2024,1428,Card,Delivered
O041532,CUST041533,R041532,6/2/2019,925,UPI,Delivered
O041533,CUST041534,R041533,3/6/2025,352,COD,Delivered
O041534,CUST041535,R041534,6/13/2019,856,Wallet,Delivered
O041535,CUST041536,R041535,11/16/2021,1385,Card,Delivered
O041536,CUST041537,R041536,8/9/2019,288,COD,Delivered
O041537,CUST041538,R041537,4/18/2025,1190,COD,Delivered
O041538,CUST041539,R041538,8/14/2024,1463,Wallet,Delivered
O041539,CUST041540,R041539,4/11/2020,812,COD,Delivered
O041540,CUST041541,R041540,4/9/2020,1629,UPI,Cancelled
O041541,CUST041542,R041541,5/1/2021,1370,Wallet,Delivered
O041542,CUST041543,R041542,12/10/2024,1511,Wallet,Delivered
O041543,CUST041544,R041543,12/17/2024,1936,UPI,Delivered
O041544,CUST041545,R041544,6/22/2023,1255,Wallet,Delivered
O041545,CUST041546,R041545,12/13/2020,1680,COD,Delivered
O041546,CUST041547,R041546,6/16/2024,541,Card,Delivered
O041547,CUST041548,R041547,10/11/2022,1568,Card,Delivered
O041548,CUST041549,R041548,2/27/2020,369,UPI,Delivered
O041549,CUST041550,R041549,6/20/2021,111,Card,Delivered
O041550,CUST041551,R041550,1/1/2024,536,Card,Delivered
O041551,CUST041552,R041551,12/17/2020,191,COD,Delivered
O041552,CUST041553,R041552,10/20/2020,428,COD,Delivered
O041553,CUST041554,R041553,12/6/2024,1246,COD,Cancelled
O041554,CUST041555,R041554,3/3/2023,1999,Card,Delivered
O041555,CUST041556,R041555,12/4/2023,1171,Wallet,Cancelled
O041556,CUST041557,R041556,8/12/2019,663,UPI,Delivered
O041557,CUST041558,R041557,7/3/2025,1046,COD,Delivered
O041558,CUST041559,R041558,8/7/2022,1297,Wallet,Delivered
O041559,CUST041560,R041559,1/11/2024,1213,UPI,Cancelled
O041560,CUST041561,R041560,10/8/2024,1713,UPI,Delivered
O041561,CUST041562,R041561,6/21/2023,997,UPI,Delivered
O041562,CUST041563,R041562,5/4/2022,1629,UPI,Delivered
O041563,CUST041564,R041563,1/23/2024,152,Wallet,Delivered
O041564,CUST041565,R041564,9/19/2022,1751,Card,Delivered
O041565,CUST041566,R041565,9/14/2022,1945,Card,Delivered
O041566,CUST041567,R041566,8/28/2019,148,COD,Delivered
O041567,CUST041568,R041567,12/13/2021,1616,UPI,Delivered
O041568,CUST041569,R041568,3/27/2025,961,UPI,Delivered
O041569,CUST041570,R041569,4/22/2021,323,Wallet,Delivered
O041570,CUST041571,R041570,3/25/2020,1090,COD,Delivered
O041571,CUST041572,R041571,12/4/2022,1925,Wallet,Delivered
O041572,CUST041573,R041572,6/21/2024,1257,Wallet,Delivered
O041573,CUST041574,R041573,9/3/2020,1757,COD,Delivered
O041574,CUST041575,R041574,8/9/2020,1086,UPI,Delivered
O041575,CUST041576,R041575,1/4/2025,1847,UPI,Cancelled
O041576,CUST041577,R041576,5/24/2022,1213,UPI,Delivered
O041577,CUST041578,R041577,7/7/2020,1272,COD,Delivered
O041578,CUST041579,R041578,8/16/2020,133,Wallet,Delivered
O041579,CUST041580,R041579,2/16/2020,192,COD,Delivered
O041580,CUST041581,R041580,9/16/2019,249,UPI,Delivered
O041581,CUST041582,R041581,9/28/2020,116,Card,Cancelled
O041582,CUST041583,R041582,7/15/2019,368,Wallet,Delivered
O041583,CUST041584,R041583,6/27/2023,1178,UPI,Delivered
O041584,CUST041585,R041584,2/20/2025,242,Wallet,Delivered
O041585,CUST041586,R041585,7/21/2024,873,COD,Delivered
O041586,CUST041587,R041586,1/3/2025,659,COD,Delivered
O041587,CUST041588,R041587,8/10/2019,702,Wallet,Delivered
O041588,CUST041589,R041588,4/27/2019,1507,COD,Delivered
O041589,CUST041590,R041589,12/8/2024,830,Wallet,Delivered
O041590,CUST041591,R041590,3/1/2022,1380,UPI,Delivered
O041591,CUST041592,R041591,1/13/2020,761,COD,Delivered
O041592,CUST041593,R041592,5/11/2022,1747,Card,Delivered
O041593,CUST041594,R041593,1/10/2023,1810,COD,Delivered
O041594,CUST041595,R041594,2/9/2020,1635,UPI,Delivered
O041595,CUST041596,R041595,7/9/2019,1362,Card,Delivered
O041596,CUST041597,R041596,2/21/2025,1806,UPI,Delivered
O041597,CUST041598,R041597,3/22/2020,1803,COD,Cancelled
O041598,CUST041599,R041598,7/18/2019,490,UPI,Delivered
O041599,CUST041600,R041599,11/13/2024,276,COD,Delivered
O041600,CUST041601,R041600,2/25/2021,809,Card,Delivered
O041601,CUST041602,R041601,8/22/2023,234,Card,Cancelled
O041602,CUST041603,R041602,3/3/2019,490,COD,Delivered
O041603,CUST041604,R041603,3/24/2022,997,Card,Delivered
O041604,CUST041605,R041604,6/22/2020,551,COD,Delivered
O041605,CUST041606,R041605,9/5/2019,1363,COD,Delivered
O041606,CUST041607,R041606,4/5/2025,713,Card,Delivered
O041607,CUST041608,R041607,3/12/2020,867,COD,Delivered
O041608,CUST041609,R041608,2/3/2021,555,COD,Delivered
O041609,CUST041610,R041609,12/27/2024,994,COD,Delivered
O041610,CUST041611,R041610,2/10/2019,1420,Wallet,Delivered
O041611,CUST041612,R041611,6/7/2023,734,COD,Delivered
O041612,CUST041613,R041612,11/1/2022,1408,UPI,Cancelled
O041613,CUST041614,R041613,3/12/2023,1375,Wallet,Delivered
O041614,CUST041615,R041614,5/25/2020,1324,UPI,Delivered
O041615,CUST041616,R041615,6/19/2023,1754,Wallet,Delivered
O041616,CUST041617,R041616,10/12/2021,1240,UPI,Cancelled
O041617,CUST041618,R041617,8/17/2021,1641,UPI,Delivered
O041618,CUST041619,R041618,7/13/2025,1564,Card,Delivered
O041619,CUST041620,R041619,5/8/2020,1802,Card,Delivered
O041620,CUST041621,R041620,8/2/2019,974,Wallet,Delivered
O041621,CUST041622,R041621,5/20/2022,1227,Card,Cancelled
O041622,CUST041623,R041622,8/21/2019,786,COD,Delivered
O041623,CUST041624,R041623,2/4/2019,147,COD,Delivered
O041624,CUST041625,R041624,11/16/2023,519,Card,Delivered
O041625,CUST041626,R041625,10/24/2019,1024,COD,Cancelled
O041626,CUST041627,R041626,6/7/2025,147,Wallet,Delivered
O041627,CUST041628,R041627,3/28/2020,940,Wallet,Delivered
O041628,CUST041629,R041628,2/13/2025,481,COD,Delivered
O041629,CUST041630,R041629,11/24/2021,856,UPI,Delivered
O041630,CUST041631,R041630,11/12/2023,1792,COD,Delivered
O041631,CUST041632,R041631,6/8/2025,1224,UPI,Cancelled
O041632,CUST041633,R041632,1/2/2022,1418,UPI,Cancelled
O041633,CUST041634,R041633,12/24/2023,1776,Wallet,Delivered
O041634,CUST041635,R041634,11/1/2022,844,UPI,Delivered
O041635,CUST041636,R041635,3/16/2019,446,Wallet,Delivered
O041636,CUST041637,R041636,8/19/2021,1664,COD,Delivered
O041637,CUST041638,R041637,10/18/2020,135,Card,Delivered
O041638,CUST041639,R041638,10/21/2021,1653,Card,Delivered
O041639,CUST041640,R041639,3/17/2023,1664,Card,Delivered
O041640,CUST041641,R041640,6/23/2022,1096,Card,Delivered
O041641,CUST041642,R041641,4/23/2020,1998,COD,Delivered
O041642,CUST041643,R041642,7/19/2023,1076,UPI,Delivered
O041643,CUST041644,R041643,7/13/2019,948,COD,Delivered
O041644,CUST041645,R041644,4/24/2021,745,UPI,Delivered
O041645,CUST041646,R041645,2/4/2023,1506,Wallet,Delivered
O041646,CUST041647,R041646,2/12/2019,1821,UPI,Delivered
O041647,CUST041648,R041647,6/12/2025,888,UPI,Delivered
O041648,CUST041649,R041648,7/17/2024,1501,Wallet,Delivered
O041649,CUST041650,R041649,1/7/2019,1751,COD,Delivered
O041650,CUST041651,R041650,2/18/2025,396,Wallet,Delivered
O041651,CUST041652,R041651,4/8/2022,1872,Card,Cancelled
O041652,CUST041653,R041652,7/17/2021,1708,Card,Delivered
O041653,CUST041654,R041653,6/24/2022,426,UPI,Cancelled
O041654,CUST041655,R041654,3/24/2025,186,COD,Delivered
O041655,CUST041656,R041655,3/19/2019,692,Card,Delivered
O041656,CUST041657,R041656,6/25/2019,558,COD,Delivered
O041657,CUST041658,R041657,2/25/2025,361,Wallet,Delivered
O041658,CUST041659,R041658,2/1/2025,234,COD,Cancelled
O041659,CUST041660,R041659,9/7/2019,1481,Wallet,Delivered
O041660,CUST041661,R041660,2/6/2020,1169,COD,Delivered
O041661,CUST041662,R041661,4/26/2024,1118,Wallet,Delivered
O041662,CUST041663,R041662,9/1/2021,845,UPI,Cancelled
O041663,CUST041664,R041663,9/13/2025,1024,COD,Delivered
O041664,CUST041665,R041664,12/3/2024,1531,UPI,Delivered
O041665,CUST041666,R041665,4/14/2025,1324,Wallet,Delivered
O041666,CUST041667,R041666,12/5/2022,1944,Card,Delivered
O041667,CUST041668,R041667,6/17/2024,1703,Wallet,Cancelled
O041668,CUST041669,R041668,6/14/2021,1363,Card,Delivered
O041669,CUST041670,R041669,10/19/2023,218,Card,Delivered
O041670,CUST041671,R041670,10/20/2020,469,UPI,Delivered
O041671,CUST041672,R041671,12/10/2023,1925,Card,Delivered
O041672,CUST041673,R041672,4/1/2021,1102,Card,Delivered
O041673,CUST041674,R041673,1/1/2024,1841,Card,Delivered
O041674,CUST041675,R041674,5/23/2019,735,COD,Delivered
O041675,CUST041676,R041675,9/24/2021,462,Card,Delivered
O041676,CUST041677,R041676,7/25/2025,400,COD,Delivered
O041677,CUST041678,R041677,11/5/2023,908,Card,Delivered
O041678,CUST041679,R041678,5/6/2022,1757,COD,Cancelled
O041679,CUST041680,R041679,10/24/2024,1321,UPI,Delivered
O041680,CUST041681,R041680,12/8/2021,1047,COD,Delivered
O041681,CUST041682,R041681,6/20/2025,740,Wallet,Delivered
O041682,CUST041683,R041682,11/10/2020,1670,COD,Delivered
O041683,CUST041684,R041683,12/13/2022,901,Wallet,Delivered
O041684,CUST041685,R041684,6/1/2020,1301,UPI,Delivered
O041685,CUST041686,R041685,5/12/2019,1491,Wallet,Delivered
O041686,CUST041687,R041686,5/7/2019,1219,Card,Cancelled
O041687,CUST041688,R041687,4/22/2021,155,Wallet,Delivered
O041688,CUST041689,R041688,3/15/2025,888,UPI,Delivered
O041689,CUST041690,R041689,9/16/2024,191,Card,Delivered
O041690,CUST041691,R041690,5/23/2020,1537,Card,Delivered
O041691,CUST041692,R041691,3/15/2020,1548,Card,Delivered
O041692,CUST041693,R041692,1/19/2019,980,Card,Delivered
O041693,CUST041694,R041693,11/2/2023,1675,Card,Delivered
O041694,CUST041695,R041694,7/17/2020,357,Wallet,Delivered
O041695,CUST041696,R041695,11/5/2020,398,COD,Delivered
O041696,CUST041697,R041696,1/23/2022,517,Wallet,Delivered
O041697,CUST041698,R041697,11/3/2024,961,Card,Delivered
O041698,CUST041699,R041698,1/7/2021,585,COD,Delivered
O041699,CUST041700,R041699,5/1/2019,835,UPI,Delivered
O041700,CUST041701,R041700,12/16/2023,957,COD,Delivered
O041701,CUST041702,R041701,12/24/2020,504,UPI,Delivered
O041702,CUST041703,R041702,5/10/2019,1752,Wallet,Delivered
O041703,CUST041704,R041703,3/10/2020,1581,UPI,Delivered
O041704,CUST041705,R041704,11/9/2022,1169,UPI,Delivered
O041705,CUST041706,R041705,9/16/2023,1608,UPI,Cancelled
O041706,CUST041707,R041706,12/12/2023,1336,UPI,Delivered
O041707,CUST041708,R041707,4/21/2022,148,UPI,Delivered
O041708,CUST041709,R041708,4/14/2020,1914,Card,Delivered
O041709,CUST041710,R041709,10/17/2020,308,Wallet,Delivered
O041710,CUST041711,R041710,7/25/2019,1590,COD,Delivered
O041711,CUST041712,R041711,5/17/2020,672,Wallet,Delivered
O041712,CUST041713,R041712,5/26/2021,878,COD,Delivered
O041713,CUST041714,R041713,10/3/2021,1492,COD,Delivered
O041714,CUST041715,R041714,9/28/2025,549,UPI,Delivered
O041715,CUST041716,R041715,8/12/2022,907,Wallet,Delivered
O041716,CUST041717,R041716,12/26/2023,1668,Card,Delivered
O041717,CUST041718,R041717,5/17/2022,1213,COD,Delivered
O041718,CUST041719,R041718,11/3/2019,1827,UPI,Delivered
O041719,CUST041720,R041719,8/13/2019,1380,UPI,Cancelled
O041720,CUST041721,R041720,3/23/2020,1241,UPI,Delivered
O041721,CUST041722,R041721,3/7/2020,101,Card,Cancelled
O041722,CUST041723,R041722,3/18/2025,353,Card,Delivered
O041723,CUST041724,R041723,6/15/2021,225,Card,Delivered
O041724,CUST041725,R041724,10/17/2024,288,Card,Delivered
O041725,CUST041726,R041725,8/27/2019,1550,COD,Delivered
O041726,CUST041727,R041726,6/26/2023,1109,Wallet,Delivered
O041727,CUST041728,R041727,3/1/2025,340,Card,Delivered
O041728,CUST041729,R041728,2/21/2022,523,COD,Cancelled
O041729,CUST041730,R041729,4/21/2020,761,COD,Delivered
O041730,CUST041731,R041730,8/12/2024,1886,COD,Delivered
O041731,CUST041732,R041731,11/26/2019,1444,Wallet,Delivered
O041732,CUST041733,R041732,9/9/2021,996,Card,Delivered
O041733,CUST041734,R041733,5/4/2022,1349,UPI,Delivered
O041734,CUST041735,R041734,6/2/2022,1619,COD,Delivered
O041735,CUST041736,R041735,10/13/2025,1025,UPI,Delivered
O041736,CUST041737,R041736,2/10/2022,1921,Card,Delivered
O041737,CUST041738,R041737,8/19/2021,1805,COD,Delivered
O041738,CUST041739,R041738,1/9/2019,1342,Card,Delivered
O041739,CUST041740,R041739,1/21/2023,769,UPI,Delivered
O041740,CUST041741,R041740,11/24/2020,1011,UPI,Delivered
O041741,CUST041742,R041741,4/18/2021,139,COD,Delivered
O041742,CUST041743,R041742,12/15/2021,378,UPI,Delivered
O041743,CUST041744,R041743,11/24/2022,1929,Card,Delivered
O041744,CUST041745,R041744,2/21/2021,1103,UPI,Delivered
O041745,CUST041746,R041745,1/4/2025,1798,UPI,Delivered
O041746,CUST041747,R041746,1/26/2024,538,Wallet,Delivered
O041747,CUST041748,R041747,2/24/2025,285,Card,Delivered
O041748,CUST041749,R041748,7/16/2022,212,COD,Delivered
O041749,CUST041750,R041749,5/26/2023,1153,Card,Delivered
O041750,CUST041751,R041750,12/10/2020,106,UPI,Delivered
O041751,CUST041752,R041751,5/25/2023,530,UPI,Delivered
O041752,CUST041753,R041752,11/1/2022,964,COD,Delivered
O041753,CUST041754,R041753,11/27/2019,691,Wallet,Delivered
O041754,CUST041755,R041754,11/7/2020,1273,COD,Delivered
O041755,CUST041756,R041755,3/3/2025,578,Wallet,Delivered
O041756,CUST041757,R041756,10/12/2021,1292,UPI,Cancelled
O041757,CUST041758,R041757,11/16/2020,1303,Wallet,Delivered
O041758,CUST041759,R041758,5/7/2022,1031,Wallet,Delivered
O041759,CUST041760,R041759,9/17/2021,198,UPI,Delivered
O041760,CUST041761,R041760,10/19/2020,912,Wallet,Delivered
O041761,CUST041762,R041761,4/13/2019,1730,Card,Delivered
O041762,CUST041763,R041762,12/21/2025,1782,Card,Delivered
O041763,CUST041764,R041763,5/19/2019,257,UPI,Delivered
O041764,CUST041765,R041764,1/19/2025,146,Card,Delivered
O041765,CUST041766,R041765,3/23/2019,1958,Card,Delivered
O041766,CUST041767,R041766,7/22/2021,308,Wallet,Delivered
O041767,CUST041768,R041767,5/8/2020,175,Card,Delivered
O041768,CUST041769,R041768,4/13/2025,243,COD,Delivered
O041769,CUST041770,R041769,2/6/2025,908,COD,Delivered
O041770,CUST041771,R041770,5/3/2021,921,Wallet,Delivered
O041771,CUST041772,R041771,5/2/2022,648,Wallet,Delivered
O041772,CUST041773,R041772,12/12/2023,825,UPI,Delivered
O041773,CUST041774,R041773,12/28/2024,1063,COD,Delivered
O041774,CUST041775,R041774,11/7/2021,1521,Wallet,Delivered
O041775,CUST041776,R041775,10/2/2023,1399,UPI,Cancelled
O041776,CUST041777,R041776,1/14/2020,1948,UPI,Delivered
O041777,CUST041778,R041777,6/21/2022,818,UPI,Delivered
O041778,CUST041779,R041778,8/5/2019,1618,Card,Delivered
O041779,CUST041780,R041779,12/19/2021,1825,Card,Delivered
O041780,CUST041781,R041780,10/17/2020,218,COD,Delivered
O041781,CUST041782,R041781,1/10/2022,287,COD,Delivered
O041782,CUST041783,R041782,2/8/2023,107,COD,Delivered
O041783,CUST041784,R041783,11/18/2023,869,Wallet,Delivered
O041784,CUST041785,R041784,9/2/2020,686,Card,Delivered
O041785,CUST041786,R041785,10/27/2021,1044,UPI,Delivered
O041786,CUST041787,R041786,5/1/2022,1108,Wallet,Delivered
O041787,CUST041788,R041787,8/15/2024,720,Wallet,Delivered
O041788,CUST041789,R041788,12/23/2021,1442,UPI,Delivered
O041789,CUST041790,R041789,8/15/2019,1992,COD,Delivered
O041790,CUST041791,R041790,1/11/2025,863,UPI,Delivered
O041791,CUST041792,R041791,12/6/2022,1663,UPI,Delivered
O041792,CUST041793,R041792,4/19/2025,1023,UPI,Delivered
O041793,CUST041794,R041793,11/18/2020,326,Card,Delivered
O041794,CUST041795,R041794,5/11/2020,1980,Wallet,Delivered
O041795,CUST041796,R041795,11/17/2021,1625,Card,Delivered
O041796,CUST041797,R041796,2/13/2024,528,UPI,Delivered
O041797,CUST041798,R041797,12/7/2024,1358,UPI,Delivered
O041798,CUST041799,R041798,6/22/2023,661,Wallet,Cancelled
O041799,CUST041800,R041799,9/26/2022,725,UPI,Delivered
O041800,CUST041801,R041800,1/24/2024,341,Wallet,Delivered
O041801,CUST041802,R041801,11/18/2025,1102,COD,Delivered
O041802,CUST041803,R041802,4/9/2020,720,COD,Delivered
O041803,CUST041804,R041803,12/6/2025,1145,Wallet,Delivered
O041804,CUST041805,R041804,7/28/2023,1278,Card,Delivered
O041805,CUST041806,R041805,6/1/2022,814,Wallet,Delivered
O041806,CUST041807,R041806,2/13/2021,1888,COD,Delivered
O041807,CUST041808,R041807,11/12/2020,707,Wallet,Delivered
O041808,CUST041809,R041808,12/14/2023,1240,Card,Delivered
O041809,CUST041810,R041809,6/7/2021,145,Wallet,Delivered
O041810,CUST041811,R041810,1/16/2024,975,Wallet,Delivered
O041811,CUST041812,R041811,6/16/2023,321,Card,Delivered
O041812,CUST041813,R041812,5/20/2024,1527,UPI,Delivered
O041813,CUST041814,R041813,6/18/2021,449,UPI,Delivered
O041814,CUST041815,R041814,7/12/2020,196,Wallet,Delivered
O041815,CUST041816,R041815,9/19/2019,1475,Wallet,Delivered
O041816,CUST041817,R041816,8/28/2020,1894,Wallet,Delivered
O041817,CUST041818,R041817,5/21/2025,1101,COD,Delivered
O041818,CUST041819,R041818,8/11/2021,1526,Card,Delivered
O041819,CUST041820,R041819,6/16/2025,1710,Card,Delivered
O041820,CUST041821,R041820,6/10/2024,1462,Card,Delivered
O041821,CUST041822,R041821,5/24/2022,225,UPI,Delivered
O041822,CUST041823,R041822,8/18/2020,1869,Card,Cancelled
O041823,CUST041824,R041823,7/27/2021,642,Card,Delivered
O041824,CUST041825,R041824,3/27/2022,143,COD,Delivered
O041825,CUST041826,R041825,8/18/2023,381,Card,Delivered
O041826,CUST041827,R041826,12/3/2020,1161,Card,Delivered
O041827,CUST041828,R041827,7/1/2023,1920,Card,Delivered
O041828,CUST041829,R041828,3/4/2025,1091,COD,Delivered
O041829,CUST041830,R041829,2/11/2021,621,UPI,Delivered
O041830,CUST041831,R041830,10/2/2025,761,COD,Delivered
O041831,CUST041832,R041831,8/6/2021,1143,COD,Delivered
O041832,CUST041833,R041832,2/10/2020,808,UPI,Delivered
O041833,CUST041834,R041833,10/4/2021,1569,UPI,Delivered
O041834,CUST041835,R041834,8/19/2024,898,Wallet,Delivered
O041835,CUST041836,R041835,10/2/2025,1485,UPI,Cancelled
O041836,CUST041837,R041836,3/21/2023,258,COD,Delivered
O041837,CUST041838,R041837,5/21/2020,1660,Card,Delivered
O041838,CUST041839,R041838,4/13/2025,1899,Card,Delivered
O041839,CUST041840,R041839,7/26/2019,1833,COD,Delivered
O041840,CUST041841,R041840,12/10/2023,1535,Card,Cancelled
O041841,CUST041842,R041841,7/26/2021,882,UPI,Delivered
O041842,CUST041843,R041842,8/21/2021,238,Wallet,Delivered
O041843,CUST041844,R041843,5/25/2025,1043,Card,Delivered
O041844,CUST041845,R041844,11/1/2023,1814,COD,Delivered
O041845,CUST041846,R041845,4/19/2022,425,COD,Delivered
O041846,CUST041847,R041846,10/1/2023,1186,Card,Delivered
O041847,CUST041848,R041847,5/1/2022,514,Wallet,Delivered
O041848,CUST041849,R041848,1/25/2020,1139,UPI,Delivered
O041849,CUST041850,R041849,7/16/2020,930,UPI,Delivered
O041850,CUST041851,R041850,10/2/2020,1182,Card,Cancelled
O041851,CUST041852,R041851,12/13/2021,1943,Wallet,Delivered
O041852,CUST041853,R041852,9/14/2023,150,COD,Delivered
O041853,CUST041854,R041853,3/12/2021,213,Card,Delivered
O041854,CUST041855,R041854,12/27/2019,1938,UPI,Delivered
O041855,CUST041856,R041855,2/14/2023,282,Wallet,Delivered
O041856,CUST041857,R041856,9/26/2023,1087,UPI,Delivered
O041857,CUST041858,R041857,2/19/2021,1858,COD,Delivered
O041858,CUST041859,R041858,3/21/2020,513,COD,Delivered
O041859,CUST041860,R041859,7/2/2019,516,COD,Delivered
O041860,CUST041861,R041860,4/9/2020,558,Wallet,Delivered
O041861,CUST041862,R041861,2/25/2020,1358,Card,Delivered
O041862,CUST041863,R041862,4/4/2023,975,Wallet,Delivered
O041863,CUST041864,R041863,2/3/2023,1269,Wallet,Delivered
O041864,CUST041865,R041864,1/10/2022,675,COD,Delivered
O041865,CUST041866,R041865,1/8/2019,1667,Card,Delivered
O041866,CUST041867,R041866,3/9/2023,1731,COD,Delivered
O041867,CUST041868,R041867,4/9/2024,1598,Wallet,Delivered
O041868,CUST041869,R041868,10/8/2025,1843,UPI,Delivered
O041869,CUST041870,R041869,7/20/2021,1715,UPI,Delivered
O041870,CUST041871,R041870,4/21/2023,1649,Card,Cancelled
O041871,CUST041872,R041871,3/15/2020,129,UPI,Delivered
O041872,CUST041873,R041872,7/12/2019,175,Card,Delivered
O041873,CUST041874,R041873,6/23/2024,665,Card,Delivered
O041874,CUST041875,R041874,10/20/2022,1987,Card,Delivered
O041875,CUST041876,R041875,9/1/2023,591,COD,Delivered
O041876,CUST041877,R041876,9/26/2025,885,Card,Delivered
O041877,CUST041878,R041877,10/20/2025,335,Card,Delivered
O041878,CUST041879,R041878,9/3/2021,1284,Wallet,Delivered
O041879,CUST041880,R041879,3/3/2023,633,COD,Cancelled
O041880,CUST041881,R041880,1/6/2023,1209,Wallet,Delivered
O041881,CUST041882,R041881,9/3/2022,936,UPI,Delivered
O041882,CUST041883,R041882,7/2/2021,1376,Wallet,Delivered
O041883,CUST041884,R041883,4/15/2023,1757,COD,Delivered
O041884,CUST041885,R041884,3/12/2022,329,COD,Delivered
O041885,CUST041886,R041885,6/6/2021,1265,UPI,Cancelled
O041886,CUST041887,R041886,1/12/2022,910,Wallet,Delivered
O041887,CUST041888,R041887,11/23/2024,1219,Wallet,Delivered
O041888,CUST041889,R041888,8/17/2022,1855,Wallet,Cancelled
O041889,CUST041890,R041889,5/14/2019,1086,UPI,Delivered
O041890,CUST041891,R041890,3/15/2024,1600,UPI,Delivered
O041891,CUST041892,R041891,8/19/2025,1528,Card,Cancelled
O041892,CUST041893,R041892,12/6/2020,1722,Card,Delivered
O041893,CUST041894,R041893,1/24/2024,889,Wallet,Delivered
O041894,CUST041895,R041894,8/19/2021,1137,Card,Cancelled
O041895,CUST041896,R041895,4/20/2025,564,Card,Delivered
O041896,CUST041897,R041896,10/4/2022,105,Card,Delivered
O041897,CUST041898,R041897,9/15/2021,120,Card,Delivered
O041898,CUST041899,R041898,6/22/2020,882,Card,Cancelled
O041899,CUST041900,R041899,1/6/2022,1904,Wallet,Delivered
O041900,CUST041901,R041900,8/25/2019,834,Wallet,Delivered
O041901,CUST041902,R041901,12/12/2020,625,COD,Delivered
O041902,CUST041903,R041902,4/26/2019,703,Wallet,Delivered
O041903,CUST041904,R041903,3/10/2023,1643,Card,Delivered
O041904,CUST041905,R041904,2/6/2020,1144,UPI,Delivered
O041905,CUST041906,R041905,11/1/2024,1382,UPI,Delivered
O041906,CUST041907,R041906,9/19/2019,1561,COD,Delivered
O041907,CUST041908,R041907,6/28/2019,753,UPI,Delivered
O041908,CUST041909,R041908,11/15/2020,355,Wallet,Delivered
O041909,CUST041910,R041909,12/13/2024,1622,Card,Delivered
O041910,CUST041911,R041910,6/17/2023,1682,UPI,Cancelled
O041911,CUST041912,R041911,10/19/2020,1510,Card,Delivered
O041912,CUST041913,R041912,6/16/2023,1515,Card,Delivered
O041913,CUST041914,R041913,5/22/2023,942,UPI,Delivered
O041914,CUST041915,R041914,6/21/2020,242,Card,Delivered
O041915,CUST041916,R041915,10/21/2019,363,Wallet,Delivered
O041916,CUST041917,R041916,11/4/2025,370,Card,Delivered
O041917,CUST041918,R041917,10/15/2020,237,UPI,Delivered
O041918,CUST041919,R041918,7/23/2019,999,COD,Delivered
O041919,CUST041920,R041919,2/1/2024,1780,UPI,Cancelled
O041920,CUST041921,R041920,12/3/2021,841,UPI,Delivered
O041921,CUST041922,R041921,12/15/2020,1411,Wallet,Delivered
O041922,CUST041923,R041922,2/6/2022,1667,Card,Delivered
O041923,CUST041924,R041923,2/18/2019,316,Wallet,Delivered
O041924,CUST041925,R041924,7/8/2023,1597,Card,Delivered
O041925,CUST041926,R041925,7/16/2022,1602,Card,Cancelled
O041926,CUST041927,R041926,9/22/2021,272,UPI,Delivered
O041927,CUST041928,R041927,2/22/2023,287,Card,Delivered
O041928,CUST041929,R041928,3/21/2024,586,Card,Delivered
O041929,CUST041930,R041929,4/20/2023,458,COD,Delivered
O041930,CUST041931,R041930,9/23/2025,282,COD,Delivered
O041931,CUST041932,R041931,8/26/2022,154,COD,Delivered
O041932,CUST041933,R041932,6/1/2022,1395,Wallet,Delivered
O041933,CUST041934,R041933,12/5/2022,948,COD,Delivered
O041934,CUST041935,R041934,1/25/2020,1071,COD,Delivered
O041935,CUST041936,R041935,2/28/2022,760,Wallet,Cancelled
O041936,CUST041937,R041936,10/12/2021,944,COD,Delivered
O041937,CUST041938,R041937,11/2/2020,1388,UPI,Delivered
O041938,CUST041939,R041938,10/11/2024,1219,COD,Delivered
O041939,CUST041940,R041939,7/4/2019,1833,Card,Delivered
O041940,CUST041941,R041940,2/15/2025,1803,Wallet,Cancelled
O041941,CUST041942,R041941,7/16/2021,1214,UPI,Delivered
O041942,CUST041943,R041942,5/17/2025,1976,Card,Delivered
O041943,CUST041944,R041943,4/18/2025,369,UPI,Delivered
O041944,CUST041945,R041944,2/8/2022,1709,Card,Delivered
O041945,CUST041946,R041945,10/23/2019,1012,UPI,Delivered
O041946,CUST041947,R041946,8/27/2024,1751,Card,Delivered
O041947,CUST041948,R041947,12/20/2020,688,COD,Delivered
O041948,CUST041949,R041948,5/23/2023,420,COD,Delivered
O041949,CUST041950,R041949,11/24/2021,560,COD,Delivered
O041950,CUST041951,R041950,2/3/2022,1005,COD,Delivered
O041951,CUST041952,R041951,2/8/2024,1848,COD,Cancelled
O041952,CUST041953,R041952,10/27/2021,1449,UPI,Delivered
O041953,CUST041954,R041953,2/10/2022,574,COD,Delivered
O041954,CUST041955,R041954,12/25/2021,591,Wallet,Delivered
O041955,CUST041956,R041955,3/8/2020,1527,COD,Delivered
O041956,CUST041957,R041956,10/9/2022,757,COD,Delivered
O041957,CUST041958,R041957,11/27/2021,1260,UPI,Delivered
O041958,CUST041959,R041958,2/7/2022,1444,Wallet,Delivered
O041959,CUST041960,R041959,4/5/2024,1128,Card,Delivered
O041960,CUST041961,R041960,4/19/2024,1970,COD,Delivered
O041961,CUST041962,R041961,7/14/2022,808,UPI,Delivered
O041962,CUST041963,R041962,1/15/2025,1882,Card,Cancelled
O041963,CUST041964,R041963,12/22/2024,1393,UPI,Delivered
O041964,CUST041965,R041964,6/14/2020,1398,UPI,Cancelled
O041965,CUST041966,R041965,5/17/2022,825,Card,Delivered
O041966,CUST041967,R041966,8/1/2019,1820,Card,Delivered
O041967,CUST041968,R041967,5/16/2023,251,COD,Delivered
O041968,CUST041969,R041968,11/2/2022,253,Card,Delivered
O041969,CUST041970,R041969,4/21/2024,374,Wallet,Delivered
O041970,CUST041971,R041970,1/1/2023,877,Card,Delivered
O041971,CUST041972,R041971,9/2/2022,1061,COD,Delivered
O041972,CUST041973,R041972,7/28/2019,787,UPI,Delivered
O041973,CUST041974,R041973,8/14/2020,872,COD,Delivered
O041974,CUST041975,R041974,1/23/2023,425,Wallet,Delivered
O041975,CUST041976,R041975,12/10/2025,1673,COD,Cancelled
O041976,CUST041977,R041976,12/4/2024,1538,UPI,Delivered
O041977,CUST041978,R041977,10/8/2023,1058,UPI,Delivered
O041978,CUST041979,R041978,6/14/2024,1454,UPI,Cancelled
O041979,CUST041980,R041979,5/11/2024,1437,UPI,Delivered
O041980,CUST041981,R041980,12/21/2025,1768,UPI,Delivered
O041981,CUST041982,R041981,3/12/2023,1814,Card,Delivered
O041982,CUST041983,R041982,12/15/2019,165,COD,Delivered
O041983,CUST041984,R041983,1/23/2023,1505,UPI,Cancelled
O041984,CUST041985,R041984,3/11/2023,153,COD,Delivered
O041985,CUST041986,R041985,11/22/2023,404,Card,Delivered
O041986,CUST041987,R041986,9/24/2021,1023,Card,Delivered
O041987,CUST041988,R041987,5/20/2022,1942,Wallet,Delivered
O041988,CUST041989,R041988,8/4/2020,827,Wallet,Delivered
O041989,CUST041990,R041989,3/19/2021,1582,Card,Delivered
O041990,CUST041991,R041990,4/17/2021,1103,COD,Delivered
O041991,CUST041992,R041991,7/3/2025,1542,Card,Delivered
O041992,CUST041993,R041992,10/11/2022,1486,UPI,Delivered
O041993,CUST041994,R041993,1/21/2025,1098,UPI,Delivered
O041994,CUST041995,R041994,7/13/2021,1859,Card,Delivered
O041995,CUST041996,R041995,4/17/2022,253,UPI,Delivered
O041996,CUST041997,R041996,8/13/2019,1764,Card,Delivered
O041997,CUST041998,R041997,8/11/2024,197,Card,Cancelled
O041998,CUST041999,R041998,8/25/2021,1460,Card,Delivered
O041999,CUST042000,R041999,5/24/2024,1068,COD,Delivered
O042000,CUST042001,R042000,10/28/2020,129,UPI,Delivered
O042001,CUST042002,R042001,6/20/2025,443,COD,Cancelled
O042002,CUST042003,R042002,7/19/2019,676,COD,Delivered
O042003,CUST042004,R042003,3/11/2021,1731,Card,Delivered
O042004,CUST042005,R042004,2/25/2020,1332,UPI,Delivered
O042005,CUST042006,R042005,9/6/2019,1146,Card,Delivered
O042006,CUST042007,R042006,6/2/2025,1206,Wallet,Delivered
O042007,CUST042008,R042007,5/28/2020,1476,COD,Delivered
O042008,CUST042009,R042008,11/11/2024,875,UPI,Delivered
O042009,CUST042010,R042009,7/8/2023,1381,Card,Delivered
O042010,CUST042011,R042010,6/14/2019,1759,COD,Delivered
O042011,CUST042012,R042011,5/6/2019,1251,Card,Delivered
O042012,CUST042013,R042012,1/19/2025,683,UPI,Cancelled
O042013,CUST042014,R042013,9/22/2022,931,Wallet,Delivered
O042014,CUST042015,R042014,9/15/2020,104,Card,Delivered
O042015,CUST042016,R042015,6/14/2019,336,Card,Delivered
O042016,CUST042017,R042016,2/23/2022,1838,Card,Delivered
O042017,CUST042018,R042017,6/19/2024,949,Card,Delivered
O042018,CUST042019,R042018,9/3/2021,1775,UPI,Delivered
O042019,CUST042020,R042019,1/25/2025,866,UPI,Delivered
O042020,CUST042021,R042020,7/1/2022,568,Card,Cancelled
O042021,CUST042022,R042021,1/20/2019,491,COD,Delivered
O042022,CUST042023,R042022,3/3/2025,1172,Card,Delivered
O042023,CUST042024,R042023,5/8/2019,1960,UPI,Delivered
O042024,CUST042025,R042024,8/1/2021,488,Wallet,Delivered
O042025,CUST042026,R042025,7/27/2019,884,COD,Delivered
O042026,CUST042027,R042026,6/25/2019,612,COD,Delivered
O042027,CUST042028,R042027,5/5/2024,1193,COD,Delivered
O042028,CUST042029,R042028,1/3/2025,536,COD,Delivered
O042029,CUST042030,R042029,10/11/2024,1070,UPI,Delivered
O042030,CUST042031,R042030,12/15/2023,1150,UPI,Delivered
O042031,CUST042032,R042031,10/6/2023,1138,Wallet,Delivered
O042032,CUST042033,R042032,1/14/2024,1955,UPI,Delivered
O042033,CUST042034,R042033,10/18/2023,812,UPI,Delivered
O042034,CUST042035,R042034,5/11/2025,1625,Card,Delivered
O042035,CUST042036,R042035,6/19/2022,1373,Card,Delivered
O042036,CUST042037,R042036,7/14/2023,102,Wallet,Delivered
O042037,CUST042038,R042037,4/18/2022,105,Card,Delivered
O042038,CUST042039,R042038,10/22/2021,544,Card,Delivered
O042039,CUST042040,R042039,6/19/2019,228,COD,Delivered
O042040,CUST042041,R042040,11/10/2021,1990,Card,Delivered
O042041,CUST042042,R042041,3/12/2020,153,COD,Delivered
O042042,CUST042043,R042042,5/6/2019,862,Card,Delivered
O042043,CUST042044,R042043,5/24/2021,810,Wallet,Delivered
O042044,CUST042045,R042044,6/28/2025,753,COD,Delivered
O042045,CUST042046,R042045,4/11/2019,682,Wallet,Delivered
O042046,CUST042047,R042046,3/27/2023,921,COD,Delivered
O042047,CUST042048,R042047,12/6/2025,1242,Wallet,Delivered
O042048,CUST042049,R042048,12/28/2022,1032,UPI,Delivered
O042049,CUST042050,R042049,11/8/2020,1793,UPI,Delivered
O042050,CUST042051,R042050,6/19/2024,733,UPI,Delivered
O042051,CUST042052,R042051,7/3/2019,1539,UPI,Delivered
O042052,CUST042053,R042052,9/14/2021,1788,UPI,Delivered
O042053,CUST042054,R042053,1/19/2023,1650,UPI,Delivered
O042054,CUST042055,R042054,4/9/2022,1671,Card,Delivered
O042055,CUST042056,R042055,5/28/2019,1490,Card,Delivered
O042056,CUST042057,R042056,11/11/2022,922,Wallet,Delivered
O042057,CUST042058,R042057,6/23/2022,413,Card,Delivered
O042058,CUST042059,R042058,10/20/2019,901,Wallet,Delivered
O042059,CUST042060,R042059,11/28/2019,965,Wallet,Delivered
O042060,CUST042061,R042060,11/14/2023,570,Wallet,Delivered
O042061,CUST042062,R042061,12/1/2024,1076,UPI,Delivered
O042062,CUST042063,R042062,11/9/2025,1882,COD,Cancelled
O042063,CUST042064,R042063,5/9/2025,778,UPI,Delivered
O042064,CUST042065,R042064,12/4/2024,1582,Wallet,Delivered
O042065,CUST042066,R042065,2/18/2021,943,UPI,Delivered
O042066,CUST042067,R042066,12/20/2021,285,Card,Delivered
O042067,CUST042068,R042067,12/9/2025,1758,Wallet,Delivered
O042068,CUST042069,R042068,7/16/2022,1533,Card,Delivered
O042069,CUST042070,R042069,11/12/2022,443,UPI,Delivered
O042070,CUST042071,R042070,4/3/2020,1470,UPI,Delivered
O042071,CUST042072,R042071,1/21/2022,561,Wallet,Delivered
O042072,CUST042073,R042072,12/25/2021,619,UPI,Cancelled
O042073,CUST042074,R042073,1/23/2025,187,COD,Cancelled
O042074,CUST042075,R042074,6/16/2025,693,COD,Delivered
O042075,CUST042076,R042075,11/4/2025,609,COD,Cancelled
O042076,CUST042077,R042076,8/4/2020,864,Wallet,Delivered
O042077,CUST042078,R042077,11/26/2019,1199,Card,Cancelled
O042078,CUST042079,R042078,8/27/2021,735,Wallet,Delivered
O042079,CUST042080,R042079,12/15/2021,1802,COD,Delivered
O042080,CUST042081,R042080,8/11/2019,659,COD,Delivered
O042081,CUST042082,R042081,6/11/2019,1193,UPI,Delivered
O042082,CUST042083,R042082,7/6/2024,1961,UPI,Delivered
O042083,CUST042084,R042083,6/15/2025,1086,Wallet,Delivered
O042084,CUST042085,R042084,9/15/2024,177,UPI,Delivered
O042085,CUST042086,R042085,11/20/2025,1247,Wallet,Delivered
O042086,CUST042087,R042086,9/17/2020,339,COD,Cancelled
O042087,CUST042088,R042087,6/10/2025,1687,Card,Delivered
O042088,CUST042089,R042088,4/13/2025,230,Card,Delivered
O042089,CUST042090,R042089,12/27/2024,655,Card,Cancelled
O042090,CUST042091,R042090,8/28/2021,1871,UPI,Delivered
O042091,CUST042092,R042091,7/21/2021,351,Card,Delivered
O042092,CUST042093,R042092,6/1/2022,1624,Card,Delivered
O042093,CUST042094,R042093,3/20/2023,1371,UPI,Cancelled
O042094,CUST042095,R042094,1/24/2025,1906,UPI,Delivered
O042095,CUST042096,R042095,8/17/2021,1827,Card,Cancelled
O042096,CUST042097,R042096,8/26/2024,562,Card,Delivered
O042097,CUST042098,R042097,7/26/2025,1900,COD,Delivered
O042098,CUST042099,R042098,11/17/2022,233,Card,Delivered
O042099,CUST042100,R042099,10/28/2024,1050,Card,Delivered
O042100,CUST042101,R042100,10/28/2024,1553,COD,Delivered
O042101,CUST042102,R042101,7/26/2019,942,COD,Delivered
O042102,CUST042103,R042102,2/9/2023,478,UPI,Delivered
O042103,CUST042104,R042103,4/28/2023,682,COD,Delivered
O042104,CUST042105,R042104,5/4/2020,1100,COD,Delivered
O042105,CUST042106,R042105,4/12/2023,1284,UPI,Delivered
O042106,CUST042107,R042106,5/2/2022,1479,Wallet,Delivered
O042107,CUST042108,R042107,1/18/2025,807,Wallet,Delivered
O042108,CUST042109,R042108,2/26/2021,1443,UPI,Cancelled
O042109,CUST042110,R042109,2/21/2019,222,COD,Delivered
O042110,CUST042111,R042110,8/20/2020,1517,Card,Delivered
O042111,CUST042112,R042111,11/11/2022,1750,UPI,Delivered
O042112,CUST042113,R042112,10/25/2019,1678,Card,Delivered
O042113,CUST042114,R042113,12/10/2019,1169,UPI,Cancelled
O042114,CUST042115,R042114,10/21/2021,603,UPI,Delivered
O042115,CUST042116,R042115,11/18/2021,1996,Wallet,Delivered
O042116,CUST042117,R042116,12/23/2025,899,Card,Delivered
O042117,CUST042118,R042117,9/27/2024,1729,Card,Delivered
O042118,CUST042119,R042118,5/22/2023,378,Wallet,Delivered
O042119,CUST042120,R042119,12/25/2022,1139,Card,Delivered
O042120,CUST042121,R042120,7/27/2025,428,Wallet,Delivered
O042121,CUST042122,R042121,11/23/2025,1059,Wallet,Delivered
O042122,CUST042123,R042122,10/15/2021,851,Wallet,Delivered
O042123,CUST042124,R042123,12/2/2025,1177,UPI,Cancelled
O042124,CUST042125,R042124,7/6/2024,1409,COD,Delivered
O042125,CUST042126,R042125,5/6/2023,1469,Card,Delivered
O042126,CUST042127,R042126,8/4/2021,1277,Card,Cancelled
O042127,CUST042128,R042127,10/15/2021,1833,UPI,Cancelled
O042128,CUST042129,R042128,3/13/2023,182,Wallet,Delivered
O042129,CUST042130,R042129,1/23/2025,943,Wallet,Delivered
O042130,CUST042131,R042130,4/17/2020,1773,COD,Delivered
O042131,CUST042132,R042131,1/22/2019,422,COD,Delivered
O042132,CUST042133,R042132,9/1/2020,294,COD,Delivered
O042133,CUST042134,R042133,7/7/2024,516,Wallet,Delivered
O042134,CUST042135,R042134,3/24/2023,1279,COD,Delivered
O042135,CUST042136,R042135,4/3/2022,895,Wallet,Delivered
O042136,CUST042137,R042136,5/2/2023,1184,COD,Delivered
O042137,CUST042138,R042137,2/7/2024,564,COD,Delivered
O042138,CUST042139,R042138,5/8/2021,1557,UPI,Delivered
O042139,CUST042140,R042139,8/7/2024,1322,COD,Delivered
O042140,CUST042141,R042140,12/3/2024,1449,Wallet,Delivered
O042141,CUST042142,R042141,8/6/2021,1699,UPI,Delivered
O042142,CUST042143,R042142,4/18/2020,1616,UPI,Delivered
O042143,CUST042144,R042143,10/18/2020,1433,Card,Delivered
O042144,CUST042145,R042144,9/17/2021,1939,Wallet,Delivered
O042145,CUST042146,R042145,11/10/2022,1985,Card,Cancelled
O042146,CUST042147,R042146,3/1/2019,625,UPI,Delivered
O042147,CUST042148,R042147,10/19/2023,1950,Card,Delivered
O042148,CUST042149,R042148,5/28/2024,511,COD,Delivered
O042149,CUST042150,R042149,9/25/2020,800,Card,Delivered
O042150,CUST042151,R042150,1/19/2024,181,Card,Cancelled
O042151,CUST042152,R042151,4/2/2020,1173,COD,Delivered
O042152,CUST042153,R042152,11/2/2019,1998,COD,Cancelled
O042153,CUST042154,R042153,10/4/2021,1065,Wallet,Delivered
O042154,CUST042155,R042154,4/1/2023,793,Wallet,Delivered
O042155,CUST042156,R042155,1/28/2025,1232,Wallet,Delivered
O042156,CUST042157,R042156,1/13/2022,1906,COD,Cancelled
O042157,CUST042158,R042157,1/12/2020,710,Wallet,Delivered
O042158,CUST042159,R042158,6/4/2024,1602,Card,Delivered
O042159,CUST042160,R042159,1/16/2019,1253,Wallet,Delivered
O042160,CUST042161,R042160,4/28/2023,1566,UPI,Delivered
O042161,CUST042162,R042161,4/22/2021,171,COD,Cancelled
O042162,CUST042163,R042162,5/19/2021,1045,UPI,Delivered
O042163,CUST042164,R042163,10/14/2021,1445,Wallet,Delivered
O042164,CUST042165,R042164,4/18/2019,1373,UPI,Cancelled
O042165,CUST042166,R042165,5/5/2025,1361,UPI,Delivered
O042166,CUST042167,R042166,5/21/2020,789,Wallet,Delivered
O042167,CUST042168,R042167,7/17/2019,994,COD,Delivered
O042168,CUST042169,R042168,5/18/2024,415,Card,Delivered
O042169,CUST042170,R042169,8/1/2023,206,Card,Delivered
O042170,CUST042171,R042170,3/17/2024,1800,Card,Delivered
O042171,CUST042172,R042171,5/21/2020,835,Card,Delivered
O042172,CUST042173,R042172,1/4/2025,1819,Wallet,Delivered
O042173,CUST042174,R042173,11/23/2021,755,Wallet,Delivered
O042174,CUST042175,R042174,4/11/2020,546,Card,Delivered
O042175,CUST042176,R042175,1/23/2024,661,Wallet,Delivered
O042176,CUST042177,R042176,6/9/2023,1596,Card,Delivered
O042177,CUST042178,R042177,6/5/2023,990,Wallet,Cancelled
O042178,CUST042179,R042178,1/28/2020,978,UPI,Delivered
O042179,CUST042180,R042179,9/18/2020,1418,COD,Delivered
O042180,CUST042181,R042180,8/27/2019,653,UPI,Delivered
O042181,CUST042182,R042181,9/13/2021,1976,Wallet,Delivered
O042182,CUST042183,R042182,2/11/2023,1724,Card,Delivered
O042183,CUST042184,R042183,9/19/2024,1591,UPI,Delivered
O042184,CUST042185,R042184,1/15/2022,1468,UPI,Delivered
O042185,CUST042186,R042185,10/14/2020,1479,COD,Delivered
O042186,CUST042187,R042186,12/20/2023,863,UPI,Delivered
O042187,CUST042188,R042187,1/20/2025,163,Card,Delivered
O042188,CUST042189,R042188,1/20/2025,277,COD,Delivered
O042189,CUST042190,R042189,11/3/2021,323,UPI,Delivered
O042190,CUST042191,R042190,7/15/2023,650,Wallet,Delivered
O042191,CUST042192,R042191,12/22/2020,595,Card,Delivered
O042192,CUST042193,R042192,3/27/2020,1208,COD,Delivered
O042193,CUST042194,R042193,6/28/2023,269,Wallet,Delivered
O042194,CUST042195,R042194,1/8/2023,878,COD,Delivered
O042195,CUST042196,R042195,12/25/2022,1384,Card,Delivered
O042196,CUST042197,R042196,5/13/2019,161,Wallet,Delivered
O042197,CUST042198,R042197,7/27/2024,1512,Card,Delivered
O042198,CUST042199,R042198,2/15/2025,1523,Card,Cancelled
O042199,CUST042200,R042199,3/21/2019,1963,UPI,Cancelled
O042200,CUST042201,R042200,5/20/2023,244,Card,Delivered
O042201,CUST042202,R042201,2/20/2025,495,Card,Delivered
O042202,CUST042203,R042202,12/19/2025,368,COD,Delivered
O042203,CUST042204,R042203,9/23/2019,171,Card,Delivered
O042204,CUST042205,R042204,12/23/2025,1694,Card,Cancelled
O042205,CUST042206,R042205,10/28/2025,1252,COD,Delivered
O042206,CUST042207,R042206,3/3/2021,805,Card,Delivered
O042207,CUST042208,R042207,6/23/2024,922,COD,Delivered
O042208,CUST042209,R042208,11/27/2020,1427,Wallet,Delivered
O042209,CUST042210,R042209,1/14/2019,833,COD,Delivered
O042210,CUST042211,R042210,12/28/2022,1303,UPI,Delivered
O042211,CUST042212,R042211,2/9/2024,1140,COD,Delivered
O042212,CUST042213,R042212,9/2/2020,1753,Card,Delivered
O042213,CUST042214,R042213,5/18/2023,1762,Wallet,Delivered
O042214,CUST042215,R042214,10/15/2020,1168,UPI,Delivered
O042215,CUST042216,R042215,5/16/2025,1885,Card,Cancelled
O042216,CUST042217,R042216,5/17/2021,284,Wallet,Delivered
O042217,CUST042218,R042217,6/7/2020,1310,Card,Delivered
O042218,CUST042219,R042218,1/23/2020,912,UPI,Delivered
O042219,CUST042220,R042219,3/26/2021,1608,Card,Delivered
O042220,CUST042221,R042220,2/17/2019,538,Card,Cancelled
O042221,CUST042222,R042221,8/21/2019,520,COD,Delivered
O042222,CUST042223,R042222,6/24/2019,450,COD,Delivered
O042223,CUST042224,R042223,1/2/2022,963,Card,Delivered
O042224,CUST042225,R042224,2/6/2019,1767,COD,Cancelled
O042225,CUST042226,R042225,1/25/2023,1369,UPI,Delivered
O042226,CUST042227,R042226,11/5/2025,490,COD,Delivered
O042227,CUST042228,R042227,2/24/2025,784,Wallet,Delivered
O042228,CUST042229,R042228,8/11/2019,1545,COD,Delivered
O042229,CUST042230,R042229,9/11/2025,912,COD,Delivered
O042230,CUST042231,R042230,2/1/2022,1101,Wallet,Delivered
O042231,CUST042232,R042231,1/17/2020,1301,Wallet,Delivered
O042232,CUST042233,R042232,4/8/2022,1022,UPI,Delivered
O042233,CUST042234,R042233,3/18/2025,1859,COD,Delivered
O042234,CUST042235,R042234,2/12/2023,910,Wallet,Delivered
O042235,CUST042236,R042235,9/17/2021,1727,Card,Delivered
O042236,CUST042237,R042236,7/21/2019,1351,UPI,Cancelled
O042237,CUST042238,R042237,4/12/2022,1188,UPI,Delivered
O042238,CUST042239,R042238,7/15/2020,746,Card,Delivered
O042239,CUST042240,R042239,9/23/2020,1735,UPI,Delivered
O042240,CUST042241,R042240,8/15/2022,160,COD,Delivered
O042241,CUST042242,R042241,10/2/2025,206,Card,Delivered
O042242,CUST042243,R042242,8/18/2020,333,COD,Delivered
O042243,CUST042244,R042243,6/27/2024,478,Card,Delivered
O042244,CUST042245,R042244,5/28/2023,917,COD,Delivered
O042245,CUST042246,R042245,6/26/2020,638,UPI,Delivered
O042246,CUST042247,R042246,6/13/2020,587,Card,Delivered
O042247,CUST042248,R042247,7/22/2021,570,Wallet,Delivered
O042248,CUST042249,R042248,5/11/2023,1523,COD,Delivered
O042249,CUST042250,R042249,9/2/2022,1395,Wallet,Delivered
O042250,CUST042251,R042250,12/7/2024,979,Wallet,Delivered
O042251,CUST042252,R042251,2/10/2020,1418,UPI,Delivered
O042252,CUST042253,R042252,3/5/2020,1395,Card,Cancelled
O042253,CUST042254,R042253,3/18/2021,1678,Wallet,Delivered
O042254,CUST042255,R042254,4/11/2019,1725,UPI,Delivered
O042255,CUST042256,R042255,1/15/2020,1850,Card,Delivered
O042256,CUST042257,R042256,9/22/2019,1149,UPI,Cancelled
O042257,CUST042258,R042257,7/10/2019,1911,Card,Delivered
O042258,CUST042259,R042258,2/21/2022,255,Card,Delivered
O042259,CUST042260,R042259,4/22/2025,869,Card,Delivered
O042260,CUST042261,R042260,3/16/2023,185,COD,Delivered
O042261,CUST042262,R042261,4/6/2020,294,COD,Delivered
O042262,CUST042263,R042262,3/17/2023,1012,UPI,Cancelled
O042263,CUST042264,R042263,6/8/2024,595,Card,Delivered
O042264,CUST042265,R042264,12/22/2021,1028,UPI,Delivered
O042265,CUST042266,R042265,2/28/2024,1011,UPI,Delivered
O042266,CUST042267,R042266,6/13/2022,877,UPI,Delivered
O042267,CUST042268,R042267,12/12/2021,1769,UPI,Delivered
O042268,CUST042269,R042268,5/15/2025,167,Wallet,Delivered
O042269,CUST042270,R042269,2/10/2022,1685,UPI,Cancelled
O042270,CUST042271,R042270,7/11/2024,1999,UPI,Delivered
O042271,CUST042272,R042271,3/24/2025,1355,Card,Delivered
O042272,CUST042273,R042272,8/23/2023,913,Wallet,Delivered
O042273,CUST042274,R042273,2/26/2023,229,UPI,Delivered
O042274,CUST042275,R042274,6/22/2023,339,COD,Delivered
O042275,CUST042276,R042275,6/18/2019,1100,COD,Delivered
O042276,CUST042277,R042276,10/9/2022,1651,Card,Delivered
O042277,CUST042278,R042277,12/23/2020,1247,UPI,Delivered
O042278,CUST042279,R042278,6/28/2022,1056,Card,Delivered
O042279,CUST042280,R042279,12/1/2024,1159,Wallet,Delivered
O042280,CUST042281,R042280,3/7/2023,1433,COD,Delivered
O042281,CUST042282,R042281,9/10/2022,795,Wallet,Delivered
O042282,CUST042283,R042282,3/7/2024,1302,Card,Delivered
O042283,CUST042284,R042283,1/12/2024,1616,COD,Delivered
O042284,CUST042285,R042284,3/6/2019,971,UPI,Delivered
O042285,CUST042286,R042285,1/18/2021,572,UPI,Delivered
O042286,CUST042287,R042286,10/21/2025,1033,Wallet,Delivered
O042287,CUST042288,R042287,6/16/2023,1856,Card,Delivered
O042288,CUST042289,R042288,2/12/2021,192,Card,Cancelled
O042289,CUST042290,R042289,7/19/2024,1738,Card,Cancelled
O042290,CUST042291,R042290,8/17/2022,908,Card,Delivered
O042291,CUST042292,R042291,11/25/2022,1684,UPI,Delivered
O042292,CUST042293,R042292,8/23/2019,774,Wallet,Delivered
O042293,CUST042294,R042293,10/28/2019,161,Card,Cancelled
O042294,CUST042295,R042294,10/19/2022,456,COD,Delivered
O042295,CUST042296,R042295,3/1/2024,1092,COD,Delivered
O042296,CUST042297,R042296,8/7/2025,337,Card,Delivered
O042297,CUST042298,R042297,7/28/2022,761,UPI,Delivered
O042298,CUST042299,R042298,8/12/2023,1201,Wallet,Delivered
O042299,CUST042300,R042299,3/3/2023,1184,COD,Delivered
O042300,CUST042301,R042300,6/13/2025,1044,COD,Delivered
O042301,CUST042302,R042301,1/7/2023,393,COD,Delivered
O042302,CUST042303,R042302,12/9/2023,927,UPI,Delivered
O042303,CUST042304,R042303,1/13/2019,1108,UPI,Delivered
O042304,CUST042305,R042304,8/28/2019,916,Wallet,Delivered
O042305,CUST042306,R042305,4/11/2019,1864,UPI,Delivered
O042306,CUST042307,R042306,10/16/2025,728,Wallet,Delivered
O042307,CUST042308,R042307,1/7/2019,1545,Card,Delivered
O042308,CUST042309,R042308,9/18/2023,1336,UPI,Delivered
O042309,CUST042310,R042309,7/12/2025,1961,Wallet,Delivered
O042310,CUST042311,R042310,7/16/2021,1852,UPI,Delivered
O042311,CUST042312,R042311,10/21/2020,390,Card,Delivered
O042312,CUST042313,R042312,2/19/2022,377,COD,Delivered
O042313,CUST042314,R042313,3/9/2019,1716,Card,Delivered
O042314,CUST042315,R042314,10/10/2020,1911,COD,Delivered
O042315,CUST042316,R042315,11/4/2023,718,Card,Delivered
O042316,CUST042317,R042316,7/22/2019,724,Wallet,Delivered
O042317,CUST042318,R042317,12/23/2024,706,COD,Delivered
O042318,CUST042319,R042318,7/6/2021,636,Wallet,Delivered
O042319,CUST042320,R042319,7/25/2023,835,Card,Delivered
O042320,CUST042321,R042320,2/4/2021,1161,COD,Delivered
O042321,CUST042322,R042321,11/27/2025,952,UPI,Delivered
O042322,CUST042323,R042322,10/7/2019,1578,Wallet,Delivered
O042323,CUST042324,R042323,1/18/2021,623,UPI,Delivered
O042324,CUST042325,R042324,4/2/2020,1384,Card,Delivered
O042325,CUST042326,R042325,6/13/2019,1895,Wallet,Delivered
O042326,CUST042327,R042326,9/18/2019,1507,UPI,Delivered
O042327,CUST042328,R042327,5/5/2020,1571,Card,Delivered
O042328,CUST042329,R042328,7/26/2025,1384,UPI,Delivered
O042329,CUST042330,R042329,9/9/2023,512,COD,Delivered
O042330,CUST042331,R042330,8/17/2019,323,UPI,Delivered
O042331,CUST042332,R042331,9/18/2019,252,COD,Delivered
O042332,CUST042333,R042332,10/20/2025,495,COD,Delivered
O042333,CUST042334,R042333,6/5/2022,1964,COD,Delivered
O042334,CUST042335,R042334,7/22/2020,569,UPI,Delivered
O042335,CUST042336,R042335,9/2/2019,1797,COD,Cancelled
O042336,CUST042337,R042336,2/28/2021,666,UPI,Delivered
O042337,CUST042338,R042337,11/3/2020,1471,Wallet,Delivered
O042338,CUST042339,R042338,3/16/2024,1050,UPI,Delivered
O042339,CUST042340,R042339,5/19/2022,141,Card,Delivered
O042340,CUST042341,R042340,2/8/2025,1614,Wallet,Delivered
O042341,CUST042342,R042341,12/14/2023,1428,Card,Cancelled
O042342,CUST042343,R042342,1/10/2021,601,UPI,Delivered
O042343,CUST042344,R042343,10/25/2022,1379,UPI,Delivered
O042344,CUST042345,R042344,1/19/2024,475,COD,Delivered
O042345,CUST042346,R042345,11/21/2025,539,UPI,Delivered
O042346,CUST042347,R042346,3/21/2025,151,Card,Delivered
O042347,CUST042348,R042347,1/15/2022,613,Card,Cancelled
O042348,CUST042349,R042348,2/2/2024,523,Card,Cancelled
O042349,CUST042350,R042349,12/3/2023,774,Wallet,Delivered
O042350,CUST042351,R042350,7/25/2022,1088,Card,Cancelled
O042351,CUST042352,R042351,8/26/2022,710,Wallet,Delivered
O042352,CUST042353,R042352,1/13/2024,1658,COD,Delivered
O042353,CUST042354,R042353,12/9/2022,516,COD,Cancelled
O042354,CUST042355,R042354,8/9/2025,1045,UPI,Delivered
O042355,CUST042356,R042355,8/5/2021,1595,Card,Delivered
O042356,CUST042357,R042356,11/7/2023,1039,Wallet,Delivered
O042357,CUST042358,R042357,5/13/2021,1993,UPI,Delivered
O042358,CUST042359,R042358,11/17/2020,1168,Wallet,Delivered
O042359,CUST042360,R042359,3/16/2025,259,Card,Cancelled
O042360,CUST042361,R042360,4/10/2024,1279,UPI,Delivered
O042361,CUST042362,R042361,3/12/2019,183,Card,Delivered
O042362,CUST042363,R042362,8/25/2025,565,UPI,Delivered
O042363,CUST042364,R042363,1/27/2022,1717,UPI,Delivered
O042364,CUST042365,R042364,4/21/2024,500,COD,Cancelled
O042365,CUST042366,R042365,7/8/2019,429,COD,Delivered
O042366,CUST042367,R042366,6/19/2022,133,Card,Delivered
O042367,CUST042368,R042367,1/6/2025,661,Card,Delivered
O042368,CUST042369,R042368,4/27/2023,321,Card,Delivered
O042369,CUST042370,R042369,8/4/2019,1083,UPI,Delivered
O042370,CUST042371,R042370,8/8/2023,1860,COD,Delivered
O042371,CUST042372,R042371,3/15/2022,153,Card,Cancelled
O042372,CUST042373,R042372,5/26/2024,970,UPI,Delivered
O042373,CUST042374,R042373,12/2/2020,1468,COD,Delivered
O042374,CUST042375,R042374,1/23/2025,896,COD,Delivered
O042375,CUST042376,R042375,9/8/2022,431,Wallet,Delivered
O042376,CUST042377,R042376,6/27/2019,532,COD,Delivered
O042377,CUST042378,R042377,2/3/2025,1212,COD,Delivered
O042378,CUST042379,R042378,8/11/2024,1141,UPI,Delivered
O042379,CUST042380,R042379,7/2/2019,1379,Wallet,Delivered
O042380,CUST042381,R042380,3/16/2023,527,Wallet,Delivered
O042381,CUST042382,R042381,5/24/2023,1033,UPI,Delivered
O042382,CUST042383,R042382,10/15/2025,1969,COD,Delivered
O042383,CUST042384,R042383,12/6/2025,1476,Card,Delivered
O042384,CUST042385,R042384,6/10/2024,1713,UPI,Cancelled
O042385,CUST042386,R042385,1/23/2021,1598,Card,Delivered
O042386,CUST042387,R042386,6/11/2020,1085,UPI,Delivered
O042387,CUST042388,R042387,5/20/2025,512,Wallet,Delivered
O042388,CUST042389,R042388,3/18/2022,1948,Wallet,Delivered
O042389,CUST042390,R042389,5/22/2023,683,Card,Delivered
O042390,CUST042391,R042390,10/25/2019,1841,Card,Delivered
O042391,CUST042392,R042391,5/20/2022,235,Wallet,Delivered
O042392,CUST042393,R042392,3/24/2021,990,Card,Cancelled
O042393,CUST042394,R042393,12/26/2019,318,COD,Delivered
O042394,CUST042395,R042394,8/19/2025,694,Wallet,Delivered
O042395,CUST042396,R042395,10/9/2025,697,COD,Delivered
O042396,CUST042397,R042396,1/27/2020,1092,UPI,Delivered
O042397,CUST042398,R042397,5/4/2019,1330,COD,Delivered
O042398,CUST042399,R042398,2/5/2021,1259,UPI,Delivered
O042399,CUST042400,R042399,6/6/2020,1236,Wallet,Cancelled
O042400,CUST042401,R042400,1/14/2020,1314,Wallet,Cancelled
O042401,CUST042402,R042401,7/12/2019,1564,COD,Delivered
O042402,CUST042403,R042402,1/16/2025,475,COD,Delivered
O042403,CUST042404,R042403,3/7/2025,1501,Card,Delivered
O042404,CUST042405,R042404,1/15/2024,278,Card,Delivered
O042405,CUST042406,R042405,12/21/2025,145,COD,Delivered
O042406,CUST042407,R042406,10/6/2024,362,Wallet,Delivered
O042407,CUST042408,R042407,9/22/2021,738,COD,Delivered
O042408,CUST042409,R042408,7/25/2021,789,Wallet,Delivered
O042409,CUST042410,R042409,1/28/2020,1040,COD,Cancelled
O042410,CUST042411,R042410,9/5/2024,485,COD,Delivered
O042411,CUST042412,R042411,10/6/2024,1477,UPI,Delivered
O042412,CUST042413,R042412,5/7/2025,1279,COD,Delivered
O042413,CUST042414,R042413,11/2/2020,1402,Wallet,Delivered
O042414,CUST042415,R042414,9/5/2023,1609,UPI,Delivered
O042415,CUST042416,R042415,9/17/2021,1531,UPI,Delivered
O042416,CUST042417,R042416,6/18/2023,1545,Card,Delivered
O042417,CUST042418,R042417,8/16/2024,1839,Wallet,Delivered
O042418,CUST042419,R042418,2/9/2021,1706,Card,Delivered
O042419,CUST042420,R042419,10/28/2024,470,UPI,Delivered
O042420,CUST042421,R042420,5/17/2023,1540,Card,Delivered
O042421,CUST042422,R042421,11/20/2025,405,COD,Delivered
O042422,CUST042423,R042422,4/23/2022,701,COD,Delivered
O042423,CUST042424,R042423,11/17/2022,102,Card,Delivered
O042424,CUST042425,R042424,6/28/2019,1088,COD,Delivered
O042425,CUST042426,R042425,2/4/2022,1908,COD,Delivered
O042426,CUST042427,R042426,12/3/2021,1019,COD,Delivered
O042427,CUST042428,R042427,4/28/2023,380,Wallet,Delivered
O042428,CUST042429,R042428,2/26/2021,1146,Wallet,Delivered
O042429,CUST042430,R042429,5/12/2025,1827,COD,Delivered
O042430,CUST042431,R042430,4/10/2019,567,COD,Delivered
O042431,CUST042432,R042431,8/4/2021,1497,UPI,Delivered
O042432,CUST042433,R042432,4/15/2025,1141,Wallet,Delivered
O042433,CUST042434,R042433,7/26/2025,1156,UPI,Delivered
O042434,CUST042435,R042434,12/16/2020,1924,Wallet,Delivered
O042435,CUST042436,R042435,4/17/2022,1329,Card,Delivered
O042436,CUST042437,R042436,9/19/2024,1662,UPI,Delivered
O042437,CUST042438,R042437,10/22/2023,1759,UPI,Delivered
O042438,CUST042439,R042438,7/13/2022,1699,UPI,Delivered
O042439,CUST042440,R042439,12/25/2021,699,Wallet,Delivered
O042440,CUST042441,R042440,12/22/2025,951,COD,Delivered
O042441,CUST042442,R042441,5/15/2022,379,Card,Delivered
O042442,CUST042443,R042442,4/28/2024,127,UPI,Delivered
O042443,CUST042444,R042443,10/16/2021,1657,Card,Delivered
O042444,CUST042445,R042444,8/20/2020,685,Card,Delivered
O042445,CUST042446,R042445,12/3/2021,330,COD,Delivered
O042446,CUST042447,R042446,8/22/2024,389,Wallet,Delivered
O042447,CUST042448,R042447,3/5/2024,397,Card,Delivered
O042448,CUST042449,R042448,1/20/2019,517,Wallet,Delivered
O042449,CUST042450,R042449,5/7/2025,1452,Card,Delivered
O042450,CUST042451,R042450,3/26/2020,949,Wallet,Cancelled
O042451,CUST042452,R042451,11/1/2019,931,Wallet,Delivered
O042452,CUST042453,R042452,4/16/2020,1326,COD,Cancelled
O042453,CUST042454,R042453,5/25/2024,568,UPI,Delivered
O042454,CUST042455,R042454,6/12/2024,1897,Wallet,Delivered
O042455,CUST042456,R042455,9/10/2022,1688,Card,Delivered
O042456,CUST042457,R042456,12/18/2023,1311,UPI,Delivered
O042457,CUST042458,R042457,12/14/2024,1313,UPI,Delivered
O042458,CUST042459,R042458,6/13/2021,1325,Card,Delivered
O042459,CUST042460,R042459,7/16/2024,497,UPI,Delivered
O042460,CUST042461,R042460,4/14/2024,1958,Card,Delivered
O042461,CUST042462,R042461,5/17/2021,133,COD,Delivered
O042462,CUST042463,R042462,12/1/2020,180,UPI,Delivered
O042463,CUST042464,R042463,1/13/2020,565,COD,Delivered
O042464,CUST042465,R042464,2/24/2021,547,Card,Delivered
O042465,CUST042466,R042465,1/26/2022,986,COD,Delivered
O042466,CUST042467,R042466,6/26/2019,185,Wallet,Delivered
O042467,CUST042468,R042467,6/6/2023,798,COD,Delivered
O042468,CUST042469,R042468,5/4/2024,1303,UPI,Delivered
O042469,CUST042470,R042469,12/13/2020,1592,Card,Cancelled
O042470,CUST042471,R042470,10/26/2024,974,Wallet,Cancelled
O042471,CUST042472,R042471,5/7/2021,941,Wallet,Cancelled
O042472,CUST042473,R042472,8/13/2019,1130,UPI,Cancelled
O042473,CUST042474,R042473,8/9/2021,1574,Card,Delivered
O042474,CUST042475,R042474,8/12/2023,222,Card,Delivered
O042475,CUST042476,R042475,6/17/2021,224,Card,Delivered
O042476,CUST042477,R042476,11/20/2025,1986,Card,Delivered
O042477,CUST042478,R042477,7/25/2023,1603,Card,Cancelled
O042478,CUST042479,R042478,6/26/2020,1205,COD,Delivered
O042479,CUST042480,R042479,10/27/2022,764,Card,Delivered
O042480,CUST042481,R042480,8/22/2020,842,COD,Delivered
O042481,CUST042482,R042481,3/25/2023,1348,COD,Cancelled
O042482,CUST042483,R042482,4/13/2025,748,COD,Delivered
O042483,CUST042484,R042483,2/27/2020,1018,Wallet,Delivered
O042484,CUST042485,R042484,5/8/2019,1028,COD,Delivered
O042485,CUST042486,R042485,6/1/2024,1348,UPI,Delivered
O042486,CUST042487,R042486,6/17/2019,1619,COD,Delivered
O042487,CUST042488,R042487,4/13/2019,1024,UPI,Delivered
O042488,CUST042489,R042488,9/12/2023,1779,Card,Delivered
O042489,CUST042490,R042489,3/15/2022,428,UPI,Delivered
O042490,CUST042491,R042490,6/9/2023,1220,UPI,Delivered
O042491,CUST042492,R042491,5/21/2020,822,UPI,Delivered
O042492,CUST042493,R042492,10/24/2024,1391,UPI,Delivered
O042493,CUST042494,R042493,2/17/2022,502,COD,Cancelled
O042494,CUST042495,R042494,11/20/2025,441,COD,Delivered
O042495,CUST042496,R042495,1/22/2023,365,COD,Delivered
O042496,CUST042497,R042496,4/1/2022,808,Card,Delivered
O042497,CUST042498,R042497,9/3/2022,1656,Card,Cancelled
O042498,CUST042499,R042498,9/24/2019,1009,UPI,Delivered
O042499,CUST042500,R042499,4/3/2019,346,COD,Delivered
O042500,CUST042501,R042500,9/22/2019,640,Wallet,Delivered
O042501,CUST042502,R042501,6/9/2020,1396,COD,Delivered
O042502,CUST042503,R042502,6/10/2023,1057,COD,Delivered
O042503,CUST042504,R042503,1/4/2023,880,UPI,Delivered
O042504,CUST042505,R042504,1/15/2022,1455,Wallet,Delivered
O042505,CUST042506,R042505,12/5/2019,1182,Card,Delivered
O042506,CUST042507,R042506,3/17/2023,119,Wallet,Delivered
O042507,CUST042508,R042507,6/15/2025,1113,UPI,Cancelled
O042508,CUST042509,R042508,2/19/2025,1685,Card,Delivered
O042509,CUST042510,R042509,1/23/2020,1197,UPI,Delivered
O042510,CUST042511,R042510,5/11/2025,1034,Wallet,Delivered
O042511,CUST042512,R042511,7/15/2021,386,Card,Delivered
O042512,CUST042513,R042512,6/23/2023,257,UPI,Delivered
O042513,CUST042514,R042513,12/13/2025,1918,COD,Delivered
O042514,CUST042515,R042514,12/28/2024,1959,Card,Cancelled
O042515,CUST042516,R042515,2/16/2024,434,COD,Delivered
O042516,CUST042517,R042516,1/2/2020,430,UPI,Delivered
O042517,CUST042518,R042517,8/21/2019,875,COD,Delivered
O042518,CUST042519,R042518,6/24/2023,559,UPI,Delivered
O042519,CUST042520,R042519,5/11/2025,507,COD,Delivered
O042520,CUST042521,R042520,10/20/2020,484,COD,Delivered
O042521,CUST042522,R042521,11/11/2024,1301,COD,Delivered
O042522,CUST042523,R042522,12/1/2023,1348,Wallet,Delivered
O042523,CUST042524,R042523,5/5/2025,825,Wallet,Delivered
O042524,CUST042525,R042524,3/9/2023,1013,UPI,Delivered
O042525,CUST042526,R042525,2/4/2023,1251,UPI,Delivered
O042526,CUST042527,R042526,9/15/2020,1578,Wallet,Delivered
O042527,CUST042528,R042527,10/9/2022,1619,UPI,Delivered
O042528,CUST042529,R042528,2/12/2019,1950,Card,Delivered
O042529,CUST042530,R042529,5/24/2024,1059,UPI,Delivered
O042530,CUST042531,R042530,2/8/2021,492,Card,Delivered
O042531,CUST042532,R042531,1/19/2023,219,Card,Delivered
O042532,CUST042533,R042532,11/20/2025,789,Card,Delivered
O042533,CUST042534,R042533,2/15/2024,100,COD,Delivered
O042534,CUST042535,R042534,7/5/2019,204,Card,Delivered
O042535,CUST042536,R042535,12/24/2023,965,Wallet,Cancelled
O042536,CUST042537,R042536,3/8/2020,489,UPI,Delivered
O042537,CUST042538,R042537,10/21/2025,630,Wallet,Delivered
O042538,CUST042539,R042538,10/26/2025,868,Wallet,Delivered
O042539,CUST042540,R042539,1/12/2020,306,Wallet,Delivered
O042540,CUST042541,R042540,1/4/2024,1235,Wallet,Delivered
O042541,CUST042542,R042541,7/7/2024,1610,Wallet,Delivered
O042542,CUST042543,R042542,11/5/2024,1103,UPI,Delivered
O042543,CUST042544,R042543,2/2/2021,1914,Wallet,Delivered
O042544,CUST042545,R042544,9/14/2024,1275,Card,Delivered
O042545,CUST042546,R042545,7/21/2025,876,COD,Delivered
O042546,CUST042547,R042546,12/21/2019,189,UPI,Delivered
O042547,CUST042548,R042547,1/21/2020,248,COD,Delivered
O042548,CUST042549,R042548,2/17/2020,1008,COD,Delivered
O042549,CUST042550,R042549,3/8/2020,1545,Card,Delivered
O042550,CUST042551,R042550,9/22/2023,718,Wallet,Delivered
O042551,CUST042552,R042551,6/27/2021,912,Card,Delivered
O042552,CUST042553,R042552,3/28/2023,1009,Wallet,Delivered
O042553,CUST042554,R042553,1/5/2024,1279,COD,Delivered
O042554,CUST042555,R042554,11/8/2022,940,COD,Delivered
O042555,CUST042556,R042555,2/7/2020,1191,UPI,Delivered
O042556,CUST042557,R042556,1/10/2019,1530,Card,Delivered
O042557,CUST042558,R042557,7/4/2021,891,UPI,Delivered
O042558,CUST042559,R042558,2/16/2020,493,UPI,Delivered
O042559,CUST042560,R042559,7/16/2019,817,Wallet,Delivered
O042560,CUST042561,R042560,9/15/2022,1808,Card,Delivered
O042561,CUST042562,R042561,6/11/2024,102,Card,Delivered
O042562,CUST042563,R042562,9/17/2020,1654,UPI,Delivered
O042563,CUST042564,R042563,9/16/2023,509,Card,Delivered
O042564,CUST042565,R042564,9/22/2023,1584,UPI,Delivered
O042565,CUST042566,R042565,7/22/2020,669,Wallet,Delivered
O042566,CUST042567,R042566,1/26/2019,1908,Card,Delivered
O042567,CUST042568,R042567,9/17/2020,557,COD,Delivered
O042568,CUST042569,R042568,2/3/2022,812,COD,Delivered
O042569,CUST042570,R042569,12/5/2023,301,Card,Cancelled
O042570,CUST042571,R042570,2/26/2023,682,UPI,Delivered
O042571,CUST042572,R042571,2/10/2020,1122,Wallet,Delivered
O042572,CUST042573,R042572,12/25/2019,1098,COD,Delivered
O042573,CUST042574,R042573,1/10/2021,1425,COD,Delivered
O042574,CUST042575,R042574,9/6/2019,774,UPI,Delivered
O042575,CUST042576,R042575,1/14/2020,1270,UPI,Delivered
O042576,CUST042577,R042576,11/18/2025,1136,Wallet,Delivered
O042577,CUST042578,R042577,4/6/2025,1200,COD,Delivered
O042578,CUST042579,R042578,10/17/2022,1759,UPI,Delivered
O042579,CUST042580,R042579,5/14/2022,1140,Wallet,Delivered
O042580,CUST042581,R042580,8/5/2019,1646,UPI,Cancelled
O042581,CUST042582,R042581,10/19/2023,1187,UPI,Delivered
O042582,CUST042583,R042582,9/8/2020,1818,Wallet,Delivered
O042583,CUST042584,R042583,1/15/2020,1816,UPI,Delivered
O042584,CUST042585,R042584,12/18/2025,348,Card,Cancelled
O042585,CUST042586,R042585,8/13/2020,287,COD,Delivered
O042586,CUST042587,R042586,11/7/2019,1626,Card,Delivered
O042587,CUST042588,R042587,10/9/2021,1864,Card,Delivered
O042588,CUST042589,R042588,8/3/2025,501,UPI,Delivered
O042589,CUST042590,R042589,11/21/2022,325,Wallet,Delivered
O042590,CUST042591,R042590,3/22/2024,564,COD,Delivered
O042591,CUST042592,R042591,2/5/2019,487,Wallet,Delivered
O042592,CUST042593,R042592,6/24/2023,724,COD,Delivered
O042593,CUST042594,R042593,7/28/2023,1306,COD,Delivered
O042594,CUST042595,R042594,4/1/2023,804,UPI,Delivered
O042595,CUST042596,R042595,2/5/2020,1435,Wallet,Delivered
O042596,CUST042597,R042596,3/16/2022,542,UPI,Delivered
O042597,CUST042598,R042597,9/28/2021,1865,Card,Cancelled
O042598,CUST042599,R042598,4/7/2022,1848,Wallet,Delivered
O042599,CUST042600,R042599,8/16/2024,1417,UPI,Delivered
O042600,CUST042601,R042600,6/3/2023,1485,UPI,Delivered
O042601,CUST042602,R042601,12/25/2022,1304,UPI,Delivered
O042602,CUST042603,R042602,2/16/2024,477,COD,Delivered
O042603,CUST042604,R042603,3/16/2024,180,Wallet,Delivered
O042604,CUST042605,R042604,12/17/2019,102,COD,Delivered
O042605,CUST042606,R042605,3/19/2021,340,COD,Delivered
O042606,CUST042607,R042606,2/4/2025,1935,Card,Delivered
O042607,CUST042608,R042607,11/24/2023,464,Wallet,Delivered
O042608,CUST042609,R042608,9/27/2021,1225,Card,Delivered
O042609,CUST042610,R042609,5/26/2024,159,Wallet,Delivered
O042610,CUST042611,R042610,5/23/2022,959,COD,Delivered
O042611,CUST042612,R042611,11/2/2022,576,Wallet,Delivered
O042612,CUST042613,R042612,11/11/2019,1995,UPI,Delivered
O042613,CUST042614,R042613,3/28/2020,1529,Wallet,Delivered
O042614,CUST042615,R042614,2/13/2019,1349,UPI,Cancelled
O042615,CUST042616,R042615,8/9/2020,521,UPI,Delivered
O042616,CUST042617,R042616,9/25/2022,1273,Wallet,Delivered
O042617,CUST042618,R042617,12/18/2019,190,COD,Delivered
O042618,CUST042619,R042618,7/19/2019,385,UPI,Delivered
O042619,CUST042620,R042619,8/20/2019,252,Card,Delivered
O042620,CUST042621,R042620,3/24/2021,507,Card,Delivered
O042621,CUST042622,R042621,12/1/2020,423,Card,Delivered
O042622,CUST042623,R042622,2/1/2022,631,Wallet,Delivered
O042623,CUST042624,R042623,1/23/2025,1003,Card,Delivered
O042624,CUST042625,R042624,5/20/2025,619,Wallet,Delivered
O042625,CUST042626,R042625,11/12/2019,1611,COD,Delivered
O042626,CUST042627,R042626,7/8/2024,301,COD,Cancelled
O042627,CUST042628,R042627,1/7/2025,965,Wallet,Delivered
O042628,CUST042629,R042628,4/3/2022,1515,UPI,Delivered
O042629,CUST042630,R042629,10/6/2024,890,Wallet,Delivered
O042630,CUST042631,R042630,4/13/2021,1883,UPI,Delivered
O042631,CUST042632,R042631,2/14/2019,1057,Wallet,Delivered
O042632,CUST042633,R042632,4/14/2021,365,Card,Delivered
O042633,CUST042634,R042633,5/11/2024,1136,UPI,Delivered
O042634,CUST042635,R042634,6/10/2020,1941,UPI,Delivered
O042635,CUST042636,R042635,9/24/2022,291,UPI,Cancelled
O042636,CUST042637,R042636,3/25/2020,1674,UPI,Delivered
O042637,CUST042638,R042637,3/15/2023,410,COD,Cancelled
O042638,CUST042639,R042638,7/6/2021,339,COD,Delivered
O042639,CUST042640,R042639,5/17/2022,1992,Card,Delivered
O042640,CUST042641,R042640,4/2/2020,625,Card,Delivered
O042641,CUST042642,R042641,8/26/2019,242,Wallet,Delivered
O042642,CUST042643,R042642,11/3/2019,998,COD,Delivered
O042643,CUST042644,R042643,3/7/2020,610,Wallet,Cancelled
O042644,CUST042645,R042644,12/26/2019,673,Wallet,Delivered
O042645,CUST042646,R042645,3/9/2025,1925,UPI,Delivered
O042646,CUST042647,R042646,7/13/2019,229,COD,Delivered
O042647,CUST042648,R042647,5/4/2020,752,COD,Delivered
O042648,CUST042649,R042648,5/18/2024,282,Wallet,Delivered
O042649,CUST042650,R042649,6/23/2020,485,COD,Delivered
O042650,CUST042651,R042650,12/26/2022,1166,COD,Delivered
O042651,CUST042652,R042651,11/9/2024,1051,Wallet,Delivered
O042652,CUST042653,R042652,7/28/2021,1294,Wallet,Delivered
O042653,CUST042654,R042653,2/15/2019,447,COD,Delivered
O042654,CUST042655,R042654,3/24/2023,998,UPI,Delivered
O042655,CUST042656,R042655,5/13/2023,1753,COD,Cancelled
O042656,CUST042657,R042656,3/4/2025,1321,Card,Delivered
O042657,CUST042658,R042657,10/9/2020,1559,UPI,Cancelled
O042658,CUST042659,R042658,5/20/2024,1749,UPI,Delivered
O042659,CUST042660,R042659,6/11/2021,985,Card,Delivered
O042660,CUST042661,R042660,12/17/2019,368,Wallet,Delivered
O042661,CUST042662,R042661,1/16/2023,1799,COD,Delivered
O042662,CUST042663,R042662,7/20/2021,274,Card,Delivered
O042663,CUST042664,R042663,12/20/2022,1794,Card,Delivered
O042664,CUST042665,R042664,12/19/2025,716,Wallet,Delivered
O042665,CUST042666,R042665,11/22/2025,910,UPI,Delivered
O042666,CUST042667,R042666,8/25/2020,239,Card,Delivered
O042667,CUST042668,R042667,3/18/2023,614,Wallet,Delivered
O042668,CUST042669,R042668,8/8/2025,654,COD,Delivered
O042669,CUST042670,R042669,2/6/2023,981,UPI,Delivered
O042670,CUST042671,R042670,6/3/2022,1176,COD,Delivered
O042671,CUST042672,R042671,7/4/2022,1365,UPI,Delivered
O042672,CUST042673,R042672,2/5/2023,1092,Wallet,Delivered
O042673,CUST042674,R042673,11/12/2023,1040,COD,Delivered
O042674,CUST042675,R042674,9/10/2025,1460,COD,Delivered
O042675,CUST042676,R042675,7/14/2021,1966,COD,Delivered
O042676,CUST042677,R042676,5/1/2022,1410,UPI,Delivered
O042677,CUST042678,R042677,4/13/2021,1710,UPI,Delivered
O042678,CUST042679,R042678,2/17/2020,1582,Card,Delivered
O042679,CUST042680,R042679,1/25/2019,1756,Card,Delivered
O042680,CUST042681,R042680,4/15/2025,224,Card,Delivered
O042681,CUST042682,R042681,10/18/2020,271,COD,Delivered
O042682,CUST042683,R042682,8/21/2025,1517,COD,Delivered
O042683,CUST042684,R042683,10/4/2025,374,COD,Delivered
O042684,CUST042685,R042684,12/4/2020,1583,UPI,Delivered
O042685,CUST042686,R042685,9/6/2021,1136,Card,Delivered
O042686,CUST042687,R042686,1/28/2019,1259,Wallet,Delivered
O042687,CUST042688,R042687,12/11/2020,1504,UPI,Delivered
O042688,CUST042689,R042688,11/15/2019,1164,Wallet,Delivered
O042689,CUST042690,R042689,5/12/2023,1454,UPI,Cancelled
O042690,CUST042691,R042690,9/14/2019,1755,Wallet,Delivered
O042691,CUST042692,R042691,1/7/2021,1627,Card,Delivered
O042692,CUST042693,R042692,12/27/2024,433,Wallet,Delivered
O042693,CUST042694,R042693,4/16/2025,1324,Card,Delivered
O042694,CUST042695,R042694,2/18/2025,316,Card,Delivered
O042695,CUST042696,R042695,4/22/2021,610,Card,Cancelled
O042696,CUST042697,R042696,3/14/2025,1897,Card,Delivered
O042697,CUST042698,R042697,11/27/2024,1243,Card,Delivered
O042698,CUST042699,R042698,10/3/2023,1765,COD,Delivered
O042699,CUST042700,R042699,7/2/2019,875,COD,Delivered
O042700,CUST042701,R042700,6/26/2022,230,Wallet,Delivered
O042701,CUST042702,R042701,1/25/2023,780,Wallet,Delivered
O042702,CUST042703,R042702,8/7/2024,1542,COD,Delivered
O042703,CUST042704,R042703,8/8/2019,482,COD,Cancelled
O042704,CUST042705,R042704,9/1/2023,1417,UPI,Delivered
O042705,CUST042706,R042705,4/21/2021,1062,COD,Delivered
O042706,CUST042707,R042706,5/26/2025,1115,UPI,Delivered
O042707,CUST042708,R042707,7/15/2025,1877,Wallet,Delivered
O042708,CUST042709,R042708,12/16/2023,1238,UPI,Delivered
O042709,CUST042710,R042709,6/18/2022,1513,UPI,Delivered
O042710,CUST042711,R042710,7/22/2019,1872,Card,Delivered
O042711,CUST042712,R042711,3/13/2021,1425,Card,Delivered
O042712,CUST042713,R042712,3/24/2021,1020,UPI,Delivered
O042713,CUST042714,R042713,10/20/2019,1225,COD,Cancelled
O042714,CUST042715,R042714,9/19/2025,397,COD,Cancelled
O042715,CUST042716,R042715,7/1/2024,444,UPI,Delivered
O042716,CUST042717,R042716,9/18/2019,1614,Card,Delivered
O042717,CUST042718,R042717,7/24/2025,605,UPI,Delivered
O042718,CUST042719,R042718,2/1/2019,251,COD,Delivered
O042719,CUST042720,R042719,6/24/2024,304,COD,Delivered
O042720,CUST042721,R042720,1/4/2023,175,Card,Delivered
O042721,CUST042722,R042721,12/20/2022,470,Wallet,Delivered
O042722,CUST042723,R042722,6/6/2021,1368,Card,Delivered
O042723,CUST042724,R042723,8/25/2021,1061,Wallet,Delivered
O042724,CUST042725,R042724,2/1/2020,787,Wallet,Delivered
O042725,CUST042726,R042725,6/13/2021,1221,COD,Cancelled
O042726,CUST042727,R042726,7/23/2023,458,Card,Delivered
O042727,CUST042728,R042727,5/10/2022,1487,Wallet,Cancelled
O042728,CUST042729,R042728,5/4/2021,1538,Card,Delivered
O042729,CUST042730,R042729,4/16/2020,1231,UPI,Delivered
O042730,CUST042731,R042730,2/12/2024,1278,UPI,Cancelled
O042731,CUST042732,R042731,12/11/2024,1245,Card,Delivered
O042732,CUST042733,R042732,2/18/2019,411,UPI,Delivered
O042733,CUST042734,R042733,8/13/2020,1867,UPI,Delivered
O042734,CUST042735,R042734,8/14/2024,1988,COD,Delivered
O042735,CUST042736,R042735,1/1/2021,139,UPI,Delivered
O042736,CUST042737,R042736,2/11/2022,676,COD,Delivered
O042737,CUST042738,R042737,6/23/2024,403,Card,Delivered
O042738,CUST042739,R042738,4/24/2022,838,COD,Delivered
O042739,CUST042740,R042739,8/25/2023,1975,Wallet,Delivered
O042740,CUST042741,R042740,8/5/2024,257,COD,Delivered
O042741,CUST042742,R042741,9/26/2025,1154,UPI,Delivered
O042742,CUST042743,R042742,12/10/2022,1450,Card,Delivered
O042743,CUST042744,R042743,12/22/2022,894,Wallet,Delivered
O042744,CUST042745,R042744,3/6/2019,899,COD,Delivered
O042745,CUST042746,R042745,10/15/2022,1083,Wallet,Delivered
O042746,CUST042747,R042746,4/7/2022,1484,UPI,Delivered
O042747,CUST042748,R042747,1/11/2024,1604,Wallet,Delivered
O042748,CUST042749,R042748,6/10/2021,1655,Card,Delivered
O042749,CUST042750,R042749,2/14/2025,336,UPI,Delivered
O042750,CUST042751,R042750,2/17/2019,1032,Card,Delivered
O042751,CUST042752,R042751,4/19/2022,1056,COD,Delivered
O042752,CUST042753,R042752,4/20/2025,609,Card,Delivered
O042753,CUST042754,R042753,6/20/2022,476,COD,Delivered
O042754,CUST042755,R042754,8/28/2023,1243,COD,Delivered
O042755,CUST042756,R042755,8/11/2025,605,Card,Delivered
O042756,CUST042757,R042756,9/25/2020,938,Wallet,Delivered
O042757,CUST042758,R042757,3/6/2019,943,Card,Delivered
O042758,CUST042759,R042758,8/3/2019,1128,UPI,Delivered
O042759,CUST042760,R042759,12/15/2025,1572,COD,Cancelled
O042760,CUST042761,R042760,5/12/2022,938,Wallet,Delivered
O042761,CUST042762,R042761,7/11/2021,1700,Card,Delivered
O042762,CUST042763,R042762,6/14/2023,349,UPI,Delivered
O042763,CUST042764,R042763,3/5/2020,1120,UPI,Delivered
O042764,CUST042765,R042764,8/19/2019,716,Wallet,Delivered
O042765,CUST042766,R042765,2/23/2020,1237,UPI,Delivered
O042766,CUST042767,R042766,2/15/2024,1994,COD,Delivered
O042767,CUST042768,R042767,6/14/2023,1871,Card,Delivered
O042768,CUST042769,R042768,9/21/2025,264,COD,Cancelled
O042769,CUST042770,R042769,7/26/2024,728,Card,Delivered
O042770,CUST042771,R042770,11/1/2021,1572,Card,Delivered
O042771,CUST042772,R042771,7/25/2019,918,Wallet,Delivered
O042772,CUST042773,R042772,8/9/2019,298,Card,Delivered
O042773,CUST042774,R042773,2/22/2024,598,Wallet,Delivered
O042774,CUST042775,R042774,7/8/2023,1317,COD,Delivered
O042775,CUST042776,R042775,6/9/2022,977,COD,Delivered
O042776,CUST042777,R042776,4/2/2022,730,Wallet,Delivered
O042777,CUST042778,R042777,8/14/2023,1344,Wallet,Delivered
O042778,CUST042779,R042778,3/5/2020,898,UPI,Delivered
O042779,CUST042780,R042779,8/16/2024,1610,Wallet,Delivered
O042780,CUST042781,R042780,2/9/2025,964,Card,Delivered
O042781,CUST042782,R042781,7/15/2020,1781,Card,Delivered
O042782,CUST042783,R042782,10/21/2019,1401,UPI,Delivered
O042783,CUST042784,R042783,1/12/2019,1232,UPI,Delivered
O042784,CUST042785,R042784,3/20/2020,534,Card,Delivered
O042785,CUST042786,R042785,10/24/2023,406,UPI,Delivered
O042786,CUST042787,R042786,10/16/2025,1877,COD,Delivered
O042787,CUST042788,R042787,12/27/2025,1749,Card,Delivered
O042788,CUST042789,R042788,10/14/2025,353,COD,Delivered
O042789,CUST042790,R042789,12/28/2021,281,UPI,Delivered
O042790,CUST042791,R042790,11/20/2019,721,COD,Delivered
O042791,CUST042792,R042791,1/24/2022,448,COD,Delivered
O042792,CUST042793,R042792,9/8/2021,146,COD,Delivered
O042793,CUST042794,R042793,2/14/2022,340,COD,Delivered
O042794,CUST042795,R042794,6/9/2025,1159,COD,Delivered
O042795,CUST042796,R042795,6/27/2019,1205,Wallet,Cancelled
O042796,CUST042797,R042796,2/4/2023,608,Wallet,Delivered
O042797,CUST042798,R042797,6/11/2021,966,UPI,Delivered
O042798,CUST042799,R042798,2/2/2025,1161,UPI,Delivered
O042799,CUST042800,R042799,1/13/2020,1493,Wallet,Delivered
O042800,CUST042801,R042800,6/8/2025,1539,UPI,Cancelled
O042801,CUST042802,R042801,9/9/2022,1914,Card,Delivered
O042802,CUST042803,R042802,8/23/2023,954,Wallet,Delivered
O042803,CUST042804,R042803,9/7/2025,338,Card,Delivered
O042804,CUST042805,R042804,9/18/2024,1965,UPI,Delivered
O042805,CUST042806,R042805,4/19/2023,254,Card,Delivered
O042806,CUST042807,R042806,5/9/2024,1902,Card,Delivered
O042807,CUST042808,R042807,6/3/2024,1961,Card,Delivered
O042808,CUST042809,R042808,2/22/2021,815,Wallet,Delivered
O042809,CUST042810,R042809,1/5/2020,399,UPI,Delivered
O042810,CUST042811,R042810,11/20/2021,583,Wallet,Delivered
O042811,CUST042812,R042811,9/25/2025,821,COD,Cancelled
O042812,CUST042813,R042812,1/10/2022,220,COD,Delivered
O042813,CUST042814,R042813,5/3/2020,1155,UPI,Delivered
O042814,CUST042815,R042814,10/6/2024,1531,COD,Delivered
O042815,CUST042816,R042815,1/5/2021,1061,Wallet,Delivered
O042816,CUST042817,R042816,5/1/2020,1898,COD,Delivered
O042817,CUST042818,R042817,1/12/2020,692,Wallet,Delivered
O042818,CUST042819,R042818,11/14/2025,1946,Card,Delivered
O042819,CUST042820,R042819,11/11/2024,1518,UPI,Delivered
O042820,CUST042821,R042820,7/13/2025,147,Card,Cancelled
O042821,CUST042822,R042821,4/8/2025,903,Card,Delivered
O042822,CUST042823,R042822,5/6/2025,1455,UPI,Cancelled
O042823,CUST042824,R042823,12/24/2024,627,Wallet,Delivered
O042824,CUST042825,R042824,1/25/2023,870,Card,Delivered
O042825,CUST042826,R042825,7/26/2020,799,COD,Delivered
O042826,CUST042827,R042826,9/3/2025,1200,COD,Delivered
O042827,CUST042828,R042827,6/7/2019,861,COD,Delivered
O042828,CUST042829,R042828,5/5/2019,1105,UPI,Delivered
O042829,CUST042830,R042829,12/10/2022,1419,COD,Delivered
O042830,CUST042831,R042830,10/28/2024,781,UPI,Delivered
O042831,CUST042832,R042831,8/14/2021,1990,UPI,Delivered
O042832,CUST042833,R042832,8/14/2022,673,Wallet,Delivered
O042833,CUST042834,R042833,7/14/2024,1665,Card,Delivered
O042834,CUST042835,R042834,3/9/2023,1532,Card,Delivered
O042835,CUST042836,R042835,2/15/2023,1798,UPI,Delivered
O042836,CUST042837,R042836,8/18/2019,417,UPI,Cancelled
O042837,CUST042838,R042837,5/20/2020,1498,UPI,Delivered
O042838,CUST042839,R042838,3/20/2022,590,Wallet,Delivered
O042839,CUST042840,R042839,9/5/2024,1872,Card,Delivered
O042840,CUST042841,R042840,12/16/2020,515,Card,Delivered
O042841,CUST042842,R042841,2/2/2023,721,Card,Delivered
O042842,CUST042843,R042842,8/4/2024,147,UPI,Cancelled
O042843,CUST042844,R042843,3/25/2024,397,Wallet,Delivered
O042844,CUST042845,R042844,11/9/2023,760,Wallet,Delivered
O042845,CUST042846,R042845,5/24/2022,955,COD,Delivered
O042846,CUST042847,R042846,3/8/2019,1282,COD,Delivered
O042847,CUST042848,R042847,3/4/2023,625,UPI,Delivered
O042848,CUST042849,R042848,5/10/2025,1414,UPI,Delivered
O042849,CUST042850,R042849,2/20/2023,1089,UPI,Delivered
O042850,CUST042851,R042850,4/4/2020,1115,Wallet,Delivered
O042851,CUST042852,R042851,2/15/2022,206,UPI,Delivered
O042852,CUST042853,R042852,3/19/2019,1488,UPI,Delivered
O042853,CUST042854,R042853,11/11/2023,131,UPI,Cancelled
O042854,CUST042855,R042854,9/25/2025,1394,UPI,Delivered
O042855,CUST042856,R042855,6/13/2022,1728,Wallet,Delivered
O042856,CUST042857,R042856,11/20/2019,1666,Wallet,Delivered
O042857,CUST042858,R042857,4/12/2022,1850,Card,Cancelled
O042858,CUST042859,R042858,11/12/2021,188,Card,Delivered
O042859,CUST042860,R042859,5/6/2023,1482,Card,Delivered
O042860,CUST042861,R042860,12/7/2020,1714,Card,Delivered
O042861,CUST042862,R042861,11/1/2021,602,UPI,Delivered
O042862,CUST042863,R042862,11/23/2020,279,COD,Delivered
O042863,CUST042864,R042863,2/20/2024,348,Card,Delivered
O042864,CUST042865,R042864,2/3/2021,406,Wallet,Delivered
O042865,CUST042866,R042865,9/22/2025,644,Wallet,Delivered
O042866,CUST042867,R042866,10/27/2022,1221,Card,Cancelled
O042867,CUST042868,R042867,6/28/2020,757,Wallet,Delivered
O042868,CUST042869,R042868,12/2/2021,1387,Wallet,Delivered
O042869,CUST042870,R042869,1/15/2019,393,Wallet,Delivered
O042870,CUST042871,R042870,10/27/2023,1467,UPI,Cancelled
O042871,CUST042872,R042871,11/7/2021,1705,Wallet,Delivered
O042872,CUST042873,R042872,6/16/2024,1136,UPI,Delivered
O042873,CUST042874,R042873,4/1/2023,1374,UPI,Delivered
O042874,CUST042875,R042874,7/23/2023,1406,Wallet,Cancelled
O042875,CUST042876,R042875,11/18/2020,322,COD,Delivered
O042876,CUST042877,R042876,10/15/2019,138,Wallet,Delivered
O042877,CUST042878,R042877,6/13/2021,1967,COD,Delivered
O042878,CUST042879,R042878,5/17/2020,261,UPI,Delivered
O042879,CUST042880,R042879,2/3/2019,1850,Card,Delivered
O042880,CUST042881,R042880,2/23/2022,373,Wallet,Delivered
O042881,CUST042882,R042881,9/27/2025,1003,UPI,Delivered
O042882,CUST042883,R042882,1/25/2020,1955,COD,Delivered
O042883,CUST042884,R042883,10/21/2023,560,COD,Delivered
O042884,CUST042885,R042884,7/1/2023,431,COD,Delivered
O042885,CUST042886,R042885,10/10/2020,1418,Wallet,Delivered
O042886,CUST042887,R042886,7/24/2025,991,COD,Delivered
O042887,CUST042888,R042887,11/5/2021,1066,Wallet,Delivered
O042888,CUST042889,R042888,5/4/2022,1845,UPI,Delivered
O042889,CUST042890,R042889,9/16/2023,766,Wallet,Delivered
O042890,CUST042891,R042890,6/10/2023,111,COD,Delivered
O042891,CUST042892,R042891,8/18/2023,349,UPI,Delivered
O042892,CUST042893,R042892,4/18/2023,1937,Card,Delivered
O042893,CUST042894,R042893,7/23/2024,417,Card,Delivered
O042894,CUST042895,R042894,1/27/2022,333,UPI,Delivered
O042895,CUST042896,R042895,9/26/2023,589,COD,Delivered
O042896,CUST042897,R042896,9/23/2021,647,COD,Delivered
O042897,CUST042898,R042897,10/19/2021,476,COD,Delivered
O042898,CUST042899,R042898,2/11/2025,1463,COD,Delivered
O042899,CUST042900,R042899,2/7/2022,146,COD,Delivered
O042900,CUST042901,R042900,4/6/2019,1109,Wallet,Delivered
O042901,CUST042902,R042901,12/5/2022,1043,UPI,Delivered
O042902,CUST042903,R042902,11/4/2019,811,COD,Delivered
O042903,CUST042904,R042903,2/10/2019,1803,Wallet,Delivered
O042904,CUST042905,R042904,4/12/2025,971,Wallet,Delivered
O042905,CUST042906,R042905,4/13/2020,318,UPI,Delivered
O042906,CUST042907,R042906,10/18/2019,1089,UPI,Delivered
O042907,CUST042908,R042907,11/9/2021,1851,UPI,Delivered
O042908,CUST042909,R042908,10/22/2024,205,Wallet,Cancelled
O042909,CUST042910,R042909,2/24/2023,1276,UPI,Delivered
O042910,CUST042911,R042910,1/14/2023,136,COD,Delivered
O042911,CUST042912,R042911,2/5/2025,234,COD,Delivered
O042912,CUST042913,R042912,8/16/2022,1837,Card,Delivered
O042913,CUST042914,R042913,8/28/2023,726,Card,Delivered
O042914,CUST042915,R042914,8/28/2023,137,Wallet,Delivered
O042915,CUST042916,R042915,5/27/2019,898,COD,Delivered
O042916,CUST042917,R042916,10/5/2021,529,Wallet,Delivered
O042917,CUST042918,R042917,10/24/2020,588,Wallet,Delivered
O042918,CUST042919,R042918,11/8/2021,1836,COD,Delivered
O042919,CUST042920,R042919,1/11/2025,706,Wallet,Delivered
O042920,CUST042921,R042920,2/4/2023,1516,Wallet,Delivered
O042921,CUST042922,R042921,2/17/2021,1008,UPI,Delivered
O042922,CUST042923,R042922,8/6/2024,893,Wallet,Cancelled
O042923,CUST042924,R042923,1/8/2023,1828,Card,Delivered
O042924,CUST042925,R042924,3/15/2025,945,Wallet,Delivered
O042925,CUST042926,R042925,12/11/2020,1183,Wallet,Delivered
O042926,CUST042927,R042926,2/13/2022,549,COD,Delivered
O042927,CUST042928,R042927,12/25/2019,849,UPI,Delivered
O042928,CUST042929,R042928,12/12/2025,1609,Card,Cancelled
O042929,CUST042930,R042929,2/3/2020,1285,UPI,Delivered
O042930,CUST042931,R042930,12/6/2019,1343,UPI,Delivered
O042931,CUST042932,R042931,6/18/2025,1658,UPI,Cancelled
O042932,CUST042933,R042932,1/8/2022,893,Card,Delivered
O042933,CUST042934,R042933,12/14/2023,326,Wallet,Delivered
O042934,CUST042935,R042934,9/15/2025,1764,Card,Delivered
O042935,CUST042936,R042935,7/19/2021,195,Card,Delivered
O042936,CUST042937,R042936,3/19/2022,1644,Card,Delivered
O042937,CUST042938,R042937,11/18/2019,561,COD,Delivered
O042938,CUST042939,R042938,2/21/2019,800,UPI,Delivered
O042939,CUST042940,R042939,7/23/2020,209,Card,Delivered
O042940,CUST042941,R042940,8/20/2020,464,Wallet,Delivered
O042941,CUST042942,R042941,11/6/2020,511,COD,Delivered
O042942,CUST042943,R042942,4/4/2022,902,UPI,Delivered
O042943,CUST042944,R042943,7/1/2019,1134,Card,Delivered
O042944,CUST042945,R042944,4/2/2019,1317,UPI,Cancelled
O042945,CUST042946,R042945,5/3/2019,1001,Wallet,Delivered
O042946,CUST042947,R042946,1/11/2025,955,COD,Delivered
O042947,CUST042948,R042947,9/9/2025,1380,Card,Delivered
O042948,CUST042949,R042948,10/14/2022,1755,COD,Delivered
O042949,CUST042950,R042949,5/28/2024,1304,UPI,Delivered
O042950,CUST042951,R042950,7/12/2021,1556,UPI,Delivered
O042951,CUST042952,R042951,2/16/2019,1428,Card,Delivered
O042952,CUST042953,R042952,9/25/2022,1905,Card,Delivered
O042953,CUST042954,R042953,7/15/2024,124,UPI,Delivered
O042954,CUST042955,R042954,5/16/2020,128,Card,Delivered
O042955,CUST042956,R042955,2/19/2022,946,Card,Cancelled
O042956,CUST042957,R042956,3/24/2021,1762,Card,Delivered
O042957,CUST042958,R042957,8/25/2024,934,UPI,Delivered
O042958,CUST042959,R042958,8/26/2020,662,Card,Delivered
O042959,CUST042960,R042959,10/20/2023,1174,COD,Delivered
O042960,CUST042961,R042960,5/4/2020,1423,Wallet,Cancelled
O042961,CUST042962,R042961,10/14/2022,1084,Wallet,Delivered
O042962,CUST042963,R042962,10/9/2022,1349,UPI,Cancelled
O042963,CUST042964,R042963,3/13/2024,1644,UPI,Delivered
O042964,CUST042965,R042964,9/6/2022,1471,Card,Delivered
O042965,CUST042966,R042965,10/25/2022,540,Wallet,Delivered
O042966,CUST042967,R042966,4/18/2022,1181,UPI,Delivered
O042967,CUST042968,R042967,8/17/2023,216,Card,Delivered
O042968,CUST042969,R042968,6/20/2019,138,Card,Delivered
O042969,CUST042970,R042969,1/11/2019,1806,Card,Delivered
O042970,CUST042971,R042970,12/25/2022,1153,Card,Delivered
O042971,CUST042972,R042971,4/26/2023,1718,Card,Delivered
O042972,CUST042973,R042972,3/28/2021,833,COD,Delivered
O042973,CUST042974,R042973,10/25/2025,151,COD,Delivered
O042974,CUST042975,R042974,4/24/2022,701,Wallet,Delivered
O042975,CUST042976,R042975,3/6/2022,1457,Card,Delivered
O042976,CUST042977,R042976,6/8/2019,370,COD,Cancelled
O042977,CUST042978,R042977,8/1/2019,1131,UPI,Delivered
O042978,CUST042979,R042978,6/20/2024,1169,COD,Delivered
O042979,CUST042980,R042979,1/27/2021,972,UPI,Delivered
O042980,CUST042981,R042980,4/11/2025,1732,Wallet,Delivered
O042981,CUST042982,R042981,5/15/2023,1132,Card,Delivered
O042982,CUST042983,R042982,8/16/2021,1467,UPI,Delivered
O042983,CUST042984,R042983,12/20/2022,1781,UPI,Delivered
O042984,CUST042985,R042984,3/10/2024,1339,Card,Delivered
O042985,CUST042986,R042985,7/22/2025,941,Wallet,Delivered
O042986,CUST042987,R042986,1/20/2020,1712,Card,Cancelled
O042987,CUST042988,R042987,4/18/2022,318,COD,Delivered
O042988,CUST042989,R042988,10/28/2024,358,Card,Delivered
O042989,CUST042990,R042989,1/17/2022,1888,Card,Delivered
O042990,CUST042991,R042990,4/23/2021,923,COD,Delivered
O042991,CUST042992,R042991,10/2/2022,829,COD,Delivered
O042992,CUST042993,R042992,3/1/2023,588,COD,Delivered
O042993,CUST042994,R042993,1/8/2022,460,Card,Delivered
O042994,CUST042995,R042994,11/24/2023,322,Wallet,Delivered
O042995,CUST042996,R042995,7/4/2025,827,Card,Delivered
O042996,CUST042997,R042996,5/23/2019,1013,Wallet,Delivered
O042997,CUST042998,R042997,10/26/2024,702,Wallet,Delivered
O042998,CUST042999,R042998,6/10/2024,1142,Card,Delivered
O042999,CUST043000,R042999,2/23/2022,378,UPI,Delivered
O043000,CUST043001,R043000,10/7/2021,1445,COD,Delivered
O043001,CUST043002,R043001,4/3/2023,1491,UPI,Delivered
O043002,CUST043003,R043002,12/15/2021,1077,Wallet,Delivered
O043003,CUST043004,R043003,7/11/2025,1123,UPI,Cancelled
O043004,CUST043005,R043004,8/10/2020,1918,Card,Delivered
O043005,CUST043006,R043005,1/17/2022,311,UPI,Delivered
O043006,CUST043007,R043006,10/11/2019,1724,UPI,Delivered
O043007,CUST043008,R043007,2/12/2020,1839,COD,Delivered
O043008,CUST043009,R043008,3/27/2020,1629,UPI,Delivered
O043009,CUST043010,R043009,9/18/2023,629,COD,Delivered
O043010,CUST043011,R043010,1/21/2019,363,UPI,Delivered
O043011,CUST043012,R043011,8/22/2022,758,COD,Delivered
O043012,CUST043013,R043012,3/23/2023,1895,COD,Delivered
O043013,CUST043014,R043013,7/3/2025,172,COD,Delivered
O043014,CUST043015,R043014,7/26/2025,1108,UPI,Delivered
O043015,CUST043016,R043015,7/10/2021,1228,Card,Delivered
O043016,CUST043017,R043016,1/20/2025,745,Wallet,Delivered
O043017,CUST043018,R043017,12/4/2024,1011,COD,Delivered
O043018,CUST043019,R043018,9/12/2023,940,Wallet,Delivered
O043019,CUST043020,R043019,5/6/2019,1384,Wallet,Cancelled
O043020,CUST043021,R043020,3/9/2022,1498,Wallet,Delivered
O043021,CUST043022,R043021,10/8/2023,1246,Card,Cancelled
O043022,CUST043023,R043022,9/12/2025,246,Wallet,Delivered
O043023,CUST043024,R043023,1/16/2019,991,UPI,Delivered
O043024,CUST043025,R043024,11/17/2024,418,Card,Delivered
O043025,CUST043026,R043025,8/18/2020,101,Wallet,Delivered
O043026,CUST043027,R043026,1/13/2025,1864,Card,Delivered
O043027,CUST043028,R043027,7/20/2024,724,COD,Delivered
O043028,CUST043029,R043028,3/4/2023,557,Card,Delivered
O043029,CUST043030,R043029,12/15/2022,832,UPI,Delivered
O043030,CUST043031,R043030,4/5/2022,1056,Card,Delivered
O043031,CUST043032,R043031,8/2/2025,984,UPI,Delivered
O043032,CUST043033,R043032,3/14/2024,1422,COD,Delivered
O043033,CUST043034,R043033,10/10/2022,653,Wallet,Delivered
O043034,CUST043035,R043034,9/9/2021,1334,Card,Delivered
O043035,CUST043036,R043035,5/12/2020,195,Wallet,Delivered
O043036,CUST043037,R043036,3/3/2022,1034,UPI,Delivered
O043037,CUST043038,R043037,7/18/2022,636,Wallet,Delivered
O043038,CUST043039,R043038,7/19/2025,1201,Wallet,Delivered
O043039,CUST043040,R043039,9/13/2021,1952,Card,Delivered
O043040,CUST043041,R043040,9/13/2022,1780,Card,Delivered
O043041,CUST043042,R043041,1/20/2021,173,COD,Cancelled
O043042,CUST043043,R043042,3/26/2020,449,Card,Delivered
O043043,CUST043044,R043043,11/28/2022,1727,UPI,Delivered
O043044,CUST043045,R043044,3/24/2020,774,Wallet,Delivered
O043045,CUST043046,R043045,7/8/2021,150,Card,Delivered
O043046,CUST043047,R043046,4/19/2022,445,Wallet,Delivered
O043047,CUST043048,R043047,9/3/2021,950,COD,Delivered
O043048,CUST043049,R043048,8/7/2022,871,Wallet,Delivered
O043049,CUST043050,R043049,12/28/2019,651,Wallet,Delivered
O043050,CUST043051,R043050,3/12/2024,1265,Wallet,Delivered
O043051,CUST043052,R043051,9/3/2023,818,UPI,Delivered
O043052,CUST043053,R043052,9/18/2025,1568,Wallet,Delivered
O043053,CUST043054,R043053,1/8/2021,1440,UPI,Delivered
O043054,CUST043055,R043054,9/14/2023,1691,Card,Delivered
O043055,CUST043056,R043055,3/20/2020,1252,UPI,Delivered
O043056,CUST043057,R043056,5/9/2022,1343,UPI,Delivered
O043057,CUST043058,R043057,3/19/2023,434,UPI,Delivered
O043058,CUST043059,R043058,1/23/2022,301,UPI,Delivered
O043059,CUST043060,R043059,4/14/2022,1962,COD,Delivered
O043060,CUST043061,R043060,9/28/2023,1578,Card,Delivered
O043061,CUST043062,R043061,10/17/2024,488,Card,Delivered
O043062,CUST043063,R043062,9/2/2021,311,UPI,Delivered
O043063,CUST043064,R043063,12/22/2022,642,COD,Delivered
O043064,CUST043065,R043064,5/25/2025,363,COD,Delivered
O043065,CUST043066,R043065,12/9/2024,1956,Card,Cancelled
O043066,CUST043067,R043066,5/14/2023,294,Wallet,Delivered
O043067,CUST043068,R043067,2/5/2025,1112,COD,Delivered
O043068,CUST043069,R043068,7/26/2022,1119,Wallet,Delivered
O043069,CUST043070,R043069,7/3/2019,720,COD,Delivered
O043070,CUST043071,R043070,9/10/2020,823,UPI,Delivered
O043071,CUST043072,R043071,4/1/2023,1579,UPI,Cancelled
O043072,CUST043073,R043072,4/12/2019,1382,Wallet,Delivered
O043073,CUST043074,R043073,9/6/2020,1129,UPI,Delivered
O043074,CUST043075,R043074,4/7/2021,1766,Card,Delivered
O043075,CUST043076,R043075,7/21/2023,874,Wallet,Delivered
O043076,CUST043077,R043076,1/13/2019,301,Card,Delivered
O043077,CUST043078,R043077,7/16/2024,1924,UPI,Delivered
O043078,CUST043079,R043078,10/21/2024,164,Card,Delivered
O043079,CUST043080,R043079,5/8/2023,1811,Card,Delivered
O043080,CUST043081,R043080,2/2/2020,1745,Card,Delivered
O043081,CUST043082,R043081,6/21/2019,779,UPI,Delivered
O043082,CUST043083,R043082,9/4/2021,511,UPI,Delivered
O043083,CUST043084,R043083,6/19/2019,440,Wallet,Delivered
O043084,CUST043085,R043084,12/24/2024,672,Card,Cancelled
O043085,CUST043086,R043085,8/7/2025,109,COD,Delivered
O043086,CUST043087,R043086,12/1/2022,790,Wallet,Delivered
O043087,CUST043088,R043087,8/4/2021,1382,COD,Delivered
O043088,CUST043089,R043088,1/2/2023,917,Wallet,Delivered
O043089,CUST043090,R043089,4/28/2022,1818,COD,Delivered
O043090,CUST043091,R043090,10/11/2019,652,Wallet,Delivered
O043091,CUST043092,R043091,10/15/2024,1725,Card,Delivered
O043092,CUST043093,R043092,6/9/2024,1427,COD,Delivered
O043093,CUST043094,R043093,4/12/2022,1535,UPI,Delivered
O043094,CUST043095,R043094,2/15/2021,396,Card,Delivered
O043095,CUST043096,R043095,4/27/2021,1183,Wallet,Delivered
O043096,CUST043097,R043096,7/16/2021,1995,Wallet,Delivered
O043097,CUST043098,R043097,4/18/2021,288,UPI,Delivered
O043098,CUST043099,R043098,7/19/2025,645,COD,Delivered
O043099,CUST043100,R043099,8/2/2025,834,COD,Delivered
O043100,CUST043101,R043100,8/6/2019,580,COD,Delivered
O043101,CUST043102,R043101,8/3/2022,961,UPI,Delivered
O043102,CUST043103,R043102,2/7/2020,1340,COD,Delivered
O043103,CUST043104,R043103,4/26/2020,696,Wallet,Delivered
O043104,CUST043105,R043104,9/17/2022,1942,Wallet,Delivered
O043105,CUST043106,R043105,2/10/2024,626,Wallet,Delivered
O043106,CUST043107,R043106,8/12/2020,1580,Card,Delivered
O043107,CUST043108,R043107,8/8/2023,1452,Card,Delivered
O043108,CUST043109,R043108,6/15/2024,1718,Wallet,Delivered
O043109,CUST043110,R043109,2/17/2020,138,UPI,Cancelled
O043110,CUST043111,R043110,9/19/2019,1388,UPI,Delivered
O043111,CUST043112,R043111,3/19/2021,436,COD,Delivered
O043112,CUST043113,R043112,10/3/2020,1467,Card,Delivered
O043113,CUST043114,R043113,9/15/2021,371,Card,Cancelled
O043114,CUST043115,R043114,11/26/2023,622,Card,Delivered
O043115,CUST043116,R043115,2/2/2020,1968,Card,Delivered
O043116,CUST043117,R043116,5/23/2022,311,Wallet,Delivered
O043117,CUST043118,R043117,6/11/2021,670,Wallet,Delivered
O043118,CUST043119,R043118,12/22/2024,734,COD,Delivered
O043119,CUST043120,R043119,3/7/2020,1240,COD,Delivered
O043120,CUST043121,R043120,4/3/2025,545,UPI,Delivered
O043121,CUST043122,R043121,10/9/2021,1334,UPI,Delivered
O043122,CUST043123,R043122,5/19/2023,941,Wallet,Delivered
O043123,CUST043124,R043123,1/1/2024,1005,Wallet,Delivered
O043124,CUST043125,R043124,6/14/2023,1996,Wallet,Cancelled
O043125,CUST043126,R043125,1/18/2024,1083,UPI,Delivered
O043126,CUST043127,R043126,5/9/2023,1889,Card,Delivered
O043127,CUST043128,R043127,4/23/2023,1250,Card,Delivered
O043128,CUST043129,R043128,3/12/2020,148,UPI,Delivered
O043129,CUST043130,R043129,9/18/2019,1872,UPI,Cancelled
O043130,CUST043131,R043130,12/20/2021,287,COD,Delivered
O043131,CUST043132,R043131,12/16/2024,525,Card,Delivered
O043132,CUST043133,R043132,4/8/2022,1440,UPI,Delivered
O043133,CUST043134,R043133,8/12/2019,1678,COD,Delivered
O043134,CUST043135,R043134,2/28/2020,523,UPI,Delivered
O043135,CUST043136,R043135,6/22/2025,130,COD,Delivered
O043136,CUST043137,R043136,5/19/2023,193,Card,Delivered
O043137,CUST043138,R043137,1/2/2024,295,COD,Delivered
O043138,CUST043139,R043138,5/21/2021,807,Wallet,Delivered
O043139,CUST043140,R043139,9/25/2020,1078,Card,Delivered
O043140,CUST043141,R043140,1/26/2021,613,Wallet,Delivered
O043141,CUST043142,R043141,10/28/2021,1238,Wallet,Delivered
O043142,CUST043143,R043142,10/14/2025,347,COD,Delivered
O043143,CUST043144,R043143,10/9/2025,1420,UPI,Delivered
O043144,CUST043145,R043144,11/4/2023,1619,Wallet,Delivered
O043145,CUST043146,R043145,2/13/2021,1056,Wallet,Delivered
O043146,CUST043147,R043146,8/1/2025,1295,Card,Delivered
O043147,CUST043148,R043147,9/23/2020,1195,Wallet,Cancelled
O043148,CUST043149,R043148,2/16/2019,280,Card,Delivered
O043149,CUST043150,R043149,3/13/2022,1884,COD,Delivered
O043150,CUST043151,R043150,7/12/2024,1814,Card,Delivered
O043151,CUST043152,R043151,5/16/2021,1802,UPI,Delivered
O043152,CUST043153,R043152,6/27/2022,1749,Card,Delivered
O043153,CUST043154,R043153,5/20/2024,229,COD,Delivered
O043154,CUST043155,R043154,11/25/2023,855,UPI,Delivered
O043155,CUST043156,R043155,7/23/2023,1864,COD,Delivered
O043156,CUST043157,R043156,4/24/2019,1036,COD,Delivered
O043157,CUST043158,R043157,10/27/2020,390,COD,Delivered
O043158,CUST043159,R043158,10/8/2023,1339,Wallet,Delivered
O043159,CUST043160,R043159,7/23/2024,911,COD,Delivered
O043160,CUST043161,R043160,2/4/2020,980,COD,Delivered
O043161,CUST043162,R043161,1/11/2023,1798,Wallet,Delivered
O043162,CUST043163,R043162,12/16/2024,656,COD,Delivered
O043163,CUST043164,R043163,11/8/2024,1430,UPI,Delivered
O043164,CUST043165,R043164,1/10/2023,1417,Wallet,Delivered
O043165,CUST043166,R043165,7/11/2023,1365,Card,Delivered
O043166,CUST043167,R043166,8/15/2019,1791,Card,Delivered
O043167,CUST043168,R043167,11/19/2023,1955,UPI,Cancelled
O043168,CUST043169,R043168,3/17/2025,690,COD,Delivered
O043169,CUST043170,R043169,5/24/2019,557,COD,Delivered
O043170,CUST043171,R043170,12/15/2023,435,COD,Delivered
O043171,CUST043172,R043171,2/9/2019,1427,Card,Delivered
O043172,CUST043173,R043172,9/4/2022,1967,COD,Delivered
O043173,CUST043174,R043173,3/5/2020,1024,Wallet,Delivered
O043174,CUST043175,R043174,3/4/2021,953,UPI,Delivered
O043175,CUST043176,R043175,6/3/2025,700,COD,Delivered
O043176,CUST043177,R043176,11/10/2022,1522,Wallet,Delivered
O043177,CUST043178,R043177,1/11/2022,572,Wallet,Cancelled
O043178,CUST043179,R043178,12/12/2021,175,UPI,Delivered
O043179,CUST043180,R043179,4/16/2022,946,UPI,Delivered
O043180,CUST043181,R043180,8/7/2019,1745,UPI,Delivered
O043181,CUST043182,R043181,4/18/2020,349,Wallet,Delivered
O043182,CUST043183,R043182,7/26/2021,1186,UPI,Delivered
O043183,CUST043184,R043183,5/12/2023,1952,Card,Delivered
O043184,CUST043185,R043184,9/3/2020,153,COD,Delivered
O043185,CUST043186,R043185,6/14/2024,1627,Card,Delivered
O043186,CUST043187,R043186,11/27/2022,685,UPI,Delivered
O043187,CUST043188,R043187,3/27/2021,1947,Wallet,Cancelled
O043188,CUST043189,R043188,2/26/2020,807,Card,Delivered
O043189,CUST043190,R043189,3/4/2019,424,COD,Cancelled
O043190,CUST043191,R043190,2/21/2023,233,COD,Delivered
O043191,CUST043192,R043191,11/6/2020,1692,Card,Delivered
O043192,CUST043193,R043192,4/10/2024,556,Wallet,Cancelled
O043193,CUST043194,R043193,12/2/2023,1361,Wallet,Delivered
O043194,CUST043195,R043194,4/15/2022,978,UPI,Delivered
O043195,CUST043196,R043195,12/8/2019,846,Wallet,Cancelled
O043196,CUST043197,R043196,1/6/2025,1742,Wallet,Delivered
O043197,CUST043198,R043197,6/13/2021,1671,Card,Delivered
O043198,CUST043199,R043198,2/9/2019,1909,UPI,Delivered
O043199,CUST043200,R043199,6/22/2022,1313,Wallet,Delivered
O043200,CUST043201,R043200,9/8/2021,1607,Card,Delivered
O043201,CUST043202,R043201,10/22/2024,423,Card,Delivered
O043202,CUST043203,R043202,9/13/2019,1136,UPI,Delivered
O043203,CUST043204,R043203,1/6/2020,945,UPI,Delivered
O043204,CUST043205,R043204,9/18/2019,1558,UPI,Cancelled
O043205,CUST043206,R043205,12/7/2023,1311,Card,Delivered
O043206,CUST043207,R043206,2/12/2022,173,Wallet,Delivered
O043207,CUST043208,R043207,8/13/2024,1865,Card,Cancelled
O043208,CUST043209,R043208,2/18/2025,1989,UPI,Cancelled
O043209,CUST043210,R043209,6/17/2019,1608,UPI,Cancelled
O043210,CUST043211,R043210,6/15/2019,482,COD,Delivered
O043211,CUST043212,R043211,8/19/2023,720,UPI,Delivered
O043212,CUST043213,R043212,10/22/2019,123,Card,Delivered
O043213,CUST043214,R043213,7/19/2024,417,Wallet,Delivered
O043214,CUST043215,R043214,8/6/2023,290,Card,Delivered
O043215,CUST043216,R043215,9/3/2023,753,Wallet,Delivered
O043216,CUST043217,R043216,9/28/2021,735,Card,Delivered
O043217,CUST043218,R043217,11/27/2021,1174,Wallet,Cancelled
O043218,CUST043219,R043218,3/2/2025,896,COD,Delivered
O043219,CUST043220,R043219,6/9/2022,844,COD,Delivered
O043220,CUST043221,R043220,4/7/2019,1480,Card,Delivered
O043221,CUST043222,R043221,10/15/2022,1606,COD,Delivered
O043222,CUST043223,R043222,12/26/2019,1225,UPI,Delivered
O043223,CUST043224,R043223,1/10/2019,142,UPI,Delivered
O043224,CUST043225,R043224,4/13/2025,1386,Card,Delivered
O043225,CUST043226,R043225,3/19/2020,1815,UPI,Delivered
O043226,CUST043227,R043226,3/13/2025,1936,UPI,Delivered
O043227,CUST043228,R043227,5/15/2021,1982,Card,Delivered
O043228,CUST043229,R043228,12/26/2025,903,UPI,Cancelled
O043229,CUST043230,R043229,7/23/2024,1363,UPI,Delivered
O043230,CUST043231,R043230,11/24/2023,791,COD,Delivered
O043231,CUST043232,R043231,3/25/2025,513,UPI,Delivered
O043232,CUST043233,R043232,7/19/2022,460,Card,Delivered
O043233,CUST043234,R043233,3/2/2023,1140,COD,Cancelled
O043234,CUST043235,R043234,6/9/2024,508,COD,Delivered
O043235,CUST043236,R043235,6/28/2019,842,UPI,Delivered
O043236,CUST043237,R043236,9/5/2021,1563,UPI,Delivered
O043237,CUST043238,R043237,1/23/2020,1430,Card,Delivered
O043238,CUST043239,R043238,7/19/2025,493,COD,Delivered
O043239,CUST043240,R043239,4/17/2021,1091,UPI,Delivered
O043240,CUST043241,R043240,9/15/2019,130,Card,Delivered
O043241,CUST043242,R043241,10/19/2024,1959,UPI,Delivered
O043242,CUST043243,R043242,5/11/2020,1451,Card,Delivered
O043243,CUST043244,R043243,7/24/2019,1010,Card,Delivered
O043244,CUST043245,R043244,7/25/2023,1568,Card,Cancelled
O043245,CUST043246,R043245,7/27/2024,679,Card,Delivered
O043246,CUST043247,R043246,7/3/2021,296,COD,Delivered
O043247,CUST043248,R043247,7/26/2025,596,COD,Cancelled
O043248,CUST043249,R043248,3/3/2024,1313,Card,Delivered
O043249,CUST043250,R043249,10/5/2021,291,COD,Cancelled
O043250,CUST043251,R043250,10/27/2025,1047,UPI,Delivered
O043251,CUST043252,R043251,2/14/2025,1122,COD,Delivered
O043252,CUST043253,R043252,5/26/2022,750,Wallet,Delivered
O043253,CUST043254,R043253,1/10/2023,1647,COD,Delivered
O043254,CUST043255,R043254,6/13/2019,1053,Card,Delivered
O043255,CUST043256,R043255,11/12/2020,1068,UPI,Delivered
O043256,CUST043257,R043256,10/19/2021,1675,UPI,Delivered
O043257,CUST043258,R043257,2/9/2025,1228,UPI,Delivered
O043258,CUST043259,R043258,3/21/2019,787,Wallet,Delivered
O043259,CUST043260,R043259,5/17/2020,1813,Card,Delivered
O043260,CUST043261,R043260,3/20/2020,212,COD,Delivered
O043261,CUST043262,R043261,9/26/2019,1985,Card,Delivered
O043262,CUST043263,R043262,3/15/2021,1809,Card,Delivered
O043263,CUST043264,R043263,10/21/2025,838,Card,Delivered
O043264,CUST043265,R043264,8/24/2025,737,COD,Delivered
O043265,CUST043266,R043265,2/27/2025,541,Wallet,Delivered
O043266,CUST043267,R043266,4/5/2025,419,COD,Delivered
O043267,CUST043268,R043267,4/23/2024,670,UPI,Delivered
O043268,CUST043269,R043268,11/9/2022,1175,Card,Delivered
O043269,CUST043270,R043269,12/1/2023,1292,Wallet,Delivered
O043270,CUST043271,R043270,5/4/2020,845,Wallet,Delivered
O043271,CUST043272,R043271,10/16/2019,1031,Card,Delivered
O043272,CUST043273,R043272,11/27/2020,484,UPI,Delivered
O043273,CUST043274,R043273,11/8/2021,1301,COD,Delivered
O043274,CUST043275,R043274,6/1/2023,1348,UPI,Delivered
O043275,CUST043276,R043275,8/11/2025,1041,Wallet,Delivered
O043276,CUST043277,R043276,9/9/2023,1081,UPI,Delivered
O043277,CUST043278,R043277,7/4/2020,1827,Card,Delivered
O043278,CUST043279,R043278,1/15/2024,221,Wallet,Delivered
O043279,CUST043280,R043279,10/10/2020,1508,UPI,Delivered
O043280,CUST043281,R043280,11/11/2023,1802,Card,Delivered
O043281,CUST043282,R043281,7/25/2023,1550,UPI,Delivered
O043282,CUST043283,R043282,12/17/2022,481,COD,Delivered
O043283,CUST043284,R043283,8/20/2024,208,UPI,Delivered
O043284,CUST043285,R043284,7/19/2023,647,COD,Delivered
O043285,CUST043286,R043285,8/22/2021,143,Card,Delivered
O043286,CUST043287,R043286,12/5/2023,1930,Card,Delivered
O043287,CUST043288,R043287,6/24/2023,965,Wallet,Cancelled
O043288,CUST043289,R043288,9/8/2020,1079,Card,Delivered
O043289,CUST043290,R043289,6/19/2019,698,Wallet,Delivered
O043290,CUST043291,R043290,10/27/2022,1488,COD,Delivered
O043291,CUST043292,R043291,1/9/2024,849,Wallet,Delivered
O043292,CUST043293,R043292,6/5/2022,1298,Wallet,Cancelled
O043293,CUST043294,R043293,9/6/2025,1419,COD,Delivered
O043294,CUST043295,R043294,8/7/2023,1210,UPI,Delivered
O043295,CUST043296,R043295,4/11/2022,141,Wallet,Delivered
O043296,CUST043297,R043296,4/14/2025,836,UPI,Delivered
O043297,CUST043298,R043297,4/16/2020,263,Card,Delivered
O043298,CUST043299,R043298,4/17/2023,252,Wallet,Delivered
O043299,CUST043300,R043299,4/15/2021,1590,Card,Delivered
O043300,CUST043301,R043300,2/18/2025,580,Card,Delivered
O043301,CUST043302,R043301,1/2/2024,1881,UPI,Delivered
O043302,CUST043303,R043302,2/13/2020,315,Wallet,Delivered
O043303,CUST043304,R043303,9/21/2022,581,Card,Delivered
O043304,CUST043305,R043304,2/19/2024,514,UPI,Delivered
O043305,CUST043306,R043305,3/5/2025,915,COD,Delivered
O043306,CUST043307,R043306,10/3/2020,574,COD,Delivered
O043307,CUST043308,R043307,4/8/2019,1254,UPI,Delivered
O043308,CUST043309,R043308,3/12/2020,1196,Wallet,Delivered
O043309,CUST043310,R043309,3/3/2025,923,UPI,Delivered
O043310,CUST043311,R043310,8/17/2025,482,Wallet,Delivered
O043311,CUST043312,R043311,12/17/2019,1308,Wallet,Delivered
O043312,CUST043313,R043312,8/16/2019,1808,Card,Delivered
O043313,CUST043314,R043313,9/19/2025,1680,Card,Delivered
O043314,CUST043315,R043314,3/17/2020,1970,Card,Delivered
O043315,CUST043316,R043315,9/24/2024,359,Card,Delivered
O043316,CUST043317,R043316,2/22/2020,1636,UPI,Delivered
O043317,CUST043318,R043317,7/23/2024,558,Wallet,Delivered
O043318,CUST043319,R043318,3/7/2023,114,Card,Delivered
O043319,CUST043320,R043319,4/18/2021,365,COD,Delivered
O043320,CUST043321,R043320,12/2/2021,865,COD,Delivered
O043321,CUST043322,R043321,7/6/2024,781,COD,Delivered
O043322,CUST043323,R043322,10/25/2020,541,Wallet,Delivered
O043323,CUST043324,R043323,3/12/2025,1154,Wallet,Delivered
O043324,CUST043325,R043324,10/1/2019,924,Wallet,Delivered
O043325,CUST043326,R043325,2/17/2021,1424,COD,Delivered
O043326,CUST043327,R043326,3/6/2019,1297,UPI,Delivered
O043327,CUST043328,R043327,10/12/2020,1586,Card,Delivered
O043328,CUST043329,R043328,5/18/2019,1030,UPI,Delivered
O043329,CUST043330,R043329,3/3/2022,1253,Wallet,Delivered
O043330,CUST043331,R043330,3/17/2019,350,UPI,Delivered
O043331,CUST043332,R043331,12/16/2021,222,UPI,Cancelled
O043332,CUST043333,R043332,7/13/2023,1925,Card,Delivered
O043333,CUST043334,R043333,8/27/2024,1536,Card,Delivered
O043334,CUST043335,R043334,1/15/2024,398,COD,Delivered
O043335,CUST043336,R043335,9/1/2020,157,UPI,Delivered
O043336,CUST043337,R043336,9/21/2025,775,COD,Delivered
O043337,CUST043338,R043337,9/24/2023,583,Wallet,Delivered
O043338,CUST043339,R043338,9/12/2023,152,COD,Delivered
O043339,CUST043340,R043339,1/15/2024,390,Wallet,Delivered
O043340,CUST043341,R043340,6/7/2022,962,Card,Delivered
O043341,CUST043342,R043341,7/28/2022,1037,Wallet,Delivered
O043342,CUST043343,R043342,5/23/2019,673,COD,Delivered
O043343,CUST043344,R043343,1/8/2021,738,Wallet,Delivered
O043344,CUST043345,R043344,5/27/2025,1499,UPI,Delivered
O043345,CUST043346,R043345,2/10/2022,1302,COD,Cancelled
O043346,CUST043347,R043346,7/5/2020,914,UPI,Delivered
O043347,CUST043348,R043347,11/6/2019,1719,UPI,Cancelled
O043348,CUST043349,R043348,3/20/2024,719,Wallet,Delivered
O043349,CUST043350,R043349,11/12/2024,152,Card,Delivered
O043350,CUST043351,R043350,4/15/2020,135,Wallet,Delivered
O043351,CUST043352,R043351,12/18/2023,1965,UPI,Delivered
O043352,CUST043353,R043352,7/6/2021,1705,UPI,Delivered
O043353,CUST043354,R043353,12/28/2021,1590,Card,Delivered
O043354,CUST043355,R043354,1/19/2019,654,Wallet,Delivered
O043355,CUST043356,R043355,3/27/2019,290,Wallet,Delivered
O043356,CUST043357,R043356,2/18/2021,398,Wallet,Delivered
O043357,CUST043358,R043357,3/21/2020,592,Card,Delivered
O043358,CUST043359,R043358,10/5/2024,1931,Card,Delivered
O043359,CUST043360,R043359,7/28/2020,704,Wallet,Delivered
O043360,CUST043361,R043360,2/1/2021,1335,COD,Delivered
O043361,CUST043362,R043361,12/2/2020,870,COD,Delivered
O043362,CUST043363,R043362,5/26/2025,1670,COD,Delivered
O043363,CUST043364,R043363,3/9/2020,763,Wallet,Delivered
O043364,CUST043365,R043364,1/15/2025,1580,Card,Delivered
O043365,CUST043366,R043365,12/8/2025,1322,COD,Delivered
O043366,CUST043367,R043366,6/9/2021,1251,UPI,Cancelled
O043367,CUST043368,R043367,1/13/2019,270,Card,Delivered
O043368,CUST043369,R043368,11/21/2021,1097,Wallet,Delivered
O043369,CUST043370,R043369,6/12/2025,1915,COD,Delivered
O043370,CUST043371,R043370,6/16/2022,252,UPI,Delivered
O043371,CUST043372,R043371,12/16/2022,137,Card,Delivered
O043372,CUST043373,R043372,3/22/2021,320,Card,Delivered
O043373,CUST043374,R043373,4/26/2019,1963,COD,Delivered
O043374,CUST043375,R043374,8/24/2021,487,UPI,Delivered
O043375,CUST043376,R043375,6/28/2025,869,COD,Delivered
O043376,CUST043377,R043376,9/19/2020,807,Wallet,Delivered
O043377,CUST043378,R043377,1/15/2025,1799,Wallet,Delivered
O043378,CUST043379,R043378,5/9/2023,477,COD,Delivered
O043379,CUST043380,R043379,9/11/2024,1469,UPI,Delivered
O043380,CUST043381,R043380,12/14/2024,1369,Card,Delivered
O043381,CUST043382,R043381,9/9/2019,1569,Wallet,Cancelled
O043382,CUST043383,R043382,3/15/2023,1960,UPI,Delivered
O043383,CUST043384,R043383,3/17/2025,1309,Wallet,Delivered
O043384,CUST043385,R043384,12/18/2020,219,COD,Delivered
O043385,CUST043386,R043385,1/5/2024,1420,Card,Delivered
O043386,CUST043387,R043386,6/14/2023,281,Card,Cancelled
O043387,CUST043388,R043387,4/25/2024,531,Card,Delivered
O043388,CUST043389,R043388,10/1/2023,1862,COD,Cancelled
O043389,CUST043390,R043389,11/20/2025,467,COD,Delivered
O043390,CUST043391,R043390,9/10/2020,527,COD,Cancelled
O043391,CUST043392,R043391,7/21/2022,585,COD,Delivered
O043392,CUST043393,R043392,5/5/2019,1085,COD,Delivered
O043393,CUST043394,R043393,2/1/2021,985,UPI,Delivered
O043394,CUST043395,R043394,12/4/2021,1229,Wallet,Delivered
O043395,CUST043396,R043395,9/17/2023,861,Wallet,Delivered
O043396,CUST043397,R043396,8/26/2025,924,Wallet,Delivered
O043397,CUST043398,R043397,4/12/2024,1911,Wallet,Delivered
O043398,CUST043399,R043398,2/15/2024,1037,UPI,Delivered
O043399,CUST043400,R043399,1/9/2022,1842,UPI,Delivered
O043400,CUST043401,R043400,5/22/2019,1165,UPI,Delivered
O043401,CUST043402,R043401,12/10/2025,1970,UPI,Delivered
O043402,CUST043403,R043402,12/17/2020,1985,UPI,Cancelled
O043403,CUST043404,R043403,2/20/2025,187,COD,Delivered
O043404,CUST043405,R043404,3/15/2023,244,COD,Delivered
O043405,CUST043406,R043405,9/7/2025,1713,Card,Delivered
O043406,CUST043407,R043406,8/10/2021,1980,Wallet,Delivered
O043407,CUST043408,R043407,12/26/2021,846,Card,Delivered
O043408,CUST043409,R043408,9/27/2023,521,COD,Delivered
O043409,CUST043410,R043409,5/23/2022,541,Card,Cancelled
O043410,CUST043411,R043410,12/6/2025,211,COD,Delivered
O043411,CUST043412,R043411,3/23/2020,717,COD,Delivered
O043412,CUST043413,R043412,12/25/2021,1030,Card,Delivered
O043413,CUST043414,R043413,5/25/2025,397,Wallet,Delivered
O043414,CUST043415,R043414,12/26/2024,1159,Wallet,Delivered
O043415,CUST043416,R043415,10/12/2024,459,COD,Delivered
O043416,CUST043417,R043416,1/8/2024,1270,UPI,Delivered
O043417,CUST043418,R043417,6/4/2024,1508,COD,Cancelled
O043418,CUST043419,R043418,1/10/2022,946,Wallet,Delivered
O043419,CUST043420,R043419,12/26/2025,1169,UPI,Cancelled
O043420,CUST043421,R043420,4/17/2020,1046,Wallet,Delivered
O043421,CUST043422,R043421,12/15/2022,137,Card,Delivered
O043422,CUST043423,R043422,12/12/2021,1674,COD,Delivered
O043423,CUST043424,R043423,1/9/2021,1772,Card,Delivered
O043424,CUST043425,R043424,11/17/2022,1710,UPI,Delivered
O043425,CUST043426,R043425,9/25/2025,1658,UPI,Delivered
O043426,CUST043427,R043426,1/20/2020,188,COD,Delivered
O043427,CUST043428,R043427,6/21/2024,819,Card,Delivered
O043428,CUST043429,R043428,3/22/2024,1975,Card,Delivered
O043429,CUST043430,R043429,4/22/2021,887,Card,Delivered
O043430,CUST043431,R043430,1/26/2019,236,COD,Delivered
O043431,CUST043432,R043431,6/7/2022,1054,Wallet,Delivered
O043432,CUST043433,R043432,3/21/2020,834,COD,Delivered
O043433,CUST043434,R043433,6/26/2022,836,COD,Delivered
O043434,CUST043435,R043434,8/9/2024,1655,Wallet,Delivered
O043435,CUST043436,R043435,6/14/2021,576,COD,Delivered
O043436,CUST043437,R043436,4/4/2022,1388,UPI,Delivered
O043437,CUST043438,R043437,4/12/2021,1370,UPI,Cancelled
O043438,CUST043439,R043438,8/9/2025,1275,Wallet,Cancelled
O043439,CUST043440,R043439,1/14/2020,1706,UPI,Delivered
O043440,CUST043441,R043440,7/18/2019,1447,UPI,Cancelled
O043441,CUST043442,R043441,3/17/2021,226,Card,Delivered
O043442,CUST043443,R043442,11/17/2022,1559,UPI,Cancelled
O043443,CUST043444,R043443,11/7/2024,1754,COD,Delivered
O043444,CUST043445,R043444,1/1/2024,1272,Card,Delivered
O043445,CUST043446,R043445,1/23/2024,1890,COD,Delivered
O043446,CUST043447,R043446,6/27/2020,925,COD,Delivered
O043447,CUST043448,R043447,2/2/2019,810,UPI,Delivered
O043448,CUST043449,R043448,8/1/2024,614,COD,Delivered
O043449,CUST043450,R043449,9/8/2022,1432,COD,Cancelled
O043450,CUST043451,R043450,8/13/2019,526,Wallet,Delivered
O043451,CUST043452,R043451,11/10/2021,1854,UPI,Delivered
O043452,CUST043453,R043452,5/15/2025,860,UPI,Delivered
O043453,CUST043454,R043453,12/6/2022,1665,UPI,Delivered
O043454,CUST043455,R043454,7/17/2019,270,Wallet,Delivered
O043455,CUST043456,R043455,9/25/2019,1080,Card,Delivered
O043456,CUST043457,R043456,8/11/2022,1841,Card,Delivered
O043457,CUST043458,R043457,2/2/2023,1900,Card,Delivered
O043458,CUST043459,R043458,7/13/2020,1507,Card,Delivered
O043459,CUST043460,R043459,5/22/2020,541,UPI,Cancelled
O043460,CUST043461,R043460,5/25/2021,469,Wallet,Cancelled
O043461,CUST043462,R043461,12/23/2021,701,Card,Delivered
O043462,CUST043463,R043462,5/2/2024,334,COD,Delivered
O043463,CUST043464,R043463,5/22/2024,142,COD,Delivered
O043464,CUST043465,R043464,7/5/2023,1650,Card,Delivered
O043465,CUST043466,R043465,2/25/2020,520,Wallet,Cancelled
O043466,CUST043467,R043466,8/28/2024,1282,Wallet,Delivered
O043467,CUST043468,R043467,11/14/2019,899,Wallet,Delivered
O043468,CUST043469,R043468,3/7/2019,696,Wallet,Delivered
O043469,CUST043470,R043469,12/5/2021,1457,Wallet,Delivered
O043470,CUST043471,R043470,3/12/2024,1561,UPI,Delivered
O043471,CUST043472,R043471,7/7/2020,1789,UPI,Delivered
O043472,CUST043473,R043472,1/16/2021,1169,Wallet,Delivered
O043473,CUST043474,R043473,7/6/2023,1463,COD,Delivered
O043474,CUST043475,R043474,3/18/2022,319,Wallet,Delivered
O043475,CUST043476,R043475,2/11/2022,1895,Card,Delivered
O043476,CUST043477,R043476,6/19/2019,1659,Card,Delivered
O043477,CUST043478,R043477,11/27/2019,377,UPI,Delivered
O043478,CUST043479,R043478,1/17/2021,137,UPI,Delivered
O043479,CUST043480,R043479,3/23/2024,136,Wallet,Delivered
O043480,CUST043481,R043480,5/23/2019,1648,Card,Cancelled
O043481,CUST043482,R043481,1/17/2020,1899,UPI,Cancelled
O043482,CUST043483,R043482,2/16/2020,1455,UPI,Cancelled
O043483,CUST043484,R043483,9/22/2020,371,Card,Delivered
O043484,CUST043485,R043484,5/18/2019,642,UPI,Delivered
O043485,CUST043486,R043485,9/16/2019,1880,Card,Delivered
O043486,CUST043487,R043486,9/17/2022,275,Wallet,Delivered
O043487,CUST043488,R043487,1/3/2019,141,Card,Delivered
O043488,CUST043489,R043488,6/2/2022,705,Wallet,Delivered
O043489,CUST043490,R043489,11/2/2020,513,Card,Delivered
O043490,CUST043491,R043490,11/24/2024,1089,Wallet,Delivered
O043491,CUST043492,R043491,7/28/2025,817,COD,Delivered
O043492,CUST043493,R043492,5/6/2023,764,COD,Delivered
O043493,CUST043494,R043493,10/6/2020,1439,UPI,Cancelled
O043494,CUST043495,R043494,2/14/2022,1559,COD,Cancelled
O043495,CUST043496,R043495,12/25/2025,1071,UPI,Delivered
O043496,CUST043497,R043496,3/9/2022,1893,Wallet,Delivered
O043497,CUST043498,R043497,9/13/2022,1271,UPI,Cancelled
O043498,CUST043499,R043498,6/18/2021,1541,UPI,Delivered
O043499,CUST043500,R043499,9/11/2022,1792,UPI,Delivered
O043500,CUST043501,R043500,7/13/2020,1832,UPI,Delivered
O043501,CUST043502,R043501,3/24/2020,1004,UPI,Delivered
O043502,CUST043503,R043502,7/25/2021,1317,UPI,Delivered
O043503,CUST043504,R043503,6/19/2024,749,COD,Delivered
O043504,CUST043505,R043504,3/22/2020,432,Card,Delivered
O043505,CUST043506,R043505,11/18/2025,380,Card,Delivered
O043506,CUST043507,R043506,6/1/2022,1056,COD,Delivered
O043507,CUST043508,R043507,8/9/2021,287,COD,Delivered
O043508,CUST043509,R043508,9/27/2020,730,Wallet,Delivered
O043509,CUST043510,R043509,7/3/2019,987,COD,Delivered
O043510,CUST043511,R043510,2/22/2023,888,UPI,Delivered
O043511,CUST043512,R043511,6/12/2021,1823,Card,Delivered
O043512,CUST043513,R043512,12/6/2024,557,UPI,Delivered
O043513,CUST043514,R043513,11/7/2023,1492,Card,Cancelled
O043514,CUST043515,R043514,9/10/2022,160,UPI,Delivered
O043515,CUST043516,R043515,1/12/2023,1361,Card,Delivered
O043516,CUST043517,R043516,2/23/2022,793,Card,Delivered
O043517,CUST043518,R043517,6/24/2025,1532,Card,Cancelled
O043518,CUST043519,R043518,9/25/2023,600,COD,Delivered
O043519,CUST043520,R043519,2/2/2025,211,COD,Delivered
O043520,CUST043521,R043520,10/25/2025,505,COD,Delivered
O043521,CUST043522,R043521,9/28/2020,1266,Card,Cancelled
O043522,CUST043523,R043522,6/5/2024,186,COD,Delivered
O043523,CUST043524,R043523,3/25/2019,932,UPI,Delivered
O043524,CUST043525,R043524,10/13/2019,977,COD,Delivered
O043525,CUST043526,R043525,3/24/2022,601,Wallet,Delivered
O043526,CUST043527,R043526,10/8/2021,1537,COD,Delivered
O043527,CUST043528,R043527,12/12/2025,1721,UPI,Delivered
O043528,CUST043529,R043528,3/14/2025,982,UPI,Delivered
O043529,CUST043530,R043529,7/17/2025,1596,UPI,Delivered
O043530,CUST043531,R043530,11/5/2025,1149,UPI,Delivered
O043531,CUST043532,R043531,4/20/2023,751,Wallet,Delivered
O043532,CUST043533,R043532,8/16/2019,1771,Card,Delivered
O043533,CUST043534,R043533,8/19/2023,121,Card,Delivered
O043534,CUST043535,R043534,10/25/2022,1895,UPI,Delivered
O043535,CUST043536,R043535,4/14/2022,1703,UPI,Delivered
O043536,CUST043537,R043536,6/20/2021,591,Card,Delivered
O043537,CUST043538,R043537,12/22/2021,594,COD,Delivered
O043538,CUST043539,R043538,5/26/2024,392,COD,Cancelled
O043539,CUST043540,R043539,10/3/2021,264,Card,Delivered
O043540,CUST043541,R043540,6/21/2025,813,UPI,Delivered
O043541,CUST043542,R043541,2/9/2021,1069,Card,Delivered
O043542,CUST043543,R043542,12/26/2025,1213,Wallet,Delivered
O043543,CUST043544,R043543,4/2/2025,765,Wallet,Delivered
O043544,CUST043545,R043544,12/14/2024,1373,Wallet,Delivered
O043545,CUST043546,R043545,5/26/2022,1387,UPI,Delivered
O043546,CUST043547,R043546,11/14/2025,1683,Wallet,Delivered
O043547,CUST043548,R043547,8/6/2020,1685,UPI,Delivered
O043548,CUST043549,R043548,6/16/2024,891,Wallet,Delivered
O043549,CUST043550,R043549,5/15/2023,966,Wallet,Delivered
O043550,CUST043551,R043550,7/11/2020,1728,UPI,Delivered
O043551,CUST043552,R043551,8/14/2021,116,Wallet,Delivered
O043552,CUST043553,R043552,12/8/2025,1353,UPI,Delivered
O043553,CUST043554,R043553,2/9/2025,1903,Card,Delivered
O043554,CUST043555,R043554,7/27/2020,1270,UPI,Delivered
O043555,CUST043556,R043555,11/15/2022,445,COD,Delivered
O043556,CUST043557,R043556,3/18/2024,128,UPI,Delivered
O043557,CUST043558,R043557,5/17/2023,562,COD,Delivered
O043558,CUST043559,R043558,5/17/2024,1955,Card,Delivered
O043559,CUST043560,R043559,2/2/2022,1883,Card,Delivered
O043560,CUST043561,R043560,2/23/2019,922,Wallet,Delivered
O043561,CUST043562,R043561,6/6/2025,999,UPI,Delivered
O043562,CUST043563,R043562,2/18/2020,583,Wallet,Delivered
O043563,CUST043564,R043563,5/26/2019,1344,COD,Delivered
O043564,CUST043565,R043564,11/9/2023,743,COD,Delivered
O043565,CUST043566,R043565,5/3/2024,1013,Wallet,Delivered
O043566,CUST043567,R043566,10/3/2020,1520,COD,Delivered
O043567,CUST043568,R043567,4/9/2019,1061,UPI,Delivered
O043568,CUST043569,R043568,1/17/2024,1962,Wallet,Delivered
O043569,CUST043570,R043569,3/13/2021,800,Wallet,Delivered
O043570,CUST043571,R043570,6/14/2025,222,Card,Delivered
O043571,CUST043572,R043571,5/11/2024,161,Wallet,Delivered
O043572,CUST043573,R043572,12/14/2022,1499,UPI,Cancelled
O043573,CUST043574,R043573,6/17/2023,539,Card,Delivered
O043574,CUST043575,R043574,9/1/2020,1671,Wallet,Delivered
O043575,CUST043576,R043575,2/12/2020,199,COD,Delivered
O043576,CUST043577,R043576,12/20/2021,431,Card,Delivered
O043577,CUST043578,R043577,1/18/2025,360,Wallet,Delivered
O043578,CUST043579,R043578,7/5/2019,805,UPI,Delivered
O043579,CUST043580,R043579,4/26/2020,291,Card,Delivered
O043580,CUST043581,R043580,12/3/2020,677,Wallet,Delivered
O043581,CUST043582,R043581,10/3/2019,689,Wallet,Delivered
O043582,CUST043583,R043582,8/22/2021,417,UPI,Delivered
O043583,CUST043584,R043583,1/9/2025,266,Wallet,Delivered
O043584,CUST043585,R043584,1/5/2019,1260,Wallet,Delivered
O043585,CUST043586,R043585,1/14/2022,1717,UPI,Delivered
O043586,CUST043587,R043586,11/18/2021,1595,Card,Delivered
O043587,CUST043588,R043587,3/17/2021,1890,UPI,Cancelled
O043588,CUST043589,R043588,8/21/2025,286,Card,Delivered
O043589,CUST043590,R043589,1/21/2021,1531,Card,Delivered
O043590,CUST043591,R043590,10/21/2023,405,Wallet,Delivered
O043591,CUST043592,R043591,3/5/2022,1861,Card,Cancelled
O043592,CUST043593,R043592,11/17/2024,340,COD,Delivered
O043593,CUST043594,R043593,7/4/2020,765,COD,Delivered
O043594,CUST043595,R043594,2/4/2024,638,COD,Delivered
O043595,CUST043596,R043595,4/23/2024,461,Wallet,Delivered
O043596,CUST043597,R043596,5/9/2023,1068,Wallet,Delivered
O043597,CUST043598,R043597,12/21/2019,877,Wallet,Delivered
O043598,CUST043599,R043598,9/16/2023,1378,COD,Delivered
O043599,CUST043600,R043599,8/5/2020,1212,UPI,Delivered
O043600,CUST043601,R043600,11/11/2023,1506,UPI,Delivered
O043601,CUST043602,R043601,4/17/2022,915,UPI,Delivered
O043602,CUST043603,R043602,2/3/2021,1148,Wallet,Delivered
O043603,CUST043604,R043603,10/16/2023,1966,UPI,Cancelled
O043604,CUST043605,R043604,8/15/2022,1968,UPI,Delivered
O043605,CUST043606,R043605,3/11/2020,131,Card,Cancelled
O043606,CUST043607,R043606,3/27/2022,1394,Card,Delivered
O043607,CUST043608,R043607,7/14/2022,298,Wallet,Delivered
O043608,CUST043609,R043608,11/27/2019,115,UPI,Delivered
O043609,CUST043610,R043609,7/19/2025,685,COD,Delivered
O043610,CUST043611,R043610,12/18/2021,494,COD,Delivered
O043611,CUST043612,R043611,9/10/2023,105,Card,Delivered
O043612,CUST043613,R043612,9/15/2020,871,Wallet,Delivered
O043613,CUST043614,R043613,10/6/2025,1122,Card,Delivered
O043614,CUST043615,R043614,10/27/2022,1197,Wallet,Delivered
O043615,CUST043616,R043615,1/25/2021,764,COD,Delivered
O043616,CUST043617,R043616,1/11/2025,866,Wallet,Delivered
O043617,CUST043618,R043617,8/10/2019,1628,UPI,Delivered
O043618,CUST043619,R043618,5/12/2022,1409,COD,Delivered
O043619,CUST043620,R043619,4/7/2023,770,UPI,Delivered
O043620,CUST043621,R043620,1/5/2019,1575,UPI,Cancelled
O043621,CUST043622,R043621,9/18/2025,503,Wallet,Delivered
O043622,CUST043623,R043622,1/10/2022,106,Card,Cancelled
O043623,CUST043624,R043623,10/9/2023,1946,Wallet,Cancelled
O043624,CUST043625,R043624,1/16/2019,1879,UPI,Delivered
O043625,CUST043626,R043625,11/5/2019,1626,UPI,Delivered
O043626,CUST043627,R043626,11/25/2022,1555,UPI,Delivered
O043627,CUST043628,R043627,8/17/2024,574,Wallet,Delivered
O043628,CUST043629,R043628,6/26/2025,140,Wallet,Delivered
O043629,CUST043630,R043629,6/16/2024,243,COD,Delivered
O043630,CUST043631,R043630,12/21/2023,1005,COD,Delivered
O043631,CUST043632,R043631,10/4/2024,180,Card,Delivered
O043632,CUST043633,R043632,12/1/2024,560,Wallet,Delivered
O043633,CUST043634,R043633,5/27/2023,1191,Card,Cancelled
O043634,CUST043635,R043634,2/28/2025,722,COD,Delivered
O043635,CUST043636,R043635,8/5/2022,1623,COD,Delivered
O043636,CUST043637,R043636,1/4/2025,716,COD,Delivered
O043637,CUST043638,R043637,9/13/2023,1495,UPI,Cancelled
O043638,CUST043639,R043638,1/6/2021,1243,COD,Delivered
O043639,CUST043640,R043639,1/9/2020,1171,Wallet,Cancelled
O043640,CUST043641,R043640,11/12/2019,228,UPI,Delivered
O043641,CUST043642,R043641,10/20/2022,812,COD,Delivered
O043642,CUST043643,R043642,2/11/2019,1761,COD,Delivered
O043643,CUST043644,R043643,12/15/2023,1999,Card,Delivered
O043644,CUST043645,R043644,4/13/2025,287,UPI,Delivered
O043645,CUST043646,R043645,6/24/2020,220,UPI,Delivered
O043646,CUST043647,R043646,6/24/2025,1820,Card,Delivered
O043647,CUST043648,R043647,2/22/2025,338,Wallet,Delivered
O043648,CUST043649,R043648,8/26/2024,350,Card,Delivered
O043649,CUST043650,R043649,3/13/2020,332,COD,Delivered
O043650,CUST043651,R043650,12/8/2024,1156,COD,Delivered
O043651,CUST043652,R043651,12/28/2020,1871,COD,Delivered
O043652,CUST043653,R043652,9/3/2022,1389,Wallet,Delivered
O043653,CUST043654,R043653,3/7/2022,1284,Card,Delivered
O043654,CUST043655,R043654,8/8/2025,1522,Wallet,Delivered
O043655,CUST043656,R043655,5/12/2022,1849,UPI,Delivered
O043656,CUST043657,R043656,4/16/2020,1159,UPI,Delivered
O043657,CUST043658,R043657,9/16/2025,331,Card,Delivered
O043658,CUST043659,R043658,4/4/2025,1277,Card,Delivered
O043659,CUST043660,R043659,7/12/2019,1908,Card,Delivered
O043660,CUST043661,R043660,6/23/2023,425,Card,Delivered
O043661,CUST043662,R043661,1/27/2019,1772,COD,Cancelled
O043662,CUST043663,R043662,7/14/2025,377,COD,Delivered
O043663,CUST043664,R043663,8/8/2020,485,COD,Delivered
O043664,CUST043665,R043664,9/17/2024,548,Card,Delivered
O043665,CUST043666,R043665,9/4/2022,1005,Card,Delivered
O043666,CUST043667,R043666,5/28/2020,901,UPI,Delivered
O043667,CUST043668,R043667,7/2/2025,1139,Wallet,Delivered
O043668,CUST043669,R043668,12/16/2024,575,Wallet,Delivered
O043669,CUST043670,R043669,1/26/2023,819,Wallet,Delivered
O043670,CUST043671,R043670,5/11/2019,122,Wallet,Delivered
O043671,CUST043672,R043671,2/14/2023,893,UPI,Delivered
O043672,CUST043673,R043672,2/6/2021,1692,UPI,Delivered
O043673,CUST043674,R043673,5/18/2020,1054,UPI,Delivered
O043674,CUST043675,R043674,2/9/2019,1604,Card,Delivered
O043675,CUST043676,R043675,11/11/2025,1894,Wallet,Delivered
O043676,CUST043677,R043676,2/17/2020,101,Card,Delivered
O043677,CUST043678,R043677,1/14/2019,165,COD,Cancelled
O043678,CUST043679,R043678,6/5/2023,1678,UPI,Delivered
O043679,CUST043680,R043679,3/9/2025,561,Wallet,Delivered
O043680,CUST043681,R043680,3/25/2020,754,UPI,Delivered
O043681,CUST043682,R043681,2/25/2019,366,COD,Cancelled
O043682,CUST043683,R043682,9/20/2024,436,COD,Cancelled
O043683,CUST043684,R043683,12/6/2019,794,COD,Delivered
O043684,CUST043685,R043684,8/28/2024,1000,Wallet,Delivered
O043685,CUST043686,R043685,6/1/2025,1309,Card,Delivered
O043686,CUST043687,R043686,4/1/2020,671,COD,Delivered
O043687,CUST043688,R043687,2/3/2019,793,Wallet,Delivered
O043688,CUST043689,R043688,9/13/2020,242,COD,Delivered
O043689,CUST043690,R043689,10/5/2021,1191,UPI,Delivered
O043690,CUST043691,R043690,1/2/2025,1429,COD,Delivered
O043691,CUST043692,R043691,7/8/2025,867,COD,Delivered
O043692,CUST043693,R043692,10/26/2024,1127,Wallet,Cancelled
O043693,CUST043694,R043693,11/13/2023,999,Wallet,Delivered
O043694,CUST043695,R043694,1/13/2025,1948,Card,Delivered
O043695,CUST043696,R043695,5/11/2021,1525,Wallet,Delivered
O043696,CUST043697,R043696,9/9/2023,1883,Card,Delivered
O043697,CUST043698,R043697,11/17/2025,232,UPI,Delivered
O043698,CUST043699,R043698,12/24/2024,1554,UPI,Delivered
O043699,CUST043700,R043699,7/18/2024,1935,COD,Delivered
O043700,CUST043701,R043700,1/19/2024,409,UPI,Delivered
O043701,CUST043702,R043701,2/16/2019,1934,Card,Delivered
O043702,CUST043703,R043702,1/28/2023,851,Card,Delivered
O043703,CUST043704,R043703,12/24/2025,156,Card,Delivered
O043704,CUST043705,R043704,7/5/2020,968,COD,Delivered
O043705,CUST043706,R043705,2/20/2021,743,Card,Delivered
O043706,CUST043707,R043706,10/25/2023,616,COD,Delivered
O043707,CUST043708,R043707,8/8/2025,1608,COD,Delivered
O043708,CUST043709,R043708,7/12/2023,426,COD,Delivered
O043709,CUST043710,R043709,8/3/2025,1499,UPI,Delivered
O043710,CUST043711,R043710,7/11/2020,1227,UPI,Delivered
O043711,CUST043712,R043711,5/6/2022,1170,Wallet,Cancelled
O043712,CUST043713,R043712,3/12/2019,1594,Wallet,Delivered
O043713,CUST043714,R043713,10/16/2021,1037,UPI,Delivered
O043714,CUST043715,R043714,10/11/2021,1978,Card,Delivered
O043715,CUST043716,R043715,11/15/2023,1480,UPI,Cancelled
O043716,CUST043717,R043716,1/6/2025,1717,Card,Delivered
O043717,CUST043718,R043717,11/27/2024,628,Wallet,Delivered
O043718,CUST043719,R043718,7/24/2025,1372,Card,Delivered
O043719,CUST043720,R043719,9/20/2023,406,Card,Delivered
O043720,CUST043721,R043720,4/3/2019,340,Wallet,Delivered
O043721,CUST043722,R043721,4/22/2025,1987,COD,Delivered
O043722,CUST043723,R043722,9/28/2020,1544,COD,Cancelled
O043723,CUST043724,R043723,3/12/2023,382,Wallet,Delivered
O043724,CUST043725,R043724,2/9/2020,1705,Wallet,Cancelled
O043725,CUST043726,R043725,4/13/2020,749,UPI,Delivered
O043726,CUST043727,R043726,7/4/2025,1125,UPI,Delivered
O043727,CUST043728,R043727,6/11/2024,122,Wallet,Delivered
O043728,CUST043729,R043728,9/23/2021,1000,UPI,Delivered
O043729,CUST043730,R043729,1/6/2025,1761,Card,Delivered
O043730,CUST043731,R043730,11/1/2022,1859,UPI,Cancelled
O043731,CUST043732,R043731,6/15/2019,1460,Card,Delivered
O043732,CUST043733,R043732,1/20/2021,450,UPI,Cancelled
O043733,CUST043734,R043733,2/24/2019,384,Wallet,Delivered
O043734,CUST043735,R043734,8/23/2023,622,COD,Delivered
O043735,CUST043736,R043735,12/1/2023,315,Card,Delivered
O043736,CUST043737,R043736,8/21/2023,1937,COD,Delivered
O043737,CUST043738,R043737,6/4/2024,1495,Card,Delivered
O043738,CUST043739,R043738,9/22/2021,366,Wallet,Delivered
O043739,CUST043740,R043739,7/27/2024,916,Wallet,Delivered
O043740,CUST043741,R043740,9/6/2019,793,Wallet,Delivered
O043741,CUST043742,R043741,6/4/2021,616,UPI,Delivered
O043742,CUST043743,R043742,2/3/2020,1378,COD,Delivered
O043743,CUST043744,R043743,8/10/2020,1475,UPI,Delivered
O043744,CUST043745,R043744,9/10/2021,1567,UPI,Delivered
O043745,CUST043746,R043745,1/15/2024,1122,Wallet,Delivered
O043746,CUST043747,R043746,8/5/2019,1379,COD,Delivered
O043747,CUST043748,R043747,8/17/2023,239,Wallet,Delivered
O043748,CUST043749,R043748,6/11/2024,105,Card,Delivered
O043749,CUST043750,R043749,7/16/2020,1554,Card,Delivered
O043750,CUST043751,R043750,2/26/2019,267,Card,Delivered
O043751,CUST043752,R043751,1/16/2020,1883,COD,Delivered
O043752,CUST043753,R043752,3/21/2019,537,Card,Cancelled
O043753,CUST043754,R043753,4/18/2021,409,COD,Delivered
O043754,CUST043755,R043754,9/27/2023,704,COD,Delivered
O043755,CUST043756,R043755,2/26/2019,280,UPI,Delivered
O043756,CUST043757,R043756,4/4/2022,285,Card,Delivered
O043757,CUST043758,R043757,6/4/2020,552,UPI,Delivered
O043758,CUST043759,R043758,1/13/2022,1834,Card,Delivered
O043759,CUST043760,R043759,9/16/2023,233,COD,Delivered
O043760,CUST043761,R043760,3/2/2022,1962,Card,Cancelled
O043761,CUST043762,R043761,10/28/2025,817,COD,Delivered
O043762,CUST043763,R043762,2/1/2019,365,Card,Delivered
O043763,CUST043764,R043763,1/24/2021,979,Wallet,Delivered
O043764,CUST043765,R043764,11/27/2019,1228,COD,Delivered
O043765,CUST043766,R043765,1/4/2020,360,COD,Delivered
O043766,CUST043767,R043766,6/28/2020,1296,UPI,Cancelled
O043767,CUST043768,R043767,3/10/2020,1416,Card,Cancelled
O043768,CUST043769,R043768,9/24/2024,1029,Wallet,Delivered
O043769,CUST043770,R043769,1/7/2023,1846,Wallet,Delivered
O043770,CUST043771,R043770,8/14/2019,1181,UPI,Cancelled
O043771,CUST043772,R043771,10/16/2021,1450,UPI,Delivered
O043772,CUST043773,R043772,5/11/2025,1750,UPI,Delivered
O043773,CUST043774,R043773,7/12/2023,1622,Card,Delivered
O043774,CUST043775,R043774,6/23/2019,925,UPI,Delivered
O043775,CUST043776,R043775,2/24/2019,1168,UPI,Delivered
O043776,CUST043777,R043776,9/18/2023,594,COD,Delivered
O043777,CUST043778,R043777,3/22/2023,322,Card,Delivered
O043778,CUST043779,R043778,2/13/2020,1921,Card,Delivered
O043779,CUST043780,R043779,6/23/2019,912,Card,Delivered
O043780,CUST043781,R043780,3/7/2022,143,COD,Delivered
O043781,CUST043782,R043781,7/25/2021,645,Wallet,Delivered
O043782,CUST043783,R043782,4/2/2025,574,COD,Delivered
O043783,CUST043784,R043783,1/24/2024,841,UPI,Delivered
O043784,CUST043785,R043784,6/10/2023,1737,Card,Delivered
O043785,CUST043786,R043785,9/5/2022,477,Wallet,Delivered
O043786,CUST043787,R043786,2/6/2025,1413,UPI,Delivered
O043787,CUST043788,R043787,1/18/2019,1597,Wallet,Delivered
O043788,CUST043789,R043788,8/5/2019,827,Wallet,Delivered
O043789,CUST043790,R043789,10/15/2022,211,UPI,Delivered
O043790,CUST043791,R043790,11/16/2025,950,Card,Cancelled
O043791,CUST043792,R043791,1/18/2020,1966,Card,Delivered
O043792,CUST043793,R043792,9/18/2021,110,COD,Delivered
O043793,CUST043794,R043793,2/22/2020,361,COD,Delivered
O043794,CUST043795,R043794,11/26/2025,1117,Card,Delivered
O043795,CUST043796,R043795,12/3/2020,1996,COD,Delivered
O043796,CUST043797,R043796,5/25/2022,884,UPI,Delivered
O043797,CUST043798,R043797,2/11/2023,936,Card,Delivered
O043798,CUST043799,R043798,4/23/2025,522,Wallet,Delivered
O043799,CUST043800,R043799,10/7/2020,1457,COD,Delivered
O043800,CUST043801,R043800,3/11/2024,1635,UPI,Delivered
O043801,CUST043802,R043801,9/13/2019,871,UPI,Delivered
O043802,CUST043803,R043802,10/16/2019,1311,Wallet,Delivered
O043803,CUST043804,R043803,4/4/2019,995,UPI,Delivered
O043804,CUST043805,R043804,5/18/2025,346,Wallet,Cancelled
O043805,CUST043806,R043805,2/5/2025,1628,Card,Delivered
O043806,CUST043807,R043806,5/17/2022,1923,Card,Delivered
O043807,CUST043808,R043807,4/23/2025,1789,UPI,Delivered
O043808,CUST043809,R043808,5/12/2021,1612,UPI,Delivered
O043809,CUST043810,R043809,2/22/2019,500,Card,Delivered
O043810,CUST043811,R043810,7/21/2023,553,COD,Delivered
O043811,CUST043812,R043811,4/24/2024,182,COD,Cancelled
O043812,CUST043813,R043812,6/1/2022,184,COD,Delivered
O043813,CUST043814,R043813,5/20/2019,728,Wallet,Delivered
O043814,CUST043815,R043814,5/8/2021,979,Card,Delivered
O043815,CUST043816,R043815,7/26/2025,1102,Wallet,Delivered
O043816,CUST043817,R043816,8/27/2021,659,Wallet,Delivered
O043817,CUST043818,R043817,9/13/2022,974,COD,Delivered
O043818,CUST043819,R043818,8/20/2019,1245,UPI,Delivered
O043819,CUST043820,R043819,4/12/2022,1539,Wallet,Delivered
O043820,CUST043821,R043820,5/5/2019,1405,UPI,Delivered
O043821,CUST043822,R043821,4/14/2019,1272,Wallet,Delivered
O043822,CUST043823,R043822,10/16/2020,1304,UPI,Delivered
O043823,CUST043824,R043823,7/15/2023,169,Card,Cancelled
O043824,CUST043825,R043824,12/19/2019,463,Wallet,Delivered
O043825,CUST043826,R043825,3/11/2024,1745,UPI,Delivered
O043826,CUST043827,R043826,1/14/2021,1862,UPI,Delivered
O043827,CUST043828,R043827,1/26/2025,1180,Wallet,Delivered
O043828,CUST043829,R043828,7/14/2023,290,Card,Delivered
O043829,CUST043830,R043829,8/17/2022,1749,UPI,Delivered
O043830,CUST043831,R043830,2/16/2019,207,COD,Delivered
O043831,CUST043832,R043831,5/15/2023,1811,Card,Delivered
O043832,CUST043833,R043832,4/28/2021,1733,Card,Delivered
O043833,CUST043834,R043833,12/21/2019,768,Wallet,Delivered
O043834,CUST043835,R043834,4/2/2025,1144,UPI,Delivered
O043835,CUST043836,R043835,6/20/2023,536,Wallet,Delivered
O043836,CUST043837,R043836,5/23/2021,1258,COD,Cancelled
O043837,CUST043838,R043837,2/7/2025,664,COD,Delivered
O043838,CUST043839,R043838,8/2/2023,934,Wallet,Delivered
O043839,CUST043840,R043839,12/3/2025,1479,COD,Delivered
O043840,CUST043841,R043840,7/8/2025,839,UPI,Delivered
O043841,CUST043842,R043841,5/15/2020,1807,Wallet,Delivered
O043842,CUST043843,R043842,4/12/2024,651,Wallet,Delivered
O043843,CUST043844,R043843,1/11/2019,1724,Card,Delivered
O043844,CUST043845,R043844,9/10/2025,1962,UPI,Cancelled
O043845,CUST043846,R043845,10/12/2023,1393,UPI,Delivered
O043846,CUST043847,R043846,8/15/2021,385,UPI,Delivered
O043847,CUST043848,R043847,8/27/2025,1772,Wallet,Delivered
O043848,CUST043849,R043848,2/14/2024,157,COD,Delivered
O043849,CUST043850,R043849,4/18/2025,1930,Card,Delivered
O043850,CUST043851,R043850,8/16/2025,281,COD,Delivered
O043851,CUST043852,R043851,12/3/2023,725,Card,Delivered
O043852,CUST043853,R043852,7/25/2020,205,Card,Delivered
O043853,CUST043854,R043853,11/2/2023,630,Wallet,Delivered
O043854,CUST043855,R043854,8/10/2022,579,COD,Delivered
O043855,CUST043856,R043855,1/21/2022,268,COD,Delivered
O043856,CUST043857,R043856,2/7/2021,1340,COD,Delivered
O043857,CUST043858,R043857,1/5/2022,689,COD,Delivered
O043858,CUST043859,R043858,1/7/2025,1011,Wallet,Delivered
O043859,CUST043860,R043859,8/10/2021,1057,Card,Delivered
O043860,CUST043861,R043860,2/8/2025,1990,UPI,Cancelled
O043861,CUST043862,R043861,12/16/2021,201,UPI,Delivered
O043862,CUST043863,R043862,8/19/2023,1452,Card,Delivered
O043863,CUST043864,R043863,11/17/2021,368,Wallet,Delivered
O043864,CUST043865,R043864,5/3/2021,1818,Card,Delivered
O043865,CUST043866,R043865,10/15/2025,249,Card,Delivered
O043866,CUST043867,R043866,4/3/2021,675,Card,Delivered
O043867,CUST043868,R043867,2/3/2025,1114,COD,Delivered
O043868,CUST043869,R043868,1/22/2020,355,Wallet,Delivered
O043869,CUST043870,R043869,9/8/2019,669,COD,Delivered
O043870,CUST043871,R043870,3/20/2025,734,Wallet,Delivered
O043871,CUST043872,R043871,4/14/2021,1229,COD,Delivered
O043872,CUST043873,R043872,5/26/2024,1100,UPI,Delivered
O043873,CUST043874,R043873,9/10/2025,1650,Wallet,Delivered
O043874,CUST043875,R043874,9/19/2019,830,UPI,Delivered
O043875,CUST043876,R043875,6/28/2021,1068,Wallet,Delivered
O043876,CUST043877,R043876,12/14/2023,1885,UPI,Delivered
O043877,CUST043878,R043877,2/13/2023,1926,UPI,Delivered
O043878,CUST043879,R043878,6/10/2020,1811,Card,Cancelled
O043879,CUST043880,R043879,3/25/2021,1303,Card,Delivered
O043880,CUST043881,R043880,8/13/2025,212,COD,Delivered
O043881,CUST043882,R043881,11/24/2024,1872,UPI,Delivered
O043882,CUST043883,R043882,10/18/2019,330,COD,Delivered
O043883,CUST043884,R043883,7/17/2025,350,COD,Delivered
O043884,CUST043885,R043884,12/9/2023,1857,Card,Delivered
O043885,CUST043886,R043885,12/12/2023,717,Wallet,Delivered
O043886,CUST043887,R043886,5/4/2020,1267,Card,Delivered
O043887,CUST043888,R043887,2/1/2025,918,Wallet,Delivered
O043888,CUST043889,R043888,1/23/2023,684,COD,Delivered
O043889,CUST043890,R043889,4/9/2020,787,Wallet,Delivered
O043890,CUST043891,R043890,10/7/2025,1543,Card,Delivered
O043891,CUST043892,R043891,2/7/2023,1602,COD,Delivered
O043892,CUST043893,R043892,4/7/2021,962,UPI,Delivered
O043893,CUST043894,R043893,12/7/2022,1729,UPI,Delivered
O043894,CUST043895,R043894,11/21/2019,600,Wallet,Delivered
O043895,CUST043896,R043895,10/12/2019,1608,Card,Cancelled
O043896,CUST043897,R043896,10/12/2020,1665,Wallet,Cancelled
O043897,CUST043898,R043897,12/14/2020,1768,UPI,Delivered
O043898,CUST043899,R043898,6/3/2020,1472,UPI,Delivered
O043899,CUST043900,R043899,3/23/2022,1656,UPI,Delivered
O043900,CUST043901,R043900,8/20/2022,468,Wallet,Delivered
O043901,CUST043902,R043901,12/21/2021,104,Wallet,Delivered
O043902,CUST043903,R043902,8/14/2022,164,COD,Delivered
O043903,CUST043904,R043903,6/19/2019,920,Card,Delivered
O043904,CUST043905,R043904,8/26/2020,1990,Card,Delivered
O043905,CUST043906,R043905,11/1/2020,339,Wallet,Delivered
O043906,CUST043907,R043906,1/26/2019,1150,Card,Cancelled
O043907,CUST043908,R043907,7/26/2019,642,COD,Delivered
O043908,CUST043909,R043908,4/3/2023,1223,COD,Cancelled
O043909,CUST043910,R043909,12/3/2019,567,COD,Delivered
O043910,CUST043911,R043910,3/9/2022,1385,UPI,Cancelled
O043911,CUST043912,R043911,8/5/2020,1132,Wallet,Delivered
O043912,CUST043913,R043912,1/7/2022,1277,Wallet,Delivered
O043913,CUST043914,R043913,12/14/2025,1985,UPI,Delivered
O043914,CUST043915,R043914,1/18/2022,733,COD,Delivered
O043915,CUST043916,R043915,3/9/2022,1725,Card,Delivered
O043916,CUST043917,R043916,2/13/2021,1591,Card,Cancelled
O043917,CUST043918,R043917,3/7/2024,196,UPI,Delivered
O043918,CUST043919,R043918,7/23/2022,130,UPI,Delivered
O043919,CUST043920,R043919,1/21/2019,1779,UPI,Delivered
O043920,CUST043921,R043920,10/21/2021,302,COD,Delivered
O043921,CUST043922,R043921,12/25/2020,1852,Card,Delivered
O043922,CUST043923,R043922,6/12/2019,184,COD,Delivered
O043923,CUST043924,R043923,7/6/2022,1001,Card,Delivered
O043924,CUST043925,R043924,4/28/2022,1759,Card,Delivered
O043925,CUST043926,R043925,1/2/2019,937,COD,Delivered
O043926,CUST043927,R043926,8/8/2020,713,Wallet,Delivered
O043927,CUST043928,R043927,10/28/2021,951,Card,Delivered
O043928,CUST043929,R043928,11/4/2024,1335,UPI,Delivered
O043929,CUST043930,R043929,1/8/2025,684,Card,Delivered
O043930,CUST043931,R043930,6/2/2019,285,Card,Delivered
O043931,CUST043932,R043931,8/2/2025,1186,UPI,Delivered
O043932,CUST043933,R043932,8/11/2022,1822,Card,Delivered
O043933,CUST043934,R043933,6/22/2019,346,Card,Delivered
O043934,CUST043935,R043934,11/26/2025,1940,Card,Delivered
O043935,CUST043936,R043935,2/13/2022,272,COD,Delivered
O043936,CUST043937,R043936,11/7/2020,330,COD,Delivered
O043937,CUST043938,R043937,2/15/2020,394,Card,Delivered
O043938,CUST043939,R043938,5/2/2024,1156,UPI,Delivered
O043939,CUST043940,R043939,9/25/2021,801,UPI,Delivered
O043940,CUST043941,R043940,2/28/2019,995,Wallet,Delivered
O043941,CUST043942,R043941,10/14/2024,490,Wallet,Delivered
O043942,CUST043943,R043942,3/24/2021,729,Wallet,Delivered
O043943,CUST043944,R043943,7/5/2022,1802,Wallet,Delivered
O043944,CUST043945,R043944,9/12/2025,851,UPI,Delivered
O043945,CUST043946,R043945,12/5/2019,1613,UPI,Delivered
O043946,CUST043947,R043946,1/16/2021,975,UPI,Delivered
O043947,CUST043948,R043947,9/8/2023,1525,UPI,Cancelled
O043948,CUST043949,R043948,5/8/2024,1788,Wallet,Delivered
O043949,CUST043950,R043949,1/17/2024,1891,Card,Delivered
O043950,CUST043951,R043950,2/12/2022,1912,COD,Delivered
O043951,CUST043952,R043951,11/4/2024,1784,UPI,Delivered
O043952,CUST043953,R043952,3/11/2023,417,Wallet,Delivered
O043953,CUST043954,R043953,2/23/2022,655,UPI,Delivered
O043954,CUST043955,R043954,4/23/2025,151,COD,Delivered
O043955,CUST043956,R043955,2/18/2021,345,COD,Delivered
O043956,CUST043957,R043956,2/28/2024,703,COD,Delivered
O043957,CUST043958,R043957,1/6/2022,959,Wallet,Delivered
O043958,CUST043959,R043958,3/28/2021,1273,Card,Delivered
O043959,CUST043960,R043959,4/28/2019,591,Wallet,Delivered
O043960,CUST043961,R043960,5/2/2025,1135,UPI,Delivered
O043961,CUST043962,R043961,8/12/2021,516,COD,Delivered
O043962,CUST043963,R043962,9/11/2025,1508,UPI,Delivered
O043963,CUST043964,R043963,9/7/2022,1572,COD,Delivered
O043964,CUST043965,R043964,4/13/2024,972,COD,Delivered
O043965,CUST043966,R043965,2/6/2025,983,Wallet,Delivered
O043966,CUST043967,R043966,1/11/2021,856,Wallet,Delivered
O043967,CUST043968,R043967,2/12/2021,1842,UPI,Delivered
O043968,CUST043969,R043968,7/8/2020,1478,Wallet,Delivered
O043969,CUST043970,R043969,8/3/2023,1793,Card,Delivered
O043970,CUST043971,R043970,11/15/2020,148,Wallet,Delivered
O043971,CUST043972,R043971,11/22/2024,1474,UPI,Delivered
O043972,CUST043973,R043972,10/17/2025,1724,Card,Delivered
O043973,CUST043974,R043973,1/18/2019,367,UPI,Delivered
O043974,CUST043975,R043974,5/15/2025,1780,Card,Delivered
O043975,CUST043976,R043975,1/27/2022,697,Card,Delivered
O043976,CUST043977,R043976,9/23/2020,1951,COD,Delivered
O043977,CUST043978,R043977,7/2/2025,1123,COD,Delivered
O043978,CUST043979,R043978,1/22/2024,600,Wallet,Delivered
O043979,CUST043980,R043979,3/23/2019,472,COD,Delivered
O043980,CUST043981,R043980,10/6/2023,1458,COD,Delivered
O043981,CUST043982,R043981,5/11/2019,205,COD,Delivered
O043982,CUST043983,R043982,11/26/2025,1453,UPI,Delivered
O043983,CUST043984,R043983,11/9/2020,1142,Wallet,Delivered
O043984,CUST043985,R043984,5/4/2024,1090,Wallet,Delivered
O043985,CUST043986,R043985,2/11/2022,1514,Wallet,Delivered
O043986,CUST043987,R043986,4/13/2021,996,Wallet,Delivered
O043987,CUST043988,R043987,5/9/2025,1931,UPI,Delivered
O043988,CUST043989,R043988,7/14/2024,1324,UPI,Delivered
O043989,CUST043990,R043989,11/4/2022,1568,Card,Delivered
O043990,CUST043991,R043990,8/27/2020,740,Wallet,Delivered
O043991,CUST043992,R043991,2/24/2024,1272,Card,Cancelled
O043992,CUST043993,R043992,11/18/2021,126,Card,Delivered
O043993,CUST043994,R043993,2/1/2020,185,COD,Delivered
O043994,CUST043995,R043994,11/20/2019,1898,Card,Delivered
O043995,CUST043996,R043995,11/20/2025,1070,Card,Delivered
O043996,CUST043997,R043996,2/4/2022,1813,Wallet,Delivered
O043997,CUST043998,R043997,9/1/2019,1197,Wallet,Delivered
O043998,CUST043999,R043998,10/6/2024,242,Wallet,Delivered
O043999,CUST044000,R043999,6/25/2019,1040,Wallet,Delivered
O044000,CUST044001,R044000,8/4/2020,1975,Wallet,Delivered
O044001,CUST044002,R044001,8/22/2024,1412,UPI,Delivered
O044002,CUST044003,R044002,3/5/2020,1613,Card,Cancelled
O044003,CUST044004,R044003,4/27/2023,1971,UPI,Delivered
O044004,CUST044005,R044004,4/11/2020,1316,Card,Delivered
O044005,CUST044006,R044005,7/19/2021,344,Wallet,Delivered
O044006,CUST044007,R044006,4/22/2025,274,Wallet,Delivered
O044007,CUST044008,R044007,7/21/2022,213,Card,Delivered
O044008,CUST044009,R044008,8/23/2023,229,Card,Delivered
O044009,CUST044010,R044009,12/19/2020,1858,COD,Delivered
O044010,CUST044011,R044010,8/2/2024,1286,Card,Delivered
O044011,CUST044012,R044011,4/21/2025,286,Wallet,Cancelled
O044012,CUST044013,R044012,10/26/2024,830,Wallet,Delivered
O044013,CUST044014,R044013,2/5/2022,702,Wallet,Delivered
O044014,CUST044015,R044014,2/4/2024,506,Wallet,Delivered
O044015,CUST044016,R044015,10/28/2020,1273,Wallet,Delivered
O044016,CUST044017,R044016,10/9/2023,1587,Wallet,Delivered
O044017,CUST044018,R044017,1/8/2024,1423,UPI,Delivered
O044018,CUST044019,R044018,3/13/2023,973,Wallet,Delivered
O044019,CUST044020,R044019,9/4/2023,1791,COD,Delivered
O044020,CUST044021,R044020,10/16/2024,1773,Wallet,Delivered
O044021,CUST044022,R044021,9/5/2025,1921,UPI,Delivered
O044022,CUST044023,R044022,8/14/2022,1475,Card,Delivered
O044023,CUST044024,R044023,8/24/2024,187,Card,Delivered
O044024,CUST044025,R044024,12/22/2019,1841,COD,Delivered
O044025,CUST044026,R044025,2/20/2021,490,UPI,Cancelled
O044026,CUST044027,R044026,12/17/2022,319,COD,Delivered
O044027,CUST044028,R044027,2/26/2024,614,Card,Delivered
O044028,CUST044029,R044028,10/25/2022,1900,COD,Delivered
O044029,CUST044030,R044029,4/4/2025,1247,Wallet,Delivered
O044030,CUST044031,R044030,9/3/2019,1215,Card,Delivered
O044031,CUST044032,R044031,12/22/2021,590,COD,Cancelled
O044032,CUST044033,R044032,5/26/2025,884,Card,Delivered
O044033,CUST044034,R044033,2/10/2021,500,Card,Cancelled
O044034,CUST044035,R044034,7/7/2020,776,COD,Delivered
O044035,CUST044036,R044035,6/27/2019,285,Card,Delivered
O044036,CUST044037,R044036,8/22/2021,898,Wallet,Delivered
O044037,CUST044038,R044037,9/25/2020,1143,Card,Delivered
O044038,CUST044039,R044038,11/3/2019,313,COD,Delivered
O044039,CUST044040,R044039,1/28/2019,1074,UPI,Delivered
O044040,CUST044041,R044040,4/9/2023,1330,Card,Delivered
O044041,CUST044042,R044041,6/22/2021,885,Wallet,Delivered
O044042,CUST044043,R044042,6/14/2024,1959,COD,Cancelled
O044043,CUST044044,R044043,10/14/2023,1081,UPI,Delivered
O044044,CUST044045,R044044,1/15/2020,1344,UPI,Delivered
O044045,CUST044046,R044045,8/8/2020,1595,Wallet,Delivered
O044046,CUST044047,R044046,7/10/2025,1213,UPI,Cancelled
O044047,CUST044048,R044047,1/17/2024,820,UPI,Delivered
O044048,CUST044049,R044048,9/22/2021,956,UPI,Delivered
O044049,CUST044050,R044049,12/16/2025,515,COD,Delivered
O044050,CUST044051,R044050,5/20/2022,237,Card,Delivered
O044051,CUST044052,R044051,9/12/2025,1831,Card,Delivered
O044052,CUST044053,R044052,9/22/2021,865,Card,Delivered
O044053,CUST044054,R044053,3/3/2020,101,Card,Delivered
O044054,CUST044055,R044054,8/24/2023,502,Wallet,Delivered
O044055,CUST044056,R044055,4/1/2024,686,COD,Delivered
O044056,CUST044057,R044056,4/23/2023,691,Wallet,Delivered
O044057,CUST044058,R044057,12/10/2024,1452,Card,Delivered
O044058,CUST044059,R044058,11/3/2022,367,Wallet,Delivered
O044059,CUST044060,R044059,6/4/2025,1003,UPI,Delivered
O044060,CUST044061,R044060,9/12/2019,1447,Wallet,Delivered
O044061,CUST044062,R044061,6/3/2021,747,Wallet,Delivered
O044062,CUST044063,R044062,3/11/2020,175,Wallet,Delivered
O044063,CUST044064,R044063,4/14/2022,909,Card,Delivered
O044064,CUST044065,R044064,7/19/2022,1446,UPI,Delivered
O044065,CUST044066,R044065,1/17/2024,1493,UPI,Delivered
O044066,CUST044067,R044066,2/15/2020,1619,Card,Delivered
O044067,CUST044068,R044067,3/19/2023,653,Card,Delivered
O044068,CUST044069,R044068,12/23/2025,207,COD,Delivered
O044069,CUST044070,R044069,8/17/2020,735,Wallet,Delivered
O044070,CUST044071,R044070,5/10/2022,782,Card,Delivered
O044071,CUST044072,R044071,5/19/2023,411,Wallet,Delivered
O044072,CUST044073,R044072,6/5/2023,1096,COD,Delivered
O044073,CUST044074,R044073,7/5/2025,1492,UPI,Delivered
O044074,CUST044075,R044074,5/11/2019,792,Wallet,Delivered
O044075,CUST044076,R044075,4/14/2023,1231,Wallet,Delivered
O044076,CUST044077,R044076,2/2/2025,952,UPI,Delivered
O044077,CUST044078,R044077,8/20/2023,124,Wallet,Delivered
O044078,CUST044079,R044078,3/4/2021,1538,Card,Delivered
O044079,CUST044080,R044079,10/16/2023,1838,Card,Delivered
O044080,CUST044081,R044080,8/20/2021,1709,UPI,Delivered
O044081,CUST044082,R044081,5/11/2024,1768,Card,Cancelled
O044082,CUST044083,R044082,5/21/2025,396,Card,Delivered
O044083,CUST044084,R044083,2/20/2020,398,COD,Delivered
O044084,CUST044085,R044084,12/23/2019,1928,COD,Delivered
O044085,CUST044086,R044085,10/28/2019,1724,COD,Delivered
O044086,CUST044087,R044086,8/14/2019,1152,Wallet,Delivered
O044087,CUST044088,R044087,4/5/2019,836,Card,Delivered
O044088,CUST044089,R044088,9/24/2023,1016,COD,Delivered
O044089,CUST044090,R044089,6/24/2022,569,Wallet,Delivered
O044090,CUST044091,R044090,4/15/2025,928,COD,Delivered
O044091,CUST044092,R044091,10/27/2021,1198,UPI,Delivered
O044092,CUST044093,R044092,6/10/2025,1453,COD,Delivered
O044093,CUST044094,R044093,9/4/2022,1325,Card,Delivered
O044094,CUST044095,R044094,7/13/2019,1385,Wallet,Delivered
O044095,CUST044096,R044095,12/16/2025,1024,UPI,Delivered
O044096,CUST044097,R044096,10/14/2022,1959,Card,Delivered
O044097,CUST044098,R044097,4/17/2022,309,Wallet,Delivered
O044098,CUST044099,R044098,3/9/2020,1341,Card,Delivered
O044099,CUST044100,R044099,8/9/2025,245,Card,Delivered
O044100,CUST044101,R044100,7/28/2021,1507,UPI,Delivered
O044101,CUST044102,R044101,1/18/2020,676,Card,Delivered
O044102,CUST044103,R044102,6/21/2024,186,Wallet,Delivered
O044103,CUST044104,R044103,1/24/2023,116,Card,Delivered
O044104,CUST044105,R044104,9/20/2022,391,UPI,Delivered
O044105,CUST044106,R044105,8/27/2025,1697,Card,Delivered
O044106,CUST044107,R044106,8/20/2020,689,Wallet,Delivered
O044107,CUST044108,R044107,10/1/2023,1064,Wallet,Delivered
O044108,CUST044109,R044108,9/19/2022,386,COD,Delivered
O044109,CUST044110,R044109,6/3/2025,1147,Card,Delivered
O044110,CUST044111,R044110,11/6/2021,553,COD,Delivered
O044111,CUST044112,R044111,12/28/2024,530,Wallet,Delivered
O044112,CUST044113,R044112,7/25/2024,1334,COD,Delivered
O044113,CUST044114,R044113,5/6/2020,696,Wallet,Delivered
O044114,CUST044115,R044114,2/14/2019,1766,Wallet,Delivered
O044115,CUST044116,R044115,10/9/2020,430,Wallet,Delivered
O044116,CUST044117,R044116,1/12/2022,1633,Card,Delivered
O044117,CUST044118,R044117,5/8/2022,1876,Wallet,Delivered
O044118,CUST044119,R044118,2/8/2019,1314,UPI,Delivered
O044119,CUST044120,R044119,3/15/2020,349,UPI,Delivered
O044120,CUST044121,R044120,11/26/2024,1730,Wallet,Delivered
O044121,CUST044122,R044121,1/13/2019,1904,COD,Delivered
O044122,CUST044123,R044122,12/17/2019,1776,UPI,Delivered
O044123,CUST044124,R044123,8/15/2019,170,COD,Delivered
O044124,CUST044125,R044124,9/2/2019,189,UPI,Delivered
O044125,CUST044126,R044125,6/19/2019,1963,Card,Delivered
O044126,CUST044127,R044126,1/28/2022,487,Wallet,Delivered
O044127,CUST044128,R044127,2/8/2019,493,COD,Delivered
O044128,CUST044129,R044128,10/19/2021,220,COD,Delivered
O044129,CUST044130,R044129,12/7/2019,1293,COD,Cancelled
O044130,CUST044131,R044130,1/2/2024,604,COD,Delivered
O044131,CUST044132,R044131,7/5/2019,931,Wallet,Delivered
O044132,CUST044133,R044132,11/9/2022,976,UPI,Delivered
O044133,CUST044134,R044133,8/8/2020,1347,Wallet,Delivered
O044134,CUST044135,R044134,3/15/2021,1564,Wallet,Delivered
O044135,CUST044136,R044135,12/12/2019,870,UPI,Delivered
O044136,CUST044137,R044136,4/10/2021,1692,COD,Delivered
O044137,CUST044138,R044137,1/24/2022,992,Card,Delivered
O044138,CUST044139,R044138,7/1/2019,150,Card,Delivered
O044139,CUST044140,R044139,9/1/2025,531,Card,Delivered
O044140,CUST044141,R044140,4/1/2024,964,COD,Delivered
O044141,CUST044142,R044141,4/20/2022,264,COD,Delivered
O044142,CUST044143,R044142,9/10/2024,449,COD,Delivered
O044143,CUST044144,R044143,2/19/2025,692,Wallet,Delivered
O044144,CUST044145,R044144,4/12/2023,1149,Card,Delivered
O044145,CUST044146,R044145,9/24/2020,1021,UPI,Delivered
O044146,CUST044147,R044146,12/8/2025,1566,Wallet,Delivered
O044147,CUST044148,R044147,6/16/2024,719,Wallet,Delivered
O044148,CUST044149,R044148,9/28/2022,957,UPI,Delivered
O044149,CUST044150,R044149,9/13/2021,1736,Wallet,Delivered
O044150,CUST044151,R044150,3/12/2019,1528,UPI,Delivered
O044151,CUST044152,R044151,8/4/2023,1667,UPI,Delivered
O044152,CUST044153,R044152,12/24/2020,1197,UPI,Delivered
O044153,CUST044154,R044153,6/10/2019,624,COD,Delivered
O044154,CUST044155,R044154,6/22/2024,1782,UPI,Delivered
O044155,CUST044156,R044155,6/20/2022,240,Card,Cancelled
O044156,CUST044157,R044156,10/13/2020,308,COD,Delivered
O044157,CUST044158,R044157,10/7/2025,1821,Card,Delivered
O044158,CUST044159,R044158,3/11/2022,638,Wallet,Delivered
O044159,CUST044160,R044159,12/3/2024,1182,Card,Delivered
O044160,CUST044161,R044160,5/28/2024,826,Wallet,Delivered
O044161,CUST044162,R044161,1/22/2019,573,COD,Delivered
O044162,CUST044163,R044162,12/8/2023,508,COD,Delivered
O044163,CUST044164,R044163,3/6/2025,1144,UPI,Delivered
O044164,CUST044165,R044164,10/6/2025,1458,COD,Delivered
O044165,CUST044166,R044165,2/5/2022,813,UPI,Delivered
O044166,CUST044167,R044166,9/5/2021,1619,Wallet,Cancelled
O044167,CUST044168,R044167,1/17/2024,553,Wallet,Delivered
O044168,CUST044169,R044168,2/14/2024,1762,Card,Delivered
O044169,CUST044170,R044169,6/10/2024,1825,Wallet,Delivered
O044170,CUST044171,R044170,4/16/2025,1929,UPI,Cancelled
O044171,CUST044172,R044171,10/6/2022,298,UPI,Delivered
O044172,CUST044173,R044172,8/25/2019,1614,UPI,Delivered
O044173,CUST044174,R044173,2/22/2022,377,COD,Delivered
O044174,CUST044175,R044174,1/20/2023,1851,Wallet,Delivered
O044175,CUST044176,R044175,8/14/2023,1960,Card,Delivered
O044176,CUST044177,R044176,4/26/2022,564,Card,Delivered
O044177,CUST044178,R044177,12/25/2023,1846,UPI,Delivered
O044178,CUST044179,R044178,1/27/2019,191,COD,Delivered
O044179,CUST044180,R044179,7/24/2023,996,Card,Delivered
O044180,CUST044181,R044180,9/25/2019,612,COD,Delivered
O044181,CUST044182,R044181,12/5/2023,1182,COD,Cancelled
O044182,CUST044183,R044182,12/1/2021,488,COD,Delivered
O044183,CUST044184,R044183,2/7/2020,1305,UPI,Cancelled
O044184,CUST044185,R044184,10/3/2025,1046,Wallet,Delivered
O044185,CUST044186,R044185,3/3/2024,1230,Wallet,Delivered
O044186,CUST044187,R044186,3/13/2019,1939,UPI,Delivered
O044187,CUST044188,R044187,6/17/2023,579,COD,Delivered
O044188,CUST044189,R044188,4/8/2025,1575,Card,Delivered
O044189,CUST044190,R044189,1/12/2024,1192,UPI,Cancelled
O044190,CUST044191,R044190,1/7/2024,1998,UPI,Delivered
O044191,CUST044192,R044191,1/21/2019,1752,UPI,Delivered
O044192,CUST044193,R044192,3/19/2024,1623,UPI,Delivered
O044193,CUST044194,R044193,1/19/2023,402,COD,Delivered
O044194,CUST044195,R044194,2/7/2025,1811,Card,Delivered
O044195,CUST044196,R044195,5/11/2019,148,Card,Delivered
O044196,CUST044197,R044196,2/4/2022,921,Card,Delivered
O044197,CUST044198,R044197,2/26/2022,1674,Card,Delivered
O044198,CUST044199,R044198,4/28/2025,847,COD,Delivered
O044199,CUST044200,R044199,3/8/2019,666,Wallet,Delivered
O044200,CUST044201,R044200,7/27/2023,735,Card,Delivered
O044201,CUST044202,R044201,8/2/2022,1192,COD,Delivered
O044202,CUST044203,R044202,9/7/2019,286,Wallet,Delivered
O044203,CUST044204,R044203,1/1/2024,1614,UPI,Delivered
O044204,CUST044205,R044204,10/23/2021,653,Wallet,Delivered
O044205,CUST044206,R044205,5/28/2021,1283,UPI,Delivered
O044206,CUST044207,R044206,9/13/2025,1921,Card,Delivered
O044207,CUST044208,R044207,12/22/2025,1855,Card,Delivered
O044208,CUST044209,R044208,1/5/2021,191,COD,Delivered
O044209,CUST044210,R044209,10/5/2022,120,Card,Delivered
O044210,CUST044211,R044210,4/13/2025,353,COD,Delivered
O044211,CUST044212,R044211,12/1/2021,1065,UPI,Delivered
O044212,CUST044213,R044212,5/23/2023,710,Wallet,Delivered
O044213,CUST044214,R044213,7/28/2023,953,COD,Delivered
O044214,CUST044215,R044214,2/11/2020,391,COD,Delivered
O044215,CUST044216,R044215,3/22/2020,330,UPI,Delivered
O044216,CUST044217,R044216,10/4/2022,1652,COD,Delivered
O044217,CUST044218,R044217,8/11/2019,697,Wallet,Delivered
O044218,CUST044219,R044218,2/4/2019,1328,UPI,Delivered
O044219,CUST044220,R044219,1/15/2021,1119,UPI,Delivered
O044220,CUST044221,R044220,2/9/2021,1375,UPI,Delivered
O044221,CUST044222,R044221,8/6/2019,1709,Wallet,Delivered
O044222,CUST044223,R044222,3/15/2022,1812,Card,Delivered
O044223,CUST044224,R044223,10/8/2025,1870,COD,Delivered
O044224,CUST044225,R044224,8/26/2020,1737,Wallet,Delivered
O044225,CUST044226,R044225,7/10/2019,326,Wallet,Delivered
O044226,CUST044227,R044226,3/22/2025,570,UPI,Delivered
O044227,CUST044228,R044227,4/23/2025,1908,Card,Delivered
O044228,CUST044229,R044228,6/17/2022,1890,COD,Delivered
O044229,CUST044230,R044229,2/27/2025,423,COD,Delivered
O044230,CUST044231,R044230,4/5/2021,805,Wallet,Delivered
O044231,CUST044232,R044231,2/26/2019,1119,Card,Delivered
O044232,CUST044233,R044232,6/24/2021,740,Wallet,Delivered
O044233,CUST044234,R044233,1/4/2025,1035,COD,Delivered
O044234,CUST044235,R044234,3/10/2021,437,COD,Delivered
O044235,CUST044236,R044235,3/9/2022,1429,UPI,Delivered
O044236,CUST044237,R044236,11/5/2020,1486,Wallet,Delivered
O044237,CUST044238,R044237,10/8/2024,1353,Wallet,Delivered
O044238,CUST044239,R044238,10/5/2021,1888,UPI,Delivered
O044239,CUST044240,R044239,3/16/2025,1198,Wallet,Delivered
O044240,CUST044241,R044240,12/17/2020,289,UPI,Delivered
O044241,CUST044242,R044241,10/12/2019,1507,COD,Delivered
O044242,CUST044243,R044242,2/9/2019,1688,UPI,Delivered
O044243,CUST044244,R044243,6/13/2025,1938,Wallet,Delivered
O044244,CUST044245,R044244,8/21/2025,1319,UPI,Delivered
O044245,CUST044246,R044245,7/15/2022,1830,Card,Delivered
O044246,CUST044247,R044246,12/20/2023,224,UPI,Delivered
O044247,CUST044248,R044247,11/13/2024,1570,Card,Delivered
O044248,CUST044249,R044248,3/25/2021,655,Card,Delivered
O044249,CUST044250,R044249,7/21/2021,1861,Card,Cancelled
O044250,CUST044251,R044250,10/24/2023,1034,Card,Delivered
O044251,CUST044252,R044251,1/21/2025,553,COD,Delivered
O044252,CUST044253,R044252,7/20/2022,430,COD,Delivered
O044253,CUST044254,R044253,2/5/2019,1378,Card,Delivered
O044254,CUST044255,R044254,8/9/2025,1708,Card,Delivered
O044255,CUST044256,R044255,6/25/2022,1304,Wallet,Delivered
O044256,CUST044257,R044256,9/8/2019,665,Wallet,Delivered
O044257,CUST044258,R044257,5/3/2020,979,Wallet,Delivered
O044258,CUST044259,R044258,3/9/2024,1621,Wallet,Delivered
O044259,CUST044260,R044259,12/15/2023,852,Wallet,Delivered
O044260,CUST044261,R044260,7/8/2025,1787,UPI,Delivered
O044261,CUST044262,R044261,2/20/2025,1283,UPI,Cancelled
O044262,CUST044263,R044262,12/2/2021,1521,Card,Delivered
O044263,CUST044264,R044263,2/21/2023,650,Wallet,Delivered
O044264,CUST044265,R044264,2/22/2019,1186,UPI,Cancelled
O044265,CUST044266,R044265,4/17/2019,1947,Card,Delivered
O044266,CUST044267,R044266,5/28/2021,150,COD,Delivered
O044267,CUST044268,R044267,6/19/2023,1499,Card,Delivered
O044268,CUST044269,R044268,2/19/2024,920,Card,Delivered
O044269,CUST044270,R044269,6/3/2025,1659,COD,Delivered
O044270,CUST044271,R044270,12/25/2022,1087,COD,Delivered
O044271,CUST044272,R044271,9/4/2024,392,COD,Delivered
O044272,CUST044273,R044272,10/26/2024,468,COD,Delivered
O044273,CUST044274,R044273,11/2/2022,1404,Card,Delivered
O044274,CUST044275,R044274,2/14/2019,900,Wallet,Delivered
O044275,CUST044276,R044275,7/25/2021,1138,Card,Cancelled
O044276,CUST044277,R044276,5/16/2025,1749,UPI,Delivered
O044277,CUST044278,R044277,4/3/2021,1230,UPI,Delivered
O044278,CUST044279,R044278,8/17/2024,265,Wallet,Delivered
O044279,CUST044280,R044279,11/16/2022,194,COD,Delivered
O044280,CUST044281,R044280,5/20/2021,170,Card,Delivered
O044281,CUST044282,R044281,7/22/2024,119,Card,Delivered
O044282,CUST044283,R044282,8/18/2021,1704,Card,Cancelled
O044283,CUST044284,R044283,1/1/2025,1131,UPI,Delivered
O044284,CUST044285,R044284,11/20/2020,436,COD,Delivered
O044285,CUST044286,R044285,1/28/2022,556,COD,Cancelled
O044286,CUST044287,R044286,3/3/2020,559,Wallet,Cancelled
O044287,CUST044288,R044287,8/2/2021,421,Wallet,Delivered
O044288,CUST044289,R044288,12/26/2019,1181,COD,Delivered
O044289,CUST044290,R044289,3/3/2023,1540,Wallet,Delivered
O044290,CUST044291,R044290,4/4/2019,1382,UPI,Delivered
O044291,CUST044292,R044291,8/12/2024,894,COD,Delivered
O044292,CUST044293,R044292,5/2/2024,1711,Card,Delivered
O044293,CUST044294,R044293,9/14/2025,1688,COD,Delivered
O044294,CUST044295,R044294,8/4/2024,1637,UPI,Delivered
O044295,CUST044296,R044295,3/13/2021,1364,Card,Delivered
O044296,CUST044297,R044296,9/23/2020,1939,Card,Delivered
O044297,CUST044298,R044297,10/21/2024,1953,COD,Delivered
O044298,CUST044299,R044298,9/22/2024,347,UPI,Delivered
O044299,CUST044300,R044299,8/13/2025,219,COD,Delivered
O044300,CUST044301,R044300,4/24/2022,508,Card,Cancelled
O044301,CUST044302,R044301,1/23/2025,1810,COD,Delivered
O044302,CUST044303,R044302,11/26/2025,1157,Wallet,Delivered
O044303,CUST044304,R044303,8/1/2019,999,Card,Delivered
O044304,CUST044305,R044304,8/22/2024,553,COD,Cancelled
O044305,CUST044306,R044305,9/25/2021,804,COD,Delivered
O044306,CUST044307,R044306,5/9/2020,416,Wallet,Delivered
O044307,CUST044308,R044307,2/6/2024,1427,Wallet,Delivered
O044308,CUST044309,R044308,11/8/2023,979,COD,Delivered
O044309,CUST044310,R044309,6/5/2022,1599,Wallet,Delivered
O044310,CUST044311,R044310,4/8/2019,160,Card,Delivered
O044311,CUST044312,R044311,8/16/2024,170,COD,Delivered
O044312,CUST044313,R044312,9/10/2020,925,Wallet,Delivered
O044313,CUST044314,R044313,9/7/2023,1219,Card,Delivered
O044314,CUST044315,R044314,8/21/2022,665,Wallet,Delivered
O044315,CUST044316,R044315,5/8/2022,1868,COD,Delivered
O044316,CUST044317,R044316,10/12/2025,995,UPI,Delivered
O044317,CUST044318,R044317,7/11/2023,1265,Wallet,Delivered
O044318,CUST044319,R044318,7/8/2020,1560,UPI,Delivered
O044319,CUST044320,R044319,2/9/2022,1171,UPI,Delivered
O044320,CUST044321,R044320,4/16/2023,729,Wallet,Delivered
O044321,CUST044322,R044321,2/21/2024,802,UPI,Delivered
O044322,CUST044323,R044322,8/15/2021,410,COD,Delivered
O044323,CUST044324,R044323,5/19/2023,1928,UPI,Delivered
O044324,CUST044325,R044324,8/14/2021,1687,Card,Delivered
O044325,CUST044326,R044325,7/20/2021,716,Card,Delivered
O044326,CUST044327,R044326,5/1/2025,1848,Card,Delivered
O044327,CUST044328,R044327,2/22/2022,455,COD,Delivered
O044328,CUST044329,R044328,8/3/2023,644,Card,Delivered
O044329,CUST044330,R044329,12/21/2020,611,Wallet,Delivered
O044330,CUST044331,R044330,7/7/2025,1373,Card,Delivered
O044331,CUST044332,R044331,6/2/2020,287,COD,Delivered
O044332,CUST044333,R044332,5/4/2024,787,Wallet,Delivered
O044333,CUST044334,R044333,8/11/2022,1400,Wallet,Delivered
O044334,CUST044335,R044334,7/2/2024,593,Wallet,Delivered
O044335,CUST044336,R044335,8/10/2021,1927,Wallet,Delivered
O044336,CUST044337,R044336,1/13/2024,1020,Card,Delivered
O044337,CUST044338,R044337,2/16/2025,1347,UPI,Delivered
O044338,CUST044339,R044338,3/14/2023,1388,UPI,Delivered
O044339,CUST044340,R044339,7/13/2023,1465,UPI,Delivered
O044340,CUST044341,R044340,10/17/2024,243,UPI,Delivered
O044341,CUST044342,R044341,11/18/2020,260,Card,Delivered
O044342,CUST044343,R044342,3/16/2022,272,COD,Delivered
O044343,CUST044344,R044343,7/2/2025,275,UPI,Delivered
O044344,CUST044345,R044344,12/11/2020,1798,COD,Delivered
O044345,CUST044346,R044345,9/26/2021,578,COD,Delivered
O044346,CUST044347,R044346,2/20/2022,1445,UPI,Delivered
O044347,CUST044348,R044347,5/10/2020,681,Wallet,Delivered
O044348,CUST044349,R044348,5/13/2019,1082,UPI,Delivered
O044349,CUST044350,R044349,6/1/2021,1064,UPI,Delivered
O044350,CUST044351,R044350,11/19/2023,1883,COD,Delivered
O044351,CUST044352,R044351,4/3/2024,1432,UPI,Delivered
O044352,CUST044353,R044352,12/14/2021,1552,Card,Delivered
O044353,CUST044354,R044353,11/17/2024,1299,UPI,Cancelled
O044354,CUST044355,R044354,1/5/2023,1683,Card,Delivered
O044355,CUST044356,R044355,11/16/2025,316,Card,Cancelled
O044356,CUST044357,R044356,4/18/2021,362,Card,Delivered
O044357,CUST044358,R044357,10/21/2019,1886,Card,Cancelled
O044358,CUST044359,R044358,1/27/2019,1634,Card,Delivered
O044359,CUST044360,R044359,8/13/2025,1062,Wallet,Delivered
O044360,CUST044361,R044360,1/5/2022,794,Card,Delivered
O044361,CUST044362,R044361,2/23/2021,742,Wallet,Delivered
O044362,CUST044363,R044362,2/23/2023,681,Wallet,Delivered
O044363,CUST044364,R044363,10/14/2023,784,COD,Delivered
O044364,CUST044365,R044364,12/25/2019,1048,UPI,Delivered
O044365,CUST044366,R044365,4/9/2020,1342,COD,Delivered
O044366,CUST044367,R044366,12/27/2024,960,Card,Delivered
O044367,CUST044368,R044367,7/7/2023,1299,Wallet,Delivered
O044368,CUST044369,R044368,12/13/2020,944,UPI,Delivered
O044369,CUST044370,R044369,8/12/2025,1879,Card,Delivered
O044370,CUST044371,R044370,1/16/2021,1994,Wallet,Delivered
O044371,CUST044372,R044371,10/8/2024,1294,Card,Delivered
O044372,CUST044373,R044372,4/8/2019,154,UPI,Delivered
O044373,CUST044374,R044373,5/27/2019,1422,UPI,Delivered
O044374,CUST044375,R044374,10/17/2023,533,COD,Cancelled
O044375,CUST044376,R044375,9/18/2023,341,UPI,Delivered
O044376,CUST044377,R044376,4/23/2023,438,COD,Delivered
O044377,CUST044378,R044377,8/19/2023,664,Card,Delivered
O044378,CUST044379,R044378,12/3/2022,1971,Card,Delivered
O044379,CUST044380,R044379,4/24/2024,576,Wallet,Delivered
O044380,CUST044381,R044380,10/2/2025,958,Wallet,Delivered
O044381,CUST044382,R044381,8/23/2020,307,COD,Delivered
O044382,CUST044383,R044382,8/28/2023,1068,Card,Delivered
O044383,CUST044384,R044383,5/4/2025,468,Card,Delivered
O044384,CUST044385,R044384,5/25/2023,482,Wallet,Delivered
O044385,CUST044386,R044385,7/24/2020,1287,Wallet,Delivered
O044386,CUST044387,R044386,7/5/2023,611,Wallet,Delivered
O044387,CUST044388,R044387,7/13/2020,1623,Wallet,Delivered
O044388,CUST044389,R044388,1/9/2021,541,COD,Delivered
O044389,CUST044390,R044389,7/12/2023,1528,UPI,Delivered
O044390,CUST044391,R044390,8/7/2022,909,Wallet,Delivered
O044391,CUST044392,R044391,1/6/2024,1160,UPI,Cancelled
O044392,CUST044393,R044392,4/12/2023,1845,UPI,Delivered
O044393,CUST044394,R044393,5/18/2019,1587,Wallet,Delivered
O044394,CUST044395,R044394,3/11/2019,1868,Card,Delivered
O044395,CUST044396,R044395,6/15/2023,1697,UPI,Delivered
O044396,CUST044397,R044396,10/13/2025,1985,Card,Delivered
O044397,CUST044398,R044397,4/3/2024,2000,UPI,Delivered
O044398,CUST044399,R044398,3/19/2022,1916,Card,Delivered
O044399,CUST044400,R044399,2/28/2023,271,COD,Delivered
O044400,CUST044401,R044400,3/7/2022,349,COD,Delivered
O044401,CUST044402,R044401,3/18/2024,332,COD,Delivered
O044402,CUST044403,R044402,3/6/2025,1145,COD,Cancelled
O044403,CUST044404,R044403,3/2/2022,494,Wallet,Delivered
O044404,CUST044405,R044404,4/1/2019,819,Wallet,Delivered
O044405,CUST044406,R044405,8/7/2019,572,UPI,Delivered
O044406,CUST044407,R044406,4/2/2019,1204,Wallet,Delivered
O044407,CUST044408,R044407,9/13/2019,1485,Wallet,Delivered
O044408,CUST044409,R044408,9/10/2025,1350,UPI,Delivered
O044409,CUST044410,R044409,2/8/2022,1645,Card,Delivered
O044410,CUST044411,R044410,12/26/2025,902,Wallet,Delivered
O044411,CUST044412,R044411,12/28/2020,1533,UPI,Delivered
O044412,CUST044413,R044412,9/22/2025,1962,UPI,Delivered
O044413,CUST044414,R044413,7/17/2022,500,COD,Delivered
O044414,CUST044415,R044414,11/12/2025,1850,COD,Delivered
O044415,CUST044416,R044415,7/3/2025,300,COD,Delivered
O044416,CUST044417,R044416,8/11/2022,537,COD,Delivered
O044417,CUST044418,R044417,3/12/2019,863,Card,Delivered
O044418,CUST044419,R044418,5/23/2023,661,UPI,Delivered
O044419,CUST044420,R044419,12/2/2022,1422,Wallet,Delivered
O044420,CUST044421,R044420,1/14/2024,639,Wallet,Delivered
O044421,CUST044422,R044421,7/26/2023,871,UPI,Delivered
O044422,CUST044423,R044422,2/9/2020,1690,Wallet,Delivered
O044423,CUST044424,R044423,1/14/2020,1481,UPI,Delivered
O044424,CUST044425,R044424,9/3/2025,1582,UPI,Delivered
O044425,CUST044426,R044425,10/23/2025,1117,UPI,Delivered
O044426,CUST044427,R044426,9/10/2020,545,COD,Delivered
O044427,CUST044428,R044427,8/21/2022,1938,UPI,Cancelled
O044428,CUST044429,R044428,9/18/2022,1860,Card,Cancelled
O044429,CUST044430,R044429,2/12/2023,153,COD,Delivered
O044430,CUST044431,R044430,11/6/2021,1667,UPI,Delivered
O044431,CUST044432,R044431,4/17/2022,277,Wallet,Delivered
O044432,CUST044433,R044432,3/25/2024,1081,UPI,Delivered
O044433,CUST044434,R044433,8/25/2019,683,COD,Delivered
O044434,CUST044435,R044434,3/20/2025,489,COD,Delivered
O044435,CUST044436,R044435,6/6/2020,417,COD,Delivered
O044436,CUST044437,R044436,9/8/2022,1097,UPI,Delivered
O044437,CUST044438,R044437,1/4/2022,1242,Card,Delivered
O044438,CUST044439,R044438,3/4/2025,734,Wallet,Delivered
O044439,CUST044440,R044439,9/4/2020,1540,UPI,Cancelled
O044440,CUST044441,R044440,4/15/2023,659,Wallet,Delivered
O044441,CUST044442,R044441,8/13/2025,1651,UPI,Delivered
O044442,CUST044443,R044442,5/7/2025,1715,Wallet,Delivered
O044443,CUST044444,R044443,9/15/2019,1774,UPI,Delivered
O044444,CUST044445,R044444,10/4/2024,1794,UPI,Delivered
O044445,CUST044446,R044445,2/20/2019,1710,UPI,Delivered
O044446,CUST044447,R044446,11/20/2021,343,Wallet,Delivered
O044447,CUST044448,R044447,9/22/2025,149,Wallet,Delivered
O044448,CUST044449,R044448,12/15/2020,207,Card,Delivered
O044449,CUST044450,R044449,1/3/2025,713,Card,Delivered
O044450,CUST044451,R044450,9/27/2024,1805,UPI,Cancelled
O044451,CUST044452,R044451,9/23/2020,154,COD,Delivered
O044452,CUST044453,R044452,3/23/2024,915,Wallet,Delivered
O044453,CUST044454,R044453,9/24/2021,527,Card,Delivered
O044454,CUST044455,R044454,3/4/2022,1028,Card,Delivered
O044455,CUST044456,R044455,8/28/2020,203,COD,Delivered
O044456,CUST044457,R044456,10/7/2023,1199,Wallet,Delivered
O044457,CUST044458,R044457,7/2/2023,647,Wallet,Delivered
O044458,CUST044459,R044458,6/25/2021,1087,Wallet,Delivered
O044459,CUST044460,R044459,9/11/2023,1795,Wallet,Delivered
O044460,CUST044461,R044460,10/13/2022,536,COD,Delivered
O044461,CUST044462,R044461,2/6/2021,1528,UPI,Delivered
O044462,CUST044463,R044462,5/14/2022,1102,UPI,Delivered
O044463,CUST044464,R044463,5/4/2024,1913,UPI,Delivered
O044464,CUST044465,R044464,9/20/2022,1671,Wallet,Delivered
O044465,CUST044466,R044465,3/18/2020,1587,Card,Delivered
O044466,CUST044467,R044466,5/18/2023,187,COD,Delivered
O044467,CUST044468,R044467,9/6/2022,1656,Card,Delivered
O044468,CUST044469,R044468,1/9/2020,1894,Card,Delivered
O044469,CUST044470,R044469,2/1/2020,816,Card,Delivered
O044470,CUST044471,R044470,10/25/2025,1320,COD,Delivered
O044471,CUST044472,R044471,10/22/2021,703,COD,Delivered
O044472,CUST044473,R044472,5/6/2025,517,Wallet,Delivered
O044473,CUST044474,R044473,5/25/2024,580,Card,Delivered
O044474,CUST044475,R044474,10/1/2022,1145,COD,Delivered
O044475,CUST044476,R044475,12/9/2022,762,Wallet,Delivered
O044476,CUST044477,R044476,1/27/2019,1528,UPI,Delivered
O044477,CUST044478,R044477,1/21/2023,573,Wallet,Delivered
O044478,CUST044479,R044478,8/27/2021,1204,UPI,Delivered
O044479,CUST044480,R044479,11/13/2022,1879,Wallet,Delivered
O044480,CUST044481,R044480,3/20/2024,1316,UPI,Cancelled
O044481,CUST044482,R044481,5/4/2024,1510,Card,Delivered
O044482,CUST044483,R044482,3/26/2022,1445,UPI,Delivered
O044483,CUST044484,R044483,8/6/2023,1427,Card,Delivered
O044484,CUST044485,R044484,1/17/2023,790,UPI,Delivered
O044485,CUST044486,R044485,7/15/2020,604,Wallet,Delivered
O044486,CUST044487,R044486,9/25/2022,799,COD,Delivered
O044487,CUST044488,R044487,1/9/2019,300,COD,Delivered
O044488,CUST044489,R044488,2/24/2025,288,UPI,Delivered
O044489,CUST044490,R044489,8/28/2019,1616,COD,Cancelled
O044490,CUST044491,R044490,3/9/2020,618,Wallet,Delivered
O044491,CUST044492,R044491,9/2/2024,1249,UPI,Delivered
O044492,CUST044493,R044492,4/14/2020,1033,Wallet,Delivered
O044493,CUST044494,R044493,1/9/2024,1851,UPI,Delivered
O044494,CUST044495,R044494,5/5/2022,1598,Wallet,Delivered
O044495,CUST044496,R044495,8/13/2023,1663,UPI,Delivered
O044496,CUST044497,R044496,12/7/2021,1471,Card,Delivered
O044497,CUST044498,R044497,8/25/2023,1593,Wallet,Delivered
O044498,CUST044499,R044498,6/16/2025,221,COD,Cancelled
O044499,CUST044500,R044499,9/20/2022,459,UPI,Cancelled
O044500,CUST044501,R044500,11/20/2019,1817,Card,Cancelled
O044501,CUST044502,R044501,6/19/2022,1805,COD,Delivered
O044502,CUST044503,R044502,9/25/2021,344,Card,Delivered
O044503,CUST044504,R044503,10/4/2020,769,COD,Delivered
O044504,CUST044505,R044504,5/25/2019,902,Card,Delivered
O044505,CUST044506,R044505,5/23/2023,650,Wallet,Delivered
O044506,CUST044507,R044506,9/3/2019,945,Card,Delivered
O044507,CUST044508,R044507,11/7/2022,326,COD,Delivered
O044508,CUST044509,R044508,11/8/2025,1322,Wallet,Delivered
O044509,CUST044510,R044509,3/4/2023,1087,Wallet,Delivered
O044510,CUST044511,R044510,1/7/2023,1210,Wallet,Delivered
O044511,CUST044512,R044511,4/3/2025,1739,UPI,Delivered
O044512,CUST044513,R044512,12/15/2024,1087,Wallet,Delivered
O044513,CUST044514,R044513,10/15/2023,259,UPI,Delivered
O044514,CUST044515,R044514,2/13/2024,1422,Wallet,Delivered
O044515,CUST044516,R044515,6/6/2019,135,Card,Delivered
O044516,CUST044517,R044516,6/26/2021,385,UPI,Delivered
O044517,CUST044518,R044517,9/26/2022,1705,UPI,Delivered
O044518,CUST044519,R044518,6/20/2024,310,Card,Delivered
O044519,CUST044520,R044519,9/25/2019,134,UPI,Delivered
O044520,CUST044521,R044520,9/18/2022,1420,UPI,Delivered
O044521,CUST044522,R044521,7/24/2019,511,UPI,Delivered
O044522,CUST044523,R044522,10/20/2022,1332,Card,Cancelled
O044523,CUST044524,R044523,5/23/2020,890,Card,Delivered
O044524,CUST044525,R044524,3/19/2023,404,COD,Delivered
O044525,CUST044526,R044525,10/18/2025,275,Card,Delivered
O044526,CUST044527,R044526,10/3/2021,1524,Card,Delivered
O044527,CUST044528,R044527,7/9/2021,1666,Card,Cancelled
O044528,CUST044529,R044528,6/22/2024,1224,Wallet,Cancelled
O044529,CUST044530,R044529,12/6/2022,585,Wallet,Delivered
O044530,CUST044531,R044530,6/1/2019,894,Wallet,Delivered
O044531,CUST044532,R044531,5/8/2021,1400,COD,Delivered
O044532,CUST044533,R044532,3/14/2024,805,Wallet,Delivered
O044533,CUST044534,R044533,5/6/2023,1702,UPI,Delivered
O044534,CUST044535,R044534,3/19/2021,1140,Wallet,Cancelled
O044535,CUST044536,R044535,8/2/2020,1123,UPI,Cancelled
O044536,CUST044537,R044536,8/18/2022,544,Wallet,Delivered
O044537,CUST044538,R044537,2/20/2020,1075,Card,Delivered
O044538,CUST044539,R044538,11/15/2020,1794,Card,Delivered
O044539,CUST044540,R044539,9/26/2021,251,Card,Delivered
O044540,CUST044541,R044540,5/21/2021,1282,UPI,Cancelled
O044541,CUST044542,R044541,12/17/2020,884,Card,Delivered
O044542,CUST044543,R044542,8/1/2024,1580,COD,Delivered
O044543,CUST044544,R044543,6/23/2019,1002,COD,Delivered
O044544,CUST044545,R044544,12/3/2023,301,COD,Delivered
O044545,CUST044546,R044545,5/23/2020,421,COD,Delivered
O044546,CUST044547,R044546,8/1/2025,1363,Card,Cancelled
O044547,CUST044548,R044547,7/13/2020,756,COD,Delivered
O044548,CUST044549,R044548,3/24/2022,738,UPI,Delivered
O044549,CUST044550,R044549,5/14/2019,1172,Wallet,Delivered
O044550,CUST044551,R044550,2/2/2021,692,Wallet,Delivered
O044551,CUST044552,R044551,6/10/2019,1453,COD,Cancelled
O044552,CUST044553,R044552,3/7/2021,1773,Card,Delivered
O044553,CUST044554,R044553,10/15/2025,1500,Card,Delivered
O044554,CUST044555,R044554,8/12/2021,1941,Card,Delivered
O044555,CUST044556,R044555,9/17/2025,1668,COD,Delivered
O044556,CUST044557,R044556,3/27/2024,1089,Card,Delivered
O044557,CUST044558,R044557,4/18/2023,345,COD,Delivered
O044558,CUST044559,R044558,2/26/2025,466,COD,Delivered
O044559,CUST044560,R044559,4/2/2021,518,COD,Delivered
O044560,CUST044561,R044560,4/1/2023,843,COD,Delivered
O044561,CUST044562,R044561,4/25/2022,782,COD,Delivered
O044562,CUST044563,R044562,6/2/2022,1391,Wallet,Delivered
O044563,CUST044564,R044563,11/3/2024,1228,Wallet,Delivered
O044564,CUST044565,R044564,10/10/2024,782,COD,Delivered
O044565,CUST044566,R044565,10/8/2021,1861,Card,Delivered
O044566,CUST044567,R044566,2/16/2023,1545,COD,Delivered
O044567,CUST044568,R044567,6/2/2023,1557,UPI,Delivered
O044568,CUST044569,R044568,5/11/2020,1278,UPI,Delivered
O044569,CUST044570,R044569,2/22/2021,1717,Card,Delivered
O044570,CUST044571,R044570,7/16/2022,1907,Card,Delivered
O044571,CUST044572,R044571,2/21/2024,257,UPI,Delivered
O044572,CUST044573,R044572,9/11/2021,133,COD,Delivered
O044573,CUST044574,R044573,3/23/2019,428,UPI,Delivered
O044574,CUST044575,R044574,7/20/2024,1455,Card,Delivered
O044575,CUST044576,R044575,6/24/2022,1051,COD,Delivered
O044576,CUST044577,R044576,11/28/2025,843,Card,Delivered
O044577,CUST044578,R044577,12/20/2019,399,COD,Delivered
O044578,CUST044579,R044578,4/23/2023,1478,COD,Delivered
O044579,CUST044580,R044579,9/11/2023,316,Wallet,Delivered
O044580,CUST044581,R044580,9/3/2025,1347,Wallet,Delivered
O044581,CUST044582,R044581,9/5/2024,894,COD,Delivered
O044582,CUST044583,R044582,8/3/2021,1509,UPI,Delivered
O044583,CUST044584,R044583,7/10/2022,113,Wallet,Delivered
O044584,CUST044585,R044584,5/16/2019,933,Wallet,Delivered
O044585,CUST044586,R044585,6/8/2025,1651,Card,Delivered
O044586,CUST044587,R044586,11/18/2020,1946,COD,Delivered
O044587,CUST044588,R044587,9/4/2022,1071,Wallet,Delivered
O044588,CUST044589,R044588,9/19/2024,1762,COD,Delivered
O044589,CUST044590,R044589,3/23/2024,710,Wallet,Delivered
O044590,CUST044591,R044590,8/9/2025,1111,Wallet,Delivered
O044591,CUST044592,R044591,11/6/2020,1666,UPI,Delivered
O044592,CUST044593,R044592,9/8/2020,1027,UPI,Delivered
O044593,CUST044594,R044593,2/15/2019,629,Wallet,Delivered
O044594,CUST044595,R044594,4/19/2023,761,Wallet,Delivered
O044595,CUST044596,R044595,2/13/2025,319,COD,Delivered
O044596,CUST044597,R044596,7/13/2020,1836,UPI,Delivered
O044597,CUST044598,R044597,1/13/2025,1645,Card,Delivered
O044598,CUST044599,R044598,3/19/2024,506,Card,Delivered
O044599,CUST044600,R044599,5/28/2024,1769,UPI,Delivered
O044600,CUST044601,R044600,6/21/2021,1951,COD,Delivered
O044601,CUST044602,R044601,8/2/2025,490,Card,Delivered
O044602,CUST044603,R044602,3/20/2021,501,Wallet,Delivered
O044603,CUST044604,R044603,3/4/2025,1262,Card,Delivered
O044604,CUST044605,R044604,6/28/2022,393,COD,Delivered
O044605,CUST044606,R044605,12/5/2022,643,Wallet,Delivered
O044606,CUST044607,R044606,10/9/2021,1258,COD,Cancelled
O044607,CUST044608,R044607,8/28/2021,378,Wallet,Delivered
O044608,CUST044609,R044608,10/8/2020,1880,Wallet,Delivered
O044609,CUST044610,R044609,12/7/2024,929,UPI,Delivered
O044610,CUST044611,R044610,2/14/2020,1262,UPI,Cancelled
O044611,CUST044612,R044611,3/14/2024,1308,UPI,Cancelled
O044612,CUST044613,R044612,6/10/2024,1428,UPI,Delivered
O044613,CUST044614,R044613,10/16/2025,201,UPI,Delivered
O044614,CUST044615,R044614,2/16/2019,107,UPI,Delivered
O044615,CUST044616,R044615,3/15/2021,117,COD,Delivered
O044616,CUST044617,R044616,4/1/2020,1895,UPI,Delivered
O044617,CUST044618,R044617,3/10/2024,1954,Card,Delivered
O044618,CUST044619,R044618,8/28/2024,435,Card,Delivered
O044619,CUST044620,R044619,8/18/2019,874,Wallet,Delivered
O044620,CUST044621,R044620,10/2/2023,168,COD,Delivered
O044621,CUST044622,R044621,2/3/2025,607,Wallet,Delivered
O044622,CUST044623,R044622,12/17/2024,590,Card,Delivered
O044623,CUST044624,R044623,6/11/2020,1797,COD,Delivered
O044624,CUST044625,R044624,9/23/2024,1352,UPI,Delivered
O044625,CUST044626,R044625,11/13/2024,1472,UPI,Delivered
O044626,CUST044627,R044626,9/17/2023,1258,UPI,Cancelled
O044627,CUST044628,R044627,7/4/2021,194,Card,Delivered
O044628,CUST044629,R044628,7/15/2019,161,UPI,Delivered
O044629,CUST044630,R044629,2/17/2019,213,Card,Cancelled
O044630,CUST044631,R044630,2/18/2022,1999,Card,Delivered
O044631,CUST044632,R044631,11/1/2020,1534,Card,Delivered
O044632,CUST044633,R044632,10/11/2023,956,Wallet,Delivered
O044633,CUST044634,R044633,11/3/2023,639,UPI,Delivered
O044634,CUST044635,R044634,9/21/2021,652,Wallet,Delivered
O044635,CUST044636,R044635,8/18/2020,634,Wallet,Delivered
O044636,CUST044637,R044636,6/12/2025,568,Card,Delivered
O044637,CUST044638,R044637,4/24/2022,968,Wallet,Delivered
O044638,CUST044639,R044638,7/8/2019,1263,Card,Delivered
O044639,CUST044640,R044639,6/26/2021,875,UPI,Delivered
O044640,CUST044641,R044640,5/6/2023,1188,COD,Delivered
O044641,CUST044642,R044641,6/10/2023,833,UPI,Delivered
O044642,CUST044643,R044642,10/11/2020,1731,Card,Delivered
O044643,CUST044644,R044643,6/15/2022,205,COD,Cancelled
O044644,CUST044645,R044644,5/10/2020,1150,UPI,Delivered
O044645,CUST044646,R044645,9/6/2020,572,UPI,Delivered
O044646,CUST044647,R044646,7/25/2025,1312,UPI,Delivered
O044647,CUST044648,R044647,9/15/2021,442,COD,Delivered
O044648,CUST044649,R044648,4/12/2022,255,UPI,Cancelled
O044649,CUST044650,R044649,8/21/2020,358,COD,Cancelled
O044650,CUST044651,R044650,12/25/2024,629,Card,Delivered
O044651,CUST044652,R044651,7/2/2019,1892,UPI,Delivered
O044652,CUST044653,R044652,7/23/2023,490,Wallet,Delivered
O044653,CUST044654,R044653,2/1/2021,1296,UPI,Delivered
O044654,CUST044655,R044654,5/22/2023,450,Wallet,Delivered
O044655,CUST044656,R044655,4/6/2020,1391,COD,Delivered
O044656,CUST044657,R044656,2/9/2024,1007,Card,Delivered
O044657,CUST044658,R044657,9/4/2024,766,Wallet,Delivered
O044658,CUST044659,R044658,5/28/2022,1139,COD,Delivered
O044659,CUST044660,R044659,3/1/2020,500,Wallet,Delivered
O044660,CUST044661,R044660,10/11/2020,1575,COD,Delivered
O044661,CUST044662,R044661,5/3/2023,456,COD,Delivered
O044662,CUST044663,R044662,7/9/2019,1449,UPI,Delivered
O044663,CUST044664,R044663,2/5/2020,829,Wallet,Delivered
O044664,CUST044665,R044664,11/6/2023,1118,Wallet,Delivered
O044665,CUST044666,R044665,3/11/2024,1623,UPI,Delivered
O044666,CUST044667,R044666,1/17/2020,1497,COD,Delivered
O044667,CUST044668,R044667,8/10/2020,1714,Card,Delivered
O044668,CUST044669,R044668,4/22/2019,1591,Card,Delivered
O044669,CUST044670,R044669,10/13/2021,239,Card,Delivered
O044670,CUST044671,R044670,7/2/2023,1857,UPI,Delivered
O044671,CUST044672,R044671,8/16/2019,1767,Card,Delivered
O044672,CUST044673,R044672,4/26/2022,116,COD,Delivered
O044673,CUST044674,R044673,2/5/2024,302,COD,Delivered
O044674,CUST044675,R044674,5/13/2023,117,COD,Delivered
O044675,CUST044676,R044675,7/4/2019,1065,COD,Delivered
O044676,CUST044677,R044676,10/28/2022,413,COD,Delivered
O044677,CUST044678,R044677,3/28/2020,734,COD,Delivered
O044678,CUST044679,R044678,6/6/2019,526,Wallet,Delivered
O044679,CUST044680,R044679,6/26/2025,1157,Wallet,Delivered
O044680,CUST044681,R044680,10/12/2022,1335,Wallet,Delivered
O044681,CUST044682,R044681,6/9/2023,1207,UPI,Delivered
O044682,CUST044683,R044682,6/7/2023,1758,UPI,Delivered
O044683,CUST044684,R044683,2/25/2023,628,Wallet,Delivered
O044684,CUST044685,R044684,2/26/2019,1427,UPI,Delivered
O044685,CUST044686,R044685,1/20/2020,1808,UPI,Delivered
O044686,CUST044687,R044686,7/15/2024,1992,Card,Delivered
O044687,CUST044688,R044687,5/7/2023,1808,Card,Delivered
O044688,CUST044689,R044688,10/27/2020,1736,Card,Delivered
O044689,CUST044690,R044689,12/9/2024,1931,Wallet,Delivered
O044690,CUST044691,R044690,9/3/2022,351,UPI,Delivered
O044691,CUST044692,R044691,3/15/2024,142,UPI,Delivered
O044692,CUST044693,R044692,7/23/2020,1200,Wallet,Delivered
O044693,CUST044694,R044693,10/7/2019,534,Wallet,Delivered
O044694,CUST044695,R044694,8/24/2019,729,UPI,Delivered
O044695,CUST044696,R044695,2/8/2019,1802,Wallet,Delivered
O044696,CUST044697,R044696,4/13/2019,1331,Wallet,Delivered
O044697,CUST044698,R044697,10/27/2019,1471,UPI,Delivered
O044698,CUST044699,R044698,12/21/2025,1007,UPI,Delivered
O044699,CUST044700,R044699,1/8/2020,136,COD,Delivered
O044700,CUST044701,R044700,4/15/2021,1852,Wallet,Delivered
O044701,CUST044702,R044701,8/17/2024,1780,Card,Delivered
O044702,CUST044703,R044702,11/10/2022,118,COD,Delivered
O044703,CUST044704,R044703,5/4/2025,1451,UPI,Delivered
O044704,CUST044705,R044704,7/16/2022,186,Wallet,Delivered
O044705,CUST044706,R044705,7/24/2020,991,UPI,Delivered
O044706,CUST044707,R044706,12/22/2022,642,COD,Delivered
O044707,CUST044708,R044707,3/19/2019,389,Card,Delivered
O044708,CUST044709,R044708,2/4/2021,528,COD,Delivered
O044709,CUST044710,R044709,8/7/2023,948,UPI,Delivered
O044710,CUST044711,R044710,4/3/2021,1088,Card,Delivered
O044711,CUST044712,R044711,10/2/2023,623,Wallet,Delivered
O044712,CUST044713,R044712,4/3/2022,1701,UPI,Delivered
O044713,CUST044714,R044713,8/9/2025,579,Wallet,Delivered
O044714,CUST044715,R044714,3/11/2019,1572,UPI,Delivered
O044715,CUST044716,R044715,11/5/2022,1635,Wallet,Delivered
O044716,CUST044717,R044716,6/14/2025,1732,Wallet,Delivered
O044717,CUST044718,R044717,12/11/2020,1747,UPI,Delivered
O044718,CUST044719,R044718,3/18/2022,1620,UPI,Delivered
O044719,CUST044720,R044719,4/19/2022,258,COD,Delivered
O044720,CUST044721,R044720,5/21/2021,1905,Wallet,Delivered
O044721,CUST044722,R044721,11/14/2023,188,Card,Delivered
O044722,CUST044723,R044722,4/2/2025,608,Card,Delivered
O044723,CUST044724,R044723,4/26/2021,1890,UPI,Delivered
O044724,CUST044725,R044724,5/25/2025,239,COD,Delivered
O044725,CUST044726,R044725,8/25/2019,794,COD,Delivered
O044726,CUST044727,R044726,9/19/2025,667,Card,Delivered
O044727,CUST044728,R044727,3/6/2019,948,Card,Delivered
O044728,CUST044729,R044728,11/2/2024,117,COD,Delivered
O044729,CUST044730,R044729,8/4/2024,1109,Wallet,Delivered
O044730,CUST044731,R044730,2/4/2019,235,Wallet,Delivered
O044731,CUST044732,R044731,6/25/2022,1040,COD,Delivered
O044732,CUST044733,R044732,10/10/2019,1710,Wallet,Delivered
O044733,CUST044734,R044733,2/12/2025,393,COD,Delivered
O044734,CUST044735,R044734,5/5/2020,1641,UPI,Delivered
O044735,CUST044736,R044735,9/21/2020,997,UPI,Delivered
O044736,CUST044737,R044736,8/3/2023,1801,Wallet,Delivered
O044737,CUST044738,R044737,12/18/2024,1517,Wallet,Delivered
O044738,CUST044739,R044738,3/16/2023,1184,UPI,Cancelled
O044739,CUST044740,R044739,11/13/2020,1945,COD,Delivered
O044740,CUST044741,R044740,11/4/2023,1620,Card,Delivered
O044741,CUST044742,R044741,11/7/2021,1678,Card,Delivered
O044742,CUST044743,R044742,4/27/2025,726,UPI,Delivered
O044743,CUST044744,R044743,1/26/2019,1229,COD,Delivered
O044744,CUST044745,R044744,2/19/2024,661,COD,Delivered
O044745,CUST044746,R044745,9/5/2023,480,COD,Delivered
O044746,CUST044747,R044746,1/24/2025,501,Card,Delivered
O044747,CUST044748,R044747,5/28/2020,1257,Card,Cancelled
O044748,CUST044749,R044748,3/8/2021,612,Wallet,Delivered
O044749,CUST044750,R044749,12/26/2022,1418,UPI,Delivered
O044750,CUST044751,R044750,10/20/2019,288,Wallet,Delivered
O044751,CUST044752,R044751,12/25/2021,800,UPI,Delivered
O044752,CUST044753,R044752,7/7/2022,1735,Wallet,Delivered
O044753,CUST044754,R044753,1/13/2025,1236,UPI,Cancelled
O044754,CUST044755,R044754,2/2/2023,1469,UPI,Cancelled
O044755,CUST044756,R044755,8/24/2025,1398,UPI,Cancelled
O044756,CUST044757,R044756,7/8/2019,1336,UPI,Delivered
O044757,CUST044758,R044757,10/16/2021,278,Wallet,Delivered
O044758,CUST044759,R044758,3/14/2023,1999,COD,Delivered
O044759,CUST044760,R044759,8/19/2025,161,COD,Delivered
O044760,CUST044761,R044760,7/1/2022,1923,COD,Delivered
O044761,CUST044762,R044761,5/17/2023,1607,Wallet,Delivered
O044762,CUST044763,R044762,8/21/2024,1462,COD,Delivered
O044763,CUST044764,R044763,3/8/2020,507,Wallet,Delivered
O044764,CUST044765,R044764,12/26/2019,887,UPI,Delivered
O044765,CUST044766,R044765,2/8/2020,890,Wallet,Delivered
O044766,CUST044767,R044766,3/6/2023,1708,UPI,Cancelled
O044767,CUST044768,R044767,10/3/2019,1513,Wallet,Delivered
O044768,CUST044769,R044768,5/12/2022,1441,UPI,Delivered
O044769,CUST044770,R044769,2/9/2019,1424,Card,Cancelled
O044770,CUST044771,R044770,8/23/2025,1509,Wallet,Delivered
O044771,CUST044772,R044771,11/15/2019,142,COD,Cancelled
O044772,CUST044773,R044772,12/19/2023,379,UPI,Delivered
O044773,CUST044774,R044773,12/17/2020,1967,Card,Cancelled
O044774,CUST044775,R044774,9/18/2021,1695,Card,Delivered
O044775,CUST044776,R044775,9/24/2020,190,Card,Cancelled
O044776,CUST044777,R044776,11/2/2022,619,COD,Delivered
O044777,CUST044778,R044777,8/23/2023,503,Card,Delivered
O044778,CUST044779,R044778,3/18/2020,550,Wallet,Delivered
O044779,CUST044780,R044779,3/1/2022,801,Card,Delivered
O044780,CUST044781,R044780,1/4/2021,240,COD,Cancelled
O044781,CUST044782,R044781,3/6/2020,1232,Wallet,Delivered
O044782,CUST044783,R044782,10/3/2021,1041,Wallet,Delivered
O044783,CUST044784,R044783,12/5/2024,1169,COD,Delivered
O044784,CUST044785,R044784,5/1/2020,1658,UPI,Delivered
O044785,CUST044786,R044785,4/14/2020,1007,Wallet,Delivered
O044786,CUST044787,R044786,1/14/2022,174,UPI,Cancelled
O044787,CUST044788,R044787,4/13/2021,1311,Wallet,Delivered
O044788,CUST044789,R044788,10/6/2020,1750,UPI,Delivered
O044789,CUST044790,R044789,3/25/2019,236,UPI,Delivered
O044790,CUST044791,R044790,10/25/2025,1307,UPI,Delivered
O044791,CUST044792,R044791,3/12/2020,167,COD,Cancelled
O044792,CUST044793,R044792,6/24/2024,455,COD,Cancelled
O044793,CUST044794,R044793,7/16/2023,1801,Card,Delivered
O044794,CUST044795,R044794,11/1/2022,849,Card,Delivered
O044795,CUST044796,R044795,3/28/2021,1669,Card,Delivered
O044796,CUST044797,R044796,8/27/2025,848,Card,Delivered
O044797,CUST044798,R044797,11/25/2023,1902,COD,Delivered
O044798,CUST044799,R044798,1/17/2024,196,COD,Delivered
O044799,CUST044800,R044799,4/2/2019,1438,UPI,Delivered
O044800,CUST044801,R044800,10/8/2020,1511,Card,Delivered
O044801,CUST044802,R044801,5/22/2021,1113,Wallet,Delivered
O044802,CUST044803,R044802,10/13/2025,480,COD,Delivered
O044803,CUST044804,R044803,12/28/2020,495,Wallet,Delivered
O044804,CUST044805,R044804,7/3/2019,1256,COD,Delivered
O044805,CUST044806,R044805,1/12/2025,656,Wallet,Delivered
O044806,CUST044807,R044806,2/5/2022,1417,Wallet,Delivered
O044807,CUST044808,R044807,9/17/2019,1093,Wallet,Delivered
O044808,CUST044809,R044808,12/3/2025,1037,UPI,Delivered
O044809,CUST044810,R044809,4/15/2019,464,COD,Delivered
O044810,CUST044811,R044810,4/19/2021,996,Card,Delivered
O044811,CUST044812,R044811,8/12/2024,1757,Card,Delivered
O044812,CUST044813,R044812,12/25/2021,209,Card,Delivered
O044813,CUST044814,R044813,10/20/2024,1128,UPI,Cancelled
O044814,CUST044815,R044814,1/16/2022,730,UPI,Delivered
O044815,CUST044816,R044815,8/28/2025,1998,Card,Delivered
O044816,CUST044817,R044816,3/23/2022,646,COD,Delivered
O044817,CUST044818,R044817,11/25/2023,157,COD,Delivered
O044818,CUST044819,R044818,7/21/2025,273,COD,Delivered
O044819,CUST044820,R044819,1/27/2022,1208,Card,Delivered
O044820,CUST044821,R044820,3/26/2019,709,COD,Delivered
O044821,CUST044822,R044821,11/26/2022,697,Wallet,Delivered
O044822,CUST044823,R044822,5/12/2021,1093,COD,Delivered
O044823,CUST044824,R044823,1/28/2019,613,Wallet,Delivered
O044824,CUST044825,R044824,9/8/2019,1368,COD,Cancelled
O044825,CUST044826,R044825,9/7/2023,1726,UPI,Delivered
O044826,CUST044827,R044826,1/15/2019,1279,Wallet,Cancelled
O044827,CUST044828,R044827,1/10/2022,1358,UPI,Delivered
O044828,CUST044829,R044828,2/9/2025,1090,Card,Delivered
O044829,CUST044830,R044829,2/17/2024,262,UPI,Delivered
O044830,CUST044831,R044830,12/7/2023,1719,COD,Delivered
O044831,CUST044832,R044831,11/18/2025,361,COD,Delivered
O044832,CUST044833,R044832,9/22/2024,363,COD,Delivered
O044833,CUST044834,R044833,7/27/2019,753,COD,Delivered
O044834,CUST044835,R044834,4/27/2020,742,COD,Delivered
O044835,CUST044836,R044835,6/28/2022,1181,Wallet,Delivered
O044836,CUST044837,R044836,6/1/2024,1147,Wallet,Delivered
O044837,CUST044838,R044837,9/9/2019,697,COD,Delivered
O044838,CUST044839,R044838,2/7/2021,1771,UPI,Delivered
O044839,CUST044840,R044839,9/15/2022,1498,COD,Delivered
O044840,CUST044841,R044840,10/27/2019,1451,UPI,Delivered
O044841,CUST044842,R044841,2/10/2025,1134,UPI,Delivered
O044842,CUST044843,R044842,10/20/2022,1319,Card,Delivered
O044843,CUST044844,R044843,2/15/2019,1763,Card,Delivered
O044844,CUST044845,R044844,11/19/2023,1877,Wallet,Delivered
O044845,CUST044846,R044845,8/10/2024,1924,COD,Delivered
O044846,CUST044847,R044846,3/21/2021,530,UPI,Delivered
O044847,CUST044848,R044847,3/21/2020,1370,Card,Delivered
O044848,CUST044849,R044848,2/23/2024,971,COD,Cancelled
O044849,CUST044850,R044849,5/24/2021,807,Card,Delivered
O044850,CUST044851,R044850,3/18/2019,358,COD,Delivered
O044851,CUST044852,R044851,11/22/2020,1387,COD,Delivered
O044852,CUST044853,R044852,5/10/2024,225,COD,Delivered
O044853,CUST044854,R044853,1/3/2023,1067,Wallet,Delivered
O044854,CUST044855,R044854,5/5/2019,795,Card,Delivered
O044855,CUST044856,R044855,8/2/2020,1110,UPI,Delivered
O044856,CUST044857,R044856,10/9/2021,1865,COD,Delivered
O044857,CUST044858,R044857,3/14/2020,779,Wallet,Cancelled
O044858,CUST044859,R044858,4/4/2025,1541,Card,Delivered
O044859,CUST044860,R044859,10/16/2021,189,Wallet,Delivered
O044860,CUST044861,R044860,2/5/2020,986,UPI,Delivered
O044861,CUST044862,R044861,12/17/2019,587,Wallet,Delivered
O044862,CUST044863,R044862,5/21/2023,1436,Card,Delivered
O044863,CUST044864,R044863,3/20/2025,1875,Card,Delivered
O044864,CUST044865,R044864,7/16/2022,157,Wallet,Delivered
O044865,CUST044866,R044865,7/19/2019,1742,UPI,Delivered
O044866,CUST044867,R044866,9/25/2024,544,Wallet,Delivered
O044867,CUST044868,R044867,11/15/2023,618,Wallet,Delivered
O044868,CUST044869,R044868,5/13/2019,1864,Card,Cancelled
O044869,CUST044870,R044869,7/12/2022,1731,UPI,Cancelled
O044870,CUST044871,R044870,3/11/2024,1491,UPI,Delivered
O044871,CUST044872,R044871,2/17/2022,351,UPI,Delivered
O044872,CUST044873,R044872,1/26/2019,1918,UPI,Cancelled
O044873,CUST044874,R044873,1/23/2021,1741,COD,Delivered
O044874,CUST044875,R044874,3/28/2025,411,Card,Delivered
O044875,CUST044876,R044875,9/18/2025,421,COD,Delivered
O044876,CUST044877,R044876,5/2/2024,1176,Card,Delivered
O044877,CUST044878,R044877,6/27/2025,346,Wallet,Delivered
O044878,CUST044879,R044878,4/2/2025,597,Wallet,Delivered
O044879,CUST044880,R044879,3/8/2021,1172,COD,Cancelled
O044880,CUST044881,R044880,9/27/2024,233,COD,Delivered
O044881,CUST044882,R044881,9/7/2023,1481,Wallet,Delivered
O044882,CUST044883,R044882,10/7/2023,1348,UPI,Delivered
O044883,CUST044884,R044883,9/13/2024,1151,UPI,Cancelled
O044884,CUST044885,R044884,10/12/2024,1153,UPI,Delivered
O044885,CUST044886,R044885,2/8/2022,1534,Wallet,Cancelled
O044886,CUST044887,R044886,9/18/2023,1960,Wallet,Delivered
O044887,CUST044888,R044887,7/10/2023,1972,UPI,Delivered
O044888,CUST044889,R044888,5/12/2020,1976,COD,Delivered
O044889,CUST044890,R044889,2/27/2021,1805,UPI,Delivered
O044890,CUST044891,R044890,12/8/2025,1864,Card,Delivered
O044891,CUST044892,R044891,8/27/2025,213,UPI,Delivered
O044892,CUST044893,R044892,4/17/2022,832,COD,Delivered
O044893,CUST044894,R044893,3/1/2019,1925,Card,Delivered
O044894,CUST044895,R044894,5/1/2024,209,COD,Delivered
O044895,CUST044896,R044895,7/16/2022,441,Wallet,Delivered
O044896,CUST044897,R044896,12/8/2019,1258,Card,Cancelled
O044897,CUST044898,R044897,7/21/2019,813,Wallet,Delivered
O044898,CUST044899,R044898,3/5/2024,1151,Wallet,Delivered
O044899,CUST044900,R044899,9/12/2023,687,UPI,Delivered
O044900,CUST044901,R044900,1/24/2025,114,UPI,Cancelled
O044901,CUST044902,R044901,4/7/2024,119,UPI,Delivered
O044902,CUST044903,R044902,4/15/2024,1893,Card,Cancelled
O044903,CUST044904,R044903,8/12/2025,1908,Card,Delivered
O044904,CUST044905,R044904,1/28/2023,1448,UPI,Delivered
O044905,CUST044906,R044905,4/18/2021,876,Wallet,Delivered
O044906,CUST044907,R044906,2/2/2024,604,Wallet,Delivered
O044907,CUST044908,R044907,4/20/2019,253,COD,Delivered
O044908,CUST044909,R044908,11/17/2020,485,COD,Delivered
O044909,CUST044910,R044909,10/11/2021,413,Card,Delivered
O044910,CUST044911,R044910,11/22/2024,858,Wallet,Delivered
O044911,CUST044912,R044911,6/6/2020,1239,Card,Delivered
O044912,CUST044913,R044912,11/28/2019,730,UPI,Delivered
O044913,CUST044914,R044913,8/4/2025,1108,COD,Delivered
O044914,CUST044915,R044914,8/8/2022,748,Wallet,Delivered
O044915,CUST044916,R044915,11/10/2024,1684,UPI,Delivered
O044916,CUST044917,R044916,11/7/2020,158,COD,Cancelled
O044917,CUST044918,R044917,2/9/2025,1065,UPI,Delivered
O044918,CUST044919,R044918,10/5/2023,493,UPI,Delivered
O044919,CUST044920,R044919,2/24/2024,1232,Wallet,Delivered
O044920,CUST044921,R044920,7/15/2021,1808,COD,Delivered
O044921,CUST044922,R044921,3/11/2023,145,UPI,Cancelled
O044922,CUST044923,R044922,4/20/2021,205,Card,Delivered
O044923,CUST044924,R044923,5/24/2024,474,Card,Delivered
O044924,CUST044925,R044924,2/28/2021,140,UPI,Delivered
O044925,CUST044926,R044925,5/23/2021,390,Wallet,Delivered
O044926,CUST044927,R044926,4/26/2020,1153,Card,Delivered
O044927,CUST044928,R044927,11/20/2020,365,Wallet,Delivered
O044928,CUST044929,R044928,6/4/2019,1299,COD,Delivered
O044929,CUST044930,R044929,8/4/2023,786,Card,Delivered
O044930,CUST044931,R044930,5/4/2020,726,Wallet,Delivered
O044931,CUST044932,R044931,10/27/2023,1487,Wallet,Delivered
O044932,CUST044933,R044932,7/6/2024,848,Wallet,Delivered
O044933,CUST044934,R044933,5/16/2025,1598,COD,Delivered
O044934,CUST044935,R044934,7/6/2025,774,COD,Delivered
O044935,CUST044936,R044935,11/15/2021,1338,UPI,Delivered
O044936,CUST044937,R044936,11/10/2019,680,Wallet,Delivered
O044937,CUST044938,R044937,7/3/2020,1230,Wallet,Delivered
O044938,CUST044939,R044938,9/13/2020,1481,UPI,Delivered
O044939,CUST044940,R044939,2/15/2024,1397,COD,Delivered
O044940,CUST044941,R044940,10/8/2019,1497,Card,Cancelled
O044941,CUST044942,R044941,7/20/2021,1500,UPI,Delivered
O044942,CUST044943,R044942,5/7/2021,150,Card,Delivered
O044943,CUST044944,R044943,2/26/2023,1815,UPI,Delivered
O044944,CUST044945,R044944,5/16/2022,1731,Card,Delivered
O044945,CUST044946,R044945,8/24/2025,1937,Card,Delivered
O044946,CUST044947,R044946,5/4/2023,1800,COD,Delivered
O044947,CUST044948,R044947,12/12/2020,1863,Card,Delivered
O044948,CUST044949,R044948,10/3/2020,954,Card,Delivered
O044949,CUST044950,R044949,2/27/2020,831,COD,Delivered
O044950,CUST044951,R044950,3/26/2022,847,COD,Delivered
O044951,CUST044952,R044951,9/8/2020,382,Wallet,Delivered
O044952,CUST044953,R044952,8/24/2024,1007,COD,Delivered
O044953,CUST044954,R044953,4/10/2023,1288,COD,Delivered
O044954,CUST044955,R044954,8/2/2022,1161,UPI,Delivered
O044955,CUST044956,R044955,5/1/2020,1667,UPI,Delivered
O044956,CUST044957,R044956,3/23/2025,542,Wallet,Delivered
O044957,CUST044958,R044957,1/25/2022,1347,UPI,Delivered
O044958,CUST044959,R044958,11/19/2020,1598,Wallet,Delivered
O044959,CUST044960,R044959,2/13/2022,1951,Card,Delivered
O044960,CUST044961,R044960,8/6/2022,1653,UPI,Delivered
O044961,CUST044962,R044961,2/25/2023,1582,Card,Delivered
O044962,CUST044963,R044962,8/8/2020,1826,Wallet,Delivered
O044963,CUST044964,R044963,5/28/2022,507,Wallet,Delivered
O044964,CUST044965,R044964,3/17/2020,1899,COD,Delivered
O044965,CUST044966,R044965,5/21/2021,623,COD,Delivered
O044966,CUST044967,R044966,11/4/2024,1917,COD,Delivered
O044967,CUST044968,R044967,6/16/2021,777,Wallet,Delivered
O044968,CUST044969,R044968,8/24/2022,1332,Wallet,Cancelled
O044969,CUST044970,R044969,4/4/2020,824,Wallet,Delivered
O044970,CUST044971,R044970,9/19/2024,1392,UPI,Delivered
O044971,CUST044972,R044971,7/20/2023,927,Wallet,Delivered
O044972,CUST044973,R044972,2/15/2020,1994,COD,Delivered
O044973,CUST044974,R044973,3/14/2024,1741,Wallet,Cancelled
O044974,CUST044975,R044974,9/15/2020,1627,Card,Cancelled
O044975,CUST044976,R044975,4/9/2023,1870,COD,Delivered
O044976,CUST044977,R044976,1/3/2020,1562,UPI,Delivered
O044977,CUST044978,R044977,10/18/2020,1987,Wallet,Delivered
O044978,CUST044979,R044978,9/22/2019,712,UPI,Delivered
O044979,CUST044980,R044979,5/20/2019,487,COD,Delivered
O044980,CUST044981,R044980,10/17/2019,297,Card,Delivered
O044981,CUST044982,R044981,9/25/2022,487,COD,Delivered
O044982,CUST044983,R044982,4/6/2025,912,Wallet,Delivered
O044983,CUST044984,R044983,3/1/2019,1008,Card,Delivered
O044984,CUST044985,R044984,1/1/2023,538,COD,Delivered
O044985,CUST044986,R044985,4/1/2023,1611,Wallet,Delivered
O044986,CUST044987,R044986,11/9/2019,469,COD,Delivered
O044987,CUST044988,R044987,4/11/2020,1287,UPI,Delivered
O044988,CUST044989,R044988,12/3/2025,1486,Wallet,Delivered
O044989,CUST044990,R044989,10/12/2021,1844,Wallet,Delivered
O044990,CUST044991,R044990,6/13/2022,1604,UPI,Cancelled
O044991,CUST044992,R044991,4/17/2019,1514,Wallet,Delivered
O044992,CUST044993,R044992,6/17/2021,147,COD,Delivered
O044993,CUST044994,R044993,8/19/2023,1815,Wallet,Delivered
O044994,CUST044995,R044994,7/8/2022,104,Card,Cancelled
O044995,CUST044996,R044995,3/28/2025,528,Card,Delivered
O044996,CUST044997,R044996,6/24/2021,1679,UPI,Delivered
O044997,CUST044998,R044997,5/24/2019,198,COD,Delivered
O044998,CUST044999,R044998,11/24/2025,705,Wallet,Delivered
O044999,CUST045000,R044999,9/18/2024,577,COD,Delivered
O045000,CUST045001,R045000,12/5/2022,1082,Card,Delivered
O045001,CUST045002,R045001,11/26/2022,257,COD,Delivered
O045002,CUST045003,R045002,6/7/2023,1461,Wallet,Delivered
O045003,CUST045004,R045003,10/6/2021,331,Wallet,Delivered
O045004,CUST045005,R045004,10/26/2019,890,COD,Delivered
O045005,CUST045006,R045005,10/12/2019,1424,Wallet,Cancelled
O045006,CUST045007,R045006,10/10/2020,346,COD,Delivered
O045007,CUST045008,R045007,5/27/2024,1556,UPI,Delivered
O045008,CUST045009,R045008,10/19/2022,916,UPI,Delivered
O045009,CUST045010,R045009,6/2/2019,1722,Wallet,Delivered
O045010,CUST045011,R045010,6/15/2023,1476,COD,Delivered
O045011,CUST045012,R045011,10/14/2020,1137,Card,Delivered
O045012,CUST045013,R045012,7/11/2021,1853,Card,Delivered
O045013,CUST045014,R045013,8/3/2021,1471,UPI,Delivered
O045014,CUST045015,R045014,8/7/2024,1535,Card,Delivered
O045015,CUST045016,R045015,11/26/2025,881,UPI,Delivered
O045016,CUST045017,R045016,4/25/2025,1646,COD,Delivered
O045017,CUST045018,R045017,12/17/2025,507,Card,Delivered
O045018,CUST045019,R045018,4/3/2023,327,COD,Delivered
O045019,CUST045020,R045019,7/19/2025,135,Card,Delivered
O045020,CUST045021,R045020,8/22/2019,1215,Card,Delivered
O045021,CUST045022,R045021,7/5/2024,533,Wallet,Delivered
O045022,CUST045023,R045022,2/24/2020,1339,UPI,Delivered
O045023,CUST045024,R045023,3/18/2023,203,COD,Delivered
O045024,CUST045025,R045024,10/24/2020,752,Wallet,Delivered
O045025,CUST045026,R045025,7/6/2025,1513,Wallet,Delivered
O045026,CUST045027,R045026,2/12/2021,1088,Wallet,Delivered
O045027,CUST045028,R045027,7/1/2024,1326,UPI,Cancelled
O045028,CUST045029,R045028,7/21/2019,1509,Wallet,Cancelled
O045029,CUST045030,R045029,1/7/2020,1231,Card,Delivered
O045030,CUST045031,R045030,12/14/2020,167,Wallet,Delivered
O045031,CUST045032,R045031,2/12/2021,1844,COD,Delivered
O045032,CUST045033,R045032,8/16/2020,1657,Card,Delivered
O045033,CUST045034,R045033,6/24/2023,1843,Card,Delivered
O045034,CUST045035,R045034,7/15/2024,193,COD,Delivered
O045035,CUST045036,R045035,2/18/2020,955,Card,Delivered
O045036,CUST045037,R045036,9/27/2023,1894,Card,Delivered
O045037,CUST045038,R045037,7/19/2019,369,Wallet,Delivered
O045038,CUST045039,R045038,2/1/2020,416,Wallet,Delivered
O045039,CUST045040,R045039,9/7/2021,1667,UPI,Cancelled
O045040,CUST045041,R045040,3/23/2019,1369,Wallet,Delivered
O045041,CUST045042,R045041,10/11/2025,1553,Wallet,Delivered
O045042,CUST045043,R045042,6/8/2025,1275,Card,Cancelled
O045043,CUST045044,R045043,10/22/2023,1223,Wallet,Delivered
O045044,CUST045045,R045044,1/13/2019,1931,COD,Delivered
O045045,CUST045046,R045045,8/17/2020,1876,UPI,Cancelled
O045046,CUST045047,R045046,8/11/2019,1888,Card,Delivered
O045047,CUST045048,R045047,3/16/2020,1615,UPI,Delivered
O045048,CUST045049,R045048,1/20/2025,147,Card,Delivered
O045049,CUST045050,R045049,9/28/2023,572,Card,Delivered
O045050,CUST045051,R045050,4/22/2024,414,Card,Delivered
O045051,CUST045052,R045051,8/16/2021,460,COD,Delivered
O045052,CUST045053,R045052,11/28/2025,1282,Card,Delivered
O045053,CUST045054,R045053,12/4/2024,140,COD,Cancelled
O045054,CUST045055,R045054,6/5/2020,1344,Wallet,Delivered
O045055,CUST045056,R045055,5/2/2025,892,COD,Delivered
O045056,CUST045057,R045056,4/4/2023,1014,COD,Delivered
O045057,CUST045058,R045057,5/8/2023,1548,Wallet,Delivered
O045058,CUST045059,R045058,11/12/2022,647,Wallet,Delivered
O045059,CUST045060,R045059,1/8/2019,1932,UPI,Delivered
O045060,CUST045061,R045060,11/10/2022,1231,Wallet,Delivered
O045061,CUST045062,R045061,8/4/2020,1665,UPI,Delivered
O045062,CUST045063,R045062,12/23/2025,189,Wallet,Delivered
O045063,CUST045064,R045063,9/27/2019,1085,UPI,Delivered
O045064,CUST045065,R045064,4/11/2023,1982,Card,Cancelled
O045065,CUST045066,R045065,3/22/2022,376,Card,Delivered
O045066,CUST045067,R045066,6/13/2024,1658,Card,Delivered
O045067,CUST045068,R045067,1/28/2019,1004,UPI,Delivered
O045068,CUST045069,R045068,6/27/2020,1563,COD,Delivered
O045069,CUST045070,R045069,1/26/2021,1121,COD,Delivered
O045070,CUST045071,R045070,11/22/2025,275,Wallet,Delivered
O045071,CUST045072,R045071,9/21/2020,263,COD,Delivered
O045072,CUST045073,R045072,4/3/2021,1591,UPI,Delivered
O045073,CUST045074,R045073,10/12/2019,1859,Card,Delivered
O045074,CUST045075,R045074,4/26/2022,1029,Wallet,Delivered
O045075,CUST045076,R045075,4/11/2022,390,COD,Delivered
O045076,CUST045077,R045076,6/2/2023,448,COD,Delivered
O045077,CUST045078,R045077,7/27/2024,1214,COD,Delivered
O045078,CUST045079,R045078,3/10/2021,577,COD,Delivered
O045079,CUST045080,R045079,2/4/2021,1338,UPI,Delivered
O045080,CUST045081,R045080,12/16/2025,1199,Wallet,Delivered
O045081,CUST045082,R045081,6/3/2019,752,UPI,Delivered
O045082,CUST045083,R045082,7/15/2020,354,COD,Delivered
O045083,CUST045084,R045083,9/18/2022,842,Card,Delivered
O045084,CUST045085,R045084,8/9/2019,1352,Card,Delivered
O045085,CUST045086,R045085,6/19/2020,1966,Card,Delivered
O045086,CUST045087,R045086,2/16/2023,1092,UPI,Delivered
O045087,CUST045088,R045087,7/14/2019,688,UPI,Delivered
O045088,CUST045089,R045088,10/26/2023,1906,Card,Delivered
O045089,CUST045090,R045089,10/24/2020,555,COD,Delivered
O045090,CUST045091,R045090,8/24/2019,1843,Card,Delivered
O045091,CUST045092,R045091,7/20/2019,237,COD,Delivered
O045092,CUST045093,R045092,10/26/2023,1128,Card,Delivered
O045093,CUST045094,R045093,2/25/2020,815,COD,Delivered
O045094,CUST045095,R045094,2/25/2021,543,Wallet,Delivered
O045095,CUST045096,R045095,7/9/2020,982,COD,Delivered
O045096,CUST045097,R045096,10/27/2022,507,UPI,Cancelled
O045097,CUST045098,R045097,5/6/2023,969,COD,Delivered
O045098,CUST045099,R045098,12/1/2021,1583,UPI,Delivered
O045099,CUST045100,R045099,7/12/2023,1136,Wallet,Cancelled
O045100,CUST045101,R045100,10/9/2021,1316,Wallet,Delivered
O045101,CUST045102,R045101,12/8/2020,1566,Card,Delivered
O045102,CUST045103,R045102,6/19/2022,172,Wallet,Delivered
O045103,CUST045104,R045103,5/5/2024,1634,UPI,Delivered
O045104,CUST045105,R045104,3/15/2021,1753,Card,Delivered
O045105,CUST045106,R045105,9/21/2020,1800,Card,Delivered
O045106,CUST045107,R045106,2/19/2022,476,Card,Delivered
O045107,CUST045108,R045107,2/19/2021,159,COD,Delivered
O045108,CUST045109,R045108,5/21/2020,1026,COD,Delivered
O045109,CUST045110,R045109,2/22/2019,1042,Wallet,Delivered
O045110,CUST045111,R045110,4/7/2021,168,COD,Delivered
O045111,CUST045112,R045111,8/1/2023,1627,UPI,Cancelled
O045112,CUST045113,R045112,11/13/2021,1348,COD,Delivered
O045113,CUST045114,R045113,8/24/2019,1360,UPI,Delivered
O045114,CUST045115,R045114,4/8/2025,1088,Wallet,Delivered
O045115,CUST045116,R045115,9/20/2024,1272,UPI,Delivered
O045116,CUST045117,R045116,2/12/2021,1677,Card,Cancelled
O045117,CUST045118,R045117,3/18/2019,1798,Wallet,Delivered
O045118,CUST045119,R045118,11/9/2023,1845,COD,Delivered
O045119,CUST045120,R045119,5/20/2025,1011,Wallet,Delivered
O045120,CUST045121,R045120,6/20/2019,1258,Card,Delivered
O045121,CUST045122,R045121,6/21/2020,816,Card,Delivered
O045122,CUST045123,R045122,6/22/2024,659,UPI,Delivered
O045123,CUST045124,R045123,2/17/2019,1860,Card,Delivered
O045124,CUST045125,R045124,11/24/2025,1287,COD,Delivered
O045125,CUST045126,R045125,3/7/2024,119,COD,Delivered
O045126,CUST045127,R045126,3/1/2021,977,Wallet,Delivered
O045127,CUST045128,R045127,4/3/2025,704,Card,Delivered
O045128,CUST045129,R045128,8/4/2025,893,UPI,Delivered
O045129,CUST045130,R045129,2/7/2025,1829,COD,Delivered
O045130,CUST045131,R045130,11/12/2021,700,COD,Cancelled
O045131,CUST045132,R045131,10/3/2023,1461,Card,Delivered
O045132,CUST045133,R045132,1/15/2020,104,Wallet,Delivered
O045133,CUST045134,R045133,8/2/2023,875,UPI,Delivered
O045134,CUST045135,R045134,9/16/2022,477,Wallet,Delivered
O045135,CUST045136,R045135,10/19/2024,1287,UPI,Delivered
O045136,CUST045137,R045136,4/18/2021,1476,Card,Delivered
O045137,CUST045138,R045137,1/11/2022,1915,Card,Delivered
O045138,CUST045139,R045138,4/17/2025,1637,Card,Delivered
O045139,CUST045140,R045139,3/23/2021,1065,UPI,Delivered
O045140,CUST045141,R045140,12/25/2020,1332,UPI,Delivered
O045141,CUST045142,R045141,12/26/2022,684,Card,Cancelled
O045142,CUST045143,R045142,10/2/2020,557,UPI,Cancelled
O045143,CUST045144,R045143,4/22/2019,1455,UPI,Delivered
O045144,CUST045145,R045144,11/28/2025,309,Card,Delivered
O045145,CUST045146,R045145,12/25/2021,1827,UPI,Cancelled
O045146,CUST045147,R045146,9/22/2022,1587,COD,Delivered
O045147,CUST045148,R045147,3/27/2019,300,Card,Delivered
O045148,CUST045149,R045148,6/17/2021,141,COD,Delivered
O045149,CUST045150,R045149,9/1/2020,777,Card,Delivered
O045150,CUST045151,R045150,3/21/2021,203,COD,Delivered
O045151,CUST045152,R045151,10/28/2021,448,Wallet,Delivered
O045152,CUST045153,R045152,12/6/2020,1061,COD,Delivered
O045153,CUST045154,R045153,3/23/2019,186,COD,Delivered
O045154,CUST045155,R045154,2/9/2020,1396,Wallet,Delivered
O045155,CUST045156,R045155,2/5/2024,1268,UPI,Cancelled
O045156,CUST045157,R045156,11/11/2025,1071,Wallet,Delivered
O045157,CUST045158,R045157,5/11/2019,937,UPI,Delivered
O045158,CUST045159,R045158,5/7/2021,1488,Wallet,Cancelled
O045159,CUST045160,R045159,9/17/2022,1869,Wallet,Delivered
O045160,CUST045161,R045160,9/8/2019,1822,UPI,Delivered
O045161,CUST045162,R045161,10/12/2025,1833,Card,Delivered
O045162,CUST045163,R045162,12/24/2022,1450,UPI,Delivered
O045163,CUST045164,R045163,1/3/2019,1720,COD,Delivered
O045164,CUST045165,R045164,10/25/2023,1965,UPI,Delivered
O045165,CUST045166,R045165,7/15/2024,677,COD,Delivered
O045166,CUST045167,R045166,10/27/2021,1704,Card,Delivered
O045167,CUST045168,R045167,9/4/2020,167,COD,Delivered
O045168,CUST045169,R045168,7/14/2024,361,Wallet,Delivered
O045169,CUST045170,R045169,3/5/2021,1178,Card,Delivered
O045170,CUST045171,R045170,10/20/2019,729,Wallet,Delivered
O045171,CUST045172,R045171,12/2/2021,1104,COD,Delivered
O045172,CUST045173,R045172,12/12/2024,639,COD,Delivered
O045173,CUST045174,R045173,11/23/2023,1438,Wallet,Cancelled
O045174,CUST045175,R045174,5/6/2019,1450,COD,Delivered
O045175,CUST045176,R045175,2/8/2020,1066,UPI,Delivered
O045176,CUST045177,R045176,10/5/2021,1374,Card,Delivered
O045177,CUST045178,R045177,2/19/2020,736,UPI,Delivered
O045178,CUST045179,R045178,3/10/2019,722,COD,Delivered
O045179,CUST045180,R045179,6/28/2024,705,Wallet,Delivered
O045180,CUST045181,R045180,11/19/2024,211,COD,Delivered
O045181,CUST045182,R045181,10/15/2022,449,Card,Delivered
O045182,CUST045183,R045182,12/9/2019,334,Card,Delivered
O045183,CUST045184,R045183,6/21/2022,773,Wallet,Delivered
O045184,CUST045185,R045184,9/5/2019,1148,Card,Delivered
O045185,CUST045186,R045185,10/27/2022,683,UPI,Delivered
O045186,CUST045187,R045186,4/3/2021,1527,Card,Delivered
O045187,CUST045188,R045187,1/7/2022,605,Wallet,Delivered
O045188,CUST045189,R045188,7/8/2025,1284,UPI,Delivered
O045189,CUST045190,R045189,11/5/2021,1910,COD,Delivered
O045190,CUST045191,R045190,11/7/2023,955,UPI,Delivered
O045191,CUST045192,R045191,6/11/2022,382,UPI,Cancelled
O045192,CUST045193,R045192,2/22/2019,1338,Wallet,Delivered
O045193,CUST045194,R045193,7/16/2020,1728,Card,Delivered
O045194,CUST045195,R045194,6/9/2024,1967,UPI,Delivered
O045195,CUST045196,R045195,5/19/2025,1895,Card,Cancelled
O045196,CUST045197,R045196,7/22/2023,432,Card,Delivered
O045197,CUST045198,R045197,6/27/2024,1950,UPI,Delivered
O045198,CUST045199,R045198,6/21/2024,300,Wallet,Delivered
O045199,CUST045200,R045199,4/26/2021,1111,Card,Delivered
O045200,CUST045201,R045200,2/17/2023,264,COD,Delivered
O045201,CUST045202,R045201,11/3/2022,901,COD,Delivered
O045202,CUST045203,R045202,11/2/2023,638,Card,Delivered
O045203,CUST045204,R045203,11/2/2023,571,Wallet,Delivered
O045204,CUST045205,R045204,12/26/2023,1010,Wallet,Delivered
O045205,CUST045206,R045205,11/4/2021,998,Wallet,Delivered
O045206,CUST045207,R045206,10/18/2022,1519,Wallet,Delivered
O045207,CUST045208,R045207,5/4/2024,694,Wallet,Delivered
O045208,CUST045209,R045208,1/13/2019,1680,UPI,Delivered
O045209,CUST045210,R045209,7/17/2020,1061,UPI,Delivered
O045210,CUST045211,R045210,7/9/2025,1611,Wallet,Delivered
O045211,CUST045212,R045211,11/18/2024,1818,Wallet,Cancelled
O045212,CUST045213,R045212,12/20/2023,1311,COD,Delivered
O045213,CUST045214,R045213,6/14/2025,1354,UPI,Cancelled
O045214,CUST045215,R045214,5/19/2021,1145,UPI,Delivered
O045215,CUST045216,R045215,12/5/2025,1771,UPI,Delivered
O045216,CUST045217,R045216,5/25/2022,1660,UPI,Cancelled
O045217,CUST045218,R045217,8/14/2024,1576,Card,Delivered
O045218,CUST045219,R045218,10/20/2020,187,Card,Delivered
O045219,CUST045220,R045219,8/6/2019,1764,Card,Delivered
O045220,CUST045221,R045220,7/9/2021,1783,Card,Cancelled
O045221,CUST045222,R045221,8/1/2020,868,Card,Delivered
O045222,CUST045223,R045222,4/25/2025,741,COD,Delivered
O045223,CUST045224,R045223,10/25/2021,800,COD,Delivered
O045224,CUST045225,R045224,5/7/2023,166,Wallet,Delivered
O045225,CUST045226,R045225,5/23/2022,927,COD,Delivered
O045226,CUST045227,R045226,12/9/2024,1145,Card,Cancelled
O045227,CUST045228,R045227,3/1/2019,762,Wallet,Delivered
O045228,CUST045229,R045228,3/28/2020,1561,UPI,Delivered
O045229,CUST045230,R045229,9/20/2021,431,Wallet,Delivered
O045230,CUST045231,R045230,2/23/2024,1193,Wallet,Delivered
O045231,CUST045232,R045231,3/17/2020,1704,Wallet,Delivered
O045232,CUST045233,R045232,2/16/2019,1807,Card,Delivered
O045233,CUST045234,R045233,7/4/2025,1443,UPI,Delivered
O045234,CUST045235,R045234,4/23/2022,1541,UPI,Delivered
O045235,CUST045236,R045235,2/6/2024,1735,Wallet,Delivered
O045236,CUST045237,R045236,7/22/2020,415,Wallet,Delivered
O045237,CUST045238,R045237,7/16/2025,1857,COD,Delivered
O045238,CUST045239,R045238,9/18/2023,588,Card,Delivered
O045239,CUST045240,R045239,11/3/2024,1773,Card,Delivered
O045240,CUST045241,R045240,9/15/2020,372,Wallet,Delivered
O045241,CUST045242,R045241,7/23/2024,1177,Card,Cancelled
O045242,CUST045243,R045242,8/4/2021,539,COD,Delivered
O045243,CUST045244,R045243,8/18/2024,853,Wallet,Delivered
O045244,CUST045245,R045244,11/11/2022,605,COD,Delivered
O045245,CUST045246,R045245,1/10/2022,1423,COD,Delivered
O045246,CUST045247,R045246,9/6/2020,1234,Wallet,Delivered
O045247,CUST045248,R045247,9/5/2020,1585,Card,Delivered
O045248,CUST045249,R045248,10/1/2025,1822,Card,Delivered
O045249,CUST045250,R045249,12/25/2020,1471,Wallet,Delivered
O045250,CUST045251,R045250,11/17/2023,1902,COD,Delivered
O045251,CUST045252,R045251,9/21/2019,632,UPI,Delivered
O045252,CUST045253,R045252,9/19/2020,451,Card,Delivered
O045253,CUST045254,R045253,9/16/2020,460,Card,Delivered
O045254,CUST045255,R045254,12/23/2022,333,Card,Delivered
O045255,CUST045256,R045255,4/4/2024,758,Wallet,Delivered
O045256,CUST045257,R045256,7/26/2022,902,Card,Delivered
O045257,CUST045258,R045257,4/28/2020,693,COD,Delivered
O045258,CUST045259,R045258,3/3/2019,1468,Wallet,Delivered
O045259,CUST045260,R045259,5/7/2023,389,COD,Delivered
O045260,CUST045261,R045260,6/8/2025,1201,UPI,Delivered
O045261,CUST045262,R045261,10/2/2020,1439,Wallet,Delivered
O045262,CUST045263,R045262,1/7/2020,1623,Wallet,Delivered
O045263,CUST045264,R045263,11/11/2023,1519,UPI,Cancelled
O045264,CUST045265,R045264,5/16/2021,1434,Wallet,Delivered
O045265,CUST045266,R045265,1/14/2024,1968,Card,Delivered
O045266,CUST045267,R045266,7/18/2022,1455,UPI,Delivered
O045267,CUST045268,R045267,2/7/2020,1894,Card,Cancelled
O045268,CUST045269,R045268,12/27/2019,373,Card,Delivered
O045269,CUST045270,R045269,4/23/2019,1530,UPI,Delivered
O045270,CUST045271,R045270,12/22/2022,310,COD,Delivered
O045271,CUST045272,R045271,10/26/2019,239,COD,Delivered
O045272,CUST045273,R045272,10/16/2023,470,Card,Delivered
O045273,CUST045274,R045273,10/3/2022,992,Card,Delivered
O045274,CUST045275,R045274,6/24/2022,167,COD,Delivered
O045275,CUST045276,R045275,1/1/2020,1414,Wallet,Delivered
O045276,CUST045277,R045276,7/13/2024,289,Wallet,Delivered
O045277,CUST045278,R045277,2/25/2022,1050,COD,Delivered
O045278,CUST045279,R045278,1/11/2019,1585,Wallet,Cancelled
O045279,CUST045280,R045279,6/12/2022,182,COD,Delivered
O045280,CUST045281,R045280,5/2/2022,1510,Wallet,Delivered
O045281,CUST045282,R045281,11/22/2023,1045,UPI,Delivered
O045282,CUST045283,R045282,9/4/2019,1573,Wallet,Delivered
O045283,CUST045284,R045283,10/13/2024,1588,COD,Cancelled
O045284,CUST045285,R045284,4/17/2023,992,Card,Delivered
O045285,CUST045286,R045285,8/7/2022,1748,Card,Delivered
O045286,CUST045287,R045286,10/1/2019,1424,UPI,Cancelled
O045287,CUST045288,R045287,7/4/2022,1444,Card,Delivered
O045288,CUST045289,R045288,7/20/2024,795,UPI,Delivered
O045289,CUST045290,R045289,8/24/2023,1566,COD,Delivered
O045290,CUST045291,R045290,3/16/2019,471,Card,Delivered
O045291,CUST045292,R045291,11/2/2021,247,Card,Delivered
O045292,CUST045293,R045292,10/18/2025,1950,Card,Delivered
O045293,CUST045294,R045293,12/21/2022,1061,Card,Delivered
O045294,CUST045295,R045294,3/27/2025,423,Wallet,Delivered
O045295,CUST045296,R045295,2/23/2021,1233,Wallet,Delivered
O045296,CUST045297,R045296,5/17/2019,314,COD,Delivered
O045297,CUST045298,R045297,6/26/2025,609,Wallet,Delivered
O045298,CUST045299,R045298,8/4/2024,1365,COD,Delivered
O045299,CUST045300,R045299,3/11/2024,1041,Wallet,Cancelled
O045300,CUST045301,R045300,10/27/2024,1104,UPI,Delivered
O045301,CUST045302,R045301,11/15/2021,1424,Wallet,Delivered
O045302,CUST045303,R045302,1/5/2023,1152,Card,Delivered
O045303,CUST045304,R045303,3/11/2019,1989,COD,Delivered
O045304,CUST045305,R045304,12/11/2021,1802,Card,Delivered
O045305,CUST045306,R045305,7/15/2021,1610,Card,Delivered
O045306,CUST045307,R045306,2/22/2024,1690,UPI,Delivered
O045307,CUST045308,R045307,12/14/2025,1940,COD,Delivered
O045308,CUST045309,R045308,10/18/2023,849,Card,Delivered
O045309,CUST045310,R045309,9/27/2019,1875,Card,Delivered
O045310,CUST045311,R045310,2/20/2020,226,COD,Delivered
O045311,CUST045312,R045311,8/27/2024,267,COD,Delivered
O045312,CUST045313,R045312,11/5/2019,1084,Wallet,Delivered
O045313,CUST045314,R045313,2/22/2021,894,COD,Delivered
O045314,CUST045315,R045314,12/24/2021,1084,COD,Delivered
O045315,CUST045316,R045315,1/27/2023,768,Wallet,Delivered
O045316,CUST045317,R045316,9/14/2020,1143,Wallet,Delivered
O045317,CUST045318,R045317,4/6/2025,1846,Card,Delivered
O045318,CUST045319,R045318,6/16/2019,1655,Wallet,Cancelled
O045319,CUST045320,R045319,3/11/2019,1777,UPI,Delivered
O045320,CUST045321,R045320,5/15/2023,1466,UPI,Delivered
O045321,CUST045322,R045321,11/18/2023,1905,Card,Cancelled
O045322,CUST045323,R045322,1/27/2024,685,Card,Delivered
O045323,CUST045324,R045323,5/22/2023,314,Card,Delivered
O045324,CUST045325,R045324,10/14/2020,354,COD,Delivered
O045325,CUST045326,R045325,2/26/2021,1128,Card,Delivered
O045326,CUST045327,R045326,12/2/2019,1951,COD,Delivered
O045327,CUST045328,R045327,12/28/2024,1128,Wallet,Delivered
O045328,CUST045329,R045328,1/1/2020,855,COD,Delivered
O045329,CUST045330,R045329,7/2/2025,934,COD,Delivered
O045330,CUST045331,R045330,8/6/2022,1463,COD,Delivered
O045331,CUST045332,R045331,6/11/2019,557,Wallet,Delivered
O045332,CUST045333,R045332,11/5/2020,1884,UPI,Delivered
O045333,CUST045334,R045333,4/10/2019,1126,Wallet,Delivered
O045334,CUST045335,R045334,9/2/2023,1522,UPI,Delivered
O045335,CUST045336,R045335,12/22/2024,301,Wallet,Delivered
O045336,CUST045337,R045336,12/26/2025,936,UPI,Delivered
O045337,CUST045338,R045337,9/9/2024,1871,Card,Delivered
O045338,CUST045339,R045338,5/21/2023,1800,Card,Cancelled
O045339,CUST045340,R045339,10/11/2024,1567,Card,Delivered
O045340,CUST045341,R045340,8/22/2019,919,UPI,Delivered
O045341,CUST045342,R045341,11/23/2023,1483,COD,Delivered
O045342,CUST045343,R045342,10/25/2020,1086,Card,Delivered
O045343,CUST045344,R045343,6/21/2022,234,COD,Delivered
O045344,CUST045345,R045344,12/20/2019,172,COD,Cancelled
O045345,CUST045346,R045345,8/2/2024,1501,Card,Delivered
O045346,CUST045347,R045346,6/11/2021,1755,Card,Delivered
O045347,CUST045348,R045347,4/25/2023,1182,UPI,Delivered
O045348,CUST045349,R045348,8/16/2019,929,Wallet,Delivered
O045349,CUST045350,R045349,2/7/2020,727,COD,Delivered
O045350,CUST045351,R045350,5/3/2025,1488,COD,Delivered
O045351,CUST045352,R045351,5/15/2022,466,Wallet,Delivered
O045352,CUST045353,R045352,1/6/2019,976,UPI,Delivered
O045353,CUST045354,R045353,4/10/2020,1119,COD,Delivered
O045354,CUST045355,R045354,1/1/2020,673,UPI,Delivered
O045355,CUST045356,R045355,1/13/2024,274,COD,Cancelled
O045356,CUST045357,R045356,6/16/2020,1323,UPI,Cancelled
O045357,CUST045358,R045357,8/9/2022,1305,Card,Delivered
O045358,CUST045359,R045358,7/18/2023,1876,UPI,Cancelled
O045359,CUST045360,R045359,7/14/2024,943,UPI,Delivered
O045360,CUST045361,R045360,3/13/2022,544,UPI,Delivered
O045361,CUST045362,R045361,9/20/2025,161,Card,Delivered
O045362,CUST045363,R045362,1/23/2019,451,Card,Delivered
O045363,CUST045364,R045363,1/22/2022,1689,Card,Delivered
O045364,CUST045365,R045364,2/18/2019,1983,COD,Delivered
O045365,CUST045366,R045365,1/24/2020,593,Card,Delivered
O045366,CUST045367,R045366,5/20/2020,780,COD,Delivered
O045367,CUST045368,R045367,1/23/2020,463,Wallet,Delivered
O045368,CUST045369,R045368,9/7/2019,896,COD,Delivered
O045369,CUST045370,R045369,8/25/2022,416,Wallet,Cancelled
O045370,CUST045371,R045370,4/3/2024,922,COD,Delivered
O045371,CUST045372,R045371,12/28/2021,1536,UPI,Delivered
O045372,CUST045373,R045372,8/11/2025,1050,Wallet,Delivered
O045373,CUST045374,R045373,2/8/2024,1173,UPI,Delivered
O045374,CUST045375,R045374,3/6/2019,1679,UPI,Delivered
O045375,CUST045376,R045375,8/18/2019,1968,Wallet,Delivered
O045376,CUST045377,R045376,7/3/2023,1348,UPI,Delivered
O045377,CUST045378,R045377,6/13/2023,1599,Card,Delivered
O045378,CUST045379,R045378,9/19/2022,1396,Card,Delivered
O045379,CUST045380,R045379,11/22/2020,396,Card,Delivered
O045380,CUST045381,R045380,4/18/2021,123,UPI,Delivered
O045381,CUST045382,R045381,3/19/2021,556,Card,Delivered
O045382,CUST045383,R045382,4/20/2024,524,Card,Delivered
O045383,CUST045384,R045383,8/28/2024,1551,Card,Delivered
O045384,CUST045385,R045384,8/22/2023,1157,UPI,Cancelled
O045385,CUST045386,R045385,7/6/2022,710,Card,Delivered
O045386,CUST045387,R045386,8/17/2024,1217,UPI,Delivered
O045387,CUST045388,R045387,11/7/2022,1200,COD,Delivered
O045388,CUST045389,R045388,12/19/2024,1122,UPI,Delivered
O045389,CUST045390,R045389,2/12/2024,1567,UPI,Delivered
O045390,CUST045391,R045390,6/14/2021,1687,Wallet,Delivered
O045391,CUST045392,R045391,3/6/2023,1440,COD,Cancelled
O045392,CUST045393,R045392,1/14/2025,867,Wallet,Delivered
O045393,CUST045394,R045393,5/18/2021,1179,Card,Delivered
O045394,CUST045395,R045394,3/20/2019,601,Card,Delivered
O045395,CUST045396,R045395,12/20/2020,612,UPI,Delivered
O045396,CUST045397,R045396,10/15/2020,1769,Card,Delivered
O045397,CUST045398,R045397,8/23/2023,1201,Card,Delivered
O045398,CUST045399,R045398,11/7/2020,1941,COD,Delivered
O045399,CUST045400,R045399,6/25/2020,877,Wallet,Cancelled
O045400,CUST045401,R045400,7/1/2024,854,COD,Delivered
O045401,CUST045402,R045401,7/3/2019,739,Wallet,Delivered
O045402,CUST045403,R045402,10/6/2019,1675,COD,Delivered
O045403,CUST045404,R045403,10/11/2021,415,COD,Delivered
O045404,CUST045405,R045404,6/1/2025,1100,Card,Delivered
O045405,CUST045406,R045405,12/9/2020,1861,COD,Delivered
O045406,CUST045407,R045406,10/28/2022,796,UPI,Delivered
O045407,CUST045408,R045407,3/14/2019,392,Wallet,Delivered
O045408,CUST045409,R045408,3/15/2022,1240,UPI,Delivered
O045409,CUST045410,R045409,7/20/2019,1429,UPI,Delivered
O045410,CUST045411,R045410,2/10/2025,1830,Card,Delivered
O045411,CUST045412,R045411,9/16/2025,1558,Card,Delivered
O045412,CUST045413,R045412,6/22/2022,984,UPI,Delivered
O045413,CUST045414,R045413,6/24/2021,1482,UPI,Delivered
O045414,CUST045415,R045414,3/25/2021,399,Wallet,Delivered
O045415,CUST045416,R045415,9/28/2019,402,Card,Delivered
O045416,CUST045417,R045416,4/20/2021,210,Card,Delivered
O045417,CUST045418,R045417,10/24/2022,716,COD,Delivered
O045418,CUST045419,R045418,3/4/2022,633,Wallet,Delivered
O045419,CUST045420,R045419,9/4/2022,412,COD,Delivered
O045420,CUST045421,R045420,10/9/2021,214,Card,Delivered
O045421,CUST045422,R045421,2/27/2019,1951,Card,Delivered
O045422,CUST045423,R045422,9/3/2025,731,UPI,Delivered
O045423,CUST045424,R045423,4/21/2022,685,COD,Delivered
O045424,CUST045425,R045424,11/27/2024,368,Wallet,Delivered
O045425,CUST045426,R045425,4/5/2023,981,COD,Delivered
O045426,CUST045427,R045426,6/22/2025,293,Card,Delivered
O045427,CUST045428,R045427,4/8/2025,1285,COD,Delivered
O045428,CUST045429,R045428,5/27/2023,1157,UPI,Delivered
O045429,CUST045430,R045429,8/10/2022,922,Wallet,Cancelled
O045430,CUST045431,R045430,5/9/2021,539,UPI,Delivered
O045431,CUST045432,R045431,7/1/2024,1344,Wallet,Delivered
O045432,CUST045433,R045432,6/15/2021,1589,Wallet,Delivered
O045433,CUST045434,R045433,7/6/2020,1775,UPI,Cancelled
O045434,CUST045435,R045434,5/10/2025,1743,Card,Delivered
O045435,CUST045436,R045435,9/25/2025,1359,UPI,Delivered
O045436,CUST045437,R045436,9/2/2022,1678,Card,Delivered
O045437,CUST045438,R045437,5/22/2019,1929,UPI,Delivered
O045438,CUST045439,R045438,10/14/2023,598,COD,Delivered
O045439,CUST045440,R045439,5/26/2025,1811,Card,Delivered
O045440,CUST045441,R045440,12/2/2020,1913,COD,Delivered
O045441,CUST045442,R045441,7/13/2020,773,Wallet,Delivered
O045442,CUST045443,R045442,11/5/2024,1074,Card,Delivered
O045443,CUST045444,R045443,2/18/2019,330,Wallet,Delivered
O045444,CUST045445,R045444,3/24/2019,960,COD,Delivered
O045445,CUST045446,R045445,10/9/2024,490,COD,Delivered
O045446,CUST045447,R045446,10/1/2022,1392,Wallet,Delivered
O045447,CUST045448,R045447,11/5/2025,1403,COD,Delivered
O045448,CUST045449,R045448,7/9/2025,981,UPI,Delivered
O045449,CUST045450,R045449,6/3/2025,1295,Wallet,Cancelled
O045450,CUST045451,R045450,6/18/2021,656,Wallet,Delivered
O045451,CUST045452,R045451,5/9/2023,258,COD,Delivered
O045452,CUST045453,R045452,1/20/2020,1961,COD,Delivered
O045453,CUST045454,R045453,7/12/2024,1529,COD,Delivered
O045454,CUST045455,R045454,3/7/2022,1768,Card,Delivered
O045455,CUST045456,R045455,11/27/2024,229,Card,Delivered
O045456,CUST045457,R045456,5/13/2021,417,Wallet,Delivered
O045457,CUST045458,R045457,8/27/2019,1004,Card,Delivered
O045458,CUST045459,R045458,12/25/2021,535,UPI,Delivered
O045459,CUST045460,R045459,10/1/2024,1436,Card,Delivered
O045460,CUST045461,R045460,4/5/2023,557,COD,Delivered
O045461,CUST045462,R045461,3/10/2025,1068,UPI,Delivered
O045462,CUST045463,R045462,11/3/2023,1831,COD,Delivered
O045463,CUST045464,R045463,11/6/2023,875,Wallet,Delivered
O045464,CUST045465,R045464,9/10/2021,296,UPI,Delivered
O045465,CUST045466,R045465,8/22/2020,1291,COD,Delivered
O045466,CUST045467,R045466,6/13/2021,1618,Card,Delivered
O045467,CUST045468,R045467,11/8/2025,1812,Wallet,Delivered
O045468,CUST045469,R045468,6/17/2020,1745,UPI,Cancelled
O045469,CUST045470,R045469,7/21/2019,1934,Card,Delivered
O045470,CUST045471,R045470,11/22/2020,1677,UPI,Delivered
O045471,CUST045472,R045471,12/19/2020,195,Wallet,Delivered
O045472,CUST045473,R045472,6/24/2019,956,UPI,Delivered
O045473,CUST045474,R045473,5/14/2025,174,COD,Delivered
O045474,CUST045475,R045474,10/5/2020,860,Card,Delivered
O045475,CUST045476,R045475,6/26/2023,601,Card,Delivered
O045476,CUST045477,R045476,7/28/2024,491,Wallet,Delivered
O045477,CUST045478,R045477,11/24/2025,925,Wallet,Delivered
O045478,CUST045479,R045478,2/3/2020,908,Wallet,Delivered
O045479,CUST045480,R045479,5/17/2022,1234,Wallet,Delivered
O045480,CUST045481,R045480,2/3/2019,588,Wallet,Delivered
O045481,CUST045482,R045481,10/12/2024,1536,UPI,Delivered
O045482,CUST045483,R045482,3/15/2021,662,UPI,Delivered
O045483,CUST045484,R045483,8/3/2019,1468,Wallet,Delivered
O045484,CUST045485,R045484,3/14/2022,1712,UPI,Cancelled
O045485,CUST045486,R045485,10/19/2025,1628,UPI,Delivered
O045486,CUST045487,R045486,6/11/2020,1692,Card,Delivered
O045487,CUST045488,R045487,10/27/2020,1488,Card,Delivered
O045488,CUST045489,R045488,4/10/2023,217,UPI,Cancelled
O045489,CUST045490,R045489,12/2/2021,151,Wallet,Cancelled
O045490,CUST045491,R045490,7/19/2019,157,COD,Delivered
O045491,CUST045492,R045491,5/19/2024,1997,Card,Delivered
O045492,CUST045493,R045492,4/5/2020,1608,Card,Delivered
O045493,CUST045494,R045493,7/6/2019,1677,Card,Cancelled
O045494,CUST045495,R045494,5/28/2023,769,UPI,Delivered
O045495,CUST045496,R045495,4/24/2024,342,COD,Delivered
O045496,CUST045497,R045496,8/19/2024,650,COD,Delivered
O045497,CUST045498,R045497,3/5/2023,1912,Wallet,Delivered
O045498,CUST045499,R045498,8/21/2022,817,COD,Delivered
O045499,CUST045500,R045499,11/7/2024,924,Card,Cancelled
O045500,CUST045501,R045500,8/2/2024,676,Wallet,Delivered
O045501,CUST045502,R045501,6/26/2022,1481,Wallet,Cancelled
O045502,CUST045503,R045502,11/18/2020,352,Wallet,Delivered
O045503,CUST045504,R045503,4/22/2022,1152,Card,Delivered
O045504,CUST045505,R045504,6/16/2019,1657,COD,Delivered
O045505,CUST045506,R045505,6/14/2022,1716,UPI,Delivered
O045506,CUST045507,R045506,8/3/2020,1294,UPI,Cancelled
O045507,CUST045508,R045507,4/23/2023,1397,UPI,Delivered
O045508,CUST045509,R045508,5/6/2025,1902,COD,Delivered
O045509,CUST045510,R045509,6/21/2021,310,Wallet,Delivered
O045510,CUST045511,R045510,9/14/2023,1704,COD,Delivered
O045511,CUST045512,R045511,7/16/2022,434,Card,Delivered
O045512,CUST045513,R045512,7/2/2019,1731,Card,Delivered
O045513,CUST045514,R045513,7/25/2021,336,Wallet,Delivered
O045514,CUST045515,R045514,2/21/2024,1098,Card,Delivered
O045515,CUST045516,R045515,1/2/2025,459,COD,Delivered
O045516,CUST045517,R045516,12/17/2023,767,Wallet,Delivered
O045517,CUST045518,R045517,10/11/2025,384,COD,Delivered
O045518,CUST045519,R045518,9/9/2024,1377,Card,Delivered
O045519,CUST045520,R045519,2/5/2021,1085,Card,Delivered
O045520,CUST045521,R045520,10/4/2023,1013,Wallet,Cancelled
O045521,CUST045522,R045521,9/28/2021,996,UPI,Delivered
O045522,CUST045523,R045522,9/16/2023,939,COD,Delivered
O045523,CUST045524,R045523,9/9/2023,1364,COD,Delivered
O045524,CUST045525,R045524,8/13/2024,477,Wallet,Delivered
O045525,CUST045526,R045525,9/11/2021,557,Card,Delivered
O045526,CUST045527,R045526,9/18/2025,381,Card,Delivered
O045527,CUST045528,R045527,6/22/2020,297,Card,Delivered
O045528,CUST045529,R045528,6/2/2023,541,Wallet,Delivered
O045529,CUST045530,R045529,5/24/2023,811,Card,Delivered
O045530,CUST045531,R045530,12/26/2021,603,COD,Delivered
O045531,CUST045532,R045531,5/10/2020,1421,Wallet,Delivered
O045532,CUST045533,R045532,1/6/2025,283,COD,Delivered
O045533,CUST045534,R045533,10/7/2021,1057,Wallet,Delivered
O045534,CUST045535,R045534,1/1/2019,1040,Wallet,Delivered
O045535,CUST045536,R045535,8/6/2025,1474,COD,Delivered
O045536,CUST045537,R045536,8/10/2021,1407,UPI,Delivered
O045537,CUST045538,R045537,3/14/2024,1149,Wallet,Delivered
O045538,CUST045539,R045538,1/12/2019,174,Card,Delivered
O045539,CUST045540,R045539,3/20/2025,1375,UPI,Delivered
O045540,CUST045541,R045540,11/3/2020,1814,Card,Delivered
O045541,CUST045542,R045541,5/25/2020,332,UPI,Delivered
O045542,CUST045543,R045542,6/21/2025,1484,UPI,Delivered
O045543,CUST045544,R045543,12/21/2021,220,Card,Delivered
O045544,CUST045545,R045544,11/25/2022,153,COD,Delivered
O045545,CUST045546,R045545,3/15/2021,391,Card,Delivered
O045546,CUST045547,R045546,1/2/2023,718,UPI,Delivered
O045547,CUST045548,R045547,1/23/2019,1669,COD,Cancelled
O045548,CUST045549,R045548,4/28/2019,1264,COD,Delivered
O045549,CUST045550,R045549,12/11/2020,134,Wallet,Delivered
O045550,CUST045551,R045550,9/23/2024,940,COD,Delivered
O045551,CUST045552,R045551,8/7/2019,1735,Wallet,Delivered
O045552,CUST045553,R045552,11/14/2020,102,Wallet,Cancelled
O045553,CUST045554,R045553,8/28/2024,1430,UPI,Delivered
O045554,CUST045555,R045554,1/20/2021,961,UPI,Delivered
O045555,CUST045556,R045555,10/2/2023,1592,UPI,Delivered
O045556,CUST045557,R045556,3/16/2023,1780,Wallet,Cancelled
O045557,CUST045558,R045557,3/19/2019,1147,Card,Delivered
O045558,CUST045559,R045558,11/9/2022,1909,Card,Cancelled
O045559,CUST045560,R045559,7/4/2023,1281,Wallet,Delivered
O045560,CUST045561,R045560,2/5/2019,1083,Card,Delivered
O045561,CUST045562,R045561,6/19/2025,685,Wallet,Delivered
O045562,CUST045563,R045562,4/22/2024,1413,COD,Cancelled
O045563,CUST045564,R045563,7/14/2019,317,Card,Cancelled
O045564,CUST045565,R045564,6/28/2023,222,Card,Delivered
O045565,CUST045566,R045565,1/20/2023,1850,Card,Delivered
O045566,CUST045567,R045566,2/19/2021,982,Card,Delivered
O045567,CUST045568,R045567,8/25/2022,337,Wallet,Delivered
O045568,CUST045569,R045568,4/21/2020,1142,Wallet,Delivered
O045569,CUST045570,R045569,7/5/2025,267,Card,Delivered
O045570,CUST045571,R045570,2/25/2021,568,UPI,Delivered
O045571,CUST045572,R045571,2/3/2025,1285,COD,Cancelled
O045572,CUST045573,R045572,11/9/2019,896,Wallet,Cancelled
O045573,CUST045574,R045573,9/26/2025,699,UPI,Delivered
O045574,CUST045575,R045574,9/14/2020,1314,Wallet,Delivered
O045575,CUST045576,R045575,9/4/2022,1564,Card,Delivered
O045576,CUST045577,R045576,3/8/2021,1839,COD,Delivered
O045577,CUST045578,R045577,8/9/2025,1914,Card,Delivered
O045578,CUST045579,R045578,9/15/2024,1467,Card,Delivered
O045579,CUST045580,R045579,3/21/2021,1653,UPI,Delivered
O045580,CUST045581,R045580,2/12/2023,1898,COD,Delivered
O045581,CUST045582,R045581,2/16/2025,758,Card,Delivered
O045582,CUST045583,R045582,5/17/2025,1785,UPI,Delivered
O045583,CUST045584,R045583,2/20/2021,184,COD,Delivered
O045584,CUST045585,R045584,5/26/2019,1957,Card,Delivered
O045585,CUST045586,R045585,3/4/2022,1004,COD,Cancelled
O045586,CUST045587,R045586,5/21/2020,491,Card,Delivered
O045587,CUST045588,R045587,7/23/2025,930,COD,Delivered
O045588,CUST045589,R045588,4/27/2024,656,COD,Delivered
O045589,CUST045590,R045589,8/11/2025,610,COD,Delivered
O045590,CUST045591,R045590,4/3/2020,1531,UPI,Delivered
O045591,CUST045592,R045591,1/12/2024,1084,COD,Delivered
O045592,CUST045593,R045592,9/2/2021,1264,UPI,Cancelled
O045593,CUST045594,R045593,2/7/2020,1514,UPI,Delivered
O045594,CUST045595,R045594,5/11/2020,1859,Card,Delivered
O045595,CUST045596,R045595,5/11/2025,594,Card,Delivered
O045596,CUST045597,R045596,6/20/2019,228,UPI,Delivered
O045597,CUST045598,R045597,10/13/2023,274,COD,Delivered
O045598,CUST045599,R045598,2/5/2020,1092,UPI,Delivered
O045599,CUST045600,R045599,7/28/2023,1590,Card,Delivered
O045600,CUST045601,R045600,3/26/2023,973,COD,Delivered
O045601,CUST045602,R045601,5/27/2024,701,COD,Delivered
O045602,CUST045603,R045602,3/1/2021,655,COD,Delivered
O045603,CUST045604,R045603,7/5/2023,1618,COD,Delivered
O045604,CUST045605,R045604,5/12/2022,412,Wallet,Cancelled
O045605,CUST045606,R045605,9/3/2021,1735,Wallet,Delivered
O045606,CUST045607,R045606,6/8/2025,1036,Wallet,Delivered
O045607,CUST045608,R045607,10/26/2022,1475,UPI,Delivered
O045608,CUST045609,R045608,4/12/2023,259,COD,Delivered
O045609,CUST045610,R045609,8/23/2022,856,UPI,Delivered
O045610,CUST045611,R045610,5/8/2025,1792,Card,Delivered
O045611,CUST045612,R045611,12/20/2020,1721,UPI,Cancelled
O045612,CUST045613,R045612,8/10/2024,1206,Card,Delivered
O045613,CUST045614,R045613,8/21/2022,633,UPI,Delivered
O045614,CUST045615,R045614,1/22/2025,1330,Card,Delivered
O045615,CUST045616,R045615,3/23/2021,937,Card,Cancelled
O045616,CUST045617,R045616,3/27/2025,345,COD,Delivered
O045617,CUST045618,R045617,2/22/2025,1973,COD,Delivered
O045618,CUST045619,R045618,10/28/2023,1396,Card,Delivered
O045619,CUST045620,R045619,12/9/2025,1664,Card,Delivered
O045620,CUST045621,R045620,11/23/2024,1091,UPI,Delivered
O045621,CUST045622,R045621,8/7/2020,887,Wallet,Delivered
O045622,CUST045623,R045622,9/5/2022,517,Wallet,Delivered
O045623,CUST045624,R045623,5/2/2025,1409,COD,Delivered
O045624,CUST045625,R045624,8/14/2022,808,Wallet,Delivered
O045625,CUST045626,R045625,12/5/2020,1314,UPI,Delivered
O045626,CUST045627,R045626,4/16/2024,1437,Wallet,Delivered
O045627,CUST045628,R045627,5/4/2024,989,UPI,Delivered
O045628,CUST045629,R045628,11/18/2023,125,COD,Delivered
O045629,CUST045630,R045629,7/21/2019,1435,UPI,Delivered
O045630,CUST045631,R045630,2/10/2023,1163,UPI,Delivered
O045631,CUST045632,R045631,8/17/2020,1596,UPI,Cancelled
O045632,CUST045633,R045632,9/12/2022,896,UPI,Delivered
O045633,CUST045634,R045633,7/11/2024,454,UPI,Delivered
O045634,CUST045635,R045634,6/10/2024,1977,Card,Delivered
O045635,CUST045636,R045635,12/21/2019,371,Card,Delivered
O045636,CUST045637,R045636,12/19/2023,1652,Card,Cancelled
O045637,CUST045638,R045637,2/17/2021,1941,COD,Delivered
O045638,CUST045639,R045638,4/23/2019,503,Card,Delivered
O045639,CUST045640,R045639,5/19/2019,625,Card,Delivered
O045640,CUST045641,R045640,10/22/2022,183,Wallet,Delivered
O045641,CUST045642,R045641,2/6/2024,796,COD,Delivered
O045642,CUST045643,R045642,4/24/2024,529,Wallet,Delivered
O045643,CUST045644,R045643,2/5/2023,779,COD,Delivered
O045644,CUST045645,R045644,2/26/2020,1386,Wallet,Cancelled
O045645,CUST045646,R045645,1/7/2021,939,Wallet,Cancelled
O045646,CUST045647,R045646,10/6/2019,1126,Wallet,Delivered
O045647,CUST045648,R045647,4/24/2024,1594,UPI,Delivered
O045648,CUST045649,R045648,8/16/2021,1888,Wallet,Delivered
O045649,CUST045650,R045649,6/3/2019,1268,UPI,Cancelled
O045650,CUST045651,R045650,5/12/2023,1558,UPI,Delivered
O045651,CUST045652,R045651,4/18/2019,1175,Card,Delivered
O045652,CUST045653,R045652,7/20/2021,241,Card,Delivered
O045653,CUST045654,R045653,2/17/2019,1875,UPI,Delivered
O045654,CUST045655,R045654,7/15/2024,414,COD,Delivered
O045655,CUST045656,R045655,11/19/2023,680,UPI,Cancelled
O045656,CUST045657,R045656,2/2/2025,1445,Card,Delivered
O045657,CUST045658,R045657,6/20/2024,1003,Wallet,Delivered
O045658,CUST045659,R045658,2/4/2023,556,UPI,Delivered
O045659,CUST045660,R045659,7/15/2024,743,Wallet,Delivered
O045660,CUST045661,R045660,7/19/2025,1253,Card,Cancelled
O045661,CUST045662,R045661,7/10/2023,615,UPI,Delivered
O045662,CUST045663,R045662,7/3/2020,1060,UPI,Delivered
O045663,CUST045664,R045663,4/6/2023,1602,COD,Delivered
O045664,CUST045665,R045664,5/28/2019,1393,Card,Delivered
O045665,CUST045666,R045665,2/22/2021,820,Wallet,Delivered
O045666,CUST045667,R045666,6/17/2024,1030,Card,Delivered
O045667,CUST045668,R045667,8/19/2020,458,COD,Delivered
O045668,CUST045669,R045668,3/20/2021,723,Wallet,Delivered
O045669,CUST045670,R045669,8/18/2023,1489,Card,Delivered
O045670,CUST045671,R045670,10/21/2022,1091,Card,Delivered
O045671,CUST045672,R045671,10/5/2019,1787,Card,Delivered
O045672,CUST045673,R045672,6/23/2022,792,Wallet,Cancelled
O045673,CUST045674,R045673,7/20/2025,774,COD,Delivered
O045674,CUST045675,R045674,4/26/2019,703,Wallet,Delivered
O045675,CUST045676,R045675,4/4/2023,1595,Card,Delivered
O045676,CUST045677,R045676,1/10/2021,329,Card,Cancelled
O045677,CUST045678,R045677,10/28/2021,1009,Card,Delivered
O045678,CUST045679,R045678,8/8/2022,1449,COD,Delivered
O045679,CUST045680,R045679,11/27/2022,690,UPI,Delivered
O045680,CUST045681,R045680,4/13/2022,248,Wallet,Delivered
O045681,CUST045682,R045681,7/14/2025,1352,UPI,Delivered
O045682,CUST045683,R045682,10/19/2025,1280,UPI,Delivered
O045683,CUST045684,R045683,5/16/2022,1720,UPI,Delivered
O045684,CUST045685,R045684,11/14/2019,1446,Card,Delivered
O045685,CUST045686,R045685,2/20/2019,580,UPI,Cancelled
O045686,CUST045687,R045686,3/14/2020,1403,UPI,Delivered
O045687,CUST045688,R045687,9/23/2019,320,COD,Delivered
O045688,CUST045689,R045688,7/27/2025,360,Card,Delivered
O045689,CUST045690,R045689,3/19/2023,1890,Card,Delivered
O045690,CUST045691,R045690,6/22/2023,626,COD,Delivered
O045691,CUST045692,R045691,8/3/2022,542,COD,Delivered
O045692,CUST045693,R045692,1/1/2024,306,Wallet,Cancelled
O045693,CUST045694,R045693,10/8/2024,920,COD,Delivered
O045694,CUST045695,R045694,5/26/2025,969,Wallet,Delivered
O045695,CUST045696,R045695,9/14/2025,1388,COD,Delivered
O045696,CUST045697,R045696,11/2/2023,1335,COD,Delivered
O045697,CUST045698,R045697,3/9/2023,1062,COD,Delivered
O045698,CUST045699,R045698,5/15/2021,447,COD,Delivered
O045699,CUST045700,R045699,12/23/2025,214,Card,Delivered
O045700,CUST045701,R045700,11/6/2025,1205,COD,Delivered
O045701,CUST045702,R045701,3/24/2024,1072,UPI,Delivered
O045702,CUST045703,R045702,6/8/2021,876,COD,Delivered
O045703,CUST045704,R045703,7/6/2020,492,Wallet,Delivered
O045704,CUST045705,R045704,8/28/2020,1259,Wallet,Delivered
O045705,CUST045706,R045705,4/14/2025,1509,Wallet,Delivered
O045706,CUST045707,R045706,10/5/2021,1632,UPI,Delivered
O045707,CUST045708,R045707,7/9/2022,1724,UPI,Delivered
O045708,CUST045709,R045708,12/24/2024,1253,UPI,Cancelled
O045709,CUST045710,R045709,12/28/2024,1524,Card,Delivered
O045710,CUST045711,R045710,5/19/2022,1775,UPI,Delivered
O045711,CUST045712,R045711,9/12/2023,238,COD,Delivered
O045712,CUST045713,R045712,4/14/2024,1774,UPI,Delivered
O045713,CUST045714,R045713,3/28/2022,1833,Card,Delivered
O045714,CUST045715,R045714,9/11/2025,689,Wallet,Delivered
O045715,CUST045716,R045715,5/3/2021,983,UPI,Cancelled
O045716,CUST045717,R045716,5/17/2020,108,Wallet,Delivered
O045717,CUST045718,R045717,7/23/2023,919,COD,Delivered
O045718,CUST045719,R045718,12/8/2020,411,COD,Delivered
O045719,CUST045720,R045719,10/28/2021,1248,Wallet,Delivered
O045720,CUST045721,R045720,2/3/2024,1508,COD,Delivered
O045721,CUST045722,R045721,9/6/2019,870,UPI,Delivered
O045722,CUST045723,R045722,10/2/2019,1184,Wallet,Cancelled
O045723,CUST045724,R045723,10/16/2022,502,Wallet,Delivered
O045724,CUST045725,R045724,5/7/2025,1754,COD,Delivered
O045725,CUST045726,R045725,8/11/2020,1818,COD,Delivered
O045726,CUST045727,R045726,4/10/2022,1494,Card,Delivered
O045727,CUST045728,R045727,8/5/2025,349,UPI,Delivered
O045728,CUST045729,R045728,1/25/2023,1611,Wallet,Delivered
O045729,CUST045730,R045729,10/12/2024,1800,COD,Delivered
O045730,CUST045731,R045730,3/17/2025,536,Wallet,Delivered
O045731,CUST045732,R045731,4/18/2025,1972,Wallet,Delivered
O045732,CUST045733,R045732,10/22/2022,1292,COD,Delivered
O045733,CUST045734,R045733,7/26/2021,664,COD,Delivered
O045734,CUST045735,R045734,6/9/2024,915,UPI,Delivered
O045735,CUST045736,R045735,6/3/2022,1720,COD,Cancelled
O045736,CUST045737,R045736,7/4/2025,595,Wallet,Delivered
O045737,CUST045738,R045737,5/7/2025,1798,UPI,Delivered
O045738,CUST045739,R045738,12/11/2025,1148,COD,Delivered
O045739,CUST045740,R045739,12/11/2025,1538,Card,Delivered
O045740,CUST045741,R045740,8/7/2023,1770,UPI,Delivered
O045741,CUST045742,R045741,12/13/2023,1698,UPI,Delivered
O045742,CUST045743,R045742,11/22/2024,1844,UPI,Cancelled
O045743,CUST045744,R045743,4/20/2021,1592,Wallet,Delivered
O045744,CUST045745,R045744,8/19/2023,115,Wallet,Delivered
O045745,CUST045746,R045745,5/23/2022,1964,Card,Delivered
O045746,CUST045747,R045746,8/13/2024,324,Card,Delivered
O045747,CUST045748,R045747,5/4/2024,705,Card,Delivered
O045748,CUST045749,R045748,2/25/2024,446,Card,Delivered
O045749,CUST045750,R045749,11/27/2022,385,COD,Delivered
O045750,CUST045751,R045750,9/2/2020,570,Wallet,Delivered
O045751,CUST045752,R045751,9/21/2023,764,COD,Delivered
O045752,CUST045753,R045752,7/15/2020,1148,COD,Delivered
O045753,CUST045754,R045753,12/1/2020,497,COD,Cancelled
O045754,CUST045755,R045754,12/10/2025,1316,Wallet,Delivered
O045755,CUST045756,R045755,6/17/2024,615,UPI,Delivered
O045756,CUST045757,R045756,10/2/2021,1382,Wallet,Delivered
O045757,CUST045758,R045757,7/13/2025,1632,UPI,Delivered
O045758,CUST045759,R045758,1/17/2024,1549,UPI,Delivered
O045759,CUST045760,R045759,3/8/2024,1842,Card,Delivered
O045760,CUST045761,R045760,1/26/2019,1376,UPI,Delivered
O045761,CUST045762,R045761,8/9/2019,1964,Card,Cancelled
O045762,CUST045763,R045762,1/28/2024,1903,UPI,Delivered
O045763,CUST045764,R045763,6/17/2020,186,COD,Cancelled
O045764,CUST045765,R045764,12/16/2025,424,COD,Delivered
O045765,CUST045766,R045765,11/9/2024,1820,Card,Delivered
O045766,CUST045767,R045766,5/10/2020,114,Card,Delivered
O045767,CUST045768,R045767,12/4/2025,679,UPI,Delivered
O045768,CUST045769,R045768,12/27/2024,300,COD,Delivered
O045769,CUST045770,R045769,12/18/2022,614,Card,Delivered
O045770,CUST045771,R045770,12/4/2024,1833,COD,Delivered
O045771,CUST045772,R045771,3/20/2019,737,COD,Delivered
O045772,CUST045773,R045772,2/6/2023,1029,Card,Delivered
O045773,CUST045774,R045773,7/1/2020,565,Wallet,Delivered
O045774,CUST045775,R045774,3/25/2025,1197,Wallet,Delivered
O045775,CUST045776,R045775,4/16/2020,203,COD,Delivered
O045776,CUST045777,R045776,4/20/2024,752,Card,Cancelled
O045777,CUST045778,R045777,8/4/2025,1513,COD,Delivered
O045778,CUST045779,R045778,3/13/2021,1611,UPI,Delivered
O045779,CUST045780,R045779,2/1/2024,1247,UPI,Delivered
O045780,CUST045781,R045780,11/20/2023,1306,Wallet,Delivered
O045781,CUST045782,R045781,6/7/2024,1817,COD,Delivered
O045782,CUST045783,R045782,2/19/2024,231,Wallet,Delivered
O045783,CUST045784,R045783,4/14/2022,1493,COD,Delivered
O045784,CUST045785,R045784,10/15/2021,391,Card,Delivered
O045785,CUST045786,R045785,6/28/2020,1832,UPI,Delivered
O045786,CUST045787,R045786,3/24/2022,182,COD,Delivered
O045787,CUST045788,R045787,3/20/2025,987,Card,Delivered
O045788,CUST045789,R045788,5/26/2021,353,COD,Delivered
O045789,CUST045790,R045789,3/14/2019,368,COD,Delivered
O045790,CUST045791,R045790,9/1/2020,241,Card,Delivered
O045791,CUST045792,R045791,3/7/2021,1228,Card,Cancelled
O045792,CUST045793,R045792,11/3/2019,863,Card,Delivered
O045793,CUST045794,R045793,8/2/2025,966,Wallet,Cancelled
O045794,CUST045795,R045794,2/1/2019,911,UPI,Delivered
O045795,CUST045796,R045795,1/13/2023,859,COD,Delivered
O045796,CUST045797,R045796,12/8/2024,1283,Card,Delivered
O045797,CUST045798,R045797,10/10/2025,1909,Wallet,Delivered
O045798,CUST045799,R045798,12/10/2020,1984,UPI,Delivered
O045799,CUST045800,R045799,1/10/2021,1700,UPI,Delivered
O045800,CUST045801,R045800,11/14/2020,1620,Card,Delivered
O045801,CUST045802,R045801,2/23/2025,1871,COD,Delivered
O045802,CUST045803,R045802,12/17/2021,457,Card,Delivered
O045803,CUST045804,R045803,6/10/2025,460,COD,Delivered
O045804,CUST045805,R045804,7/8/2019,1271,Wallet,Delivered
O045805,CUST045806,R045805,4/4/2021,193,Card,Cancelled
O045806,CUST045807,R045806,1/3/2023,1011,Wallet,Delivered
O045807,CUST045808,R045807,5/3/2022,999,UPI,Delivered
O045808,CUST045809,R045808,8/4/2020,1394,COD,Delivered
O045809,CUST045810,R045809,1/9/2024,1327,Wallet,Cancelled
O045810,CUST045811,R045810,6/13/2023,1064,Wallet,Delivered
O045811,CUST045812,R045811,3/11/2023,127,Card,Delivered
O045812,CUST045813,R045812,6/19/2019,897,UPI,Delivered
O045813,CUST045814,R045813,9/2/2025,1665,UPI,Delivered
O045814,CUST045815,R045814,6/24/2022,189,Wallet,Delivered
O045815,CUST045816,R045815,8/17/2024,1085,UPI,Delivered
O045816,CUST045817,R045816,5/11/2023,113,Card,Cancelled
O045817,CUST045818,R045817,9/22/2022,1943,COD,Cancelled
O045818,CUST045819,R045818,10/13/2021,237,Card,Cancelled
O045819,CUST045820,R045819,5/28/2023,627,UPI,Delivered
O045820,CUST045821,R045820,1/25/2024,1627,COD,Cancelled
O045821,CUST045822,R045821,2/27/2022,1054,COD,Delivered
O045822,CUST045823,R045822,2/9/2019,1956,Wallet,Delivered
O045823,CUST045824,R045823,4/22/2021,855,COD,Delivered
O045824,CUST045825,R045824,11/5/2025,1644,COD,Delivered
O045825,CUST045826,R045825,10/13/2023,1892,Wallet,Delivered
O045826,CUST045827,R045826,12/25/2020,1325,UPI,Delivered
O045827,CUST045828,R045827,6/18/2022,817,Wallet,Delivered
O045828,CUST045829,R045828,6/1/2024,1192,Wallet,Delivered
O045829,CUST045830,R045829,10/6/2020,1631,COD,Delivered
O045830,CUST045831,R045830,12/17/2024,1560,Card,Delivered
O045831,CUST045832,R045831,5/8/2021,1798,Card,Delivered
O045832,CUST045833,R045832,7/1/2025,1435,Wallet,Delivered
O045833,CUST045834,R045833,2/6/2019,1243,Card,Delivered
O045834,CUST045835,R045834,10/21/2024,845,UPI,Delivered
O045835,CUST045836,R045835,6/19/2024,1616,Card,Cancelled
O045836,CUST045837,R045836,12/16/2023,275,Card,Cancelled
O045837,CUST045838,R045837,12/2/2024,131,Card,Delivered
O045838,CUST045839,R045838,2/19/2025,1760,UPI,Delivered
O045839,CUST045840,R045839,2/18/2022,702,UPI,Delivered
O045840,CUST045841,R045840,5/25/2025,237,COD,Delivered
O045841,CUST045842,R045841,9/20/2023,743,Wallet,Delivered
O045842,CUST045843,R045842,10/4/2024,119,Card,Delivered
O045843,CUST045844,R045843,8/23/2025,414,UPI,Delivered
O045844,CUST045845,R045844,11/27/2025,1174,COD,Delivered
O045845,CUST045846,R045845,2/8/2023,855,COD,Delivered
O045846,CUST045847,R045846,1/28/2023,620,UPI,Delivered
O045847,CUST045848,R045847,8/12/2019,1234,Wallet,Delivered
O045848,CUST045849,R045848,10/2/2020,1478,UPI,Delivered
O045849,CUST045850,R045849,9/8/2022,1792,Wallet,Cancelled
O045850,CUST045851,R045850,12/9/2019,1693,UPI,Delivered
O045851,CUST045852,R045851,2/13/2025,1377,Card,Delivered
O045852,CUST045853,R045852,4/20/2024,1504,UPI,Delivered
O045853,CUST045854,R045853,4/19/2020,1754,Card,Delivered
O045854,CUST045855,R045854,12/15/2025,404,UPI,Delivered
O045855,CUST045856,R045855,12/15/2023,1680,UPI,Delivered
O045856,CUST045857,R045856,4/18/2020,1930,COD,Delivered
O045857,CUST045858,R045857,8/24/2022,1802,Card,Delivered
O045858,CUST045859,R045858,10/2/2025,1155,COD,Cancelled
O045859,CUST045860,R045859,8/23/2023,280,Card,Delivered
O045860,CUST045861,R045860,2/21/2019,850,COD,Delivered
O045861,CUST045862,R045861,3/25/2024,571,COD,Delivered
O045862,CUST045863,R045862,10/9/2023,520,COD,Delivered
O045863,CUST045864,R045863,11/3/2019,1484,Wallet,Delivered
O045864,CUST045865,R045864,5/8/2020,1041,COD,Delivered
O045865,CUST045866,R045865,6/1/2019,1120,Wallet,Cancelled
O045866,CUST045867,R045866,10/6/2021,1371,COD,Delivered
O045867,CUST045868,R045867,11/9/2025,1032,UPI,Delivered
O045868,CUST045869,R045868,3/10/2025,1787,UPI,Delivered
O045869,CUST045870,R045869,8/12/2025,1590,UPI,Delivered
O045870,CUST045871,R045870,1/5/2022,1594,Card,Cancelled
O045871,CUST045872,R045871,10/24/2024,1199,UPI,Delivered
O045872,CUST045873,R045872,10/24/2025,1510,Card,Cancelled
O045873,CUST045874,R045873,9/22/2019,937,COD,Delivered
O045874,CUST045875,R045874,7/25/2022,660,Wallet,Delivered
O045875,CUST045876,R045875,9/27/2025,564,COD,Delivered
O045876,CUST045877,R045876,4/4/2024,1527,COD,Delivered
O045877,CUST045878,R045877,10/12/2020,196,COD,Delivered
O045878,CUST045879,R045878,6/2/2024,1700,Wallet,Cancelled
O045879,CUST045880,R045879,6/6/2024,892,COD,Delivered
O045880,CUST045881,R045880,1/25/2021,1070,UPI,Delivered
O045881,CUST045882,R045881,3/11/2024,104,COD,Delivered
O045882,CUST045883,R045882,7/20/2023,746,UPI,Delivered
O045883,CUST045884,R045883,5/6/2025,1681,Card,Delivered
O045884,CUST045885,R045884,12/17/2022,1826,UPI,Delivered
O045885,CUST045886,R045885,3/12/2022,1126,Card,Delivered
O045886,CUST045887,R045886,10/19/2021,554,Wallet,Cancelled
O045887,CUST045888,R045887,2/20/2022,1288,Card,Delivered
O045888,CUST045889,R045888,5/21/2020,715,Card,Cancelled
O045889,CUST045890,R045889,8/26/2021,254,Card,Delivered
O045890,CUST045891,R045890,4/21/2020,1889,Card,Delivered
O045891,CUST045892,R045891,5/25/2024,1316,Card,Delivered
O045892,CUST045893,R045892,3/9/2019,1563,COD,Delivered
O045893,CUST045894,R045893,10/22/2025,730,Wallet,Delivered
O045894,CUST045895,R045894,11/5/2019,733,COD,Delivered
O045895,CUST045896,R045895,9/4/2021,362,Wallet,Delivered
O045896,CUST045897,R045896,1/1/2020,1302,COD,Delivered
O045897,CUST045898,R045897,11/12/2019,1486,Wallet,Delivered
O045898,CUST045899,R045898,11/6/2023,1171,UPI,Delivered
O045899,CUST045900,R045899,9/14/2021,1357,Wallet,Delivered
O045900,CUST045901,R045900,7/1/2022,904,UPI,Delivered
O045901,CUST045902,R045901,9/16/2025,505,COD,Delivered
O045902,CUST045903,R045902,8/8/2021,1816,Card,Delivered
O045903,CUST045904,R045903,3/15/2020,1505,Card,Delivered
O045904,CUST045905,R045904,6/22/2019,1944,UPI,Delivered
O045905,CUST045906,R045905,5/18/2021,1180,Wallet,Delivered
O045906,CUST045907,R045906,1/17/2020,1820,UPI,Delivered
O045907,CUST045908,R045907,9/15/2024,1867,Card,Delivered
O045908,CUST045909,R045908,9/20/2020,216,Card,Delivered
O045909,CUST045910,R045909,8/17/2021,1503,Card,Delivered
O045910,CUST045911,R045910,9/15/2023,153,COD,Delivered
O045911,CUST045912,R045911,10/23/2020,403,UPI,Delivered
O045912,CUST045913,R045912,7/17/2025,583,Card,Delivered
O045913,CUST045914,R045913,8/20/2023,1993,Wallet,Delivered
O045914,CUST045915,R045914,9/4/2024,707,COD,Delivered
O045915,CUST045916,R045915,11/19/2021,1005,Wallet,Delivered
O045916,CUST045917,R045916,10/4/2019,737,Card,Delivered
O045917,CUST045918,R045917,6/25/2023,1307,Wallet,Cancelled
O045918,CUST045919,R045918,4/6/2020,860,COD,Cancelled
O045919,CUST045920,R045919,5/5/2024,722,Wallet,Delivered
O045920,CUST045921,R045920,4/3/2023,1482,UPI,Delivered
O045921,CUST045922,R045921,8/15/2024,1777,COD,Delivered
O045922,CUST045923,R045922,7/28/2021,1120,UPI,Delivered
O045923,CUST045924,R045923,9/10/2023,1670,UPI,Delivered
O045924,CUST045925,R045924,10/20/2022,1030,Card,Delivered
O045925,CUST045926,R045925,12/19/2022,199,Card,Delivered
O045926,CUST045927,R045926,4/14/2025,1654,UPI,Delivered
O045927,CUST045928,R045927,6/13/2022,323,Card,Delivered
O045928,CUST045929,R045928,7/13/2023,594,UPI,Delivered
O045929,CUST045930,R045929,2/26/2023,1365,Card,Delivered
O045930,CUST045931,R045930,9/20/2025,967,COD,Delivered
O045931,CUST045932,R045931,9/3/2020,477,Wallet,Delivered
O045932,CUST045933,R045932,10/14/2024,338,Wallet,Delivered
O045933,CUST045934,R045933,11/18/2022,1099,Card,Cancelled
O045934,CUST045935,R045934,4/10/2019,505,Wallet,Delivered
O045935,CUST045936,R045935,8/3/2021,780,Wallet,Delivered
O045936,CUST045937,R045936,4/4/2025,1286,Card,Cancelled
O045937,CUST045938,R045937,12/1/2024,821,UPI,Delivered
O045938,CUST045939,R045938,8/13/2024,244,COD,Delivered
O045939,CUST045940,R045939,10/9/2025,556,UPI,Delivered
O045940,CUST045941,R045940,9/8/2024,410,COD,Cancelled
O045941,CUST045942,R045941,11/7/2020,638,Wallet,Delivered
O045942,CUST045943,R045942,9/16/2019,1410,Card,Delivered
O045943,CUST045944,R045943,5/20/2021,1012,Card,Delivered
O045944,CUST045945,R045944,8/4/2025,1570,Card,Delivered
O045945,CUST045946,R045945,5/22/2024,425,Wallet,Delivered
O045946,CUST045947,R045946,3/19/2019,620,Card,Delivered
O045947,CUST045948,R045947,9/25/2020,549,Wallet,Delivered
O045948,CUST045949,R045948,12/3/2019,1489,Card,Delivered
O045949,CUST045950,R045949,7/5/2023,484,Card,Cancelled
O045950,CUST045951,R045950,4/2/2022,866,UPI,Delivered
O045951,CUST045952,R045951,2/6/2019,1300,COD,Delivered
O045952,CUST045953,R045952,12/25/2021,599,UPI,Delivered
O045953,CUST045954,R045953,2/11/2024,1927,Wallet,Delivered
O045954,CUST045955,R045954,10/9/2025,1311,Wallet,Delivered
O045955,CUST045956,R045955,2/17/2019,1201,UPI,Delivered
O045956,CUST045957,R045956,1/15/2023,1639,UPI,Delivered
O045957,CUST045958,R045957,10/13/2020,1361,UPI,Delivered
O045958,CUST045959,R045958,8/17/2019,534,UPI,Cancelled
O045959,CUST045960,R045959,10/14/2019,1292,Card,Delivered
O045960,CUST045961,R045960,10/22/2022,170,COD,Delivered
O045961,CUST045962,R045961,4/26/2023,216,Card,Delivered
O045962,CUST045963,R045962,5/17/2023,101,UPI,Delivered
O045963,CUST045964,R045963,11/25/2022,526,COD,Delivered
O045964,CUST045965,R045964,10/28/2021,959,COD,Delivered
O045965,CUST045966,R045965,4/26/2020,215,Wallet,Delivered
O045966,CUST045967,R045966,10/6/2019,830,COD,Delivered
O045967,CUST045968,R045967,7/18/2023,927,Wallet,Delivered
O045968,CUST045969,R045968,5/12/2020,1351,Card,Delivered
O045969,CUST045970,R045969,3/1/2019,1256,Wallet,Delivered
O045970,CUST045971,R045970,6/8/2022,978,Wallet,Delivered
O045971,CUST045972,R045971,12/14/2019,1162,Wallet,Delivered
O045972,CUST045973,R045972,4/23/2019,908,Wallet,Delivered
O045973,CUST045974,R045973,9/17/2019,1731,COD,Delivered
O045974,CUST045975,R045974,10/7/2023,1734,UPI,Delivered
O045975,CUST045976,R045975,11/19/2023,987,COD,Delivered
O045976,CUST045977,R045976,7/19/2024,342,Wallet,Delivered
O045977,CUST045978,R045977,1/26/2020,1148,UPI,Delivered
O045978,CUST045979,R045978,1/10/2019,1399,Wallet,Delivered
O045979,CUST045980,R045979,2/3/2021,1541,UPI,Delivered
O045980,CUST045981,R045980,2/3/2022,1638,UPI,Cancelled
O045981,CUST045982,R045981,10/23/2020,1174,Wallet,Delivered
O045982,CUST045983,R045982,11/27/2023,110,Card,Delivered
O045983,CUST045984,R045983,12/18/2019,1733,Wallet,Delivered
O045984,CUST045985,R045984,12/11/2023,146,COD,Delivered
O045985,CUST045986,R045985,8/13/2020,1620,UPI,Delivered
O045986,CUST045987,R045986,11/27/2025,1729,Card,Delivered
O045987,CUST045988,R045987,11/18/2020,589,Wallet,Delivered
O045988,CUST045989,R045988,1/1/2022,1094,Wallet,Delivered
O045989,CUST045990,R045989,8/19/2023,1860,COD,Delivered
O045990,CUST045991,R045990,9/21/2022,765,COD,Delivered
O045991,CUST045992,R045991,6/7/2019,126,COD,Delivered
O045992,CUST045993,R045992,5/26/2023,1206,Wallet,Delivered
O045993,CUST045994,R045993,6/25/2019,1429,Card,Cancelled
O045994,CUST045995,R045994,4/4/2020,791,Wallet,Delivered
O045995,CUST045996,R045995,4/28/2023,1105,COD,Delivered
O045996,CUST045997,R045996,3/13/2021,460,COD,Delivered
O045997,CUST045998,R045997,5/6/2021,1707,Card,Delivered
O045998,CUST045999,R045998,9/9/2022,1728,Card,Delivered
O045999,CUST046000,R045999,9/9/2023,1345,Card,Delivered
O046000,CUST046001,R046000,5/5/2021,204,UPI,Delivered
O046001,CUST046002,R046001,1/24/2019,1766,Wallet,Delivered
O046002,CUST046003,R046002,4/13/2025,1521,COD,Delivered
O046003,CUST046004,R046003,9/15/2022,381,Wallet,Delivered
O046004,CUST046005,R046004,11/16/2019,1817,COD,Delivered
O046005,CUST046006,R046005,3/28/2020,823,Card,Delivered
O046006,CUST046007,R046006,9/20/2021,200,Card,Delivered
O046007,CUST046008,R046007,8/1/2020,407,Wallet,Delivered
O046008,CUST046009,R046008,11/22/2025,1206,Card,Delivered
O046009,CUST046010,R046009,10/25/2023,1977,COD,Delivered
O046010,CUST046011,R046010,12/1/2023,1752,UPI,Delivered
O046011,CUST046012,R046011,4/4/2022,926,COD,Delivered
O046012,CUST046013,R046012,1/9/2021,1388,Card,Delivered
O046013,CUST046014,R046013,12/5/2019,1626,Card,Delivered
O046014,CUST046015,R046014,3/12/2022,1811,UPI,Delivered
O046015,CUST046016,R046015,1/22/2021,1739,UPI,Delivered
O046016,CUST046017,R046016,6/18/2020,1480,Wallet,Delivered
O046017,CUST046018,R046017,12/16/2019,1861,COD,Delivered
O046018,CUST046019,R046018,6/21/2025,1879,Card,Delivered
O046019,CUST046020,R046019,3/8/2022,244,Card,Cancelled
O046020,CUST046021,R046020,7/2/2025,494,Card,Delivered
O046021,CUST046022,R046021,12/23/2025,405,Card,Delivered
O046022,CUST046023,R046022,2/26/2021,295,COD,Delivered
O046023,CUST046024,R046023,9/1/2019,479,Wallet,Delivered
O046024,CUST046025,R046024,6/20/2019,722,COD,Delivered
O046025,CUST046026,R046025,7/12/2025,1048,COD,Delivered
O046026,CUST046027,R046026,8/28/2021,354,UPI,Cancelled
O046027,CUST046028,R046027,7/9/2022,1427,Wallet,Delivered
O046028,CUST046029,R046028,9/16/2023,466,UPI,Delivered
O046029,CUST046030,R046029,8/28/2024,1096,Wallet,Delivered
O046030,CUST046031,R046030,3/11/2021,1522,UPI,Cancelled
O046031,CUST046032,R046031,5/15/2024,861,UPI,Delivered
O046032,CUST046033,R046032,11/2/2024,1761,UPI,Delivered
O046033,CUST046034,R046033,11/24/2021,1297,UPI,Delivered
O046034,CUST046035,R046034,1/5/2025,1923,Card,Delivered
O046035,CUST046036,R046035,7/26/2020,1856,Wallet,Cancelled
O046036,CUST046037,R046036,3/16/2021,1996,COD,Cancelled
O046037,CUST046038,R046037,10/14/2022,338,Card,Delivered
O046038,CUST046039,R046038,7/8/2020,1677,Card,Delivered
O046039,CUST046040,R046039,1/10/2019,1915,COD,Delivered
O046040,CUST046041,R046040,3/3/2024,1081,Card,Delivered
O046041,CUST046042,R046041,11/26/2025,573,Wallet,Delivered
O046042,CUST046043,R046042,4/23/2019,888,COD,Delivered
O046043,CUST046044,R046043,2/6/2020,249,COD,Delivered
O046044,CUST046045,R046044,6/25/2025,520,Wallet,Delivered
O046045,CUST046046,R046045,9/6/2019,950,Card,Delivered
O046046,CUST046047,R046046,9/27/2025,486,Wallet,Delivered
O046047,CUST046048,R046047,9/23/2022,1111,Wallet,Delivered
O046048,CUST046049,R046048,1/15/2019,155,COD,Delivered
O046049,CUST046050,R046049,3/19/2020,1228,UPI,Delivered
O046050,CUST046051,R046050,9/2/2021,1429,COD,Delivered
O046051,CUST046052,R046051,8/11/2022,1532,UPI,Delivered
O046052,CUST046053,R046052,12/26/2025,1103,UPI,Delivered
O046053,CUST046054,R046053,6/20/2025,1456,Wallet,Cancelled
O046054,CUST046055,R046054,9/6/2024,1707,COD,Delivered
O046055,CUST046056,R046055,2/18/2023,1978,Wallet,Delivered
O046056,CUST046057,R046056,4/11/2025,1344,Card,Delivered
O046057,CUST046058,R046057,2/13/2025,1610,Card,Delivered
O046058,CUST046059,R046058,4/23/2025,1622,UPI,Delivered
O046059,CUST046060,R046059,9/22/2025,102,COD,Delivered
O046060,CUST046061,R046060,5/18/2024,902,UPI,Delivered
O046061,CUST046062,R046061,8/24/2023,263,Card,Delivered
O046062,CUST046063,R046062,11/14/2022,322,COD,Delivered
O046063,CUST046064,R046063,4/25/2021,200,Card,Delivered
O046064,CUST046065,R046064,4/6/2024,1147,UPI,Cancelled
O046065,CUST046066,R046065,3/2/2022,720,Card,Delivered
O046066,CUST046067,R046066,11/1/2025,1073,COD,Delivered
O046067,CUST046068,R046067,4/1/2024,1323,Wallet,Delivered
O046068,CUST046069,R046068,5/13/2025,748,COD,Delivered
O046069,CUST046070,R046069,8/6/2021,1134,Card,Delivered
O046070,CUST046071,R046070,10/7/2020,1227,Wallet,Cancelled
O046071,CUST046072,R046071,1/4/2023,1840,Wallet,Delivered
O046072,CUST046073,R046072,12/17/2020,1657,Wallet,Delivered
O046073,CUST046074,R046073,9/12/2020,1573,UPI,Cancelled
O046074,CUST046075,R046074,9/21/2025,1781,Card,Delivered
O046075,CUST046076,R046075,8/18/2024,1840,UPI,Delivered
O046076,CUST046077,R046076,3/9/2021,1716,UPI,Delivered
O046077,CUST046078,R046077,10/1/2019,807,Wallet,Delivered
O046078,CUST046079,R046078,11/24/2024,1523,COD,Delivered
O046079,CUST046080,R046079,11/23/2025,1117,COD,Delivered
O046080,CUST046081,R046080,12/23/2025,844,Wallet,Delivered
O046081,CUST046082,R046081,3/28/2023,1283,COD,Delivered
O046082,CUST046083,R046082,8/7/2019,1223,Wallet,Cancelled
O046083,CUST046084,R046083,10/11/2023,382,Wallet,Delivered
O046084,CUST046085,R046084,5/5/2021,1884,Card,Delivered
O046085,CUST046086,R046085,4/17/2020,812,UPI,Delivered
O046086,CUST046087,R046086,6/28/2024,1618,UPI,Delivered
O046087,CUST046088,R046087,12/22/2021,1869,Wallet,Delivered
O046088,CUST046089,R046088,1/19/2022,999,UPI,Delivered
O046089,CUST046090,R046089,3/10/2021,1935,UPI,Delivered
O046090,CUST046091,R046090,2/2/2024,1864,COD,Cancelled
O046091,CUST046092,R046091,12/12/2025,201,Card,Delivered
O046092,CUST046093,R046092,8/27/2023,777,UPI,Delivered
O046093,CUST046094,R046093,5/24/2020,1472,COD,Delivered
O046094,CUST046095,R046094,3/25/2025,900,COD,Delivered
O046095,CUST046096,R046095,2/8/2019,1851,COD,Delivered
O046096,CUST046097,R046096,11/21/2023,1942,COD,Cancelled
O046097,CUST046098,R046097,9/27/2025,1500,COD,Delivered
O046098,CUST046099,R046098,12/11/2022,1807,Wallet,Delivered
O046099,CUST046100,R046099,5/23/2023,1235,Wallet,Delivered
O046100,CUST046101,R046100,8/17/2023,770,Wallet,Delivered
O046101,CUST046102,R046101,10/1/2024,1151,Wallet,Delivered
O046102,CUST046103,R046102,11/4/2023,1552,COD,Delivered
O046103,CUST046104,R046103,12/16/2023,1480,Card,Delivered
O046104,CUST046105,R046104,8/7/2020,1712,Card,Delivered
O046105,CUST046106,R046105,1/1/2020,1405,Wallet,Delivered
O046106,CUST046107,R046106,6/6/2020,1133,Card,Delivered
O046107,CUST046108,R046107,3/20/2025,691,Wallet,Delivered
O046108,CUST046109,R046108,7/18/2020,1467,COD,Delivered
O046109,CUST046110,R046109,10/15/2025,1733,Card,Delivered
O046110,CUST046111,R046110,12/22/2020,272,Card,Delivered
O046111,CUST046112,R046111,10/21/2020,1895,COD,Cancelled
O046112,CUST046113,R046112,6/20/2025,850,UPI,Delivered
O046113,CUST046114,R046113,10/26/2025,386,COD,Delivered
O046114,CUST046115,R046114,10/26/2019,528,Wallet,Delivered
O046115,CUST046116,R046115,11/6/2022,1984,Card,Delivered
O046116,CUST046117,R046116,4/22/2019,333,UPI,Delivered
O046117,CUST046118,R046117,10/26/2019,1089,COD,Delivered
O046118,CUST046119,R046118,5/7/2022,957,COD,Delivered
O046119,CUST046120,R046119,4/24/2022,509,Wallet,Delivered
O046120,CUST046121,R046120,4/11/2022,1128,COD,Delivered
O046121,CUST046122,R046121,8/1/2025,1334,UPI,Delivered
O046122,CUST046123,R046122,4/6/2022,1110,COD,Delivered
O046123,CUST046124,R046123,1/3/2020,1549,UPI,Delivered
O046124,CUST046125,R046124,11/12/2024,1271,Card,Cancelled
O046125,CUST046126,R046125,3/18/2019,1282,Wallet,Delivered
O046126,CUST046127,R046126,4/17/2022,1664,Card,Delivered
O046127,CUST046128,R046127,8/16/2021,319,UPI,Delivered
O046128,CUST046129,R046128,3/11/2025,1600,UPI,Delivered
O046129,CUST046130,R046129,3/17/2023,1894,Card,Delivered
O046130,CUST046131,R046130,11/22/2021,1761,COD,Delivered
O046131,CUST046132,R046131,5/1/2022,1064,Card,Delivered
O046132,CUST046133,R046132,4/21/2024,125,Card,Delivered
O046133,CUST046134,R046133,6/20/2024,744,COD,Delivered
O046134,CUST046135,R046134,11/24/2020,995,COD,Delivered
O046135,CUST046136,R046135,10/7/2022,1738,COD,Delivered
O046136,CUST046137,R046136,9/25/2022,1334,Wallet,Cancelled
O046137,CUST046138,R046137,3/6/2021,887,COD,Delivered
O046138,CUST046139,R046138,8/27/2019,1074,Wallet,Delivered
O046139,CUST046140,R046139,11/12/2022,1324,COD,Delivered
O046140,CUST046141,R046140,4/11/2022,946,UPI,Delivered
O046141,CUST046142,R046141,6/8/2020,1707,Wallet,Delivered
O046142,CUST046143,R046142,11/11/2024,1511,Wallet,Delivered
O046143,CUST046144,R046143,3/4/2019,1378,Card,Cancelled
O046144,CUST046145,R046144,1/23/2024,723,Wallet,Delivered
O046145,CUST046146,R046145,3/23/2021,928,UPI,Delivered
O046146,CUST046147,R046146,2/15/2025,361,Card,Delivered
O046147,CUST046148,R046147,11/18/2020,1989,COD,Delivered
O046148,CUST046149,R046148,11/17/2023,1398,COD,Delivered
O046149,CUST046150,R046149,1/19/2019,1422,COD,Delivered
O046150,CUST046151,R046150,12/10/2019,1944,COD,Delivered
O046151,CUST046152,R046151,5/28/2022,1545,Wallet,Delivered
O046152,CUST046153,R046152,1/5/2019,484,COD,Delivered
O046153,CUST046154,R046153,9/27/2021,1034,UPI,Delivered
O046154,CUST046155,R046154,11/9/2025,1926,COD,Cancelled
O046155,CUST046156,R046155,1/18/2020,666,Wallet,Delivered
O046156,CUST046157,R046156,8/5/2024,1596,Card,Delivered
O046157,CUST046158,R046157,2/25/2025,1779,UPI,Delivered
O046158,CUST046159,R046158,12/11/2024,1016,UPI,Delivered
O046159,CUST046160,R046159,3/18/2022,405,Wallet,Cancelled
O046160,CUST046161,R046160,3/19/2025,1144,UPI,Delivered
O046161,CUST046162,R046161,4/20/2023,1933,Card,Delivered
O046162,CUST046163,R046162,12/21/2024,150,Card,Cancelled
O046163,CUST046164,R046163,9/19/2024,1604,Card,Delivered
O046164,CUST046165,R046164,12/22/2024,1161,UPI,Delivered
O046165,CUST046166,R046165,11/6/2023,1478,Card,Delivered
O046166,CUST046167,R046166,5/21/2023,651,Wallet,Delivered
O046167,CUST046168,R046167,5/4/2025,697,COD,Delivered
O046168,CUST046169,R046168,11/2/2020,320,COD,Delivered
O046169,CUST046170,R046169,12/27/2021,1212,Wallet,Delivered
O046170,CUST046171,R046170,8/11/2020,1396,Wallet,Delivered
O046171,CUST046172,R046171,12/6/2024,1124,UPI,Delivered
O046172,CUST046173,R046172,6/13/2023,1077,COD,Delivered
O046173,CUST046174,R046173,12/28/2025,760,UPI,Delivered
O046174,CUST046175,R046174,12/15/2024,1725,COD,Delivered
O046175,CUST046176,R046175,10/2/2022,1667,UPI,Delivered
O046176,CUST046177,R046176,1/14/2019,1394,Card,Delivered
O046177,CUST046178,R046177,12/17/2021,1833,Card,Delivered
O046178,CUST046179,R046178,5/15/2023,1095,UPI,Delivered
O046179,CUST046180,R046179,10/18/2023,267,UPI,Cancelled
O046180,CUST046181,R046180,11/13/2025,313,Card,Delivered
O046181,CUST046182,R046181,10/25/2024,428,Card,Delivered
O046182,CUST046183,R046182,8/22/2023,1884,Card,Delivered
O046183,CUST046184,R046183,5/20/2025,1963,Card,Delivered
O046184,CUST046185,R046184,7/28/2019,317,UPI,Delivered
O046185,CUST046186,R046185,11/16/2022,440,Card,Delivered
O046186,CUST046187,R046186,6/17/2024,1894,COD,Delivered
O046187,CUST046188,R046187,3/3/2021,1925,COD,Delivered
O046188,CUST046189,R046188,2/17/2020,855,Wallet,Delivered
O046189,CUST046190,R046189,1/2/2021,582,Card,Delivered
O046190,CUST046191,R046190,2/23/2025,1022,Wallet,Delivered
O046191,CUST046192,R046191,4/4/2020,1010,COD,Delivered
O046192,CUST046193,R046192,9/6/2021,642,Wallet,Delivered
O046193,CUST046194,R046193,7/1/2019,1403,UPI,Delivered
O046194,CUST046195,R046194,10/13/2023,1692,COD,Delivered
O046195,CUST046196,R046195,4/25/2025,1073,UPI,Delivered
O046196,CUST046197,R046196,12/9/2024,1622,Wallet,Delivered
O046197,CUST046198,R046197,8/18/2020,945,UPI,Cancelled
O046198,CUST046199,R046198,1/17/2024,1958,UPI,Delivered
O046199,CUST046200,R046199,11/14/2024,1510,Wallet,Delivered
O046200,CUST046201,R046200,4/13/2021,1579,Card,Delivered
O046201,CUST046202,R046201,6/12/2024,1006,UPI,Delivered
O046202,CUST046203,R046202,9/24/2023,1211,UPI,Cancelled
O046203,CUST046204,R046203,1/17/2025,813,COD,Delivered
O046204,CUST046205,R046204,12/27/2022,626,Wallet,Delivered
O046205,CUST046206,R046205,1/16/2022,301,COD,Delivered
O046206,CUST046207,R046206,1/16/2020,1020,Card,Delivered
O046207,CUST046208,R046207,9/7/2023,420,Wallet,Delivered
O046208,CUST046209,R046208,10/1/2019,689,Wallet,Delivered
O046209,CUST046210,R046209,4/3/2021,1239,Card,Cancelled
O046210,CUST046211,R046210,9/28/2020,606,UPI,Delivered
O046211,CUST046212,R046211,1/12/2024,164,COD,Delivered
O046212,CUST046213,R046212,7/8/2019,411,COD,Delivered
O046213,CUST046214,R046213,8/7/2025,1195,UPI,Cancelled
O046214,CUST046215,R046214,9/7/2019,100,Wallet,Delivered
O046215,CUST046216,R046215,2/6/2021,871,UPI,Delivered
O046216,CUST046217,R046216,9/12/2020,434,Card,Delivered
O046217,CUST046218,R046217,8/23/2019,1254,UPI,Cancelled
O046218,CUST046219,R046218,3/18/2024,346,Wallet,Delivered
O046219,CUST046220,R046219,8/11/2020,218,Card,Delivered
O046220,CUST046221,R046220,11/23/2019,507,Wallet,Delivered
O046221,CUST046222,R046221,3/1/2021,1398,COD,Delivered
O046222,CUST046223,R046222,8/4/2019,394,Card,Delivered
O046223,CUST046224,R046223,5/1/2023,825,UPI,Delivered
O046224,CUST046225,R046224,12/13/2022,1263,COD,Delivered
O046225,CUST046226,R046225,5/24/2024,455,Wallet,Delivered
O046226,CUST046227,R046226,5/10/2023,1240,Wallet,Delivered
O046227,CUST046228,R046227,5/7/2022,1156,Wallet,Delivered
O046228,CUST046229,R046228,5/16/2020,915,UPI,Delivered
O046229,CUST046230,R046229,5/13/2020,1534,UPI,Delivered
O046230,CUST046231,R046230,10/11/2022,1473,UPI,Delivered
O046231,CUST046232,R046231,11/19/2020,390,UPI,Delivered
O046232,CUST046233,R046232,12/11/2025,1206,UPI,Delivered
O046233,CUST046234,R046233,11/18/2023,123,COD,Delivered
O046234,CUST046235,R046234,6/24/2023,170,Card,Delivered
O046235,CUST046236,R046235,10/16/2024,1912,UPI,Delivered
O046236,CUST046237,R046236,1/23/2025,440,Card,Delivered
O046237,CUST046238,R046237,9/28/2024,879,COD,Cancelled
O046238,CUST046239,R046238,2/26/2019,116,COD,Delivered
O046239,CUST046240,R046239,5/5/2023,1912,COD,Delivered
O046240,CUST046241,R046240,10/17/2022,772,COD,Delivered
O046241,CUST046242,R046241,9/11/2023,1197,Card,Delivered
O046242,CUST046243,R046242,10/22/2020,1151,Wallet,Delivered
O046243,CUST046244,R046243,5/6/2022,1133,Wallet,Delivered
O046244,CUST046245,R046244,12/15/2022,1018,Wallet,Delivered
O046245,CUST046246,R046245,2/21/2020,823,COD,Delivered
O046246,CUST046247,R046246,11/15/2025,1641,Wallet,Delivered
O046247,CUST046248,R046247,4/5/2021,1687,Card,Delivered
O046248,CUST046249,R046248,2/13/2023,1576,Wallet,Delivered
O046249,CUST046250,R046249,5/18/2022,1068,Card,Delivered
O046250,CUST046251,R046250,3/9/2024,1874,Card,Delivered
O046251,CUST046252,R046251,2/20/2019,224,COD,Delivered
O046252,CUST046253,R046252,6/15/2023,1702,Wallet,Delivered
O046253,CUST046254,R046253,3/12/2021,1527,UPI,Delivered
O046254,CUST046255,R046254,11/21/2022,1020,Wallet,Delivered
O046255,CUST046256,R046255,3/25/2024,1863,Card,Cancelled
O046256,CUST046257,R046256,7/16/2021,1844,Wallet,Delivered
O046257,CUST046258,R046257,3/13/2021,1773,COD,Delivered
O046258,CUST046259,R046258,10/10/2019,1579,UPI,Delivered
O046259,CUST046260,R046259,5/25/2022,1638,Card,Cancelled
O046260,CUST046261,R046260,6/16/2020,497,Wallet,Delivered
O046261,CUST046262,R046261,12/24/2023,1053,Wallet,Delivered
O046262,CUST046263,R046262,12/16/2019,1824,COD,Delivered
O046263,CUST046264,R046263,9/20/2021,685,Card,Delivered
O046264,CUST046265,R046264,9/5/2025,1941,Card,Delivered
O046265,CUST046266,R046265,4/25/2024,513,Wallet,Delivered
O046266,CUST046267,R046266,10/25/2020,1144,Card,Cancelled
O046267,CUST046268,R046267,4/3/2021,680,Wallet,Delivered
O046268,CUST046269,R046268,5/27/2019,955,COD,Cancelled
O046269,CUST046270,R046269,6/11/2023,572,COD,Delivered
O046270,CUST046271,R046270,11/8/2023,1564,Card,Delivered
O046271,CUST046272,R046271,5/5/2019,1622,Card,Delivered
O046272,CUST046273,R046272,11/7/2022,1297,UPI,Delivered
O046273,CUST046274,R046273,8/2/2024,114,UPI,Delivered
O046274,CUST046275,R046274,8/18/2025,1682,Wallet,Delivered
O046275,CUST046276,R046275,4/13/2019,1441,Card,Delivered
O046276,CUST046277,R046276,12/15/2023,344,Wallet,Delivered
O046277,CUST046278,R046277,10/15/2020,1601,Card,Delivered
O046278,CUST046279,R046278,6/27/2019,130,UPI,Delivered
O046279,CUST046280,R046279,9/19/2020,1947,UPI,Delivered
O046280,CUST046281,R046280,12/26/2022,301,COD,Delivered
O046281,CUST046282,R046281,4/21/2022,1106,Card,Delivered
O046282,CUST046283,R046282,5/23/2023,189,Card,Delivered
O046283,CUST046284,R046283,11/2/2023,1181,Wallet,Cancelled
O046284,CUST046285,R046284,6/2/2021,349,Card,Delivered
O046285,CUST046286,R046285,3/1/2020,914,Card,Cancelled
O046286,CUST046287,R046286,11/25/2025,786,UPI,Delivered
O046287,CUST046288,R046287,6/28/2024,1726,UPI,Cancelled
O046288,CUST046289,R046288,5/13/2020,1659,UPI,Delivered
O046289,CUST046290,R046289,1/15/2023,1400,Wallet,Delivered
O046290,CUST046291,R046290,10/16/2025,1820,Card,Delivered
O046291,CUST046292,R046291,12/20/2022,1229,UPI,Delivered
O046292,CUST046293,R046292,11/7/2023,1990,Card,Delivered
O046293,CUST046294,R046293,5/1/2022,345,Card,Delivered
O046294,CUST046295,R046294,8/22/2020,262,UPI,Delivered
O046295,CUST046296,R046295,8/24/2019,276,Card,Delivered
O046296,CUST046297,R046296,3/3/2020,373,Wallet,Delivered
O046297,CUST046298,R046297,4/18/2019,568,COD,Delivered
O046298,CUST046299,R046298,2/9/2025,959,COD,Delivered
O046299,CUST046300,R046299,7/26/2021,307,UPI,Delivered
O046300,CUST046301,R046300,5/1/2021,1385,Wallet,Delivered
O046301,CUST046302,R046301,12/14/2019,386,Wallet,Delivered
O046302,CUST046303,R046302,11/27/2023,1017,COD,Delivered
O046303,CUST046304,R046303,10/10/2025,1437,Wallet,Cancelled
O046304,CUST046305,R046304,3/15/2024,1336,UPI,Delivered
O046305,CUST046306,R046305,11/2/2020,1650,UPI,Delivered
O046306,CUST046307,R046306,1/23/2024,1149,UPI,Delivered
O046307,CUST046308,R046307,6/3/2019,1779,Card,Delivered
O046308,CUST046309,R046308,10/26/2021,1968,Wallet,Delivered
O046309,CUST046310,R046309,12/13/2023,1891,COD,Delivered
O046310,CUST046311,R046310,12/12/2021,228,Card,Cancelled
O046311,CUST046312,R046311,6/6/2025,1587,Card,Delivered
O046312,CUST046313,R046312,1/7/2022,1829,COD,Delivered
O046313,CUST046314,R046313,2/26/2025,1002,UPI,Delivered
O046314,CUST046315,R046314,1/24/2019,538,COD,Delivered
O046315,CUST046316,R046315,11/21/2023,808,COD,Delivered
O046316,CUST046317,R046316,5/5/2020,163,COD,Delivered
O046317,CUST046318,R046317,10/24/2021,430,UPI,Delivered
O046318,CUST046319,R046318,1/3/2022,1267,COD,Delivered
O046319,CUST046320,R046319,5/5/2022,808,Wallet,Delivered
O046320,CUST046321,R046320,6/28/2021,1395,Wallet,Delivered
O046321,CUST046322,R046321,2/20/2025,695,Card,Delivered
O046322,CUST046323,R046322,6/27/2024,1080,UPI,Delivered
O046323,CUST046324,R046323,7/7/2021,1318,COD,Delivered
O046324,CUST046325,R046324,10/10/2022,1246,UPI,Delivered
O046325,CUST046326,R046325,8/23/2022,1018,UPI,Delivered
O046326,CUST046327,R046326,1/14/2024,1377,Wallet,Delivered
O046327,CUST046328,R046327,5/12/2022,1627,COD,Delivered
O046328,CUST046329,R046328,11/16/2021,1935,COD,Delivered
O046329,CUST046330,R046329,4/10/2019,1297,Card,Delivered
O046330,CUST046331,R046330,10/12/2019,1520,Card,Delivered
O046331,CUST046332,R046331,9/22/2019,1468,UPI,Delivered
O046332,CUST046333,R046332,5/21/2021,1897,COD,Delivered
O046333,CUST046334,R046333,4/17/2020,627,Card,Delivered
O046334,CUST046335,R046334,11/23/2022,375,Card,Delivered
O046335,CUST046336,R046335,9/15/2021,173,COD,Delivered
O046336,CUST046337,R046336,6/23/2020,1945,Card,Delivered
O046337,CUST046338,R046337,3/4/2019,1036,UPI,Cancelled
O046338,CUST046339,R046338,6/26/2024,679,Card,Delivered
O046339,CUST046340,R046339,11/23/2022,993,COD,Delivered
O046340,CUST046341,R046340,11/27/2024,1243,Wallet,Delivered
O046341,CUST046342,R046341,3/11/2025,663,COD,Delivered
O046342,CUST046343,R046342,7/5/2021,914,UPI,Delivered
O046343,CUST046344,R046343,5/7/2019,1180,COD,Cancelled
O046344,CUST046345,R046344,2/3/2019,1755,Wallet,Delivered
O046345,CUST046346,R046345,9/15/2025,1514,Wallet,Delivered
O046346,CUST046347,R046346,12/11/2021,1431,UPI,Delivered
O046347,CUST046348,R046347,6/18/2022,1936,Card,Delivered
O046348,CUST046349,R046348,11/17/2023,1733,Card,Delivered
O046349,CUST046350,R046349,6/7/2024,1562,UPI,Delivered
O046350,CUST046351,R046350,10/27/2021,654,Card,Delivered
O046351,CUST046352,R046351,10/23/2024,1307,Card,Delivered
O046352,CUST046353,R046352,2/18/2024,653,Card,Delivered
O046353,CUST046354,R046353,3/21/2021,336,COD,Delivered
O046354,CUST046355,R046354,8/20/2025,771,Card,Delivered
O046355,CUST046356,R046355,6/27/2021,704,COD,Delivered
O046356,CUST046357,R046356,1/1/2021,1807,Wallet,Delivered
O046357,CUST046358,R046357,2/26/2023,1842,UPI,Cancelled
O046358,CUST046359,R046358,6/16/2023,669,Wallet,Delivered
O046359,CUST046360,R046359,6/27/2023,1475,UPI,Delivered
O046360,CUST046361,R046360,3/21/2020,1974,Wallet,Delivered
O046361,CUST046362,R046361,7/18/2023,888,UPI,Delivered
O046362,CUST046363,R046362,5/8/2022,1650,UPI,Cancelled
O046363,CUST046364,R046363,6/27/2024,1710,COD,Delivered
O046364,CUST046365,R046364,12/10/2021,1697,Card,Delivered
O046365,CUST046366,R046365,9/19/2022,697,UPI,Delivered
O046366,CUST046367,R046366,2/22/2019,1437,Wallet,Delivered
O046367,CUST046368,R046367,9/23/2021,859,COD,Delivered
O046368,CUST046369,R046368,4/6/2025,1760,COD,Delivered
O046369,CUST046370,R046369,4/19/2019,1852,COD,Cancelled
O046370,CUST046371,R046370,6/27/2021,1459,COD,Delivered
O046371,CUST046372,R046371,12/11/2023,329,COD,Delivered
O046372,CUST046373,R046372,2/21/2024,1090,UPI,Delivered
O046373,CUST046374,R046373,7/15/2024,876,COD,Delivered
O046374,CUST046375,R046374,1/28/2023,997,Wallet,Delivered
O046375,CUST046376,R046375,5/3/2022,1441,COD,Delivered
O046376,CUST046377,R046376,7/9/2024,1374,Card,Delivered
O046377,CUST046378,R046377,4/4/2024,1313,Card,Delivered
O046378,CUST046379,R046378,4/23/2024,1326,Wallet,Delivered
O046379,CUST046380,R046379,12/4/2024,1053,Card,Delivered
O046380,CUST046381,R046380,12/18/2023,474,Wallet,Cancelled
O046381,CUST046382,R046381,6/16/2022,1420,Card,Cancelled
O046382,CUST046383,R046382,11/14/2021,1643,Card,Delivered
O046383,CUST046384,R046383,6/21/2020,187,Card,Delivered
O046384,CUST046385,R046384,6/20/2023,1814,COD,Delivered
O046385,CUST046386,R046385,1/16/2021,750,Card,Delivered
O046386,CUST046387,R046386,1/25/2024,537,Card,Delivered
O046387,CUST046388,R046387,5/24/2023,613,Wallet,Delivered
O046388,CUST046389,R046388,7/4/2024,168,Card,Delivered
O046389,CUST046390,R046389,9/24/2021,991,UPI,Delivered
O046390,CUST046391,R046390,7/27/2019,974,COD,Delivered
O046391,CUST046392,R046391,2/4/2023,877,COD,Delivered
O046392,CUST046393,R046392,7/26/2019,424,Wallet,Delivered
O046393,CUST046394,R046393,2/9/2022,1037,COD,Delivered
O046394,CUST046395,R046394,12/7/2019,1288,UPI,Delivered
O046395,CUST046396,R046395,5/5/2023,1063,COD,Delivered
O046396,CUST046397,R046396,2/1/2023,1464,UPI,Delivered
O046397,CUST046398,R046397,3/11/2020,1191,UPI,Delivered
O046398,CUST046399,R046398,6/17/2019,1140,UPI,Delivered
O046399,CUST046400,R046399,6/16/2019,1814,Card,Delivered
O046400,CUST046401,R046400,11/15/2020,1934,UPI,Delivered
O046401,CUST046402,R046401,7/10/2021,1445,UPI,Delivered
O046402,CUST046403,R046402,4/15/2025,1746,Card,Delivered
O046403,CUST046404,R046403,5/18/2021,1362,Card,Delivered
O046404,CUST046405,R046404,3/24/2020,963,Card,Delivered
O046405,CUST046406,R046405,2/19/2025,1984,Card,Delivered
O046406,CUST046407,R046406,8/18/2022,654,COD,Delivered
O046407,CUST046408,R046407,10/22/2019,905,Card,Delivered
O046408,CUST046409,R046408,10/9/2020,1696,Card,Delivered
O046409,CUST046410,R046409,1/24/2020,1124,Wallet,Cancelled
O046410,CUST046411,R046410,11/5/2022,808,COD,Delivered
O046411,CUST046412,R046411,3/26/2024,930,Wallet,Delivered
O046412,CUST046413,R046412,2/11/2021,1430,COD,Delivered
O046413,CUST046414,R046413,3/10/2019,835,Wallet,Delivered
O046414,CUST046415,R046414,10/5/2023,1597,Wallet,Delivered
O046415,CUST046416,R046415,3/9/2025,1362,Wallet,Delivered
O046416,CUST046417,R046416,4/2/2021,978,Card,Delivered
O046417,CUST046418,R046417,7/18/2023,580,Wallet,Delivered
O046418,CUST046419,R046418,12/22/2020,712,UPI,Delivered
O046419,CUST046420,R046419,8/13/2022,314,Card,Delivered
O046420,CUST046421,R046420,6/16/2020,1898,Card,Delivered
O046421,CUST046422,R046421,12/19/2022,1313,Card,Delivered
O046422,CUST046423,R046422,9/19/2021,915,UPI,Delivered
O046423,CUST046424,R046423,6/28/2022,1480,Card,Delivered
O046424,CUST046425,R046424,11/21/2019,1075,Wallet,Delivered
O046425,CUST046426,R046425,4/25/2025,157,COD,Delivered
O046426,CUST046427,R046426,9/19/2019,880,UPI,Delivered
O046427,CUST046428,R046427,2/2/2023,1641,Card,Cancelled
O046428,CUST046429,R046428,9/17/2023,560,Wallet,Delivered
O046429,CUST046430,R046429,11/3/2020,1197,Card,Delivered
O046430,CUST046431,R046430,11/19/2021,1637,UPI,Cancelled
O046431,CUST046432,R046431,6/9/2021,931,UPI,Delivered
O046432,CUST046433,R046432,7/14/2020,358,Wallet,Cancelled
O046433,CUST046434,R046433,1/17/2020,1097,Card,Delivered
O046434,CUST046435,R046434,9/22/2020,1849,Card,Delivered
O046435,CUST046436,R046435,5/19/2024,1971,Card,Cancelled
O046436,CUST046437,R046436,1/18/2025,1523,Card,Delivered
O046437,CUST046438,R046437,7/22/2019,1120,Card,Delivered
O046438,CUST046439,R046438,2/5/2023,246,Card,Cancelled
O046439,CUST046440,R046439,5/20/2022,497,Wallet,Delivered
O046440,CUST046441,R046440,7/3/2021,548,COD,Delivered
O046441,CUST046442,R046441,11/27/2025,177,COD,Delivered
O046442,CUST046443,R046442,2/26/2021,857,COD,Delivered
O046443,CUST046444,R046443,9/5/2021,1253,Wallet,Delivered
O046444,CUST046445,R046444,1/3/2023,974,UPI,Delivered
O046445,CUST046446,R046445,9/11/2019,986,COD,Delivered
O046446,CUST046447,R046446,7/27/2020,714,Wallet,Delivered
O046447,CUST046448,R046447,4/17/2020,1509,COD,Delivered
O046448,CUST046449,R046448,11/1/2025,1587,UPI,Delivered
O046449,CUST046450,R046449,5/13/2022,1314,UPI,Delivered
O046450,CUST046451,R046450,3/16/2020,1748,Card,Delivered
O046451,CUST046452,R046451,7/15/2021,1240,UPI,Delivered
O046452,CUST046453,R046452,8/15/2024,156,UPI,Cancelled
O046453,CUST046454,R046453,8/12/2023,164,Card,Cancelled
O046454,CUST046455,R046454,11/24/2020,285,COD,Delivered
O046455,CUST046456,R046455,2/20/2021,1486,COD,Delivered
O046456,CUST046457,R046456,10/15/2021,907,COD,Delivered
O046457,CUST046458,R046457,5/26/2020,634,Card,Delivered
O046458,CUST046459,R046458,3/20/2019,777,Card,Delivered
O046459,CUST046460,R046459,7/21/2020,330,COD,Delivered
O046460,CUST046461,R046460,12/11/2022,410,Card,Cancelled
O046461,CUST046462,R046461,10/2/2019,819,COD,Delivered
O046462,CUST046463,R046462,4/1/2021,503,Card,Delivered
O046463,CUST046464,R046463,8/22/2023,937,Wallet,Delivered
O046464,CUST046465,R046464,7/3/2020,919,COD,Delivered
O046465,CUST046466,R046465,9/6/2024,356,Wallet,Delivered
O046466,CUST046467,R046466,3/28/2021,1298,Wallet,Delivered
O046467,CUST046468,R046467,3/12/2024,1549,COD,Cancelled
O046468,CUST046469,R046468,11/23/2025,673,UPI,Delivered
O046469,CUST046470,R046469,5/3/2022,1473,Wallet,Delivered
O046470,CUST046471,R046470,12/14/2019,835,UPI,Cancelled
O046471,CUST046472,R046471,7/16/2023,1911,UPI,Cancelled
O046472,CUST046473,R046472,11/12/2019,1425,Wallet,Delivered
O046473,CUST046474,R046473,5/14/2021,1499,Card,Delivered
O046474,CUST046475,R046474,8/10/2025,927,UPI,Delivered
O046475,CUST046476,R046475,11/24/2021,1175,UPI,Cancelled
O046476,CUST046477,R046476,4/16/2024,596,Wallet,Delivered
O046477,CUST046478,R046477,4/25/2025,535,Wallet,Delivered
O046478,CUST046479,R046478,2/15/2025,148,COD,Delivered
O046479,CUST046480,R046479,3/23/2021,914,Card,Delivered
O046480,CUST046481,R046480,6/7/2025,319,Card,Delivered
O046481,CUST046482,R046481,2/27/2023,290,Wallet,Delivered
O046482,CUST046483,R046482,1/26/2024,1090,Card,Delivered
O046483,CUST046484,R046483,2/26/2024,452,Wallet,Delivered
O046484,CUST046485,R046484,3/10/2025,1954,Card,Delivered
O046485,CUST046486,R046485,10/7/2023,195,COD,Delivered
O046486,CUST046487,R046486,1/9/2023,1116,UPI,Delivered
O046487,CUST046488,R046487,8/5/2025,1921,Wallet,Delivered
O046488,CUST046489,R046488,5/5/2021,785,Wallet,Delivered
O046489,CUST046490,R046489,4/11/2021,387,UPI,Delivered
O046490,CUST046491,R046490,7/20/2020,1208,Wallet,Cancelled
O046491,CUST046492,R046491,8/17/2025,1665,Card,Delivered
O046492,CUST046493,R046492,9/9/2023,1542,UPI,Delivered
O046493,CUST046494,R046493,2/16/2019,1836,Card,Delivered
O046494,CUST046495,R046494,5/22/2024,442,Card,Delivered
O046495,CUST046496,R046495,1/20/2024,289,Card,Delivered
O046496,CUST046497,R046496,10/21/2019,669,UPI,Delivered
O046497,CUST046498,R046497,4/11/2025,1109,COD,Delivered
O046498,CUST046499,R046498,12/22/2019,415,COD,Delivered
O046499,CUST046500,R046499,4/10/2019,1204,COD,Delivered
O046500,CUST046501,R046500,12/5/2022,1076,UPI,Delivered
O046501,CUST046502,R046501,3/14/2020,830,UPI,Delivered
O046502,CUST046503,R046502,8/12/2019,1444,UPI,Delivered
O046503,CUST046504,R046503,5/10/2021,1252,Wallet,Delivered
O046504,CUST046505,R046504,8/18/2023,348,UPI,Delivered
O046505,CUST046506,R046505,9/10/2023,1063,UPI,Delivered
O046506,CUST046507,R046506,7/17/2024,1881,Card,Delivered
O046507,CUST046508,R046507,1/23/2020,1672,Card,Delivered
O046508,CUST046509,R046508,10/8/2020,1806,UPI,Delivered
O046509,CUST046510,R046509,11/22/2020,329,Card,Cancelled
O046510,CUST046511,R046510,10/26/2019,726,COD,Delivered
O046511,CUST046512,R046511,6/24/2019,1932,COD,Cancelled
O046512,CUST046513,R046512,5/7/2021,1832,COD,Delivered
O046513,CUST046514,R046513,9/15/2025,736,COD,Delivered
O046514,CUST046515,R046514,11/9/2022,981,Card,Delivered
O046515,CUST046516,R046515,5/21/2024,1060,UPI,Delivered
O046516,CUST046517,R046516,1/5/2023,1042,Wallet,Delivered
O046517,CUST046518,R046517,12/12/2019,976,Wallet,Delivered
O046518,CUST046519,R046518,10/20/2023,723,Wallet,Delivered
O046519,CUST046520,R046519,11/14/2024,1498,COD,Delivered
O046520,CUST046521,R046520,7/4/2020,1282,Card,Delivered
O046521,CUST046522,R046521,1/12/2024,1422,Wallet,Delivered
O046522,CUST046523,R046522,7/16/2022,958,Card,Delivered
O046523,CUST046524,R046523,2/7/2024,386,Card,Delivered
O046524,CUST046525,R046524,2/18/2021,329,Wallet,Cancelled
O046525,CUST046526,R046525,1/16/2021,1622,Card,Delivered
O046526,CUST046527,R046526,5/10/2019,353,Card,Delivered
O046527,CUST046528,R046527,6/4/2022,1784,UPI,Delivered
O046528,CUST046529,R046528,11/8/2019,720,Card,Delivered
O046529,CUST046530,R046529,5/27/2020,658,Wallet,Delivered
O046530,CUST046531,R046530,10/24/2020,1688,Card,Cancelled
O046531,CUST046532,R046531,4/22/2023,1435,UPI,Delivered
O046532,CUST046533,R046532,8/25/2023,1363,UPI,Cancelled
O046533,CUST046534,R046533,5/15/2021,137,Wallet,Delivered
O046534,CUST046535,R046534,3/23/2023,899,Wallet,Delivered
O046535,CUST046536,R046535,11/14/2024,1670,COD,Delivered
O046536,CUST046537,R046536,5/18/2023,579,Card,Delivered
O046537,CUST046538,R046537,7/1/2022,196,Card,Delivered
O046538,CUST046539,R046538,4/27/2020,434,COD,Delivered
O046539,CUST046540,R046539,3/23/2023,1065,Card,Delivered
O046540,CUST046541,R046540,6/1/2019,594,Wallet,Delivered
O046541,CUST046542,R046541,3/25/2021,1431,COD,Cancelled
O046542,CUST046543,R046542,3/10/2019,525,COD,Delivered
O046543,CUST046544,R046543,4/7/2023,1479,Card,Delivered
O046544,CUST046545,R046544,6/4/2022,1542,Card,Delivered
O046545,CUST046546,R046545,10/6/2025,1154,Wallet,Cancelled
O046546,CUST046547,R046546,8/10/2023,1655,UPI,Delivered
O046547,CUST046548,R046547,3/17/2023,1571,COD,Delivered
O046548,CUST046549,R046548,11/10/2019,1286,Card,Delivered
O046549,CUST046550,R046549,9/12/2020,195,Wallet,Delivered
O046550,CUST046551,R046550,6/13/2022,1714,Card,Delivered
O046551,CUST046552,R046551,5/1/2020,1995,UPI,Delivered
O046552,CUST046553,R046552,11/17/2025,1730,UPI,Delivered
O046553,CUST046554,R046553,10/23/2023,210,COD,Delivered
O046554,CUST046555,R046554,11/19/2023,1016,COD,Delivered
O046555,CUST046556,R046555,12/19/2024,142,Card,Delivered
O046556,CUST046557,R046556,7/2/2025,1139,COD,Delivered
O046557,CUST046558,R046557,10/1/2024,269,UPI,Delivered
O046558,CUST046559,R046558,6/28/2020,771,COD,Delivered
O046559,CUST046560,R046559,6/24/2023,382,Wallet,Delivered
O046560,CUST046561,R046560,4/27/2023,1187,Wallet,Cancelled
O046561,CUST046562,R046561,5/13/2023,946,Wallet,Cancelled
O046562,CUST046563,R046562,4/7/2022,824,COD,Delivered
O046563,CUST046564,R046563,5/7/2022,1504,Card,Delivered
O046564,CUST046565,R046564,1/23/2022,721,UPI,Delivered
O046565,CUST046566,R046565,8/27/2020,1949,UPI,Cancelled
O046566,CUST046567,R046566,7/27/2021,299,Card,Delivered
O046567,CUST046568,R046567,7/20/2019,171,Card,Delivered
O046568,CUST046569,R046568,9/23/2022,191,Card,Delivered
O046569,CUST046570,R046569,7/2/2025,294,COD,Delivered
O046570,CUST046571,R046570,7/17/2020,358,Card,Delivered
O046571,CUST046572,R046571,8/8/2023,815,Card,Delivered
O046572,CUST046573,R046572,10/25/2021,1803,Wallet,Delivered
O046573,CUST046574,R046573,9/28/2024,1231,Wallet,Delivered
O046574,CUST046575,R046574,9/13/2021,276,Wallet,Delivered
O046575,CUST046576,R046575,5/23/2023,912,COD,Delivered
O046576,CUST046577,R046576,10/8/2020,1548,Wallet,Delivered
O046577,CUST046578,R046577,11/16/2022,1193,Wallet,Delivered
O046578,CUST046579,R046578,12/27/2025,1566,UPI,Delivered
O046579,CUST046580,R046579,2/22/2021,927,UPI,Delivered
O046580,CUST046581,R046580,8/2/2019,1732,Card,Delivered
O046581,CUST046582,R046581,2/20/2023,1882,COD,Delivered
O046582,CUST046583,R046582,1/11/2025,1812,COD,Delivered
O046583,CUST046584,R046583,7/12/2020,149,Card,Delivered
O046584,CUST046585,R046584,11/3/2025,1481,UPI,Delivered
O046585,CUST046586,R046585,12/6/2023,1463,Wallet,Delivered
O046586,CUST046587,R046586,10/25/2019,848,UPI,Delivered
O046587,CUST046588,R046587,6/23/2020,383,COD,Delivered
O046588,CUST046589,R046588,6/20/2025,528,Card,Delivered
O046589,CUST046590,R046589,4/3/2022,319,COD,Delivered
O046590,CUST046591,R046590,5/25/2022,287,UPI,Delivered
O046591,CUST046592,R046591,6/1/2025,1182,Card,Delivered
O046592,CUST046593,R046592,7/3/2021,717,Wallet,Delivered
O046593,CUST046594,R046593,12/24/2023,1348,UPI,Delivered
O046594,CUST046595,R046594,5/15/2025,654,COD,Delivered
O046595,CUST046596,R046595,11/26/2025,1428,Card,Delivered
O046596,CUST046597,R046596,3/6/2022,1665,COD,Delivered
O046597,CUST046598,R046597,6/15/2020,1588,Wallet,Delivered
O046598,CUST046599,R046598,3/1/2025,1080,UPI,Delivered
O046599,CUST046600,R046599,5/20/2019,1092,COD,Delivered
O046600,CUST046601,R046600,2/17/2021,1478,COD,Delivered
O046601,CUST046602,R046601,8/15/2019,1792,COD,Delivered
O046602,CUST046603,R046602,1/6/2019,1409,UPI,Cancelled
O046603,CUST046604,R046603,3/14/2019,1420,UPI,Delivered
O046604,CUST046605,R046604,11/20/2024,1426,UPI,Delivered
O046605,CUST046606,R046605,8/19/2024,1807,COD,Delivered
O046606,CUST046607,R046606,4/15/2022,537,Card,Delivered
O046607,CUST046608,R046607,6/18/2020,334,UPI,Delivered
O046608,CUST046609,R046608,6/15/2024,660,Card,Delivered
O046609,CUST046610,R046609,10/22/2023,1866,Card,Delivered
O046610,CUST046611,R046610,6/3/2019,952,COD,Delivered
O046611,CUST046612,R046611,1/24/2022,269,Card,Delivered
O046612,CUST046613,R046612,2/22/2023,882,COD,Delivered
O046613,CUST046614,R046613,5/6/2022,1138,Wallet,Delivered
O046614,CUST046615,R046614,4/9/2021,520,Card,Delivered
O046615,CUST046616,R046615,5/3/2019,1025,UPI,Delivered
O046616,CUST046617,R046616,11/8/2021,1030,COD,Delivered
O046617,CUST046618,R046617,8/2/2019,1469,Wallet,Delivered
O046618,CUST046619,R046618,11/14/2025,1467,Wallet,Delivered
O046619,CUST046620,R046619,4/9/2022,1340,UPI,Delivered
O046620,CUST046621,R046620,2/12/2022,1850,Card,Delivered
O046621,CUST046622,R046621,10/15/2025,1654,Card,Cancelled
O046622,CUST046623,R046622,11/4/2023,1526,UPI,Delivered
O046623,CUST046624,R046623,5/25/2025,612,UPI,Delivered
O046624,CUST046625,R046624,1/21/2024,897,UPI,Delivered
O046625,CUST046626,R046625,6/17/2020,498,Card,Delivered
O046626,CUST046627,R046626,11/20/2024,1767,COD,Delivered
O046627,CUST046628,R046627,9/19/2019,671,Card,Delivered
O046628,CUST046629,R046628,1/25/2021,815,Card,Delivered
O046629,CUST046630,R046629,3/3/2024,1658,Card,Delivered
O046630,CUST046631,R046630,4/24/2021,1261,Wallet,Delivered
O046631,CUST046632,R046631,5/15/2025,195,COD,Delivered
O046632,CUST046633,R046632,5/19/2022,1005,UPI,Delivered
O046633,CUST046634,R046633,11/9/2019,1467,Wallet,Delivered
O046634,CUST046635,R046634,6/10/2020,809,Wallet,Delivered
O046635,CUST046636,R046635,4/1/2023,1571,UPI,Cancelled
O046636,CUST046637,R046636,5/27/2023,1667,UPI,Delivered
O046637,CUST046638,R046637,12/10/2024,1476,UPI,Delivered
O046638,CUST046639,R046638,10/17/2025,543,Wallet,Delivered
O046639,CUST046640,R046639,7/21/2020,1288,COD,Delivered
O046640,CUST046641,R046640,1/20/2024,714,COD,Delivered
O046641,CUST046642,R046641,3/6/2021,1915,Card,Delivered
O046642,CUST046643,R046642,10/21/2021,1747,COD,Cancelled
O046643,CUST046644,R046643,12/25/2024,1305,COD,Delivered
O046644,CUST046645,R046644,7/8/2023,238,COD,Delivered
O046645,CUST046646,R046645,5/20/2022,1049,Wallet,Delivered
O046646,CUST046647,R046646,10/10/2024,666,COD,Delivered
O046647,CUST046648,R046647,11/25/2021,917,Wallet,Delivered
O046648,CUST046649,R046648,8/2/2021,1355,Card,Delivered
O046649,CUST046650,R046649,6/8/2019,1284,Wallet,Delivered
O046650,CUST046651,R046650,7/4/2025,1267,Card,Delivered
O046651,CUST046652,R046651,12/20/2025,1215,Wallet,Delivered
O046652,CUST046653,R046652,1/2/2020,903,UPI,Delivered
O046653,CUST046654,R046653,4/17/2019,331,Wallet,Delivered
O046654,CUST046655,R046654,9/15/2021,1532,Card,Cancelled
O046655,CUST046656,R046655,5/16/2021,1363,Card,Delivered
O046656,CUST046657,R046656,7/19/2019,1976,Card,Cancelled
O046657,CUST046658,R046657,9/18/2025,1660,COD,Delivered
O046658,CUST046659,R046658,1/14/2023,666,Card,Delivered
O046659,CUST046660,R046659,7/19/2022,457,Card,Delivered
O046660,CUST046661,R046660,3/20/2023,576,Wallet,Delivered
O046661,CUST046662,R046661,5/2/2024,126,Card,Delivered
O046662,CUST046663,R046662,12/23/2020,901,Wallet,Delivered
O046663,CUST046664,R046663,7/26/2025,883,COD,Delivered
O046664,CUST046665,R046664,10/4/2025,836,COD,Delivered
O046665,CUST046666,R046665,12/25/2024,563,UPI,Delivered
O046666,CUST046667,R046666,12/11/2021,1134,Wallet,Delivered
O046667,CUST046668,R046667,9/9/2021,1640,Wallet,Cancelled
O046668,CUST046669,R046668,1/10/2022,1153,COD,Delivered
O046669,CUST046670,R046669,10/1/2023,1353,UPI,Delivered
O046670,CUST046671,R046670,11/9/2022,1081,COD,Delivered
O046671,CUST046672,R046671,10/15/2019,1054,Wallet,Delivered
O046672,CUST046673,R046672,2/10/2019,1734,UPI,Cancelled
O046673,CUST046674,R046673,9/14/2022,1854,UPI,Delivered
O046674,CUST046675,R046674,4/9/2019,1404,UPI,Delivered
O046675,CUST046676,R046675,10/13/2022,321,Wallet,Delivered
O046676,CUST046677,R046676,1/17/2022,1271,Card,Delivered
O046677,CUST046678,R046677,12/22/2024,878,Card,Delivered
O046678,CUST046679,R046678,6/16/2021,1842,UPI,Delivered
O046679,CUST046680,R046679,3/18/2021,554,Card,Delivered
O046680,CUST046681,R046680,1/20/2025,1054,Card,Delivered
O046681,CUST046682,R046681,9/8/2022,1542,Card,Delivered
O046682,CUST046683,R046682,8/22/2020,970,Wallet,Delivered
O046683,CUST046684,R046683,10/3/2022,697,COD,Delivered
O046684,CUST046685,R046684,11/25/2019,714,Wallet,Delivered
O046685,CUST046686,R046685,1/5/2021,1350,COD,Cancelled
O046686,CUST046687,R046686,5/8/2024,756,Wallet,Delivered
O046687,CUST046688,R046687,4/3/2019,1512,Wallet,Cancelled
O046688,CUST046689,R046688,1/8/2024,1315,Wallet,Cancelled
O046689,CUST046690,R046689,10/27/2024,931,UPI,Delivered
O046690,CUST046691,R046690,8/17/2019,495,COD,Delivered
O046691,CUST046692,R046691,5/20/2021,569,UPI,Delivered
O046692,CUST046693,R046692,11/12/2023,170,Card,Delivered
O046693,CUST046694,R046693,12/15/2022,1682,Card,Delivered
O046694,CUST046695,R046694,3/18/2022,1202,UPI,Cancelled
O046695,CUST046696,R046695,8/16/2020,761,UPI,Delivered
O046696,CUST046697,R046696,6/26/2024,1330,Card,Delivered
O046697,CUST046698,R046697,3/19/2023,676,COD,Delivered
O046698,CUST046699,R046698,4/28/2023,122,Card,Delivered
O046699,CUST046700,R046699,3/17/2022,373,COD,Delivered
O046700,CUST046701,R046700,4/28/2021,1128,UPI,Delivered
O046701,CUST046702,R046701,4/9/2022,1943,Card,Delivered
O046702,CUST046703,R046702,11/24/2019,548,UPI,Delivered
O046703,CUST046704,R046703,3/12/2019,1595,Wallet,Cancelled
O046704,CUST046705,R046704,10/1/2021,787,UPI,Delivered
O046705,CUST046706,R046705,11/13/2023,214,Wallet,Cancelled
O046706,CUST046707,R046706,4/16/2020,1204,Card,Delivered
O046707,CUST046708,R046707,6/19/2025,1738,Card,Delivered
O046708,CUST046709,R046708,7/18/2025,1860,UPI,Cancelled
O046709,CUST046710,R046709,9/16/2022,1374,Card,Cancelled
O046710,CUST046711,R046710,7/20/2021,721,Card,Delivered
O046711,CUST046712,R046711,4/28/2025,166,Card,Delivered
O046712,CUST046713,R046712,2/19/2020,454,Wallet,Delivered
O046713,CUST046714,R046713,5/28/2021,326,Card,Delivered
O046714,CUST046715,R046714,6/25/2025,1988,Card,Delivered
O046715,CUST046716,R046715,7/25/2022,767,COD,Delivered
O046716,CUST046717,R046716,5/27/2022,1211,Wallet,Delivered
O046717,CUST046718,R046717,1/3/2019,938,Wallet,Delivered
O046718,CUST046719,R046718,12/10/2025,843,Wallet,Delivered
O046719,CUST046720,R046719,2/25/2025,820,Wallet,Delivered
O046720,CUST046721,R046720,7/16/2020,1353,COD,Delivered
O046721,CUST046722,R046721,9/27/2020,1476,UPI,Delivered
O046722,CUST046723,R046722,12/11/2024,1035,UPI,Delivered
O046723,CUST046724,R046723,7/14/2021,1350,Card,Delivered
O046724,CUST046725,R046724,10/9/2019,1159,UPI,Delivered
O046725,CUST046726,R046725,6/13/2024,1972,UPI,Delivered
O046726,CUST046727,R046726,6/10/2021,118,Card,Delivered
O046727,CUST046728,R046727,1/20/2025,238,UPI,Delivered
O046728,CUST046729,R046728,3/19/2024,1400,Card,Delivered
O046729,CUST046730,R046729,7/14/2019,827,COD,Delivered
O046730,CUST046731,R046730,9/25/2021,555,Card,Delivered
O046731,CUST046732,R046731,5/19/2023,503,COD,Delivered
O046732,CUST046733,R046732,10/20/2020,479,COD,Delivered
O046733,CUST046734,R046733,4/10/2025,255,COD,Cancelled
O046734,CUST046735,R046734,11/1/2022,1093,Wallet,Delivered
O046735,CUST046736,R046735,12/5/2024,826,Card,Delivered
O046736,CUST046737,R046736,7/24/2021,1009,Wallet,Delivered
O046737,CUST046738,R046737,2/3/2022,1203,Card,Delivered
O046738,CUST046739,R046738,7/10/2019,272,COD,Delivered
O046739,CUST046740,R046739,5/5/2021,1207,Wallet,Delivered
O046740,CUST046741,R046740,5/10/2024,1327,Card,Delivered
O046741,CUST046742,R046741,3/22/2023,632,UPI,Delivered
O046742,CUST046743,R046742,7/2/2025,1394,COD,Delivered
O046743,CUST046744,R046743,12/13/2025,755,UPI,Delivered
O046744,CUST046745,R046744,10/15/2022,1761,UPI,Delivered
O046745,CUST046746,R046745,12/8/2020,1569,Wallet,Delivered
O046746,CUST046747,R046746,8/14/2022,1389,UPI,Delivered
O046747,CUST046748,R046747,1/9/2025,773,UPI,Delivered
O046748,CUST046749,R046748,11/21/2023,1025,UPI,Cancelled
O046749,CUST046750,R046749,3/15/2020,197,COD,Delivered
O046750,CUST046751,R046750,8/20/2021,436,Wallet,Delivered
O046751,CUST046752,R046751,8/13/2021,1833,COD,Delivered
O046752,CUST046753,R046752,5/21/2020,823,Card,Delivered
O046753,CUST046754,R046753,9/5/2021,228,Card,Delivered
O046754,CUST046755,R046754,9/27/2020,249,Wallet,Delivered
O046755,CUST046756,R046755,2/25/2025,1054,COD,Delivered
O046756,CUST046757,R046756,10/25/2025,371,Wallet,Delivered
O046757,CUST046758,R046757,2/9/2019,1868,COD,Delivered
O046758,CUST046759,R046758,1/5/2022,297,COD,Delivered
O046759,CUST046760,R046759,8/8/2022,1005,UPI,Delivered
O046760,CUST046761,R046760,4/4/2020,1449,Wallet,Delivered
O046761,CUST046762,R046761,1/3/2025,642,Wallet,Delivered
O046762,CUST046763,R046762,11/9/2022,1890,UPI,Delivered
O046763,CUST046764,R046763,8/14/2021,1064,Wallet,Delivered
O046764,CUST046765,R046764,5/15/2023,1623,Card,Delivered
O046765,CUST046766,R046765,9/16/2019,1495,UPI,Cancelled
O046766,CUST046767,R046766,3/14/2021,1746,UPI,Delivered
O046767,CUST046768,R046767,1/24/2020,357,UPI,Delivered
O046768,CUST046769,R046768,9/19/2019,1682,UPI,Delivered
O046769,CUST046770,R046769,10/20/2022,1932,COD,Delivered
O046770,CUST046771,R046770,10/3/2021,640,Card,Delivered
O046771,CUST046772,R046771,11/15/2021,1989,COD,Delivered
O046772,CUST046773,R046772,4/2/2024,621,COD,Delivered
O046773,CUST046774,R046773,8/26/2024,970,UPI,Delivered
O046774,CUST046775,R046774,7/11/2023,730,Wallet,Delivered
O046775,CUST046776,R046775,7/10/2025,1045,UPI,Delivered
O046776,CUST046777,R046776,3/5/2024,1102,Wallet,Delivered
O046777,CUST046778,R046777,6/16/2023,193,Wallet,Delivered
O046778,CUST046779,R046778,11/9/2023,1540,UPI,Delivered
O046779,CUST046780,R046779,6/15/2024,1834,Card,Delivered
O046780,CUST046781,R046780,6/24/2025,1586,UPI,Delivered
O046781,CUST046782,R046781,2/7/2023,1726,UPI,Delivered
O046782,CUST046783,R046782,2/21/2020,250,Card,Delivered
O046783,CUST046784,R046783,11/20/2022,684,COD,Delivered
O046784,CUST046785,R046784,9/22/2019,175,Card,Delivered
O046785,CUST046786,R046785,9/6/2024,1677,Card,Delivered
O046786,CUST046787,R046786,10/14/2020,588,COD,Cancelled
O046787,CUST046788,R046787,11/8/2023,838,Card,Delivered
O046788,CUST046789,R046788,7/19/2025,704,Wallet,Delivered
O046789,CUST046790,R046789,7/27/2021,762,COD,Delivered
O046790,CUST046791,R046790,2/10/2025,822,Wallet,Delivered
O046791,CUST046792,R046791,9/18/2021,633,Wallet,Delivered
O046792,CUST046793,R046792,2/9/2019,1455,COD,Delivered
O046793,CUST046794,R046793,3/6/2020,1246,Card,Delivered
O046794,CUST046795,R046794,8/10/2024,1343,Wallet,Delivered
O046795,CUST046796,R046795,2/15/2020,879,UPI,Delivered
O046796,CUST046797,R046796,5/6/2024,300,Card,Delivered
O046797,CUST046798,R046797,1/17/2024,282,Wallet,Cancelled
O046798,CUST046799,R046798,10/15/2024,1338,Card,Delivered
O046799,CUST046800,R046799,10/8/2020,204,Card,Delivered
O046800,CUST046801,R046800,7/2/2025,1640,UPI,Delivered
O046801,CUST046802,R046801,11/14/2022,321,Wallet,Delivered
O046802,CUST046803,R046802,10/22/2023,554,UPI,Delivered
O046803,CUST046804,R046803,4/22/2023,482,Wallet,Cancelled
O046804,CUST046805,R046804,11/19/2023,249,Card,Delivered
O046805,CUST046806,R046805,10/6/2023,183,Card,Delivered
O046806,CUST046807,R046806,10/1/2022,863,Wallet,Delivered
O046807,CUST046808,R046807,3/5/2024,689,Wallet,Delivered
O046808,CUST046809,R046808,7/24/2020,1628,COD,Delivered
O046809,CUST046810,R046809,4/17/2025,488,Card,Delivered
O046810,CUST046811,R046810,4/28/2023,106,Card,Delivered
O046811,CUST046812,R046811,4/26/2021,323,COD,Delivered
O046812,CUST046813,R046812,7/19/2019,958,Card,Delivered
O046813,CUST046814,R046813,10/28/2022,451,COD,Delivered
O046814,CUST046815,R046814,6/24/2020,1033,COD,Delivered
O046815,CUST046816,R046815,4/4/2020,376,COD,Delivered
O046816,CUST046817,R046816,1/5/2022,1193,UPI,Cancelled
O046817,CUST046818,R046817,5/3/2024,1431,Card,Cancelled
O046818,CUST046819,R046818,10/4/2020,1069,Wallet,Delivered
O046819,CUST046820,R046819,5/11/2019,1575,UPI,Delivered
O046820,CUST046821,R046820,5/16/2023,1490,COD,Cancelled
O046821,CUST046822,R046821,1/7/2021,1244,Card,Delivered
O046822,CUST046823,R046822,12/11/2019,149,UPI,Delivered
O046823,CUST046824,R046823,6/12/2021,1623,Card,Delivered
O046824,CUST046825,R046824,6/27/2023,1845,UPI,Delivered
O046825,CUST046826,R046825,4/16/2023,1587,UPI,Delivered
O046826,CUST046827,R046826,1/23/2024,111,Card,Delivered
O046827,CUST046828,R046827,6/18/2020,617,COD,Delivered
O046828,CUST046829,R046828,10/14/2020,1893,Card,Delivered
O046829,CUST046830,R046829,10/27/2021,984,COD,Delivered
O046830,CUST046831,R046830,1/25/2019,159,UPI,Delivered
O046831,CUST046832,R046831,5/27/2020,729,COD,Delivered
O046832,CUST046833,R046832,10/26/2021,302,Wallet,Delivered
O046833,CUST046834,R046833,7/25/2025,1107,COD,Delivered
O046834,CUST046835,R046834,7/11/2022,861,COD,Cancelled
O046835,CUST046836,R046835,6/6/2019,777,COD,Delivered
O046836,CUST046837,R046836,9/7/2023,1282,UPI,Delivered
O046837,CUST046838,R046837,10/22/2020,572,Wallet,Delivered
O046838,CUST046839,R046838,9/25/2023,1378,Wallet,Cancelled
O046839,CUST046840,R046839,1/17/2024,1629,Wallet,Delivered
O046840,CUST046841,R046840,9/13/2022,1283,COD,Delivered
O046841,CUST046842,R046841,6/11/2024,1553,Card,Delivered
O046842,CUST046843,R046842,6/22/2023,140,COD,Delivered
O046843,CUST046844,R046843,3/9/2024,203,Card,Delivered
O046844,CUST046845,R046844,4/7/2025,773,UPI,Delivered
O046845,CUST046846,R046845,1/27/2019,389,Wallet,Delivered
O046846,CUST046847,R046846,11/25/2023,1152,Wallet,Delivered
O046847,CUST046848,R046847,3/11/2025,191,COD,Delivered
O046848,CUST046849,R046848,8/22/2023,821,COD,Delivered
O046849,CUST046850,R046849,9/7/2023,1501,COD,Cancelled
O046850,CUST046851,R046850,7/10/2023,1152,Wallet,Delivered
O046851,CUST046852,R046851,6/26/2019,1422,Wallet,Delivered
O046852,CUST046853,R046852,10/20/2022,783,Wallet,Delivered
O046853,CUST046854,R046853,7/1/2020,1327,Card,Delivered
O046854,CUST046855,R046854,12/19/2022,1598,COD,Delivered
O046855,CUST046856,R046855,7/10/2024,1701,COD,Delivered
O046856,CUST046857,R046856,7/9/2022,1900,UPI,Delivered
O046857,CUST046858,R046857,8/1/2022,1401,UPI,Delivered
O046858,CUST046859,R046858,7/8/2019,1384,COD,Delivered
O046859,CUST046860,R046859,6/20/2023,812,UPI,Delivered
O046860,CUST046861,R046860,8/21/2025,341,COD,Delivered
O046861,CUST046862,R046861,10/18/2021,437,COD,Delivered
O046862,CUST046863,R046862,5/2/2025,229,COD,Delivered
O046863,CUST046864,R046863,5/25/2023,768,Wallet,Delivered
O046864,CUST046865,R046864,3/28/2021,1082,Card,Delivered
O046865,CUST046866,R046865,12/2/2024,574,COD,Delivered
O046866,CUST046867,R046866,3/23/2022,944,UPI,Delivered
O046867,CUST046868,R046867,12/13/2022,500,COD,Delivered
O046868,CUST046869,R046868,3/4/2019,1316,Card,Delivered
O046869,CUST046870,R046869,6/4/2019,1560,COD,Delivered
O046870,CUST046871,R046870,6/13/2022,1701,Wallet,Delivered
O046871,CUST046872,R046871,6/3/2019,1001,UPI,Delivered
O046872,CUST046873,R046872,7/17/2025,1434,Wallet,Delivered
O046873,CUST046874,R046873,7/15/2022,1859,COD,Delivered
O046874,CUST046875,R046874,6/20/2023,1999,Wallet,Delivered
O046875,CUST046876,R046875,3/11/2023,1746,UPI,Cancelled
O046876,CUST046877,R046876,1/19/2025,1762,UPI,Delivered
O046877,CUST046878,R046877,2/23/2023,1282,Wallet,Delivered
O046878,CUST046879,R046878,6/18/2023,1708,UPI,Delivered
O046879,CUST046880,R046879,11/14/2019,177,UPI,Delivered
O046880,CUST046881,R046880,9/16/2019,179,UPI,Delivered
O046881,CUST046882,R046881,9/13/2019,505,Card,Delivered
O046882,CUST046883,R046882,6/20/2025,1761,Card,Delivered
O046883,CUST046884,R046883,5/1/2019,933,COD,Delivered
O046884,CUST046885,R046884,12/26/2025,189,Card,Delivered
O046885,CUST046886,R046885,12/20/2024,797,Card,Delivered
O046886,CUST046887,R046886,7/4/2021,1048,Wallet,Delivered
O046887,CUST046888,R046887,10/8/2019,473,Card,Delivered
O046888,CUST046889,R046888,9/28/2022,983,Wallet,Cancelled
O046889,CUST046890,R046889,9/7/2025,950,COD,Delivered
O046890,CUST046891,R046890,4/28/2020,1390,Wallet,Delivered
O046891,CUST046892,R046891,6/13/2023,1324,COD,Delivered
O046892,CUST046893,R046892,2/9/2021,804,Wallet,Delivered
O046893,CUST046894,R046893,1/11/2025,1740,UPI,Delivered
O046894,CUST046895,R046894,11/14/2021,1500,UPI,Cancelled
O046895,CUST046896,R046895,3/2/2023,1377,UPI,Cancelled
O046896,CUST046897,R046896,1/24/2021,723,UPI,Delivered
O046897,CUST046898,R046897,11/21/2022,860,UPI,Delivered
O046898,CUST046899,R046898,8/15/2019,457,Card,Delivered
O046899,CUST046900,R046899,5/18/2020,1676,COD,Delivered
O046900,CUST046901,R046900,4/17/2020,580,Card,Delivered
O046901,CUST046902,R046901,6/25/2019,600,Card,Delivered
O046902,CUST046903,R046902,12/2/2020,1623,Card,Delivered
O046903,CUST046904,R046903,4/23/2020,1181,Wallet,Delivered
O046904,CUST046905,R046904,8/14/2025,1946,Card,Delivered
O046905,CUST046906,R046905,4/18/2023,595,Wallet,Delivered
O046906,CUST046907,R046906,9/6/2020,1357,COD,Delivered
O046907,CUST046908,R046907,6/9/2021,271,UPI,Delivered
O046908,CUST046909,R046908,4/27/2025,993,Wallet,Delivered
O046909,CUST046910,R046909,11/18/2023,1351,Wallet,Delivered
O046910,CUST046911,R046910,10/5/2022,905,UPI,Delivered
O046911,CUST046912,R046911,3/10/2019,502,Wallet,Delivered
O046912,CUST046913,R046912,1/13/2022,1763,COD,Delivered
O046913,CUST046914,R046913,4/18/2019,624,COD,Delivered
O046914,CUST046915,R046914,11/28/2021,1831,Card,Delivered
O046915,CUST046916,R046915,5/18/2021,1667,Card,Cancelled
O046916,CUST046917,R046916,3/24/2025,1268,Card,Delivered
O046917,CUST046918,R046917,7/7/2024,133,COD,Delivered
O046918,CUST046919,R046918,8/19/2021,640,Wallet,Delivered
O046919,CUST046920,R046919,10/9/2023,512,COD,Delivered
O046920,CUST046921,R046920,8/25/2024,811,Wallet,Delivered
O046921,CUST046922,R046921,11/28/2025,1081,Card,Delivered
O046922,CUST046923,R046922,1/6/2019,1396,Wallet,Delivered
O046923,CUST046924,R046923,6/6/2025,1123,Card,Delivered
O046924,CUST046925,R046924,2/18/2024,1129,Wallet,Delivered
O046925,CUST046926,R046925,11/1/2022,856,Card,Cancelled
O046926,CUST046927,R046926,7/13/2021,284,Wallet,Delivered
O046927,CUST046928,R046927,8/9/2019,1447,UPI,Delivered
O046928,CUST046929,R046928,6/15/2023,1283,UPI,Delivered
O046929,CUST046930,R046929,7/18/2022,1897,Card,Cancelled
O046930,CUST046931,R046930,7/17/2025,241,Card,Delivered
O046931,CUST046932,R046931,8/13/2021,300,Card,Delivered
O046932,CUST046933,R046932,4/18/2023,302,Card,Delivered
O046933,CUST046934,R046933,12/19/2021,427,Wallet,Delivered
O046934,CUST046935,R046934,1/1/2020,1884,UPI,Delivered
O046935,CUST046936,R046935,8/1/2019,1056,COD,Delivered
O046936,CUST046937,R046936,2/28/2020,777,COD,Delivered
O046937,CUST046938,R046937,8/1/2019,746,COD,Delivered
O046938,CUST046939,R046938,7/23/2024,473,Wallet,Delivered
O046939,CUST046940,R046939,11/10/2021,913,Wallet,Delivered
O046940,CUST046941,R046940,11/4/2021,1598,UPI,Cancelled
O046941,CUST046942,R046941,5/9/2019,1074,COD,Delivered
O046942,CUST046943,R046942,1/28/2022,1514,UPI,Delivered
O046943,CUST046944,R046943,7/11/2024,1235,COD,Delivered
O046944,CUST046945,R046944,5/15/2023,927,Wallet,Delivered
O046945,CUST046946,R046945,3/13/2020,1863,UPI,Delivered
O046946,CUST046947,R046946,12/16/2023,1706,UPI,Cancelled
O046947,CUST046948,R046947,11/11/2025,1261,UPI,Delivered
O046948,CUST046949,R046948,1/12/2022,432,Wallet,Delivered
O046949,CUST046950,R046949,11/19/2019,1166,Card,Delivered
O046950,CUST046951,R046950,2/20/2023,594,UPI,Delivered
O046951,CUST046952,R046951,5/14/2019,1751,UPI,Delivered
O046952,CUST046953,R046952,3/15/2024,468,Card,Cancelled
O046953,CUST046954,R046953,2/23/2020,974,UPI,Delivered
O046954,CUST046955,R046954,11/7/2022,1506,Card,Delivered
O046955,CUST046956,R046955,3/21/2024,890,Wallet,Delivered
O046956,CUST046957,R046956,1/2/2021,611,Card,Delivered
O046957,CUST046958,R046957,3/23/2022,304,COD,Delivered
O046958,CUST046959,R046958,9/4/2024,1240,Card,Cancelled
O046959,CUST046960,R046959,6/7/2025,477,Wallet,Delivered
O046960,CUST046961,R046960,5/2/2022,1368,Wallet,Cancelled
O046961,CUST046962,R046961,5/6/2019,1426,COD,Delivered
O046962,CUST046963,R046962,5/1/2019,783,UPI,Delivered
O046963,CUST046964,R046963,9/15/2023,385,COD,Delivered
O046964,CUST046965,R046964,2/16/2021,521,UPI,Delivered
O046965,CUST046966,R046965,7/10/2020,1986,Card,Delivered
O046966,CUST046967,R046966,8/9/2021,1603,Card,Delivered
O046967,CUST046968,R046967,9/16/2020,1123,UPI,Cancelled
O046968,CUST046969,R046968,6/16/2019,544,UPI,Delivered
O046969,CUST046970,R046969,5/25/2025,1283,UPI,Delivered
O046970,CUST046971,R046970,11/18/2024,587,COD,Delivered
O046971,CUST046972,R046971,9/26/2023,1868,Card,Delivered
O046972,CUST046973,R046972,11/17/2025,267,COD,Delivered
O046973,CUST046974,R046973,11/25/2024,1028,UPI,Delivered
O046974,CUST046975,R046974,7/8/2021,154,COD,Delivered
O046975,CUST046976,R046975,9/26/2019,399,Wallet,Delivered
O046976,CUST046977,R046976,5/10/2025,1012,COD,Delivered
O046977,CUST046978,R046977,9/28/2023,138,Wallet,Delivered
O046978,CUST046979,R046978,10/5/2022,1646,COD,Delivered
O046979,CUST046980,R046979,7/4/2021,696,Card,Delivered
O046980,CUST046981,R046980,5/10/2022,1230,UPI,Cancelled
O046981,CUST046982,R046981,10/10/2023,1774,UPI,Cancelled
O046982,CUST046983,R046982,3/13/2021,1328,UPI,Cancelled
O046983,CUST046984,R046983,2/19/2020,674,UPI,Delivered
O046984,CUST046985,R046984,5/26/2021,1917,Card,Delivered
O046985,CUST046986,R046985,12/17/2025,311,COD,Delivered
O046986,CUST046987,R046986,8/28/2022,183,COD,Delivered
O046987,CUST046988,R046987,8/24/2023,242,Card,Delivered
O046988,CUST046989,R046988,1/26/2024,486,COD,Delivered
O046989,CUST046990,R046989,8/25/2025,1056,COD,Delivered
O046990,CUST046991,R046990,1/1/2021,784,Wallet,Delivered
O046991,CUST046992,R046991,6/5/2025,802,COD,Cancelled
O046992,CUST046993,R046992,5/20/2024,783,UPI,Delivered
O046993,CUST046994,R046993,10/14/2022,1274,COD,Delivered
O046994,CUST046995,R046994,12/26/2019,1391,UPI,Delivered
O046995,CUST046996,R046995,7/10/2021,944,Wallet,Delivered
O046996,CUST046997,R046996,10/13/2022,1302,Card,Delivered
O046997,CUST046998,R046997,2/8/2023,1577,UPI,Delivered
O046998,CUST046999,R046998,7/12/2020,1829,UPI,Delivered
O046999,CUST047000,R046999,6/9/2020,1875,Card,Delivered
O047000,CUST047001,R047000,4/18/2024,343,UPI,Delivered
O047001,CUST047002,R047001,12/21/2020,1289,Card,Delivered
O047002,CUST047003,R047002,11/20/2020,717,COD,Delivered
O047003,CUST047004,R047003,1/23/2021,401,UPI,Delivered
O047004,CUST047005,R047004,5/17/2025,417,COD,Delivered
O047005,CUST047006,R047005,3/14/2019,400,COD,Delivered
O047006,CUST047007,R047006,1/9/2024,1946,COD,Delivered
O047007,CUST047008,R047007,5/27/2019,1051,Wallet,Delivered
O047008,CUST047009,R047008,3/4/2023,734,Card,Delivered
O047009,CUST047010,R047009,12/23/2024,918,UPI,Delivered
O047010,CUST047011,R047010,10/3/2025,1162,Card,Delivered
O047011,CUST047012,R047011,2/7/2020,600,Wallet,Delivered
O047012,CUST047013,R047012,1/3/2022,1491,UPI,Delivered
O047013,CUST047014,R047013,12/15/2021,1861,Card,Delivered
O047014,CUST047015,R047014,6/2/2021,906,UPI,Delivered
O047015,CUST047016,R047015,9/7/2019,1807,COD,Delivered
O047016,CUST047017,R047016,4/18/2023,649,UPI,Delivered
O047017,CUST047018,R047017,7/12/2019,1681,UPI,Delivered
O047018,CUST047019,R047018,3/2/2025,1490,Wallet,Cancelled
O047019,CUST047020,R047019,2/12/2019,1309,UPI,Delivered
O047020,CUST047021,R047020,12/15/2024,731,Wallet,Delivered
O047021,CUST047022,R047021,11/21/2019,978,Wallet,Delivered
O047022,CUST047023,R047022,4/13/2023,108,COD,Delivered
O047023,CUST047024,R047023,2/19/2022,351,Wallet,Delivered
O047024,CUST047025,R047024,4/12/2024,1689,Card,Delivered
O047025,CUST047026,R047025,4/20/2023,723,Card,Delivered
O047026,CUST047027,R047026,12/3/2020,205,Card,Delivered
O047027,CUST047028,R047027,4/26/2025,1996,Wallet,Delivered
O047028,CUST047029,R047028,9/23/2025,899,Card,Delivered
O047029,CUST047030,R047029,9/21/2022,266,Wallet,Delivered
O047030,CUST047031,R047030,10/7/2021,1514,Card,Delivered
O047031,CUST047032,R047031,7/27/2025,217,COD,Delivered
O047032,CUST047033,R047032,10/6/2021,920,UPI,Delivered
O047033,CUST047034,R047033,2/2/2021,1359,Wallet,Delivered
O047034,CUST047035,R047034,4/2/2019,596,Wallet,Delivered
O047035,CUST047036,R047035,11/8/2023,1669,Wallet,Delivered
O047036,CUST047037,R047036,9/13/2024,979,Wallet,Delivered
O047037,CUST047038,R047037,10/14/2019,1479,Card,Delivered
O047038,CUST047039,R047038,12/14/2025,1352,UPI,Delivered
O047039,CUST047040,R047039,5/13/2025,1896,UPI,Delivered
O047040,CUST047041,R047040,4/23/2020,245,UPI,Delivered
O047041,CUST047042,R047041,1/17/2022,1527,Wallet,Delivered
O047042,CUST047043,R047042,10/18/2024,1784,COD,Delivered
O047043,CUST047044,R047043,10/2/2021,241,Card,Delivered
O047044,CUST047045,R047044,8/9/2025,1778,Card,Delivered
O047045,CUST047046,R047045,2/28/2025,580,Card,Delivered
O047046,CUST047047,R047046,10/24/2023,453,Wallet,Delivered
O047047,CUST047048,R047047,9/3/2025,212,COD,Delivered
O047048,CUST047049,R047048,7/3/2024,575,UPI,Delivered
O047049,CUST047050,R047049,6/23/2019,638,Wallet,Delivered
O047050,CUST047051,R047050,5/8/2021,114,Wallet,Delivered
O047051,CUST047052,R047051,10/1/2024,1396,UPI,Delivered
O047052,CUST047053,R047052,9/14/2023,1940,UPI,Delivered
O047053,CUST047054,R047053,5/24/2021,1301,UPI,Delivered
O047054,CUST047055,R047054,10/5/2025,1616,UPI,Cancelled
O047055,CUST047056,R047055,6/18/2020,101,Card,Delivered
O047056,CUST047057,R047056,11/17/2024,285,COD,Delivered
O047057,CUST047058,R047057,3/17/2025,1996,Card,Delivered
O047058,CUST047059,R047058,1/1/2023,1636,Card,Cancelled
O047059,CUST047060,R047059,4/12/2024,541,Wallet,Delivered
O047060,CUST047061,R047060,6/6/2023,747,UPI,Delivered
O047061,CUST047062,R047061,5/18/2023,619,Wallet,Cancelled
O047062,CUST047063,R047062,3/26/2024,683,COD,Delivered
O047063,CUST047064,R047063,9/9/2024,786,COD,Delivered
O047064,CUST047065,R047064,12/17/2021,1050,Wallet,Delivered
O047065,CUST047066,R047065,1/8/2020,1556,COD,Delivered
O047066,CUST047067,R047066,11/5/2021,1093,UPI,Delivered
O047067,CUST047068,R047067,4/7/2025,1232,Wallet,Delivered
O047068,CUST047069,R047068,9/13/2022,773,UPI,Delivered
O047069,CUST047070,R047069,8/4/2019,1802,Card,Delivered
O047070,CUST047071,R047070,11/12/2020,140,Wallet,Delivered
O047071,CUST047072,R047071,4/13/2021,1253,UPI,Delivered
O047072,CUST047073,R047072,7/7/2019,156,Card,Delivered
O047073,CUST047074,R047073,5/1/2020,1418,Wallet,Delivered
O047074,CUST047075,R047074,1/12/2024,236,COD,Delivered
O047075,CUST047076,R047075,3/21/2024,474,Wallet,Delivered
O047076,CUST047077,R047076,2/19/2024,402,Wallet,Delivered
O047077,CUST047078,R047077,5/19/2025,143,Card,Delivered
O047078,CUST047079,R047078,1/5/2022,328,Card,Delivered
O047079,CUST047080,R047079,10/27/2021,709,UPI,Delivered
O047080,CUST047081,R047080,4/4/2020,1345,UPI,Delivered
O047081,CUST047082,R047081,11/23/2024,389,Wallet,Delivered
O047082,CUST047083,R047082,12/27/2021,1463,Wallet,Delivered
O047083,CUST047084,R047083,11/6/2020,768,UPI,Delivered
O047084,CUST047085,R047084,11/8/2023,1043,COD,Delivered
O047085,CUST047086,R047085,4/1/2025,868,Card,Delivered
O047086,CUST047087,R047086,5/26/2024,404,COD,Delivered
O047087,CUST047088,R047087,12/6/2024,991,COD,Delivered
O047088,CUST047089,R047088,5/3/2023,296,Card,Delivered
O047089,CUST047090,R047089,5/4/2025,1114,UPI,Delivered
O047090,CUST047091,R047090,8/1/2024,1347,Card,Delivered
O047091,CUST047092,R047091,12/3/2024,1039,COD,Delivered
O047092,CUST047093,R047092,8/11/2020,1464,UPI,Delivered
O047093,CUST047094,R047093,3/14/2021,1342,COD,Cancelled
O047094,CUST047095,R047094,1/5/2023,1101,Card,Delivered
O047095,CUST047096,R047095,6/10/2025,1651,UPI,Delivered
O047096,CUST047097,R047096,6/4/2024,1517,Card,Delivered
O047097,CUST047098,R047097,4/25/2024,1798,Wallet,Delivered
O047098,CUST047099,R047098,11/14/2024,1497,UPI,Cancelled
O047099,CUST047100,R047099,5/21/2024,1922,Card,Delivered
O047100,CUST047101,R047100,6/20/2025,1619,Card,Delivered
O047101,CUST047102,R047101,9/13/2023,1857,Card,Delivered
O047102,CUST047103,R047102,1/26/2020,905,COD,Delivered
O047103,CUST047104,R047103,7/24/2023,1975,UPI,Delivered
O047104,CUST047105,R047104,8/26/2019,830,COD,Delivered
O047105,CUST047106,R047105,12/5/2024,191,Wallet,Delivered
O047106,CUST047107,R047106,4/24/2021,1002,COD,Delivered
O047107,CUST047108,R047107,12/9/2023,718,COD,Cancelled
O047108,CUST047109,R047108,2/4/2020,378,COD,Delivered
O047109,CUST047110,R047109,2/1/2021,1133,UPI,Delivered
O047110,CUST047111,R047110,7/20/2019,526,Wallet,Delivered
O047111,CUST047112,R047111,4/24/2022,1157,Wallet,Delivered
O047112,CUST047113,R047112,1/15/2019,1543,Wallet,Delivered
O047113,CUST047114,R047113,10/15/2022,1203,UPI,Delivered
O047114,CUST047115,R047114,5/7/2025,1474,UPI,Delivered
O047115,CUST047116,R047115,8/21/2020,1577,Card,Delivered
O047116,CUST047117,R047116,6/8/2024,1634,Card,Delivered
O047117,CUST047118,R047117,12/27/2025,446,Wallet,Delivered
O047118,CUST047119,R047118,6/20/2025,1709,Wallet,Delivered
O047119,CUST047120,R047119,3/18/2021,1046,COD,Delivered
O047120,CUST047121,R047120,3/4/2025,1817,COD,Delivered
O047121,CUST047122,R047121,12/19/2025,422,COD,Delivered
O047122,CUST047123,R047122,7/1/2019,1353,COD,Delivered
O047123,CUST047124,R047123,1/8/2020,997,Wallet,Delivered
O047124,CUST047125,R047124,8/25/2020,1375,Wallet,Delivered
O047125,CUST047126,R047125,9/16/2019,741,Wallet,Delivered
O047126,CUST047127,R047126,12/2/2025,1248,UPI,Delivered
O047127,CUST047128,R047127,11/17/2021,1518,COD,Delivered
O047128,CUST047129,R047128,10/9/2023,1615,Card,Delivered
O047129,CUST047130,R047129,1/9/2024,1678,Card,Delivered
O047130,CUST047131,R047130,11/28/2023,1546,Wallet,Delivered
O047131,CUST047132,R047131,12/7/2020,1230,COD,Delivered
O047132,CUST047133,R047132,7/19/2019,662,UPI,Delivered
O047133,CUST047134,R047133,8/20/2021,198,COD,Delivered
O047134,CUST047135,R047134,3/14/2020,1984,COD,Delivered
O047135,CUST047136,R047135,6/24/2019,123,Card,Delivered
O047136,CUST047137,R047136,7/23/2021,613,Wallet,Delivered
O047137,CUST047138,R047137,6/26/2024,991,Card,Delivered
O047138,CUST047139,R047138,7/28/2019,358,COD,Delivered
O047139,CUST047140,R047139,6/25/2025,908,UPI,Delivered
O047140,CUST047141,R047140,7/11/2022,419,Card,Cancelled
O047141,CUST047142,R047141,2/3/2020,1231,UPI,Delivered
O047142,CUST047143,R047142,9/3/2025,1470,COD,Delivered
O047143,CUST047144,R047143,9/10/2021,1654,Wallet,Delivered
O047144,CUST047145,R047144,3/2/2022,895,UPI,Delivered
O047145,CUST047146,R047145,4/16/2023,1290,Wallet,Delivered
O047146,CUST047147,R047146,4/14/2023,1716,Card,Delivered
O047147,CUST047148,R047147,1/19/2020,1600,Wallet,Delivered
O047148,CUST047149,R047148,7/6/2019,1640,Card,Delivered
O047149,CUST047150,R047149,11/17/2020,273,Card,Cancelled
O047150,CUST047151,R047150,2/21/2025,1620,UPI,Delivered
O047151,CUST047152,R047151,7/22/2019,149,Card,Cancelled
O047152,CUST047153,R047152,2/20/2020,524,UPI,Delivered
O047153,CUST047154,R047153,4/21/2025,570,UPI,Delivered
O047154,CUST047155,R047154,8/18/2022,464,Card,Delivered
O047155,CUST047156,R047155,9/26/2025,1670,Card,Delivered
O047156,CUST047157,R047156,1/28/2020,842,COD,Delivered
O047157,CUST047158,R047157,5/25/2023,1984,Card,Delivered
O047158,CUST047159,R047158,9/20/2020,523,Card,Delivered
O047159,CUST047160,R047159,7/2/2020,904,COD,Delivered
O047160,CUST047161,R047160,1/7/2019,1969,Card,Delivered
O047161,CUST047162,R047161,3/22/2020,829,Wallet,Delivered
O047162,CUST047163,R047162,11/6/2019,840,Wallet,Delivered
O047163,CUST047164,R047163,10/24/2021,1280,Wallet,Delivered
O047164,CUST047165,R047164,6/10/2025,1238,COD,Delivered
O047165,CUST047166,R047165,10/10/2019,724,Wallet,Delivered
O047166,CUST047167,R047166,3/9/2023,1661,UPI,Delivered
O047167,CUST047168,R047167,12/13/2025,1093,UPI,Delivered
O047168,CUST047169,R047168,6/28/2022,1330,UPI,Delivered
O047169,CUST047170,R047169,5/23/2024,633,Wallet,Delivered
O047170,CUST047171,R047170,1/20/2024,712,UPI,Delivered
O047171,CUST047172,R047171,8/14/2020,314,UPI,Delivered
O047172,CUST047173,R047172,10/25/2022,1575,Card,Delivered
O047173,CUST047174,R047173,3/16/2021,219,UPI,Delivered
O047174,CUST047175,R047174,3/19/2022,446,Card,Delivered
O047175,CUST047176,R047175,11/28/2019,1469,Card,Delivered
O047176,CUST047177,R047176,11/21/2023,901,Wallet,Delivered
O047177,CUST047178,R047177,12/13/2022,1910,Card,Delivered
O047178,CUST047179,R047178,3/19/2019,516,Wallet,Delivered
O047179,CUST047180,R047179,3/4/2023,1277,COD,Cancelled
O047180,CUST047181,R047180,8/7/2020,185,Wallet,Delivered
O047181,CUST047182,R047181,11/23/2021,946,Wallet,Delivered
O047182,CUST047183,R047182,8/18/2019,1305,Wallet,Cancelled
O047183,CUST047184,R047183,3/4/2023,820,Wallet,Delivered
O047184,CUST047185,R047184,4/8/2022,1831,COD,Delivered
O047185,CUST047186,R047185,12/12/2025,1192,UPI,Delivered
O047186,CUST047187,R047186,6/11/2023,1737,Card,Delivered
O047187,CUST047188,R047187,9/20/2022,1118,Card,Delivered
O047188,CUST047189,R047188,4/9/2019,1084,Card,Delivered
O047189,CUST047190,R047189,3/15/2019,1119,Card,Delivered
O047190,CUST047191,R047190,2/28/2025,1955,Card,Delivered
O047191,CUST047192,R047191,6/21/2022,604,Wallet,Delivered
O047192,CUST047193,R047192,12/7/2021,469,COD,Delivered
O047193,CUST047194,R047193,6/23/2025,720,COD,Delivered
O047194,CUST047195,R047194,7/27/2019,991,Card,Delivered
O047195,CUST047196,R047195,2/5/2020,1349,Wallet,Delivered
O047196,CUST047197,R047196,2/5/2021,907,UPI,Delivered
O047197,CUST047198,R047197,6/16/2020,986,COD,Delivered
O047198,CUST047199,R047198,2/27/2021,714,UPI,Cancelled
O047199,CUST047200,R047199,2/12/2019,1781,Wallet,Delivered
O047200,CUST047201,R047200,7/8/2025,1336,UPI,Delivered
O047201,CUST047202,R047201,12/10/2019,1172,UPI,Delivered
O047202,CUST047203,R047202,7/16/2024,1748,Card,Delivered
O047203,CUST047204,R047203,11/15/2025,353,Card,Delivered
O047204,CUST047205,R047204,2/15/2024,219,UPI,Delivered
O047205,CUST047206,R047205,9/17/2023,1987,Card,Cancelled
O047206,CUST047207,R047206,2/17/2020,381,Wallet,Delivered
O047207,CUST047208,R047207,12/27/2025,1794,Card,Delivered
O047208,CUST047209,R047208,10/27/2022,970,COD,Delivered
O047209,CUST047210,R047209,6/27/2024,698,COD,Delivered
O047210,CUST047211,R047210,7/26/2020,646,Card,Delivered
O047211,CUST047212,R047211,2/22/2021,330,COD,Delivered
O047212,CUST047213,R047212,2/8/2021,508,COD,Delivered
O047213,CUST047214,R047213,4/3/2024,1443,Wallet,Delivered
O047214,CUST047215,R047214,12/7/2021,789,COD,Delivered
O047215,CUST047216,R047215,12/26/2022,1408,UPI,Delivered
O047216,CUST047217,R047216,7/9/2020,1346,COD,Cancelled
O047217,CUST047218,R047217,1/17/2021,848,UPI,Delivered
O047218,CUST047219,R047218,5/11/2025,1778,UPI,Delivered
O047219,CUST047220,R047219,9/12/2020,1898,UPI,Delivered
O047220,CUST047221,R047220,1/9/2019,1453,UPI,Delivered
O047221,CUST047222,R047221,12/14/2025,587,Wallet,Delivered
O047222,CUST047223,R047222,2/22/2019,1327,Card,Delivered
O047223,CUST047224,R047223,11/23/2020,514,UPI,Delivered
O047224,CUST047225,R047224,5/17/2023,1645,Wallet,Delivered
O047225,CUST047226,R047225,2/14/2025,1829,Card,Delivered
O047226,CUST047227,R047226,10/22/2021,820,UPI,Delivered
O047227,CUST047228,R047227,4/5/2023,1352,UPI,Delivered
O047228,CUST047229,R047228,6/17/2019,784,Wallet,Delivered
O047229,CUST047230,R047229,12/1/2024,767,COD,Delivered
O047230,CUST047231,R047230,9/25/2023,225,COD,Delivered
O047231,CUST047232,R047231,3/2/2020,1155,Card,Delivered
O047232,CUST047233,R047232,8/5/2024,385,Wallet,Delivered
O047233,CUST047234,R047233,3/28/2025,1321,Wallet,Delivered
O047234,CUST047235,R047234,1/6/2022,1020,COD,Delivered
O047235,CUST047236,R047235,10/27/2020,703,UPI,Delivered
O047236,CUST047237,R047236,5/14/2024,304,Card,Delivered
O047237,CUST047238,R047237,1/15/2022,372,Wallet,Delivered
O047238,CUST047239,R047238,5/9/2020,1620,UPI,Cancelled
O047239,CUST047240,R047239,5/17/2021,1492,UPI,Delivered
O047240,CUST047241,R047240,10/15/2023,973,UPI,Delivered
O047241,CUST047242,R047241,3/14/2023,400,UPI,Delivered
O047242,CUST047243,R047242,8/23/2019,1396,UPI,Delivered
O047243,CUST047244,R047243,4/20/2023,312,COD,Delivered
O047244,CUST047245,R047244,11/24/2022,1826,Card,Delivered
O047245,CUST047246,R047245,2/14/2021,176,COD,Delivered
O047246,CUST047247,R047246,11/22/2019,938,UPI,Delivered
O047247,CUST047248,R047247,1/2/2019,113,Card,Delivered
O047248,CUST047249,R047248,1/22/2021,362,Wallet,Delivered
O047249,CUST047250,R047249,9/8/2021,932,COD,Delivered
O047250,CUST047251,R047250,12/27/2023,1890,COD,Delivered
O047251,CUST047252,R047251,5/4/2020,1237,COD,Delivered
O047252,CUST047253,R047252,11/3/2022,1108,UPI,Delivered
O047253,CUST047254,R047253,9/10/2020,1124,Wallet,Cancelled
O047254,CUST047255,R047254,10/8/2025,1204,Wallet,Delivered
O047255,CUST047256,R047255,5/4/2024,1012,Wallet,Delivered
O047256,CUST047257,R047256,12/14/2025,1998,UPI,Delivered
O047257,CUST047258,R047257,8/6/2024,1442,Card,Delivered
O047258,CUST047259,R047258,5/9/2022,264,COD,Delivered
O047259,CUST047260,R047259,4/19/2019,1994,Card,Cancelled
O047260,CUST047261,R047260,3/18/2022,156,UPI,Delivered
O047261,CUST047262,R047261,1/26/2020,407,Card,Delivered
O047262,CUST047263,R047262,6/24/2024,1021,COD,Delivered
O047263,CUST047264,R047263,8/27/2019,568,COD,Delivered
O047264,CUST047265,R047264,9/4/2025,391,COD,Delivered
O047265,CUST047266,R047265,9/19/2020,629,UPI,Delivered
O047266,CUST047267,R047266,2/10/2025,1169,Card,Delivered
O047267,CUST047268,R047267,11/24/2019,1292,Wallet,Delivered
O047268,CUST047269,R047268,2/8/2022,1055,Wallet,Delivered
O047269,CUST047270,R047269,12/15/2025,1153,UPI,Delivered
O047270,CUST047271,R047270,4/6/2022,1487,UPI,Delivered
O047271,CUST047272,R047271,2/10/2025,1782,UPI,Cancelled
O047272,CUST047273,R047272,1/7/2023,1659,Card,Delivered
O047273,CUST047274,R047273,7/12/2019,264,UPI,Cancelled
O047274,CUST047275,R047274,9/20/2022,1210,Card,Delivered
O047275,CUST047276,R047275,6/19/2024,637,Card,Delivered
O047276,CUST047277,R047276,11/22/2020,358,Wallet,Delivered
O047277,CUST047278,R047277,11/14/2021,1952,Card,Delivered
O047278,CUST047279,R047278,5/13/2022,246,COD,Delivered
O047279,CUST047280,R047279,6/7/2025,1797,COD,Delivered
O047280,CUST047281,R047280,2/26/2022,907,Wallet,Delivered
O047281,CUST047282,R047281,1/3/2019,715,UPI,Delivered
O047282,CUST047283,R047282,6/24/2025,814,UPI,Delivered
O047283,CUST047284,R047283,4/1/2022,1008,Card,Delivered
O047284,CUST047285,R047284,9/4/2020,508,Wallet,Delivered
O047285,CUST047286,R047285,5/2/2019,1449,UPI,Delivered
O047286,CUST047287,R047286,11/7/2021,1825,Card,Delivered
O047287,CUST047288,R047287,6/1/2020,826,UPI,Delivered
O047288,CUST047289,R047288,12/5/2019,248,Wallet,Delivered
O047289,CUST047290,R047289,3/17/2024,987,UPI,Delivered
O047290,CUST047291,R047290,6/18/2024,1569,Card,Delivered
O047291,CUST047292,R047291,12/8/2022,1807,COD,Cancelled
O047292,CUST047293,R047292,12/16/2025,1587,UPI,Delivered
O047293,CUST047294,R047293,1/20/2024,587,Wallet,Delivered
O047294,CUST047295,R047294,1/19/2024,1091,Wallet,Delivered
O047295,CUST047296,R047295,5/13/2022,1903,COD,Delivered
O047296,CUST047297,R047296,3/17/2021,239,UPI,Delivered
O047297,CUST047298,R047297,8/10/2019,1598,Card,Delivered
O047298,CUST047299,R047298,4/18/2025,639,Card,Delivered
O047299,CUST047300,R047299,7/26/2025,125,UPI,Delivered
O047300,CUST047301,R047300,6/24/2025,1959,Wallet,Delivered
O047301,CUST047302,R047301,8/22/2019,492,Card,Delivered
O047302,CUST047303,R047302,12/20/2021,176,COD,Delivered
O047303,CUST047304,R047303,10/6/2020,1423,Card,Delivered
O047304,CUST047305,R047304,11/24/2021,111,COD,Delivered
O047305,CUST047306,R047305,2/5/2019,820,Wallet,Delivered
O047306,CUST047307,R047306,10/1/2022,1216,COD,Delivered
O047307,CUST047308,R047307,10/28/2023,707,COD,Delivered
O047308,CUST047309,R047308,5/10/2024,1519,Wallet,Delivered
O047309,CUST047310,R047309,8/12/2019,868,Wallet,Delivered
O047310,CUST047311,R047310,5/12/2021,1259,UPI,Delivered
O047311,CUST047312,R047311,4/12/2025,1267,UPI,Delivered
O047312,CUST047313,R047312,12/7/2025,1816,UPI,Delivered
O047313,CUST047314,R047313,10/18/2022,165,UPI,Delivered
O047314,CUST047315,R047314,11/17/2021,1487,UPI,Delivered
O047315,CUST047316,R047315,5/17/2021,1737,COD,Delivered
O047316,CUST047317,R047316,6/1/2022,150,UPI,Delivered
O047317,CUST047318,R047317,6/8/2023,1629,Card,Delivered
O047318,CUST047319,R047318,10/28/2021,437,Card,Delivered
O047319,CUST047320,R047319,5/24/2022,876,Wallet,Delivered
O047320,CUST047321,R047320,12/1/2025,361,COD,Delivered
O047321,CUST047322,R047321,9/4/2021,421,COD,Delivered
O047322,CUST047323,R047322,1/21/2019,485,COD,Delivered
O047323,CUST047324,R047323,5/7/2021,1477,COD,Delivered
O047324,CUST047325,R047324,5/22/2025,926,Wallet,Delivered
O047325,CUST047326,R047325,11/2/2020,1432,Wallet,Delivered
O047326,CUST047327,R047326,11/15/2024,794,UPI,Delivered
O047327,CUST047328,R047327,8/26/2019,1531,Wallet,Cancelled
O047328,CUST047329,R047328,8/12/2023,1780,UPI,Delivered
O047329,CUST047330,R047329,11/17/2020,238,COD,Delivered
O047330,CUST047331,R047330,4/16/2021,1848,Card,Delivered
O047331,CUST047332,R047331,6/28/2023,1493,Card,Delivered
O047332,CUST047333,R047332,7/11/2025,396,Wallet,Delivered
O047333,CUST047334,R047333,8/3/2025,897,UPI,Delivered
O047334,CUST047335,R047334,11/20/2024,509,Wallet,Delivered
O047335,CUST047336,R047335,2/24/2022,529,COD,Delivered
O047336,CUST047337,R047336,9/7/2019,637,COD,Delivered
O047337,CUST047338,R047337,3/15/2025,970,Wallet,Delivered
O047338,CUST047339,R047338,11/3/2025,1521,Card,Delivered
O047339,CUST047340,R047339,4/3/2025,1013,UPI,Delivered
O047340,CUST047341,R047340,6/5/2024,1146,Wallet,Delivered
O047341,CUST047342,R047341,1/12/2025,682,Wallet,Delivered
O047342,CUST047343,R047342,7/11/2022,1756,Card,Delivered
O047343,CUST047344,R047343,11/11/2021,1999,COD,Delivered
O047344,CUST047345,R047344,5/12/2024,1108,UPI,Delivered
O047345,CUST047346,R047345,11/5/2022,1914,Card,Delivered
O047346,CUST047347,R047346,8/28/2020,1525,Wallet,Delivered
O047347,CUST047348,R047347,6/15/2024,125,COD,Delivered
O047348,CUST047349,R047348,5/19/2024,188,Wallet,Delivered
O047349,CUST047350,R047349,11/16/2021,253,COD,Cancelled
O047350,CUST047351,R047350,6/17/2020,1965,Card,Delivered
O047351,CUST047352,R047351,10/25/2025,248,Card,Delivered
O047352,CUST047353,R047352,7/26/2020,667,Wallet,Delivered
O047353,CUST047354,R047353,2/2/2021,1298,UPI,Delivered
O047354,CUST047355,R047354,7/21/2025,299,Wallet,Delivered
O047355,CUST047356,R047355,5/26/2022,1372,COD,Delivered
O047356,CUST047357,R047356,7/5/2023,726,COD,Delivered
O047357,CUST047358,R047357,11/7/2019,768,Wallet,Delivered
O047358,CUST047359,R047358,7/28/2024,1531,Wallet,Delivered
O047359,CUST047360,R047359,6/9/2025,1316,Wallet,Delivered
O047360,CUST047361,R047360,8/16/2019,1642,COD,Delivered
O047361,CUST047362,R047361,9/13/2021,991,Card,Delivered
O047362,CUST047363,R047362,2/11/2023,1009,UPI,Delivered
O047363,CUST047364,R047363,5/11/2020,948,COD,Delivered
O047364,CUST047365,R047364,3/25/2022,959,COD,Delivered
O047365,CUST047366,R047365,6/8/2021,1378,Wallet,Delivered
O047366,CUST047367,R047366,12/13/2020,1121,Card,Delivered
O047367,CUST047368,R047367,8/5/2022,1054,UPI,Cancelled
O047368,CUST047369,R047368,7/8/2021,1565,UPI,Delivered
O047369,CUST047370,R047369,3/3/2022,1437,UPI,Cancelled
O047370,CUST047371,R047370,7/25/2025,1655,Wallet,Delivered
O047371,CUST047372,R047371,8/11/2021,1397,UPI,Cancelled
O047372,CUST047373,R047372,8/19/2024,170,Card,Delivered
O047373,CUST047374,R047373,10/19/2021,1465,Card,Delivered
O047374,CUST047375,R047374,9/11/2025,1703,UPI,Delivered
O047375,CUST047376,R047375,12/25/2020,625,Card,Delivered
O047376,CUST047377,R047376,3/22/2019,1619,UPI,Delivered
O047377,CUST047378,R047377,7/20/2019,750,Card,Delivered
O047378,CUST047379,R047378,2/3/2023,106,Wallet,Delivered
O047379,CUST047380,R047379,9/22/2025,912,COD,Delivered
O047380,CUST047381,R047380,9/5/2023,670,Card,Cancelled
O047381,CUST047382,R047381,6/3/2025,336,Wallet,Delivered
O047382,CUST047383,R047382,4/27/2024,1054,UPI,Delivered
O047383,CUST047384,R047383,7/19/2025,382,Wallet,Delivered
O047384,CUST047385,R047384,7/23/2021,1007,Wallet,Delivered
O047385,CUST047386,R047385,7/14/2020,1687,COD,Delivered
O047386,CUST047387,R047386,1/14/2023,1616,UPI,Delivered
O047387,CUST047388,R047387,9/5/2025,1320,UPI,Delivered
O047388,CUST047389,R047388,8/19/2022,1427,Card,Delivered
O047389,CUST047390,R047389,11/3/2019,1235,Card,Cancelled
O047390,CUST047391,R047390,4/22/2021,411,Wallet,Delivered
O047391,CUST047392,R047391,12/17/2022,1667,COD,Delivered
O047392,CUST047393,R047392,5/16/2020,527,Card,Delivered
O047393,CUST047394,R047393,6/2/2020,1298,Card,Delivered
O047394,CUST047395,R047394,12/12/2025,1854,Card,Delivered
O047395,CUST047396,R047395,11/22/2024,714,COD,Delivered
O047396,CUST047397,R047396,1/28/2025,489,Wallet,Delivered
O047397,CUST047398,R047397,11/17/2025,1226,Wallet,Delivered
O047398,CUST047399,R047398,12/15/2025,843,Wallet,Delivered
O047399,CUST047400,R047399,7/2/2024,1137,Card,Cancelled
O047400,CUST047401,R047400,3/14/2023,1412,COD,Delivered
O047401,CUST047402,R047401,6/6/2020,1471,Card,Delivered
O047402,CUST047403,R047402,8/7/2024,1280,Card,Delivered
O047403,CUST047404,R047403,12/22/2024,1467,Wallet,Delivered
O047404,CUST047405,R047404,9/6/2025,1711,COD,Cancelled
O047405,CUST047406,R047405,6/18/2021,615,UPI,Delivered
O047406,CUST047407,R047406,8/18/2023,108,Card,Delivered
O047407,CUST047408,R047407,8/13/2021,1898,Card,Delivered
O047408,CUST047409,R047408,3/23/2022,1944,Card,Cancelled
O047409,CUST047410,R047409,8/2/2025,577,Wallet,Delivered
O047410,CUST047411,R047410,9/25/2023,886,Card,Delivered
O047411,CUST047412,R047411,2/27/2024,459,COD,Delivered
O047412,CUST047413,R047412,3/24/2019,753,Wallet,Delivered
O047413,CUST047414,R047413,11/11/2020,139,Card,Cancelled
O047414,CUST047415,R047414,9/1/2022,1132,UPI,Delivered
O047415,CUST047416,R047415,8/1/2024,1071,COD,Delivered
O047416,CUST047417,R047416,6/4/2024,1504,COD,Delivered
O047417,CUST047418,R047417,1/28/2022,804,Wallet,Delivered
O047418,CUST047419,R047418,2/12/2023,1244,Wallet,Delivered
O047419,CUST047420,R047419,3/13/2023,1669,Card,Cancelled
O047420,CUST047421,R047420,6/20/2025,1514,Wallet,Delivered
O047421,CUST047422,R047421,11/4/2022,1560,Card,Delivered
O047422,CUST047423,R047422,2/16/2019,194,UPI,Cancelled
O047423,CUST047424,R047423,4/20/2023,1515,UPI,Delivered
O047424,CUST047425,R047424,10/21/2025,119,Card,Cancelled
O047425,CUST047426,R047425,7/18/2023,370,Card,Delivered
O047426,CUST047427,R047426,5/20/2020,422,UPI,Cancelled
O047427,CUST047428,R047427,9/24/2022,748,COD,Delivered
O047428,CUST047429,R047428,11/24/2019,1742,Card,Delivered
O047429,CUST047430,R047429,3/1/2021,1164,Wallet,Delivered
O047430,CUST047431,R047430,3/2/2024,421,Card,Delivered
O047431,CUST047432,R047431,4/24/2021,433,Card,Delivered
O047432,CUST047433,R047432,11/7/2025,862,COD,Delivered
O047433,CUST047434,R047433,9/9/2019,1758,Card,Delivered
O047434,CUST047435,R047434,11/20/2021,750,Wallet,Delivered
O047435,CUST047436,R047435,6/4/2023,761,Wallet,Delivered
O047436,CUST047437,R047436,1/23/2020,1194,Wallet,Delivered
O047437,CUST047438,R047437,6/10/2021,1383,Card,Delivered
O047438,CUST047439,R047438,1/7/2022,614,Wallet,Delivered
O047439,CUST047440,R047439,8/8/2024,1512,UPI,Delivered
O047440,CUST047441,R047440,1/11/2021,948,UPI,Cancelled
O047441,CUST047442,R047441,5/27/2025,931,UPI,Delivered
O047442,CUST047443,R047442,9/17/2020,353,Wallet,Delivered
O047443,CUST047444,R047443,6/18/2021,665,UPI,Delivered
O047444,CUST047445,R047444,3/12/2020,223,UPI,Delivered
O047445,CUST047446,R047445,6/23/2019,1490,Card,Delivered
O047446,CUST047447,R047446,2/18/2019,140,UPI,Delivered
O047447,CUST047448,R047447,6/15/2021,410,UPI,Delivered
O047448,CUST047449,R047448,2/27/2025,1426,COD,Delivered
O047449,CUST047450,R047449,10/20/2024,810,Wallet,Delivered
O047450,CUST047451,R047450,8/11/2023,111,Card,Delivered
O047451,CUST047452,R047451,4/19/2020,231,COD,Delivered
O047452,CUST047453,R047452,11/3/2019,1171,Card,Cancelled
O047453,CUST047454,R047453,12/6/2023,1943,Wallet,Delivered
O047454,CUST047455,R047454,12/21/2020,548,Wallet,Delivered
O047455,CUST047456,R047455,9/12/2020,1156,COD,Delivered
O047456,CUST047457,R047456,7/28/2021,708,Wallet,Delivered
O047457,CUST047458,R047457,3/7/2024,1784,COD,Delivered
O047458,CUST047459,R047458,12/10/2020,1107,UPI,Delivered
O047459,CUST047460,R047459,2/12/2019,1657,Card,Delivered
O047460,CUST047461,R047460,12/19/2022,1037,Wallet,Delivered
O047461,CUST047462,R047461,11/9/2020,1043,UPI,Delivered
O047462,CUST047463,R047462,6/14/2019,471,UPI,Delivered
O047463,CUST047464,R047463,5/21/2021,1628,UPI,Delivered
O047464,CUST047465,R047464,11/13/2022,1927,COD,Delivered
O047465,CUST047466,R047465,3/25/2023,1799,Card,Delivered
O047466,CUST047467,R047466,1/16/2023,621,Wallet,Delivered
O047467,CUST047468,R047467,5/18/2020,592,Card,Delivered
O047468,CUST047469,R047468,11/27/2023,1200,Wallet,Delivered
O047469,CUST047470,R047469,5/3/2023,752,UPI,Delivered
O047470,CUST047471,R047470,1/15/2022,939,COD,Delivered
O047471,CUST047472,R047471,1/26/2022,1195,UPI,Cancelled
O047472,CUST047473,R047472,6/13/2023,1701,Wallet,Delivered
O047473,CUST047474,R047473,10/6/2021,1256,UPI,Delivered
O047474,CUST047475,R047474,3/9/2025,1088,UPI,Delivered
O047475,CUST047476,R047475,9/16/2022,1701,UPI,Delivered
O047476,CUST047477,R047476,5/22/2019,305,UPI,Delivered
O047477,CUST047478,R047477,12/14/2022,1971,UPI,Delivered
O047478,CUST047479,R047478,10/15/2019,1844,Card,Cancelled
O047479,CUST047480,R047479,9/16/2019,238,COD,Delivered
O047480,CUST047481,R047480,10/27/2025,1258,Card,Delivered
O047481,CUST047482,R047481,3/22/2020,860,COD,Delivered
O047482,CUST047483,R047482,1/25/2025,544,Card,Delivered
O047483,CUST047484,R047483,11/24/2020,556,Card,Cancelled
O047484,CUST047485,R047484,9/20/2024,288,COD,Delivered
O047485,CUST047486,R047485,12/8/2019,472,COD,Delivered
O047486,CUST047487,R047486,6/1/2022,1364,Wallet,Delivered
O047487,CUST047488,R047487,7/6/2025,704,Card,Delivered
O047488,CUST047489,R047488,3/25/2022,1317,UPI,Delivered
O047489,CUST047490,R047489,7/9/2023,1823,COD,Cancelled
O047490,CUST047491,R047490,9/16/2024,743,Wallet,Delivered
O047491,CUST047492,R047491,10/10/2019,1635,UPI,Delivered
O047492,CUST047493,R047492,5/11/2021,1754,Wallet,Delivered
O047493,CUST047494,R047493,12/8/2020,1049,UPI,Delivered
O047494,CUST047495,R047494,6/17/2022,477,Wallet,Delivered
O047495,CUST047496,R047495,8/20/2025,1216,Card,Delivered
O047496,CUST047497,R047496,11/21/2022,604,Card,Cancelled
O047497,CUST047498,R047497,1/15/2020,1805,UPI,Delivered
O047498,CUST047499,R047498,11/20/2019,1990,Card,Delivered
O047499,CUST047500,R047499,1/24/2022,1024,UPI,Delivered
O047500,CUST047501,R047500,8/7/2019,1375,UPI,Delivered
O047501,CUST047502,R047501,12/19/2020,693,Wallet,Delivered
O047502,CUST047503,R047502,1/27/2020,677,Card,Delivered
O047503,CUST047504,R047503,5/22/2024,120,COD,Delivered
O047504,CUST047505,R047504,11/1/2023,1054,Card,Delivered
O047505,CUST047506,R047505,12/4/2020,242,COD,Delivered
O047506,CUST047507,R047506,6/27/2024,917,Wallet,Delivered
O047507,CUST047508,R047507,2/28/2023,865,COD,Delivered
O047508,CUST047509,R047508,12/26/2020,592,UPI,Delivered
O047509,CUST047510,R047509,9/12/2021,1925,Card,Delivered
O047510,CUST047511,R047510,2/13/2025,293,COD,Delivered
O047511,CUST047512,R047511,9/11/2021,1541,UPI,Delivered
O047512,CUST047513,R047512,7/14/2019,1406,UPI,Delivered
O047513,CUST047514,R047513,3/13/2024,926,Wallet,Delivered
O047514,CUST047515,R047514,1/10/2024,354,UPI,Delivered
O047515,CUST047516,R047515,1/22/2019,1305,Wallet,Delivered
O047516,CUST047517,R047516,5/19/2019,226,Card,Delivered
O047517,CUST047518,R047517,10/24/2025,1683,UPI,Delivered
O047518,CUST047519,R047518,1/14/2020,1803,Card,Delivered
O047519,CUST047520,R047519,6/21/2024,577,UPI,Delivered
O047520,CUST047521,R047520,5/1/2025,1859,Card,Delivered
O047521,CUST047522,R047521,4/20/2024,208,Wallet,Delivered
O047522,CUST047523,R047522,4/7/2023,828,COD,Delivered
O047523,CUST047524,R047523,6/23/2023,1854,COD,Delivered
O047524,CUST047525,R047524,5/5/2023,1156,Card,Delivered
O047525,CUST047526,R047525,9/1/2023,1023,Wallet,Cancelled
O047526,CUST047527,R047526,11/8/2025,1034,Wallet,Cancelled
O047527,CUST047528,R047527,6/7/2024,982,Wallet,Delivered
O047528,CUST047529,R047528,2/4/2020,970,Wallet,Delivered
O047529,CUST047530,R047529,9/13/2023,1918,Wallet,Delivered
O047530,CUST047531,R047530,4/5/2025,1300,Wallet,Delivered
O047531,CUST047532,R047531,12/8/2020,1594,UPI,Delivered
O047532,CUST047533,R047532,9/16/2019,1205,UPI,Cancelled
O047533,CUST047534,R047533,7/11/2022,1519,Card,Delivered
O047534,CUST047535,R047534,5/17/2019,1726,Card,Delivered
O047535,CUST047536,R047535,2/16/2021,872,COD,Delivered
O047536,CUST047537,R047536,7/19/2025,679,COD,Delivered
O047537,CUST047538,R047537,12/6/2023,355,COD,Delivered
O047538,CUST047539,R047538,11/17/2019,1111,UPI,Delivered
O047539,CUST047540,R047539,7/8/2021,1079,Card,Delivered
O047540,CUST047541,R047540,8/23/2021,1200,Wallet,Delivered
O047541,CUST047542,R047541,2/4/2020,1014,Wallet,Delivered
O047542,CUST047543,R047542,9/14/2021,1118,UPI,Delivered
O047543,CUST047544,R047543,4/5/2021,1344,UPI,Delivered
O047544,CUST047545,R047544,5/9/2025,1632,Wallet,Delivered
O047545,CUST047546,R047545,12/6/2024,1249,UPI,Delivered
O047546,CUST047547,R047546,11/12/2020,154,UPI,Cancelled
O047547,CUST047548,R047547,8/18/2022,925,UPI,Delivered
O047548,CUST047549,R047548,6/17/2019,488,Card,Delivered
O047549,CUST047550,R047549,2/20/2023,470,Wallet,Delivered
O047550,CUST047551,R047550,6/16/2023,1873,Card,Delivered
O047551,CUST047552,R047551,6/12/2019,204,Card,Delivered
O047552,CUST047553,R047552,8/5/2023,1750,Card,Delivered
O047553,CUST047554,R047553,5/24/2024,817,Wallet,Delivered
O047554,CUST047555,R047554,2/1/2021,631,UPI,Delivered
O047555,CUST047556,R047555,6/24/2019,734,Wallet,Delivered
O047556,CUST047557,R047556,7/28/2023,1494,Card,Delivered
O047557,CUST047558,R047557,9/3/2022,403,COD,Delivered
O047558,CUST047559,R047558,8/1/2019,1040,UPI,Delivered
O047559,CUST047560,R047559,11/6/2020,1671,Card,Delivered
O047560,CUST047561,R047560,1/28/2022,720,UPI,Delivered
O047561,CUST047562,R047561,5/12/2023,148,Wallet,Delivered
O047562,CUST047563,R047562,10/14/2025,1099,Wallet,Delivered
O047563,CUST047564,R047563,5/20/2023,1489,UPI,Delivered
O047564,CUST047565,R047564,2/6/2021,1721,Wallet,Delivered
O047565,CUST047566,R047565,10/15/2020,1366,Card,Delivered
O047566,CUST047567,R047566,8/19/2019,969,UPI,Delivered
O047567,CUST047568,R047567,2/24/2021,1434,Wallet,Delivered
O047568,CUST047569,R047568,2/18/2021,350,COD,Delivered
O047569,CUST047570,R047569,11/22/2020,587,Wallet,Cancelled
O047570,CUST047571,R047570,9/13/2022,1493,UPI,Delivered
O047571,CUST047572,R047571,8/23/2019,272,UPI,Delivered
O047572,CUST047573,R047572,3/25/2019,1871,UPI,Delivered
O047573,CUST047574,R047573,3/23/2023,1810,COD,Delivered
O047574,CUST047575,R047574,3/20/2021,349,Card,Cancelled
O047575,CUST047576,R047575,6/18/2020,331,COD,Delivered
O047576,CUST047577,R047576,4/8/2022,1143,Card,Delivered
O047577,CUST047578,R047577,9/22/2022,1922,Card,Delivered
O047578,CUST047579,R047578,10/3/2019,730,Wallet,Delivered
O047579,CUST047580,R047579,11/7/2023,1169,Wallet,Delivered
O047580,CUST047581,R047580,7/27/2025,665,COD,Delivered
O047581,CUST047582,R047581,9/9/2020,1439,Wallet,Delivered
O047582,CUST047583,R047582,11/10/2019,789,COD,Delivered
O047583,CUST047584,R047583,12/11/2019,1110,UPI,Delivered
O047584,CUST047585,R047584,2/12/2024,900,UPI,Delivered
O047585,CUST047586,R047585,12/7/2021,1531,Wallet,Delivered
O047586,CUST047587,R047586,11/17/2025,1918,UPI,Delivered
O047587,CUST047588,R047587,3/14/2021,1343,UPI,Delivered
O047588,CUST047589,R047588,2/12/2022,1848,Card,Delivered
O047589,CUST047590,R047589,3/3/2019,1945,UPI,Delivered
O047590,CUST047591,R047590,8/6/2022,1582,Card,Delivered
O047591,CUST047592,R047591,9/25/2019,346,Card,Delivered
O047592,CUST047593,R047592,5/21/2024,790,Wallet,Delivered
O047593,CUST047594,R047593,11/24/2019,281,Card,Delivered
O047594,CUST047595,R047594,12/4/2022,211,COD,Delivered
O047595,CUST047596,R047595,8/20/2024,405,COD,Delivered
O047596,CUST047597,R047596,8/5/2021,1391,Card,Delivered
O047597,CUST047598,R047597,9/21/2021,516,Wallet,Delivered
O047598,CUST047599,R047598,8/1/2023,1322,Wallet,Cancelled
O047599,CUST047600,R047599,6/12/2025,689,Wallet,Delivered
O047600,CUST047601,R047600,8/24/2021,959,Wallet,Delivered
O047601,CUST047602,R047601,11/9/2019,1464,Wallet,Delivered
O047602,CUST047603,R047602,9/12/2019,1563,Card,Cancelled
O047603,CUST047604,R047603,9/8/2022,1199,Card,Delivered
O047604,CUST047605,R047604,12/20/2021,1017,Card,Cancelled
O047605,CUST047606,R047605,7/3/2019,311,Wallet,Delivered
O047606,CUST047607,R047606,4/25/2024,818,UPI,Delivered
O047607,CUST047608,R047607,6/19/2023,429,COD,Delivered
O047608,CUST047609,R047608,8/21/2022,487,COD,Delivered
O047609,CUST047610,R047609,8/6/2021,590,Card,Delivered
O047610,CUST047611,R047610,12/14/2019,561,Wallet,Delivered
O047611,CUST047612,R047611,4/2/2019,1366,Card,Delivered
O047612,CUST047613,R047612,1/2/2021,732,UPI,Delivered
O047613,CUST047614,R047613,5/4/2020,1046,COD,Delivered
O047614,CUST047615,R047614,3/10/2023,794,Wallet,Delivered
O047615,CUST047616,R047615,5/13/2022,1607,Card,Delivered
O047616,CUST047617,R047616,1/9/2020,1844,COD,Delivered
O047617,CUST047618,R047617,10/8/2019,1061,UPI,Delivered
O047618,CUST047619,R047618,6/4/2024,1873,UPI,Delivered
O047619,CUST047620,R047619,8/22/2024,1446,Wallet,Delivered
O047620,CUST047621,R047620,2/13/2025,1946,COD,Delivered
O047621,CUST047622,R047621,4/18/2019,103,Wallet,Delivered
O047622,CUST047623,R047622,9/16/2021,207,COD,Cancelled
O047623,CUST047624,R047623,1/16/2019,221,UPI,Delivered
O047624,CUST047625,R047624,12/24/2021,1999,UPI,Delivered
O047625,CUST047626,R047625,5/25/2025,523,Wallet,Delivered
O047626,CUST047627,R047626,1/26/2022,1155,UPI,Cancelled
O047627,CUST047628,R047627,8/20/2022,454,COD,Cancelled
O047628,CUST047629,R047628,11/27/2023,1266,COD,Delivered
O047629,CUST047630,R047629,10/3/2025,571,COD,Delivered
O047630,CUST047631,R047630,11/5/2021,678,Wallet,Delivered
O047631,CUST047632,R047631,6/26/2024,1489,Wallet,Delivered
O047632,CUST047633,R047632,9/3/2024,1105,Wallet,Delivered
O047633,CUST047634,R047633,11/14/2021,1562,Wallet,Delivered
O047634,CUST047635,R047634,12/12/2021,906,COD,Delivered
O047635,CUST047636,R047635,9/10/2021,1724,Card,Delivered
O047636,CUST047637,R047636,9/10/2021,1706,UPI,Delivered
O047637,CUST047638,R047637,9/6/2023,1659,UPI,Delivered
O047638,CUST047639,R047638,1/19/2020,140,Wallet,Delivered
O047639,CUST047640,R047639,5/23/2022,977,Card,Delivered
O047640,CUST047641,R047640,4/14/2024,1160,UPI,Delivered
O047641,CUST047642,R047641,5/10/2024,1089,UPI,Delivered
O047642,CUST047643,R047642,5/1/2022,1327,UPI,Cancelled
O047643,CUST047644,R047643,11/22/2025,1565,Wallet,Cancelled
O047644,CUST047645,R047644,8/9/2023,1311,UPI,Delivered
O047645,CUST047646,R047645,2/14/2023,1991,Card,Delivered
O047646,CUST047647,R047646,9/25/2020,1429,Card,Delivered
O047647,CUST047648,R047647,4/10/2023,1662,UPI,Cancelled
O047648,CUST047649,R047648,3/23/2020,534,Card,Delivered
O047649,CUST047650,R047649,7/21/2022,1528,UPI,Delivered
O047650,CUST047651,R047650,3/19/2022,471,Card,Delivered
O047651,CUST047652,R047651,2/2/2023,1907,COD,Delivered
O047652,CUST047653,R047652,5/21/2019,767,COD,Delivered
O047653,CUST047654,R047653,8/4/2025,776,Card,Delivered
O047654,CUST047655,R047654,12/5/2019,182,Wallet,Delivered
O047655,CUST047656,R047655,5/23/2022,944,Wallet,Cancelled
O047656,CUST047657,R047656,2/17/2020,340,COD,Delivered
O047657,CUST047658,R047657,3/20/2025,927,Wallet,Delivered
O047658,CUST047659,R047658,10/8/2025,1608,COD,Delivered
O047659,CUST047660,R047659,7/12/2020,1537,UPI,Delivered
O047660,CUST047661,R047660,7/5/2025,1277,Wallet,Cancelled
O047661,CUST047662,R047661,8/18/2025,1206,UPI,Delivered
O047662,CUST047663,R047662,1/2/2022,1146,UPI,Cancelled
O047663,CUST047664,R047663,9/20/2022,262,COD,Delivered
O047664,CUST047665,R047664,8/11/2024,1523,COD,Delivered
O047665,CUST047666,R047665,5/16/2023,427,Card,Delivered
O047666,CUST047667,R047666,9/1/2019,1449,Card,Delivered
O047667,CUST047668,R047667,10/14/2024,1700,Card,Delivered
O047668,CUST047669,R047668,6/20/2024,559,Card,Delivered
O047669,CUST047670,R047669,4/27/2022,384,COD,Delivered
O047670,CUST047671,R047670,6/15/2020,588,Wallet,Delivered
O047671,CUST047672,R047671,10/3/2025,336,COD,Delivered
O047672,CUST047673,R047672,12/21/2020,624,Card,Delivered
O047673,CUST047674,R047673,4/5/2021,894,COD,Delivered
O047674,CUST047675,R047674,1/27/2025,1425,UPI,Delivered
O047675,CUST047676,R047675,8/25/2022,1233,UPI,Delivered
O047676,CUST047677,R047676,2/21/2020,1317,Wallet,Delivered
O047677,CUST047678,R047677,1/4/2021,1567,COD,Cancelled
O047678,CUST047679,R047678,9/16/2021,472,UPI,Delivered
O047679,CUST047680,R047679,10/17/2021,1984,Card,Delivered
O047680,CUST047681,R047680,2/15/2022,1787,Card,Delivered
O047681,CUST047682,R047681,6/21/2024,1790,Card,Delivered
O047682,CUST047683,R047682,8/27/2020,429,Wallet,Delivered
O047683,CUST047684,R047683,8/23/2023,807,Card,Delivered
O047684,CUST047685,R047684,7/19/2021,423,COD,Delivered
O047685,CUST047686,R047685,1/22/2020,712,Wallet,Delivered
O047686,CUST047687,R047686,1/8/2019,1950,Card,Delivered
O047687,CUST047688,R047687,9/28/2021,1042,Wallet,Delivered
O047688,CUST047689,R047688,4/28/2020,854,COD,Delivered
O047689,CUST047690,R047689,11/3/2022,1468,COD,Delivered
O047690,CUST047691,R047690,9/27/2023,661,Wallet,Delivered
O047691,CUST047692,R047691,9/11/2020,1100,Wallet,Delivered
O047692,CUST047693,R047692,6/11/2023,1774,Card,Delivered
O047693,CUST047694,R047693,1/17/2021,1403,COD,Delivered
O047694,CUST047695,R047694,7/3/2024,1450,UPI,Delivered
O047695,CUST047696,R047695,6/14/2020,1946,UPI,Delivered
O047696,CUST047697,R047696,4/18/2025,1434,UPI,Delivered
O047697,CUST047698,R047697,4/16/2025,1940,Card,Delivered
O047698,CUST047699,R047698,4/17/2022,329,Card,Delivered
O047699,CUST047700,R047699,11/18/2024,201,UPI,Delivered
O047700,CUST047701,R047700,5/22/2023,657,Card,Delivered
O047701,CUST047702,R047701,8/23/2024,1657,Card,Delivered
O047702,CUST047703,R047702,6/25/2024,1085,COD,Delivered
O047703,CUST047704,R047703,10/1/2023,321,COD,Delivered
O047704,CUST047705,R047704,7/23/2021,754,COD,Cancelled
O047705,CUST047706,R047705,10/6/2019,1391,COD,Delivered
O047706,CUST047707,R047706,1/14/2023,131,COD,Delivered
O047707,CUST047708,R047707,6/25/2024,1067,Wallet,Delivered
O047708,CUST047709,R047708,9/9/2021,716,Wallet,Delivered
O047709,CUST047710,R047709,1/27/2025,795,Wallet,Delivered
O047710,CUST047711,R047710,3/4/2024,1304,Card,Delivered
O047711,CUST047712,R047711,7/5/2025,529,Wallet,Delivered
O047712,CUST047713,R047712,5/6/2023,1464,Wallet,Delivered
O047713,CUST047714,R047713,1/17/2023,901,Wallet,Delivered
O047714,CUST047715,R047714,6/26/2021,846,UPI,Delivered
O047715,CUST047716,R047715,3/16/2021,274,Wallet,Delivered
O047716,CUST047717,R047716,10/17/2022,521,Wallet,Delivered
O047717,CUST047718,R047717,10/11/2021,1844,Card,Delivered
O047718,CUST047719,R047718,9/22/2025,1636,Card,Delivered
O047719,CUST047720,R047719,2/17/2025,1886,UPI,Delivered
O047720,CUST047721,R047720,6/13/2023,260,UPI,Delivered
O047721,CUST047722,R047721,5/25/2022,1283,COD,Delivered
O047722,CUST047723,R047722,7/16/2024,456,Wallet,Delivered
O047723,CUST047724,R047723,9/5/2024,1932,Card,Delivered
O047724,CUST047725,R047724,5/17/2019,145,COD,Delivered
O047725,CUST047726,R047725,3/1/2021,1080,Card,Delivered
O047726,CUST047727,R047726,7/4/2025,518,COD,Delivered
O047727,CUST047728,R047727,1/21/2021,506,Wallet,Delivered
O047728,CUST047729,R047728,10/10/2022,1076,COD,Delivered
O047729,CUST047730,R047729,11/26/2024,629,Wallet,Delivered
O047730,CUST047731,R047730,6/6/2023,1635,COD,Delivered
O047731,CUST047732,R047731,2/4/2023,1252,UPI,Delivered
O047732,CUST047733,R047732,5/12/2020,1546,UPI,Delivered
O047733,CUST047734,R047733,9/17/2020,888,Wallet,Cancelled
O047734,CUST047735,R047734,11/6/2022,900,UPI,Cancelled
O047735,CUST047736,R047735,12/13/2024,1973,UPI,Delivered
O047736,CUST047737,R047736,10/15/2024,1586,UPI,Delivered
O047737,CUST047738,R047737,9/11/2022,1706,Card,Delivered
O047738,CUST047739,R047738,10/23/2023,1709,UPI,Delivered
O047739,CUST047740,R047739,5/13/2023,103,COD,Delivered
O047740,CUST047741,R047740,9/15/2022,122,UPI,Delivered
O047741,CUST047742,R047741,2/20/2023,736,Card,Delivered
O047742,CUST047743,R047742,12/23/2019,246,UPI,Delivered
O047743,CUST047744,R047743,12/7/2023,790,COD,Delivered
O047744,CUST047745,R047744,8/18/2025,1295,UPI,Cancelled
O047745,CUST047746,R047745,6/12/2020,1590,Wallet,Delivered
O047746,CUST047747,R047746,6/6/2023,977,UPI,Delivered
O047747,CUST047748,R047747,7/7/2025,944,UPI,Delivered
O047748,CUST047749,R047748,4/13/2022,1302,UPI,Delivered
O047749,CUST047750,R047749,10/16/2024,156,UPI,Delivered
O047750,CUST047751,R047750,9/12/2020,1925,UPI,Cancelled
O047751,CUST047752,R047751,11/11/2025,1797,Card,Delivered
O047752,CUST047753,R047752,9/14/2021,152,COD,Delivered
O047753,CUST047754,R047753,11/28/2025,1178,UPI,Delivered
O047754,CUST047755,R047754,6/21/2021,781,COD,Delivered
O047755,CUST047756,R047755,3/24/2022,333,Card,Delivered
O047756,CUST047757,R047756,2/23/2020,450,COD,Cancelled
O047757,CUST047758,R047757,1/19/2020,389,Card,Delivered
O047758,CUST047759,R047758,2/7/2021,318,COD,Cancelled
O047759,CUST047760,R047759,6/28/2023,1259,Wallet,Delivered
O047760,CUST047761,R047760,10/2/2020,603,Card,Delivered
O047761,CUST047762,R047761,6/23/2024,918,UPI,Delivered
O047762,CUST047763,R047762,4/3/2019,1674,Card,Delivered
O047763,CUST047764,R047763,3/14/2020,652,Wallet,Delivered
O047764,CUST047765,R047764,12/8/2020,1413,UPI,Delivered
O047765,CUST047766,R047765,8/9/2025,1713,Wallet,Cancelled
O047766,CUST047767,R047766,5/9/2025,970,Wallet,Delivered
O047767,CUST047768,R047767,6/15/2021,397,Wallet,Delivered
O047768,CUST047769,R047768,11/19/2024,1130,UPI,Delivered
O047769,CUST047770,R047769,1/18/2023,557,Card,Cancelled
O047770,CUST047771,R047770,4/14/2021,1950,Card,Delivered
O047771,CUST047772,R047771,4/19/2020,1835,Card,Delivered
O047772,CUST047773,R047772,2/22/2025,874,UPI,Delivered
O047773,CUST047774,R047773,8/6/2022,1232,Card,Delivered
O047774,CUST047775,R047774,9/18/2019,579,Wallet,Delivered
O047775,CUST047776,R047775,4/25/2019,445,COD,Delivered
O047776,CUST047777,R047776,9/23/2021,268,COD,Delivered
O047777,CUST047778,R047777,4/2/2023,1203,Card,Delivered
O047778,CUST047779,R047778,4/3/2020,201,COD,Delivered
O047779,CUST047780,R047779,12/4/2025,881,COD,Delivered
O047780,CUST047781,R047780,10/26/2024,785,COD,Delivered
O047781,CUST047782,R047781,11/25/2021,506,Wallet,Delivered
O047782,CUST047783,R047782,12/11/2021,1836,COD,Delivered
O047783,CUST047784,R047783,9/12/2024,438,COD,Delivered
O047784,CUST047785,R047784,5/10/2024,1260,UPI,Delivered
O047785,CUST047786,R047785,4/13/2024,1263,UPI,Cancelled
O047786,CUST047787,R047786,12/12/2025,783,Wallet,Delivered
O047787,CUST047788,R047787,7/8/2021,1856,UPI,Delivered
O047788,CUST047789,R047788,5/16/2023,1199,UPI,Delivered
O047789,CUST047790,R047789,11/15/2021,116,Card,Delivered
O047790,CUST047791,R047790,10/21/2020,1593,UPI,Cancelled
O047791,CUST047792,R047791,5/12/2020,1718,Card,Delivered
O047792,CUST047793,R047792,6/23/2022,497,UPI,Delivered
O047793,CUST047794,R047793,3/28/2021,445,Card,Delivered
O047794,CUST047795,R047794,7/19/2023,167,Wallet,Delivered
O047795,CUST047796,R047795,11/5/2020,737,COD,Delivered
O047796,CUST047797,R047796,2/21/2024,1954,Card,Delivered
O047797,CUST047798,R047797,9/4/2020,1051,Card,Delivered
O047798,CUST047799,R047798,5/23/2024,924,Wallet,Cancelled
O047799,CUST047800,R047799,11/6/2025,891,COD,Cancelled
O047800,CUST047801,R047800,7/5/2023,577,Wallet,Delivered
O047801,CUST047802,R047801,7/26/2025,815,Wallet,Delivered
O047802,CUST047803,R047802,12/11/2023,1634,COD,Delivered
O047803,CUST047804,R047803,3/3/2019,1253,Wallet,Delivered
O047804,CUST047805,R047804,12/6/2022,1508,UPI,Delivered
O047805,CUST047806,R047805,5/18/2024,1125,UPI,Delivered
O047806,CUST047807,R047806,9/9/2021,1440,UPI,Delivered
O047807,CUST047808,R047807,2/14/2023,1684,UPI,Delivered
O047808,CUST047809,R047808,5/15/2021,396,Card,Delivered
O047809,CUST047810,R047809,11/18/2021,161,Card,Delivered
O047810,CUST047811,R047810,5/27/2022,1680,Card,Delivered
O047811,CUST047812,R047811,3/10/2024,540,Wallet,Delivered
O047812,CUST047813,R047812,2/1/2019,550,Card,Delivered
O047813,CUST047814,R047813,9/15/2025,665,Wallet,Delivered
O047814,CUST047815,R047814,11/26/2023,860,Wallet,Delivered
O047815,CUST047816,R047815,8/12/2019,963,UPI,Delivered
O047816,CUST047817,R047816,1/11/2024,1302,Wallet,Delivered
O047817,CUST047818,R047817,8/7/2022,1596,COD,Cancelled
O047818,CUST047819,R047818,11/8/2020,1170,UPI,Delivered
O047819,CUST047820,R047819,5/10/2024,1975,Wallet,Delivered
O047820,CUST047821,R047820,11/17/2021,839,UPI,Delivered
O047821,CUST047822,R047821,6/16/2022,441,COD,Delivered
O047822,CUST047823,R047822,10/19/2019,249,Wallet,Delivered
O047823,CUST047824,R047823,11/14/2024,1724,Card,Delivered
O047824,CUST047825,R047824,7/10/2022,1961,Card,Delivered
O047825,CUST047826,R047825,3/2/2019,1606,Card,Delivered
O047826,CUST047827,R047826,3/23/2023,457,Wallet,Delivered
O047827,CUST047828,R047827,4/23/2023,520,UPI,Delivered
O047828,CUST047829,R047828,1/21/2019,579,Wallet,Delivered
O047829,CUST047830,R047829,3/26/2020,1345,Card,Delivered
O047830,CUST047831,R047830,4/2/2024,324,COD,Delivered
O047831,CUST047832,R047831,6/3/2020,830,UPI,Delivered
O047832,CUST047833,R047832,12/4/2019,1629,Card,Delivered
O047833,CUST047834,R047833,1/26/2023,630,Wallet,Delivered
O047834,CUST047835,R047834,2/10/2024,1959,Wallet,Delivered
O047835,CUST047836,R047835,10/14/2019,1052,Wallet,Delivered
O047836,CUST047837,R047836,8/17/2019,1383,UPI,Delivered
O047837,CUST047838,R047837,6/5/2024,1578,UPI,Delivered
O047838,CUST047839,R047838,1/14/2020,1223,UPI,Delivered
O047839,CUST047840,R047839,3/17/2023,564,UPI,Delivered
O047840,CUST047841,R047840,7/18/2024,1148,Wallet,Delivered
O047841,CUST047842,R047841,1/16/2023,239,COD,Cancelled
O047842,CUST047843,R047842,11/20/2022,439,UPI,Delivered
O047843,CUST047844,R047843,1/11/2022,1841,Card,Cancelled
O047844,CUST047845,R047844,2/25/2022,620,Card,Delivered
O047845,CUST047846,R047845,12/27/2022,356,Card,Delivered
O047846,CUST047847,R047846,2/27/2025,290,COD,Delivered
O047847,CUST047848,R047847,11/25/2024,258,Card,Cancelled
O047848,CUST047849,R047848,4/23/2019,245,COD,Delivered
O047849,CUST047850,R047849,9/7/2019,1063,Card,Delivered
O047850,CUST047851,R047850,1/21/2023,1822,Card,Delivered
O047851,CUST047852,R047851,4/2/2023,586,COD,Delivered
O047852,CUST047853,R047852,2/5/2022,764,Wallet,Delivered
O047853,CUST047854,R047853,5/21/2025,511,COD,Delivered
O047854,CUST047855,R047854,12/4/2022,1329,Wallet,Delivered
O047855,CUST047856,R047855,10/9/2019,683,Wallet,Delivered
O047856,CUST047857,R047856,12/9/2021,1029,UPI,Cancelled
O047857,CUST047858,R047857,10/13/2022,820,UPI,Delivered
O047858,CUST047859,R047858,2/4/2020,1446,Wallet,Delivered
O047859,CUST047860,R047859,12/16/2021,1871,Wallet,Delivered
O047860,CUST047861,R047860,6/14/2022,1818,Card,Cancelled
O047861,CUST047862,R047861,12/11/2019,1763,Card,Delivered
O047862,CUST047863,R047862,5/1/2021,1866,UPI,Delivered
O047863,CUST047864,R047863,10/3/2021,1439,UPI,Delivered
O047864,CUST047865,R047864,7/25/2025,240,UPI,Delivered
O047865,CUST047866,R047865,4/20/2025,424,Wallet,Delivered
O047866,CUST047867,R047866,8/23/2020,128,Card,Delivered
O047867,CUST047868,R047867,4/1/2022,1957,COD,Delivered
O047868,CUST047869,R047868,4/18/2019,299,Card,Delivered
O047869,CUST047870,R047869,6/4/2023,1372,Card,Delivered
O047870,CUST047871,R047870,4/22/2023,437,Wallet,Delivered
O047871,CUST047872,R047871,1/27/2019,1237,COD,Delivered
O047872,CUST047873,R047872,8/10/2023,598,Wallet,Delivered
O047873,CUST047874,R047873,8/23/2025,912,UPI,Delivered
O047874,CUST047875,R047874,3/6/2021,1424,COD,Delivered
O047875,CUST047876,R047875,2/11/2019,1483,UPI,Cancelled
O047876,CUST047877,R047876,5/7/2023,1054,UPI,Delivered
O047877,CUST047878,R047877,11/19/2022,868,Wallet,Cancelled
O047878,CUST047879,R047878,5/2/2019,1942,COD,Delivered
O047879,CUST047880,R047879,2/18/2020,279,Wallet,Delivered
O047880,CUST047881,R047880,10/11/2022,1753,COD,Delivered
O047881,CUST047882,R047881,8/12/2023,1816,COD,Delivered
O047882,CUST047883,R047882,2/26/2025,702,Card,Delivered
O047883,CUST047884,R047883,11/17/2022,525,Wallet,Delivered
O047884,CUST047885,R047884,6/27/2024,1324,Card,Delivered
O047885,CUST047886,R047885,4/28/2023,642,UPI,Delivered
O047886,CUST047887,R047886,5/2/2022,957,Wallet,Delivered
O047887,CUST047888,R047887,3/9/2024,579,Wallet,Delivered
O047888,CUST047889,R047888,1/12/2024,1570,UPI,Delivered
O047889,CUST047890,R047889,5/7/2023,1764,COD,Delivered
O047890,CUST047891,R047890,1/7/2025,913,Wallet,Delivered
O047891,CUST047892,R047891,1/3/2022,1463,UPI,Delivered
O047892,CUST047893,R047892,7/18/2025,1334,Wallet,Delivered
O047893,CUST047894,R047893,6/12/2022,1841,Card,Delivered
O047894,CUST047895,R047894,4/16/2021,1861,Wallet,Delivered
O047895,CUST047896,R047895,8/14/2019,318,COD,Delivered
O047896,CUST047897,R047896,7/18/2020,135,UPI,Delivered
O047897,CUST047898,R047897,5/22/2021,1952,UPI,Delivered
O047898,CUST047899,R047898,7/23/2025,302,Wallet,Cancelled
O047899,CUST047900,R047899,5/24/2022,1064,UPI,Cancelled
O047900,CUST047901,R047900,9/19/2024,369,COD,Cancelled
O047901,CUST047902,R047901,12/6/2020,1186,COD,Delivered
O047902,CUST047903,R047902,8/2/2025,536,Card,Delivered
O047903,CUST047904,R047903,6/4/2025,573,COD,Delivered
O047904,CUST047905,R047904,9/25/2023,1079,COD,Delivered
O047905,CUST047906,R047905,1/2/2020,951,Wallet,Delivered
O047906,CUST047907,R047906,8/13/2024,1458,Wallet,Delivered
O047907,CUST047908,R047907,11/11/2021,632,COD,Delivered
O047908,CUST047909,R047908,4/8/2021,1835,Card,Delivered
O047909,CUST047910,R047909,11/12/2024,1557,Wallet,Delivered
O047910,CUST047911,R047910,10/4/2021,1569,Wallet,Delivered
O047911,CUST047912,R047911,7/17/2025,1994,UPI,Delivered
O047912,CUST047913,R047912,8/19/2024,1741,Wallet,Delivered
O047913,CUST047914,R047913,1/13/2021,1886,Card,Delivered
O047914,CUST047915,R047914,6/21/2021,1815,Card,Delivered
O047915,CUST047916,R047915,6/12/2023,152,UPI,Delivered
O047916,CUST047917,R047916,3/6/2020,189,COD,Cancelled
O047917,CUST047918,R047917,1/20/2022,945,UPI,Delivered
O047918,CUST047919,R047918,3/13/2019,1837,UPI,Cancelled
O047919,CUST047920,R047919,2/24/2021,1280,Card,Delivered
O047920,CUST047921,R047920,11/8/2025,1517,UPI,Delivered
O047921,CUST047922,R047921,9/19/2022,689,UPI,Delivered
O047922,CUST047923,R047922,1/22/2023,1424,Card,Delivered
O047923,CUST047924,R047923,9/17/2025,380,Card,Delivered
O047924,CUST047925,R047924,9/28/2024,1816,COD,Delivered
O047925,CUST047926,R047925,9/19/2023,551,COD,Delivered
O047926,CUST047927,R047926,11/27/2024,741,Card,Delivered
O047927,CUST047928,R047927,12/4/2025,103,Wallet,Delivered
O047928,CUST047929,R047928,8/22/2022,858,Wallet,Cancelled
O047929,CUST047930,R047929,2/16/2021,186,Card,Delivered
O047930,CUST047931,R047930,1/17/2019,562,Wallet,Delivered
O047931,CUST047932,R047931,10/8/2019,1497,COD,Delivered
O047932,CUST047933,R047932,8/11/2022,1387,UPI,Delivered
O047933,CUST047934,R047933,10/2/2020,1134,Wallet,Delivered
O047934,CUST047935,R047934,10/16/2024,1318,UPI,Delivered
O047935,CUST047936,R047935,6/4/2021,1040,UPI,Delivered
O047936,CUST047937,R047936,11/18/2020,1940,COD,Delivered
O047937,CUST047938,R047937,11/9/2019,1433,Card,Delivered
O047938,CUST047939,R047938,5/13/2025,343,Card,Delivered
O047939,CUST047940,R047939,11/21/2024,1369,UPI,Delivered
O047940,CUST047941,R047940,1/13/2025,1663,COD,Delivered
O047941,CUST047942,R047941,5/19/2019,518,Card,Delivered
O047942,CUST047943,R047942,7/26/2021,294,Card,Delivered
O047943,CUST047944,R047943,6/14/2019,178,COD,Delivered
O047944,CUST047945,R047944,6/2/2021,229,Card,Delivered
O047945,CUST047946,R047945,5/20/2025,1047,UPI,Delivered
O047946,CUST047947,R047946,12/4/2022,751,Card,Delivered
O047947,CUST047948,R047947,7/25/2022,1109,Wallet,Delivered
O047948,CUST047949,R047948,2/27/2023,656,Wallet,Delivered
O047949,CUST047950,R047949,4/13/2019,842,COD,Delivered
O047950,CUST047951,R047950,2/4/2021,1093,COD,Cancelled
O047951,CUST047952,R047951,4/8/2025,387,UPI,Cancelled
O047952,CUST047953,R047952,9/5/2024,1904,UPI,Delivered
O047953,CUST047954,R047953,2/14/2025,1707,Card,Delivered
O047954,CUST047955,R047954,4/20/2024,1574,Card,Delivered
O047955,CUST047956,R047955,3/26/2024,382,COD,Delivered
O047956,CUST047957,R047956,4/22/2024,396,UPI,Delivered
O047957,CUST047958,R047957,4/18/2019,274,Card,Delivered
O047958,CUST047959,R047958,9/21/2022,569,COD,Delivered
O047959,CUST047960,R047959,4/5/2025,1851,Card,Cancelled
O047960,CUST047961,R047960,11/26/2020,1191,Wallet,Delivered
O047961,CUST047962,R047961,7/2/2023,700,COD,Delivered
O047962,CUST047963,R047962,6/1/2022,1314,COD,Delivered
O047963,CUST047964,R047963,8/25/2023,1137,Wallet,Delivered
O047964,CUST047965,R047964,4/9/2023,1058,Wallet,Delivered
O047965,CUST047966,R047965,4/5/2022,1695,Card,Delivered
O047966,CUST047967,R047966,3/15/2019,1324,COD,Delivered
O047967,CUST047968,R047967,2/2/2022,1365,UPI,Delivered
O047968,CUST047969,R047968,6/21/2019,1898,Wallet,Delivered
O047969,CUST047970,R047969,3/17/2021,1068,UPI,Delivered
O047970,CUST047971,R047970,5/15/2021,1792,UPI,Delivered
O047971,CUST047972,R047971,9/15/2022,185,UPI,Cancelled
O047972,CUST047973,R047972,2/17/2025,1957,UPI,Delivered
O047973,CUST047974,R047973,11/21/2024,807,Card,Delivered
O047974,CUST047975,R047974,3/24/2025,1373,Card,Delivered
O047975,CUST047976,R047975,5/23/2022,931,COD,Delivered
O047976,CUST047977,R047976,10/27/2025,235,COD,Delivered
O047977,CUST047978,R047977,6/18/2025,675,COD,Cancelled
O047978,CUST047979,R047978,7/28/2024,1355,COD,Delivered
O047979,CUST047980,R047979,7/12/2019,1953,Card,Delivered
O047980,CUST047981,R047980,9/24/2024,981,Wallet,Delivered
O047981,CUST047982,R047981,2/8/2024,626,Wallet,Delivered
O047982,CUST047983,R047982,9/26/2021,1176,Wallet,Delivered
O047983,CUST047984,R047983,12/10/2021,1452,COD,Delivered
O047984,CUST047985,R047984,5/10/2024,813,Wallet,Delivered
O047985,CUST047986,R047985,6/11/2022,1748,UPI,Delivered
O047986,CUST047987,R047986,1/23/2019,1008,Wallet,Delivered
O047987,CUST047988,R047987,7/6/2023,736,Wallet,Delivered
O047988,CUST047989,R047988,12/12/2021,162,Wallet,Delivered
O047989,CUST047990,R047989,6/15/2019,436,Wallet,Delivered
O047990,CUST047991,R047990,10/9/2024,1765,UPI,Delivered
O047991,CUST047992,R047991,11/17/2021,1556,Card,Delivered
O047992,CUST047993,R047992,12/15/2023,1670,UPI,Delivered
O047993,CUST047994,R047993,5/12/2024,213,UPI,Delivered
O047994,CUST047995,R047994,1/24/2023,1193,Card,Delivered
O047995,CUST047996,R047995,1/14/2025,365,Wallet,Delivered
O047996,CUST047997,R047996,6/5/2020,1826,UPI,Delivered
O047997,CUST047998,R047997,12/13/2022,1946,COD,Delivered
O047998,CUST047999,R047998,6/27/2021,937,Card,Delivered
O047999,CUST048000,R047999,2/3/2022,625,COD,Delivered
O048000,CUST048001,R048000,7/22/2022,351,Wallet,Delivered
O048001,CUST048002,R048001,9/9/2025,791,COD,Delivered
O048002,CUST048003,R048002,7/25/2019,524,Wallet,Delivered
O048003,CUST048004,R048003,10/3/2024,1556,COD,Delivered
O048004,CUST048005,R048004,5/26/2021,1172,UPI,Delivered
O048005,CUST048006,R048005,4/10/2020,1461,UPI,Delivered
O048006,CUST048007,R048006,1/13/2019,842,Wallet,Cancelled
O048007,CUST048008,R048007,6/6/2021,853,UPI,Delivered
O048008,CUST048009,R048008,1/11/2020,1887,UPI,Delivered
O048009,CUST048010,R048009,7/14/2022,1442,UPI,Delivered
O048010,CUST048011,R048010,1/10/2024,1563,Card,Delivered
O048011,CUST048012,R048011,12/22/2021,1609,Card,Delivered
O048012,CUST048013,R048012,8/12/2022,775,Card,Delivered
O048013,CUST048014,R048013,4/17/2020,1869,UPI,Delivered
O048014,CUST048015,R048014,2/18/2025,582,Card,Delivered
O048015,CUST048016,R048015,6/19/2019,140,Wallet,Delivered
O048016,CUST048017,R048016,7/6/2019,326,Card,Delivered
O048017,CUST048018,R048017,7/12/2025,788,Wallet,Delivered
O048018,CUST048019,R048018,11/4/2022,1078,COD,Delivered
O048019,CUST048020,R048019,4/25/2024,458,Wallet,Delivered
O048020,CUST048021,R048020,2/28/2023,469,Wallet,Delivered
O048021,CUST048022,R048021,12/6/2024,1086,UPI,Delivered
O048022,CUST048023,R048022,12/15/2020,1978,UPI,Delivered
O048023,CUST048024,R048023,9/11/2019,1782,Wallet,Cancelled
O048024,CUST048025,R048024,2/10/2024,1647,Card,Delivered
O048025,CUST048026,R048025,3/13/2022,296,UPI,Delivered
O048026,CUST048027,R048026,10/25/2019,1068,UPI,Delivered
O048027,CUST048028,R048027,10/19/2021,626,COD,Delivered
O048028,CUST048029,R048028,3/22/2024,184,Card,Delivered
O048029,CUST048030,R048029,12/21/2022,370,Card,Cancelled
O048030,CUST048031,R048030,6/14/2023,876,Card,Delivered
O048031,CUST048032,R048031,7/5/2025,276,COD,Cancelled
O048032,CUST048033,R048032,8/26/2022,1167,COD,Delivered
O048033,CUST048034,R048033,2/1/2023,513,UPI,Delivered
O048034,CUST048035,R048034,2/22/2020,877,Wallet,Delivered
O048035,CUST048036,R048035,6/10/2020,1638,Card,Delivered
O048036,CUST048037,R048036,11/13/2021,508,Wallet,Delivered
O048037,CUST048038,R048037,11/7/2021,1264,UPI,Delivered
O048038,CUST048039,R048038,11/8/2024,1814,Wallet,Cancelled
O048039,CUST048040,R048039,12/9/2024,684,Wallet,Delivered
O048040,CUST048041,R048040,2/14/2023,291,Wallet,Delivered
O048041,CUST048042,R048041,7/17/2021,986,UPI,Delivered
O048042,CUST048043,R048042,8/16/2024,159,Card,Delivered
O048043,CUST048044,R048043,6/8/2022,1871,UPI,Delivered
O048044,CUST048045,R048044,8/15/2025,1793,Card,Delivered
O048045,CUST048046,R048045,12/21/2021,827,UPI,Delivered
O048046,CUST048047,R048046,8/4/2025,1142,UPI,Delivered
O048047,CUST048048,R048047,2/16/2020,494,Wallet,Delivered
O048048,CUST048049,R048048,12/24/2021,365,Card,Delivered
O048049,CUST048050,R048049,8/23/2024,168,COD,Delivered
O048050,CUST048051,R048050,7/1/2023,924,Card,Delivered
O048051,CUST048052,R048051,11/2/2024,542,COD,Delivered
O048052,CUST048053,R048052,8/3/2019,966,Wallet,Delivered
O048053,CUST048054,R048053,6/8/2020,919,COD,Delivered
O048054,CUST048055,R048054,8/26/2021,647,Wallet,Delivered
O048055,CUST048056,R048055,12/12/2024,1437,COD,Delivered
O048056,CUST048057,R048056,8/10/2025,352,COD,Delivered
O048057,CUST048058,R048057,3/8/2024,1170,UPI,Delivered
O048058,CUST048059,R048058,6/12/2024,1217,UPI,Delivered
O048059,CUST048060,R048059,11/10/2025,562,COD,Delivered
O048060,CUST048061,R048060,8/7/2024,1770,UPI,Delivered
O048061,CUST048062,R048061,10/15/2019,1119,UPI,Cancelled
O048062,CUST048063,R048062,2/13/2021,1938,Card,Delivered
O048063,CUST048064,R048063,12/21/2025,1487,UPI,Delivered
O048064,CUST048065,R048064,8/10/2019,1862,Card,Delivered
O048065,CUST048066,R048065,10/22/2025,342,UPI,Delivered
O048066,CUST048067,R048066,4/26/2023,296,Card,Delivered
O048067,CUST048068,R048067,6/17/2023,1925,Wallet,Delivered
O048068,CUST048069,R048068,2/4/2021,207,COD,Delivered
O048069,CUST048070,R048069,8/15/2022,1913,Card,Delivered
O048070,CUST048071,R048070,11/2/2019,961,Card,Delivered
O048071,CUST048072,R048071,4/21/2023,833,Wallet,Delivered
O048072,CUST048073,R048072,7/5/2020,849,COD,Delivered
O048073,CUST048074,R048073,7/2/2021,541,Wallet,Delivered
O048074,CUST048075,R048074,3/24/2019,736,Wallet,Delivered
O048075,CUST048076,R048075,6/10/2021,1554,COD,Delivered
O048076,CUST048077,R048076,6/2/2025,1103,UPI,Delivered
O048077,CUST048078,R048077,12/5/2025,1478,UPI,Delivered
O048078,CUST048079,R048078,1/17/2019,1015,UPI,Delivered
O048079,CUST048080,R048079,2/8/2022,1291,UPI,Delivered
O048080,CUST048081,R048080,2/12/2025,1540,UPI,Delivered
O048081,CUST048082,R048081,3/13/2023,1899,Card,Delivered
O048082,CUST048083,R048082,11/10/2024,1957,Card,Delivered
O048083,CUST048084,R048083,11/25/2019,1633,UPI,Cancelled
O048084,CUST048085,R048084,10/7/2024,449,COD,Delivered
O048085,CUST048086,R048085,11/27/2024,465,Wallet,Delivered
O048086,CUST048087,R048086,6/14/2021,158,COD,Delivered
O048087,CUST048088,R048087,10/19/2019,396,COD,Delivered
O048088,CUST048089,R048088,2/5/2022,319,Wallet,Delivered
O048089,CUST048090,R048089,4/4/2022,719,UPI,Delivered
O048090,CUST048091,R048090,8/28/2020,1698,COD,Delivered
O048091,CUST048092,R048091,11/26/2025,1059,UPI,Delivered
O048092,CUST048093,R048092,1/9/2020,1869,COD,Delivered
O048093,CUST048094,R048093,2/15/2023,695,UPI,Delivered
O048094,CUST048095,R048094,8/14/2021,1943,Card,Cancelled
O048095,CUST048096,R048095,12/14/2020,100,Wallet,Delivered
O048096,CUST048097,R048096,8/13/2022,1676,Card,Delivered
O048097,CUST048098,R048097,5/9/2024,536,Card,Delivered
O048098,CUST048099,R048098,3/28/2022,1522,UPI,Cancelled
O048099,CUST048100,R048099,11/25/2019,377,COD,Cancelled
O048100,CUST048101,R048100,2/20/2024,440,UPI,Delivered
O048101,CUST048102,R048101,8/21/2021,537,Wallet,Delivered
O048102,CUST048103,R048102,6/24/2019,1299,Card,Delivered
O048103,CUST048104,R048103,4/28/2023,425,COD,Delivered
O048104,CUST048105,R048104,8/1/2023,680,Wallet,Delivered
O048105,CUST048106,R048105,5/3/2023,1485,UPI,Delivered
O048106,CUST048107,R048106,3/25/2024,356,Wallet,Delivered
O048107,CUST048108,R048107,7/8/2021,1560,Wallet,Delivered
O048108,CUST048109,R048108,8/8/2022,902,Wallet,Delivered
O048109,CUST048110,R048109,11/14/2021,1293,UPI,Delivered
O048110,CUST048111,R048110,1/3/2019,1531,UPI,Delivered
O048111,CUST048112,R048111,7/10/2020,1182,UPI,Delivered
O048112,CUST048113,R048112,7/19/2021,484,UPI,Delivered
O048113,CUST048114,R048113,11/17/2020,1068,Wallet,Delivered
O048114,CUST048115,R048114,4/15/2022,154,COD,Cancelled
O048115,CUST048116,R048115,1/19/2019,1927,UPI,Delivered
O048116,CUST048117,R048116,5/10/2023,1985,Card,Cancelled
O048117,CUST048118,R048117,12/24/2019,471,Card,Delivered
O048118,CUST048119,R048118,1/26/2025,213,Card,Cancelled
O048119,CUST048120,R048119,9/26/2024,147,COD,Cancelled
O048120,CUST048121,R048120,10/3/2023,325,COD,Delivered
O048121,CUST048122,R048121,9/17/2024,562,COD,Delivered
O048122,CUST048123,R048122,12/11/2023,1337,Card,Delivered
O048123,CUST048124,R048123,1/25/2019,259,Card,Cancelled
O048124,CUST048125,R048124,8/6/2022,797,COD,Delivered
O048125,CUST048126,R048125,1/14/2023,728,COD,Delivered
O048126,CUST048127,R048126,8/20/2025,432,Card,Delivered
O048127,CUST048128,R048127,7/3/2019,1244,Wallet,Delivered
O048128,CUST048129,R048128,1/8/2025,592,UPI,Delivered
O048129,CUST048130,R048129,7/6/2024,1174,Wallet,Delivered
O048130,CUST048131,R048130,6/13/2025,716,Wallet,Delivered
O048131,CUST048132,R048131,7/3/2020,1303,Wallet,Delivered
O048132,CUST048133,R048132,8/14/2022,1727,Wallet,Delivered
O048133,CUST048134,R048133,4/12/2023,1414,UPI,Delivered
O048134,CUST048135,R048134,4/6/2022,1653,Card,Delivered
O048135,CUST048136,R048135,11/28/2020,1581,UPI,Delivered
O048136,CUST048137,R048136,10/28/2023,1353,UPI,Delivered
O048137,CUST048138,R048137,4/23/2022,160,Wallet,Delivered
O048138,CUST048139,R048138,11/17/2020,345,Wallet,Delivered
O048139,CUST048140,R048139,8/21/2024,1993,Card,Delivered
O048140,CUST048141,R048140,8/28/2021,1915,COD,Delivered
O048141,CUST048142,R048141,8/17/2022,208,COD,Delivered
O048142,CUST048143,R048142,7/2/2019,1282,Card,Cancelled
O048143,CUST048144,R048143,4/22/2023,332,COD,Delivered
O048144,CUST048145,R048144,10/26/2022,962,COD,Delivered
O048145,CUST048146,R048145,12/9/2019,454,Wallet,Delivered
O048146,CUST048147,R048146,10/21/2023,508,UPI,Delivered
O048147,CUST048148,R048147,4/28/2022,1269,COD,Delivered
O048148,CUST048149,R048148,4/9/2020,1371,UPI,Delivered
O048149,CUST048150,R048149,4/3/2020,1013,Wallet,Delivered
O048150,CUST048151,R048150,12/17/2024,789,Wallet,Delivered
O048151,CUST048152,R048151,9/4/2020,1862,COD,Delivered
O048152,CUST048153,R048152,4/16/2019,193,COD,Delivered
O048153,CUST048154,R048153,4/10/2023,1531,Card,Delivered
O048154,CUST048155,R048154,11/12/2024,1770,Card,Delivered
O048155,CUST048156,R048155,7/25/2019,184,UPI,Delivered
O048156,CUST048157,R048156,12/16/2025,1849,COD,Delivered
O048157,CUST048158,R048157,9/21/2024,753,Wallet,Delivered
O048158,CUST048159,R048158,1/19/2019,115,Wallet,Delivered
O048159,CUST048160,R048159,4/22/2023,596,COD,Delivered
O048160,CUST048161,R048160,5/25/2024,423,COD,Delivered
O048161,CUST048162,R048161,5/10/2020,1415,UPI,Delivered
O048162,CUST048163,R048162,12/6/2025,1485,COD,Delivered
O048163,CUST048164,R048163,1/5/2019,877,Wallet,Delivered
O048164,CUST048165,R048164,1/4/2025,1383,UPI,Delivered
O048165,CUST048166,R048165,5/16/2019,1249,COD,Delivered
O048166,CUST048167,R048166,9/11/2021,1751,Card,Cancelled
O048167,CUST048168,R048167,7/12/2020,1814,Wallet,Cancelled
O048168,CUST048169,R048168,4/13/2022,276,Card,Delivered
O048169,CUST048170,R048169,4/16/2025,1893,UPI,Delivered
O048170,CUST048171,R048170,1/21/2022,1810,UPI,Delivered
O048171,CUST048172,R048171,2/22/2022,159,COD,Delivered
O048172,CUST048173,R048172,3/24/2021,703,UPI,Delivered
O048173,CUST048174,R048173,3/13/2024,1984,COD,Delivered
O048174,CUST048175,R048174,12/4/2022,1033,COD,Delivered
O048175,CUST048176,R048175,12/28/2025,387,Card,Delivered
O048176,CUST048177,R048176,8/27/2020,493,COD,Delivered
O048177,CUST048178,R048177,12/27/2021,1043,Wallet,Cancelled
O048178,CUST048179,R048178,3/28/2019,910,Wallet,Delivered
O048179,CUST048180,R048179,2/11/2021,1367,Wallet,Delivered
O048180,CUST048181,R048180,7/9/2022,541,COD,Delivered
O048181,CUST048182,R048181,8/7/2019,1794,Card,Delivered
O048182,CUST048183,R048182,7/11/2020,664,Wallet,Delivered
O048183,CUST048184,R048183,10/2/2020,1426,Wallet,Delivered
O048184,CUST048185,R048184,10/16/2024,1845,UPI,Delivered
O048185,CUST048186,R048185,7/18/2025,1331,Wallet,Delivered
O048186,CUST048187,R048186,11/8/2019,1776,Card,Delivered
O048187,CUST048188,R048187,7/27/2022,1704,Card,Delivered
O048188,CUST048189,R048188,6/9/2025,1903,Card,Delivered
O048189,CUST048190,R048189,6/4/2023,109,UPI,Delivered
O048190,CUST048191,R048190,8/22/2023,1672,Card,Delivered
O048191,CUST048192,R048191,10/23/2019,526,COD,Cancelled
O048192,CUST048193,R048192,9/6/2023,137,UPI,Delivered
O048193,CUST048194,R048193,9/19/2024,332,UPI,Delivered
O048194,CUST048195,R048194,4/2/2021,605,UPI,Delivered
O048195,CUST048196,R048195,7/6/2020,1344,Card,Delivered
O048196,CUST048197,R048196,8/14/2019,280,Card,Delivered
O048197,CUST048198,R048197,8/27/2025,1711,Card,Delivered
O048198,CUST048199,R048198,12/18/2022,142,COD,Delivered
O048199,CUST048200,R048199,11/25/2023,587,Card,Delivered
O048200,CUST048201,R048200,8/2/2020,520,COD,Delivered
O048201,CUST048202,R048201,11/21/2019,758,Wallet,Delivered
O048202,CUST048203,R048202,9/14/2022,107,Card,Delivered
O048203,CUST048204,R048203,12/19/2025,482,Wallet,Delivered
O048204,CUST048205,R048204,12/6/2025,1412,Card,Cancelled
O048205,CUST048206,R048205,6/4/2023,1340,UPI,Delivered
O048206,CUST048207,R048206,7/2/2023,1088,Wallet,Delivered
O048207,CUST048208,R048207,3/15/2025,1233,Wallet,Cancelled
O048208,CUST048209,R048208,7/3/2024,960,UPI,Delivered
O048209,CUST048210,R048209,11/18/2023,1797,COD,Delivered
O048210,CUST048211,R048210,9/9/2025,1328,Card,Delivered
O048211,CUST048212,R048211,12/12/2022,1703,Card,Delivered
O048212,CUST048213,R048212,7/20/2025,1214,UPI,Delivered
O048213,CUST048214,R048213,9/11/2022,1514,COD,Delivered
O048214,CUST048215,R048214,7/15/2021,375,UPI,Delivered
O048215,CUST048216,R048215,1/24/2020,449,UPI,Delivered
O048216,CUST048217,R048216,12/16/2020,136,COD,Delivered
O048217,CUST048218,R048217,4/28/2022,139,Card,Delivered
O048218,CUST048219,R048218,12/18/2025,957,UPI,Cancelled
O048219,CUST048220,R048219,12/2/2022,704,Card,Delivered
O048220,CUST048221,R048220,4/25/2025,893,Wallet,Delivered
O048221,CUST048222,R048221,6/25/2019,576,Wallet,Delivered
O048222,CUST048223,R048222,7/12/2025,699,Card,Delivered
O048223,CUST048224,R048223,9/3/2025,944,UPI,Cancelled
O048224,CUST048225,R048224,3/7/2024,1493,COD,Delivered
O048225,CUST048226,R048225,4/2/2020,1365,Wallet,Delivered
O048226,CUST048227,R048226,5/6/2024,1131,UPI,Delivered
O048227,CUST048228,R048227,12/12/2021,1003,UPI,Delivered
O048228,CUST048229,R048228,9/18/2022,1966,COD,Delivered
O048229,CUST048230,R048229,6/18/2024,180,UPI,Delivered
O048230,CUST048231,R048230,6/15/2025,227,Card,Delivered
O048231,CUST048232,R048231,8/19/2021,478,COD,Delivered
O048232,CUST048233,R048232,4/3/2020,1765,Card,Delivered
O048233,CUST048234,R048233,4/25/2025,1111,Wallet,Delivered
O048234,CUST048235,R048234,6/27/2024,665,Card,Delivered
O048235,CUST048236,R048235,12/28/2020,1235,Card,Delivered
O048236,CUST048237,R048236,11/24/2023,988,COD,Delivered
O048237,CUST048238,R048237,8/8/2019,648,Wallet,Delivered
O048238,CUST048239,R048238,1/5/2025,1410,UPI,Delivered
O048239,CUST048240,R048239,3/14/2020,1219,COD,Delivered
O048240,CUST048241,R048240,2/27/2024,1221,UPI,Delivered
O048241,CUST048242,R048241,9/19/2022,109,Wallet,Cancelled
O048242,CUST048243,R048242,10/19/2022,984,UPI,Delivered
O048243,CUST048244,R048243,1/10/2025,1745,UPI,Delivered
O048244,CUST048245,R048244,11/14/2023,137,Card,Delivered
O048245,CUST048246,R048245,10/15/2022,1872,UPI,Delivered
O048246,CUST048247,R048246,12/20/2020,728,UPI,Delivered
O048247,CUST048248,R048247,10/24/2024,1293,Card,Delivered
O048248,CUST048249,R048248,4/23/2021,888,COD,Delivered
O048249,CUST048250,R048249,9/25/2020,1660,Card,Delivered
O048250,CUST048251,R048250,2/17/2019,265,COD,Delivered
O048251,CUST048252,R048251,1/27/2025,1201,COD,Delivered
O048252,CUST048253,R048252,11/8/2022,1847,Card,Delivered
O048253,CUST048254,R048253,8/22/2019,881,Wallet,Delivered
O048254,CUST048255,R048254,3/6/2023,738,COD,Delivered
O048255,CUST048256,R048255,7/28/2020,1027,Wallet,Delivered
O048256,CUST048257,R048256,2/7/2020,1360,COD,Delivered
O048257,CUST048258,R048257,3/8/2020,766,Wallet,Delivered
O048258,CUST048259,R048258,1/10/2024,1533,UPI,Delivered
O048259,CUST048260,R048259,11/21/2024,1356,UPI,Delivered
O048260,CUST048261,R048260,4/5/2024,1083,UPI,Delivered
O048261,CUST048262,R048261,8/17/2025,505,Wallet,Delivered
O048262,CUST048263,R048262,12/20/2022,753,UPI,Delivered
O048263,CUST048264,R048263,9/12/2019,1399,UPI,Delivered
O048264,CUST048265,R048264,8/21/2020,1406,UPI,Cancelled
O048265,CUST048266,R048265,9/14/2021,1526,UPI,Delivered
O048266,CUST048267,R048266,7/10/2025,1971,UPI,Delivered
O048267,CUST048268,R048267,2/22/2020,1871,Card,Delivered
O048268,CUST048269,R048268,7/16/2019,259,COD,Delivered
O048269,CUST048270,R048269,9/3/2022,1735,UPI,Delivered
O048270,CUST048271,R048270,12/11/2024,1856,COD,Delivered
O048271,CUST048272,R048271,5/26/2021,896,Card,Delivered
O048272,CUST048273,R048272,4/24/2021,588,COD,Delivered
O048273,CUST048274,R048273,11/21/2025,272,COD,Delivered
O048274,CUST048275,R048274,12/8/2024,706,COD,Delivered
O048275,CUST048276,R048275,2/23/2024,433,COD,Delivered
O048276,CUST048277,R048276,1/3/2025,1014,Card,Delivered
O048277,CUST048278,R048277,9/25/2019,1066,UPI,Delivered
O048278,CUST048279,R048278,5/8/2023,1318,UPI,Delivered
O048279,CUST048280,R048279,1/12/2025,698,Wallet,Delivered
O048280,CUST048281,R048280,8/4/2020,959,UPI,Delivered
O048281,CUST048282,R048281,6/11/2023,1776,UPI,Delivered
O048282,CUST048283,R048282,9/12/2022,1396,Wallet,Delivered
O048283,CUST048284,R048283,5/8/2024,1472,Card,Delivered
O048284,CUST048285,R048284,1/20/2023,1524,UPI,Cancelled
O048285,CUST048286,R048285,1/11/2022,696,Card,Delivered
O048286,CUST048287,R048286,2/16/2020,1833,UPI,Delivered
O048287,CUST048288,R048287,9/17/2022,366,Card,Delivered
O048288,CUST048289,R048288,9/18/2019,1950,COD,Delivered
O048289,CUST048290,R048289,11/4/2022,1817,Card,Delivered
O048290,CUST048291,R048290,5/19/2021,683,Wallet,Delivered
O048291,CUST048292,R048291,12/3/2023,978,Card,Delivered
O048292,CUST048293,R048292,12/24/2025,314,COD,Delivered
O048293,CUST048294,R048293,12/26/2024,575,COD,Delivered
O048294,CUST048295,R048294,7/8/2025,504,Wallet,Delivered
O048295,CUST048296,R048295,9/7/2022,1440,Wallet,Delivered
O048296,CUST048297,R048296,8/3/2019,1137,Wallet,Delivered
O048297,CUST048298,R048297,2/1/2025,1140,Card,Delivered
O048298,CUST048299,R048298,9/5/2024,217,Wallet,Delivered
O048299,CUST048300,R048299,7/17/2019,988,UPI,Delivered
O048300,CUST048301,R048300,9/18/2020,584,Card,Delivered
O048301,CUST048302,R048301,10/19/2020,137,UPI,Delivered
O048302,CUST048303,R048302,1/20/2025,1862,Card,Cancelled
O048303,CUST048304,R048303,11/12/2023,727,Card,Delivered
O048304,CUST048305,R048304,4/4/2021,132,Card,Delivered
O048305,CUST048306,R048305,7/25/2025,893,COD,Delivered
O048306,CUST048307,R048306,4/27/2022,663,UPI,Delivered
O048307,CUST048308,R048307,12/24/2019,723,Wallet,Delivered
O048308,CUST048309,R048308,1/7/2020,1483,Card,Delivered
O048309,CUST048310,R048309,2/11/2019,467,COD,Delivered
O048310,CUST048311,R048310,2/3/2023,1228,UPI,Delivered
O048311,CUST048312,R048311,5/6/2020,1735,UPI,Delivered
O048312,CUST048313,R048312,2/7/2022,598,Wallet,Delivered
O048313,CUST048314,R048313,1/12/2024,200,Wallet,Delivered
O048314,CUST048315,R048314,11/16/2022,766,Wallet,Delivered
O048315,CUST048316,R048315,8/15/2025,112,UPI,Delivered
O048316,CUST048317,R048316,7/7/2025,1721,UPI,Delivered
O048317,CUST048318,R048317,1/13/2021,1649,Card,Delivered
O048318,CUST048319,R048318,3/20/2020,685,UPI,Delivered
O048319,CUST048320,R048319,5/1/2022,1292,UPI,Delivered
O048320,CUST048321,R048320,8/18/2021,382,COD,Delivered
O048321,CUST048322,R048321,4/22/2024,210,Card,Delivered
O048322,CUST048323,R048322,8/20/2019,1985,COD,Delivered
O048323,CUST048324,R048323,6/28/2023,845,Card,Delivered
O048324,CUST048325,R048324,8/1/2022,505,COD,Delivered
O048325,CUST048326,R048325,6/1/2019,750,COD,Delivered
O048326,CUST048327,R048326,9/7/2019,829,COD,Delivered
O048327,CUST048328,R048327,8/25/2020,556,Wallet,Delivered
O048328,CUST048329,R048328,4/9/2020,1634,COD,Delivered
O048329,CUST048330,R048329,1/9/2022,492,Wallet,Delivered
O048330,CUST048331,R048330,1/10/2023,1267,UPI,Delivered
O048331,CUST048332,R048331,3/14/2020,1313,UPI,Delivered
O048332,CUST048333,R048332,3/13/2022,907,COD,Delivered
O048333,CUST048334,R048333,1/13/2020,1660,UPI,Cancelled
O048334,CUST048335,R048334,5/14/2021,1532,UPI,Cancelled
O048335,CUST048336,R048335,6/11/2021,1789,Card,Delivered
O048336,CUST048337,R048336,12/18/2020,1407,UPI,Delivered
O048337,CUST048338,R048337,8/7/2019,1782,UPI,Cancelled
O048338,CUST048339,R048338,7/21/2023,301,Wallet,Delivered
O048339,CUST048340,R048339,10/24/2020,249,Card,Delivered
O048340,CUST048341,R048340,2/16/2024,1833,COD,Delivered
O048341,CUST048342,R048341,11/3/2019,122,Card,Delivered
O048342,CUST048343,R048342,4/15/2025,1770,Card,Delivered
O048343,CUST048344,R048343,6/2/2025,687,Card,Delivered
O048344,CUST048345,R048344,7/20/2022,727,Wallet,Delivered
O048345,CUST048346,R048345,6/3/2021,950,Card,Delivered
O048346,CUST048347,R048346,7/4/2024,388,Wallet,Delivered
O048347,CUST048348,R048347,2/23/2019,625,Wallet,Cancelled
O048348,CUST048349,R048348,9/6/2023,1448,COD,Delivered
O048349,CUST048350,R048349,9/28/2020,1023,Wallet,Delivered
O048350,CUST048351,R048350,8/4/2021,1399,UPI,Delivered
O048351,CUST048352,R048351,7/15/2023,930,UPI,Delivered
O048352,CUST048353,R048352,11/6/2020,1766,UPI,Delivered
O048353,CUST048354,R048353,1/11/2021,1493,Wallet,Delivered
O048354,CUST048355,R048354,5/12/2019,1814,Card,Delivered
O048355,CUST048356,R048355,4/9/2024,1878,UPI,Delivered
O048356,CUST048357,R048356,2/24/2020,1489,UPI,Delivered
O048357,CUST048358,R048357,6/15/2019,343,Wallet,Delivered
O048358,CUST048359,R048358,2/26/2023,610,Wallet,Delivered
O048359,CUST048360,R048359,9/15/2022,1905,COD,Delivered
O048360,CUST048361,R048360,10/17/2021,247,Card,Delivered
O048361,CUST048362,R048361,6/3/2020,175,COD,Delivered
O048362,CUST048363,R048362,6/2/2022,684,Wallet,Delivered
O048363,CUST048364,R048363,8/26/2021,1190,Card,Delivered
O048364,CUST048365,R048364,1/24/2023,545,Wallet,Delivered
O048365,CUST048366,R048365,8/28/2019,1351,Card,Delivered
O048366,CUST048367,R048366,9/5/2023,221,Wallet,Delivered
O048367,CUST048368,R048367,11/7/2019,1902,Card,Delivered
O048368,CUST048369,R048368,5/6/2019,1921,Wallet,Delivered
O048369,CUST048370,R048369,12/12/2025,1533,UPI,Delivered
O048370,CUST048371,R048370,8/8/2023,388,Card,Delivered
O048371,CUST048372,R048371,5/27/2019,1666,UPI,Cancelled
O048372,CUST048373,R048372,3/24/2020,1992,COD,Delivered
O048373,CUST048374,R048373,11/18/2021,291,UPI,Delivered
O048374,CUST048375,R048374,8/19/2023,394,COD,Delivered
O048375,CUST048376,R048375,2/3/2025,900,Card,Delivered
O048376,CUST048377,R048376,7/27/2019,383,Card,Cancelled
O048377,CUST048378,R048377,6/27/2023,633,Wallet,Delivered
O048378,CUST048379,R048378,12/1/2024,1395,UPI,Delivered
O048379,CUST048380,R048379,8/23/2024,265,COD,Delivered
O048380,CUST048381,R048380,4/8/2024,1518,Wallet,Delivered
O048381,CUST048382,R048381,7/7/2025,692,Wallet,Delivered
O048382,CUST048383,R048382,2/13/2020,1150,UPI,Delivered
O048383,CUST048384,R048383,8/2/2023,1382,UPI,Delivered
O048384,CUST048385,R048384,10/8/2019,1282,Wallet,Delivered
O048385,CUST048386,R048385,7/18/2024,373,Wallet,Cancelled
O048386,CUST048387,R048386,2/13/2023,963,Wallet,Delivered
O048387,CUST048388,R048387,8/13/2023,1912,COD,Delivered
O048388,CUST048389,R048388,8/17/2020,1528,UPI,Delivered
O048389,CUST048390,R048389,9/9/2021,1900,Card,Delivered
O048390,CUST048391,R048390,9/22/2025,250,UPI,Cancelled
O048391,CUST048392,R048391,7/24/2024,166,UPI,Delivered
O048392,CUST048393,R048392,9/24/2019,1962,COD,Cancelled
O048393,CUST048394,R048393,8/2/2020,245,COD,Delivered
O048394,CUST048395,R048394,1/17/2025,483,COD,Delivered
O048395,CUST048396,R048395,9/8/2020,1301,Card,Delivered
O048396,CUST048397,R048396,4/24/2025,153,Wallet,Cancelled
O048397,CUST048398,R048397,12/5/2025,898,Wallet,Delivered
O048398,CUST048399,R048398,3/13/2019,1002,Wallet,Delivered
O048399,CUST048400,R048399,4/25/2021,580,COD,Delivered
O048400,CUST048401,R048400,11/8/2025,1571,COD,Delivered
O048401,CUST048402,R048401,12/12/2024,621,UPI,Delivered
O048402,CUST048403,R048402,11/10/2023,1089,Wallet,Delivered
O048403,CUST048404,R048403,8/17/2025,625,Wallet,Delivered
O048404,CUST048405,R048404,4/27/2021,1255,Wallet,Delivered
O048405,CUST048406,R048405,12/13/2020,1685,COD,Cancelled
O048406,CUST048407,R048406,5/10/2019,1335,UPI,Delivered
O048407,CUST048408,R048407,4/5/2022,1573,Card,Delivered
O048408,CUST048409,R048408,2/27/2019,1495,Wallet,Delivered
O048409,CUST048410,R048409,5/28/2024,1242,UPI,Delivered
O048410,CUST048411,R048410,7/22/2024,131,Wallet,Delivered
O048411,CUST048412,R048411,4/16/2021,191,COD,Delivered
O048412,CUST048413,R048412,10/20/2020,1843,UPI,Delivered
O048413,CUST048414,R048413,1/24/2024,1772,COD,Delivered
O048414,CUST048415,R048414,5/15/2021,1755,Wallet,Delivered
O048415,CUST048416,R048415,8/1/2020,1177,UPI,Cancelled
O048416,CUST048417,R048416,6/20/2022,241,COD,Delivered
O048417,CUST048418,R048417,1/24/2025,872,COD,Delivered
O048418,CUST048419,R048418,8/7/2021,413,COD,Delivered
O048419,CUST048420,R048419,10/20/2024,995,Wallet,Delivered
O048420,CUST048421,R048420,12/27/2023,1189,COD,Delivered
O048421,CUST048422,R048421,3/8/2021,1286,UPI,Delivered
O048422,CUST048423,R048422,7/1/2019,859,UPI,Delivered
O048423,CUST048424,R048423,7/16/2023,934,COD,Delivered
O048424,CUST048425,R048424,7/11/2023,1756,Card,Delivered
O048425,CUST048426,R048425,2/14/2024,1951,COD,Delivered
O048426,CUST048427,R048426,11/8/2024,1389,Card,Delivered
O048427,CUST048428,R048427,5/10/2021,1371,Card,Delivered
O048428,CUST048429,R048428,11/24/2022,1804,UPI,Delivered
O048429,CUST048430,R048429,10/15/2021,1802,COD,Delivered
O048430,CUST048431,R048430,9/18/2020,663,Wallet,Delivered
O048431,CUST048432,R048431,5/16/2020,1931,COD,Delivered
O048432,CUST048433,R048432,4/24/2021,1989,Card,Delivered
O048433,CUST048434,R048433,11/22/2020,1861,Card,Delivered
O048434,CUST048435,R048434,11/2/2023,947,Wallet,Delivered
O048435,CUST048436,R048435,11/26/2019,967,COD,Delivered
O048436,CUST048437,R048436,12/26/2024,550,Wallet,Delivered
O048437,CUST048438,R048437,9/25/2019,1800,UPI,Delivered
O048438,CUST048439,R048438,1/16/2022,1150,COD,Delivered
O048439,CUST048440,R048439,8/8/2020,1607,Card,Cancelled
O048440,CUST048441,R048440,9/10/2025,1409,Wallet,Delivered
O048441,CUST048442,R048441,9/11/2020,122,Card,Delivered
O048442,CUST048443,R048442,9/22/2019,1846,UPI,Delivered
O048443,CUST048444,R048443,12/20/2022,1763,Wallet,Delivered
O048444,CUST048445,R048444,2/20/2025,1974,COD,Delivered
O048445,CUST048446,R048445,11/25/2019,623,UPI,Delivered
O048446,CUST048447,R048446,6/12/2024,1905,Card,Delivered
O048447,CUST048448,R048447,2/4/2019,991,Card,Delivered
O048448,CUST048449,R048448,3/27/2024,165,Card,Delivered
O048449,CUST048450,R048449,1/26/2023,594,COD,Cancelled
O048450,CUST048451,R048450,1/26/2024,894,Wallet,Cancelled
O048451,CUST048452,R048451,11/25/2020,766,COD,Delivered
O048452,CUST048453,R048452,5/11/2022,1266,COD,Delivered
O048453,CUST048454,R048453,5/7/2022,180,COD,Delivered
O048454,CUST048455,R048454,5/6/2022,1640,UPI,Delivered
O048455,CUST048456,R048455,6/9/2025,574,Wallet,Cancelled
O048456,CUST048457,R048456,6/1/2023,1384,Wallet,Delivered
O048457,CUST048458,R048457,1/15/2021,1634,Wallet,Delivered
O048458,CUST048459,R048458,7/20/2021,1252,Wallet,Delivered
O048459,CUST048460,R048459,6/6/2023,1696,Card,Delivered
O048460,CUST048461,R048460,10/26/2021,1619,Card,Delivered
O048461,CUST048462,R048461,5/9/2021,1856,Card,Delivered
O048462,CUST048463,R048462,10/28/2025,254,Wallet,Delivered
O048463,CUST048464,R048463,1/20/2024,1523,Card,Delivered
O048464,CUST048465,R048464,11/22/2022,382,COD,Delivered
O048465,CUST048466,R048465,9/5/2019,1895,COD,Delivered
O048466,CUST048467,R048466,6/17/2023,1698,COD,Delivered
O048467,CUST048468,R048467,4/28/2022,1300,COD,Delivered
O048468,CUST048469,R048468,2/3/2020,1995,COD,Cancelled
O048469,CUST048470,R048469,10/23/2019,1000,COD,Delivered
O048470,CUST048471,R048470,9/9/2023,536,Card,Cancelled
O048471,CUST048472,R048471,11/1/2019,106,Card,Cancelled
O048472,CUST048473,R048472,7/7/2025,544,UPI,Delivered
O048473,CUST048474,R048473,7/1/2021,429,COD,Delivered
O048474,CUST048475,R048474,8/19/2020,668,Wallet,Delivered
O048475,CUST048476,R048475,9/13/2022,1978,Card,Delivered
O048476,CUST048477,R048476,8/18/2021,376,Wallet,Delivered
O048477,CUST048478,R048477,4/4/2021,1268,Card,Delivered
O048478,CUST048479,R048478,9/2/2023,1197,Wallet,Delivered
O048479,CUST048480,R048479,12/28/2019,683,Wallet,Delivered
O048480,CUST048481,R048480,2/11/2021,1122,Wallet,Cancelled
O048481,CUST048482,R048481,6/1/2019,849,Card,Delivered
O048482,CUST048483,R048482,11/15/2019,1712,COD,Delivered
O048483,CUST048484,R048483,1/6/2025,1248,UPI,Delivered
O048484,CUST048485,R048484,6/15/2025,1623,Card,Cancelled
O048485,CUST048486,R048485,12/18/2019,1173,UPI,Delivered
O048486,CUST048487,R048486,12/10/2022,1991,Card,Delivered
O048487,CUST048488,R048487,7/14/2020,284,Card,Delivered
O048488,CUST048489,R048488,2/23/2023,364,UPI,Delivered
O048489,CUST048490,R048489,12/13/2025,1894,COD,Delivered
O048490,CUST048491,R048490,7/27/2023,1941,UPI,Delivered
O048491,CUST048492,R048491,7/17/2022,814,Wallet,Delivered
O048492,CUST048493,R048492,3/1/2021,299,Card,Delivered
O048493,CUST048494,R048493,1/23/2025,738,COD,Delivered
O048494,CUST048495,R048494,1/24/2021,466,Wallet,Delivered
O048495,CUST048496,R048495,6/10/2025,483,Card,Delivered
O048496,CUST048497,R048496,9/1/2020,864,UPI,Delivered
O048497,CUST048498,R048497,10/9/2022,1414,COD,Delivered
O048498,CUST048499,R048498,6/27/2019,1281,Wallet,Delivered
O048499,CUST048500,R048499,7/5/2021,1084,Wallet,Delivered
O048500,CUST048501,R048500,10/9/2022,955,UPI,Delivered
O048501,CUST048502,R048501,6/17/2019,1881,Card,Delivered
O048502,CUST048503,R048502,7/17/2020,1511,Wallet,Delivered
O048503,CUST048504,R048503,5/9/2021,1557,UPI,Delivered
O048504,CUST048505,R048504,10/12/2024,467,Card,Delivered
O048505,CUST048506,R048505,7/23/2025,971,Card,Delivered
O048506,CUST048507,R048506,9/17/2020,957,Wallet,Delivered
O048507,CUST048508,R048507,1/18/2021,510,Card,Delivered
O048508,CUST048509,R048508,8/26/2022,1129,Card,Delivered
O048509,CUST048510,R048509,11/2/2019,952,COD,Delivered
O048510,CUST048511,R048510,2/10/2020,569,COD,Delivered
O048511,CUST048512,R048511,7/3/2022,1325,UPI,Cancelled
O048512,CUST048513,R048512,5/12/2019,1128,COD,Delivered
O048513,CUST048514,R048513,1/27/2020,1000,UPI,Delivered
O048514,CUST048515,R048514,6/18/2024,1969,Wallet,Delivered
O048515,CUST048516,R048515,3/17/2023,840,Wallet,Delivered
O048516,CUST048517,R048516,9/9/2019,1600,UPI,Delivered
O048517,CUST048518,R048517,10/13/2024,1889,UPI,Delivered
O048518,CUST048519,R048518,4/12/2022,1507,UPI,Delivered
O048519,CUST048520,R048519,12/19/2023,617,UPI,Delivered
O048520,CUST048521,R048520,10/21/2019,1143,UPI,Delivered
O048521,CUST048522,R048521,12/20/2019,745,COD,Delivered
O048522,CUST048523,R048522,11/24/2020,1581,Card,Delivered
O048523,CUST048524,R048523,7/19/2025,229,COD,Delivered
O048524,CUST048525,R048524,2/25/2024,984,COD,Delivered
O048525,CUST048526,R048525,2/6/2024,1756,Card,Delivered
O048526,CUST048527,R048526,9/21/2022,791,Wallet,Delivered
O048527,CUST048528,R048527,6/13/2024,697,COD,Delivered
O048528,CUST048529,R048528,4/27/2023,991,COD,Delivered
O048529,CUST048530,R048529,6/6/2023,1217,Card,Delivered
O048530,CUST048531,R048530,6/7/2019,617,Wallet,Delivered
O048531,CUST048532,R048531,8/9/2022,1123,UPI,Delivered
O048532,CUST048533,R048532,3/20/2025,1245,Wallet,Delivered
O048533,CUST048534,R048533,7/3/2021,803,UPI,Delivered
O048534,CUST048535,R048534,8/15/2020,362,Wallet,Cancelled
O048535,CUST048536,R048535,11/18/2020,674,UPI,Delivered
O048536,CUST048537,R048536,3/14/2020,1741,Card,Delivered
O048537,CUST048538,R048537,2/20/2021,1787,Card,Delivered
O048538,CUST048539,R048538,3/16/2025,1908,UPI,Delivered
O048539,CUST048540,R048539,9/15/2022,407,UPI,Delivered
O048540,CUST048541,R048540,12/27/2019,312,UPI,Delivered
O048541,CUST048542,R048541,3/22/2025,179,COD,Delivered
O048542,CUST048543,R048542,7/2/2022,1462,UPI,Delivered
O048543,CUST048544,R048543,7/10/2021,1751,Card,Delivered
O048544,CUST048545,R048544,8/25/2020,485,Card,Delivered
O048545,CUST048546,R048545,8/23/2024,434,COD,Delivered
O048546,CUST048547,R048546,7/19/2020,167,COD,Delivered
O048547,CUST048548,R048547,6/3/2024,606,COD,Delivered
O048548,CUST048549,R048548,9/21/2024,544,Wallet,Delivered
O048549,CUST048550,R048549,3/4/2021,929,Card,Delivered
O048550,CUST048551,R048550,11/23/2025,976,Wallet,Cancelled
O048551,CUST048552,R048551,11/7/2022,1096,UPI,Delivered
O048552,CUST048553,R048552,9/10/2020,656,Wallet,Delivered
O048553,CUST048554,R048553,5/2/2025,879,UPI,Delivered
O048554,CUST048555,R048554,2/10/2024,1697,Wallet,Delivered
O048555,CUST048556,R048555,4/11/2020,1252,Wallet,Delivered
O048556,CUST048557,R048556,10/5/2023,1366,UPI,Delivered
O048557,CUST048558,R048557,12/20/2019,1157,UPI,Cancelled
O048558,CUST048559,R048558,2/10/2025,542,Card,Delivered
O048559,CUST048560,R048559,6/14/2020,1684,UPI,Delivered
O048560,CUST048561,R048560,5/15/2024,222,Card,Delivered
O048561,CUST048562,R048561,8/16/2021,204,COD,Delivered
O048562,CUST048563,R048562,6/6/2023,1602,Card,Cancelled
O048563,CUST048564,R048563,11/17/2025,593,Wallet,Delivered
O048564,CUST048565,R048564,7/1/2023,886,Card,Delivered
O048565,CUST048566,R048565,10/20/2022,273,COD,Delivered
O048566,CUST048567,R048566,8/25/2020,540,Card,Delivered
O048567,CUST048568,R048567,7/7/2024,424,Wallet,Delivered
O048568,CUST048569,R048568,12/6/2022,1354,Wallet,Delivered
O048569,CUST048570,R048569,7/2/2020,983,Card,Cancelled
O048570,CUST048571,R048570,6/1/2019,774,Wallet,Delivered
O048571,CUST048572,R048571,9/5/2025,202,COD,Delivered
O048572,CUST048573,R048572,8/15/2022,411,Wallet,Delivered
O048573,CUST048574,R048573,4/10/2020,1914,UPI,Delivered
O048574,CUST048575,R048574,4/11/2023,1722,UPI,Delivered
O048575,CUST048576,R048575,10/16/2021,1820,Card,Delivered
O048576,CUST048577,R048576,5/4/2019,680,Card,Delivered
O048577,CUST048578,R048577,7/2/2023,1942,Card,Delivered
O048578,CUST048579,R048578,7/23/2020,809,Wallet,Delivered
O048579,CUST048580,R048579,4/26/2023,584,UPI,Delivered
O048580,CUST048581,R048580,4/23/2020,512,Wallet,Delivered
O048581,CUST048582,R048581,1/6/2022,1442,Card,Delivered
O048582,CUST048583,R048582,5/10/2025,313,COD,Delivered
O048583,CUST048584,R048583,2/1/2022,819,UPI,Delivered
O048584,CUST048585,R048584,1/5/2023,1629,Wallet,Delivered
O048585,CUST048586,R048585,2/3/2020,499,Wallet,Delivered
O048586,CUST048587,R048586,8/10/2024,1958,COD,Delivered
O048587,CUST048588,R048587,4/14/2019,877,Wallet,Delivered
O048588,CUST048589,R048588,2/17/2019,1863,UPI,Delivered
O048589,CUST048590,R048589,5/5/2021,1308,UPI,Delivered
O048590,CUST048591,R048590,8/12/2023,1603,Card,Delivered
O048591,CUST048592,R048591,7/17/2020,599,UPI,Delivered
O048592,CUST048593,R048592,1/23/2021,1211,Wallet,Delivered
O048593,CUST048594,R048593,8/17/2024,302,COD,Delivered
O048594,CUST048595,R048594,4/1/2023,169,Card,Delivered
O048595,CUST048596,R048595,3/19/2023,1874,Card,Delivered
O048596,CUST048597,R048596,2/26/2024,434,Card,Delivered
O048597,CUST048598,R048597,5/28/2020,356,Card,Delivered
O048598,CUST048599,R048598,2/28/2022,607,COD,Delivered
O048599,CUST048600,R048599,3/5/2024,729,COD,Delivered
O048600,CUST048601,R048600,10/23/2019,531,Wallet,Delivered
O048601,CUST048602,R048601,6/11/2023,1480,COD,Delivered
O048602,CUST048603,R048602,8/7/2023,402,Wallet,Delivered
O048603,CUST048604,R048603,8/6/2023,1220,UPI,Delivered
O048604,CUST048605,R048604,10/12/2022,1271,UPI,Delivered
O048605,CUST048606,R048605,2/7/2022,828,Wallet,Delivered
O048606,CUST048607,R048606,4/12/2019,1820,UPI,Cancelled
O048607,CUST048608,R048607,1/16/2023,1687,UPI,Delivered
O048608,CUST048609,R048608,6/14/2025,1981,UPI,Delivered
O048609,CUST048610,R048609,1/21/2021,1106,UPI,Delivered
O048610,CUST048611,R048610,11/9/2020,1634,UPI,Cancelled
O048611,CUST048612,R048611,2/23/2022,158,Wallet,Delivered
O048612,CUST048613,R048612,7/11/2020,105,UPI,Delivered
O048613,CUST048614,R048613,8/15/2025,1983,Card,Delivered
O048614,CUST048615,R048614,5/4/2020,1913,Card,Cancelled
O048615,CUST048616,R048615,3/12/2023,1679,Card,Delivered
O048616,CUST048617,R048616,6/27/2020,601,Card,Delivered
O048617,CUST048618,R048617,10/18/2019,647,Wallet,Delivered
O048618,CUST048619,R048618,3/26/2019,740,Card,Delivered
O048619,CUST048620,R048619,2/2/2021,308,Wallet,Delivered
O048620,CUST048621,R048620,5/22/2025,540,Wallet,Delivered
O048621,CUST048622,R048621,1/5/2019,1357,Card,Delivered
O048622,CUST048623,R048622,5/27/2023,658,Wallet,Delivered
O048623,CUST048624,R048623,4/28/2022,1294,Wallet,Cancelled
O048624,CUST048625,R048624,8/14/2019,785,Wallet,Delivered
O048625,CUST048626,R048625,3/5/2023,1623,UPI,Delivered
O048626,CUST048627,R048626,3/9/2020,1600,Wallet,Delivered
O048627,CUST048628,R048627,10/14/2025,1529,Card,Cancelled
O048628,CUST048629,R048628,6/7/2025,1766,UPI,Delivered
O048629,CUST048630,R048629,10/22/2024,1404,UPI,Cancelled
O048630,CUST048631,R048630,6/12/2021,264,COD,Delivered
O048631,CUST048632,R048631,3/21/2019,530,Wallet,Delivered
O048632,CUST048633,R048632,3/12/2021,1863,COD,Delivered
O048633,CUST048634,R048633,9/16/2022,200,UPI,Delivered
O048634,CUST048635,R048634,2/2/2021,1986,Card,Delivered
O048635,CUST048636,R048635,11/1/2023,274,COD,Delivered
O048636,CUST048637,R048636,5/25/2024,910,Card,Delivered
O048637,CUST048638,R048637,12/24/2019,445,Wallet,Delivered
O048638,CUST048639,R048638,11/27/2025,1208,Card,Delivered
O048639,CUST048640,R048639,3/3/2020,328,COD,Delivered
O048640,CUST048641,R048640,6/8/2020,1319,UPI,Delivered
O048641,CUST048642,R048641,10/2/2022,1382,Card,Delivered
O048642,CUST048643,R048642,11/4/2024,1064,Wallet,Delivered
O048643,CUST048644,R048643,4/27/2021,1782,Card,Delivered
O048644,CUST048645,R048644,11/15/2021,1158,UPI,Delivered
O048645,CUST048646,R048645,4/16/2025,1907,COD,Delivered
O048646,CUST048647,R048646,9/17/2020,244,Wallet,Delivered
O048647,CUST048648,R048647,3/18/2022,173,COD,Delivered
O048648,CUST048649,R048648,4/1/2021,814,Card,Delivered
O048649,CUST048650,R048649,5/26/2024,239,Card,Delivered
O048650,CUST048651,R048650,4/24/2024,490,Wallet,Delivered
O048651,CUST048652,R048651,2/1/2021,1295,Card,Delivered
O048652,CUST048653,R048652,10/21/2023,415,COD,Delivered
O048653,CUST048654,R048653,11/9/2022,1363,COD,Delivered
O048654,CUST048655,R048654,7/5/2020,538,Wallet,Delivered
O048655,CUST048656,R048655,2/12/2020,1108,UPI,Delivered
O048656,CUST048657,R048656,3/28/2025,980,UPI,Delivered
O048657,CUST048658,R048657,9/2/2019,1202,Wallet,Delivered
O048658,CUST048659,R048658,9/16/2023,288,Wallet,Delivered
O048659,CUST048660,R048659,9/12/2020,873,Wallet,Delivered
O048660,CUST048661,R048660,11/12/2024,1864,Card,Delivered
O048661,CUST048662,R048661,3/24/2025,1486,UPI,Delivered
O048662,CUST048663,R048662,11/7/2024,1757,UPI,Delivered
O048663,CUST048664,R048663,9/21/2024,107,UPI,Cancelled
O048664,CUST048665,R048664,10/23/2023,1918,Card,Delivered
O048665,CUST048666,R048665,3/24/2020,1932,COD,Delivered
O048666,CUST048667,R048666,2/4/2023,135,COD,Delivered
O048667,CUST048668,R048667,5/14/2025,329,COD,Delivered
O048668,CUST048669,R048668,9/6/2022,1151,Card,Delivered
O048669,CUST048670,R048669,2/23/2021,1974,Wallet,Delivered
O048670,CUST048671,R048670,12/25/2021,863,Wallet,Delivered
O048671,CUST048672,R048671,8/11/2022,960,COD,Delivered
O048672,CUST048673,R048672,7/23/2020,488,COD,Delivered
O048673,CUST048674,R048673,3/7/2021,1480,Wallet,Delivered
O048674,CUST048675,R048674,9/11/2019,1103,UPI,Delivered
O048675,CUST048676,R048675,12/9/2024,1417,UPI,Delivered
O048676,CUST048677,R048676,5/15/2019,909,Wallet,Delivered
O048677,CUST048678,R048677,12/4/2025,1534,UPI,Delivered
O048678,CUST048679,R048678,11/18/2022,314,COD,Cancelled
O048679,CUST048680,R048679,12/13/2022,1224,UPI,Delivered
O048680,CUST048681,R048680,8/9/2020,1467,UPI,Cancelled
O048681,CUST048682,R048681,10/24/2023,1352,Wallet,Delivered
O048682,CUST048683,R048682,12/26/2025,1163,UPI,Delivered
O048683,CUST048684,R048683,8/16/2025,1952,Wallet,Delivered
O048684,CUST048685,R048684,1/14/2020,148,COD,Delivered
O048685,CUST048686,R048685,8/18/2022,1622,UPI,Cancelled
O048686,CUST048687,R048686,2/23/2019,1682,Card,Delivered
O048687,CUST048688,R048687,10/14/2022,1670,COD,Delivered
O048688,CUST048689,R048688,11/26/2023,1096,UPI,Delivered
O048689,CUST048690,R048689,5/19/2025,141,COD,Delivered
O048690,CUST048691,R048690,4/23/2024,767,COD,Delivered
O048691,CUST048692,R048691,3/6/2019,514,COD,Delivered
O048692,CUST048693,R048692,10/22/2020,840,Wallet,Delivered
O048693,CUST048694,R048693,4/25/2021,1083,COD,Delivered
O048694,CUST048695,R048694,11/6/2023,1013,Wallet,Delivered
O048695,CUST048696,R048695,6/27/2025,779,UPI,Delivered
O048696,CUST048697,R048696,4/10/2019,848,COD,Delivered
O048697,CUST048698,R048697,5/8/2023,1666,Card,Delivered
O048698,CUST048699,R048698,4/13/2024,1904,Card,Delivered
O048699,CUST048700,R048699,7/5/2025,1342,UPI,Delivered
O048700,CUST048701,R048700,6/8/2023,1285,Card,Cancelled
O048701,CUST048702,R048701,3/23/2025,1725,Wallet,Delivered
O048702,CUST048703,R048702,1/13/2020,1659,Card,Delivered
O048703,CUST048704,R048703,11/18/2024,383,UPI,Delivered
O048704,CUST048705,R048704,8/15/2019,173,COD,Delivered
O048705,CUST048706,R048705,8/23/2024,1834,UPI,Delivered
O048706,CUST048707,R048706,11/20/2022,1712,Card,Delivered
O048707,CUST048708,R048707,10/1/2023,803,Wallet,Delivered
O048708,CUST048709,R048708,9/22/2020,894,Card,Delivered
O048709,CUST048710,R048709,6/20/2022,508,Card,Delivered
O048710,CUST048711,R048710,11/23/2025,1283,Wallet,Cancelled
O048711,CUST048712,R048711,4/7/2024,632,Card,Delivered
O048712,CUST048713,R048712,8/1/2020,963,UPI,Cancelled
O048713,CUST048714,R048713,5/3/2020,945,Wallet,Delivered
O048714,CUST048715,R048714,9/4/2025,1944,Card,Delivered
O048715,CUST048716,R048715,7/15/2020,1703,UPI,Cancelled
O048716,CUST048717,R048716,3/18/2022,1613,UPI,Delivered
O048717,CUST048718,R048717,9/16/2021,218,COD,Delivered
O048718,CUST048719,R048718,7/25/2022,513,Card,Delivered
O048719,CUST048720,R048719,10/10/2024,1756,Card,Delivered
O048720,CUST048721,R048720,3/1/2021,847,Card,Delivered
O048721,CUST048722,R048721,2/25/2020,1951,Card,Delivered
O048722,CUST048723,R048722,5/21/2019,553,COD,Delivered
O048723,CUST048724,R048723,7/24/2021,481,Wallet,Delivered
O048724,CUST048725,R048724,6/23/2020,675,COD,Delivered
O048725,CUST048726,R048725,1/8/2019,1181,COD,Delivered
O048726,CUST048727,R048726,9/4/2025,101,COD,Delivered
O048727,CUST048728,R048727,12/5/2021,1604,UPI,Delivered
O048728,CUST048729,R048728,9/8/2025,468,Wallet,Delivered
O048729,CUST048730,R048729,5/28/2024,1229,Wallet,Delivered
O048730,CUST048731,R048730,9/13/2023,1736,Wallet,Delivered
O048731,CUST048732,R048731,7/19/2022,1141,Wallet,Delivered
O048732,CUST048733,R048732,1/5/2019,1416,UPI,Delivered
O048733,CUST048734,R048733,2/24/2023,1475,Card,Delivered
O048734,CUST048735,R048734,7/7/2020,1742,Card,Delivered
O048735,CUST048736,R048735,11/23/2020,169,Wallet,Delivered
O048736,CUST048737,R048736,10/19/2023,1475,COD,Delivered
O048737,CUST048738,R048737,5/18/2024,335,Card,Delivered
O048738,CUST048739,R048738,9/3/2021,1810,Card,Delivered
O048739,CUST048740,R048739,11/16/2023,1618,Card,Delivered
O048740,CUST048741,R048740,8/27/2023,1219,Card,Delivered
O048741,CUST048742,R048741,9/3/2022,575,COD,Cancelled
O048742,CUST048743,R048742,1/22/2019,890,Wallet,Cancelled
O048743,CUST048744,R048743,9/8/2022,637,COD,Cancelled
O048744,CUST048745,R048744,1/28/2022,762,Wallet,Cancelled
O048745,CUST048746,R048745,11/6/2023,1206,COD,Delivered
O048746,CUST048747,R048746,2/6/2023,1136,UPI,Delivered
O048747,CUST048748,R048747,7/1/2020,1358,Wallet,Delivered
O048748,CUST048749,R048748,12/19/2021,797,Card,Delivered
O048749,CUST048750,R048749,5/28/2020,286,COD,Delivered
O048750,CUST048751,R048750,12/3/2023,1047,Card,Delivered
O048751,CUST048752,R048751,8/1/2023,1156,Wallet,Delivered
O048752,CUST048753,R048752,2/26/2022,603,Wallet,Delivered
O048753,CUST048754,R048753,6/10/2024,1042,Wallet,Delivered
O048754,CUST048755,R048754,9/28/2019,764,Card,Delivered
O048755,CUST048756,R048755,8/12/2023,1602,COD,Delivered
O048756,CUST048757,R048756,4/6/2020,1392,UPI,Delivered
O048757,CUST048758,R048757,4/13/2023,1474,UPI,Delivered
O048758,CUST048759,R048758,1/17/2021,1030,UPI,Delivered
O048759,CUST048760,R048759,7/8/2020,1847,Card,Delivered
O048760,CUST048761,R048760,4/12/2025,206,UPI,Delivered
O048761,CUST048762,R048761,8/17/2021,1979,UPI,Delivered
O048762,CUST048763,R048762,7/10/2025,1804,COD,Delivered
O048763,CUST048764,R048763,11/25/2023,1850,UPI,Delivered
O048764,CUST048765,R048764,4/23/2025,771,Wallet,Delivered
O048765,CUST048766,R048765,5/3/2020,263,UPI,Delivered
O048766,CUST048767,R048766,4/22/2024,659,COD,Delivered
O048767,CUST048768,R048767,8/23/2019,381,Wallet,Delivered
O048768,CUST048769,R048768,9/9/2025,328,Card,Delivered
O048769,CUST048770,R048769,8/28/2023,1008,Wallet,Delivered
O048770,CUST048771,R048770,7/8/2025,1135,COD,Delivered
O048771,CUST048772,R048771,11/26/2020,1137,Wallet,Delivered
O048772,CUST048773,R048772,2/3/2022,940,Wallet,Delivered
O048773,CUST048774,R048773,8/7/2022,835,UPI,Delivered
O048774,CUST048775,R048774,11/12/2022,1771,UPI,Delivered
O048775,CUST048776,R048775,8/13/2019,1464,Wallet,Delivered
O048776,CUST048777,R048776,5/6/2023,1471,UPI,Cancelled
O048777,CUST048778,R048777,6/10/2021,388,UPI,Delivered
O048778,CUST048779,R048778,1/26/2021,892,UPI,Delivered
O048779,CUST048780,R048779,11/17/2024,319,Card,Delivered
O048780,CUST048781,R048780,4/17/2020,1941,UPI,Delivered
O048781,CUST048782,R048781,4/18/2022,610,Card,Delivered
O048782,CUST048783,R048782,4/22/2025,625,COD,Delivered
O048783,CUST048784,R048783,6/3/2025,464,COD,Delivered
O048784,CUST048785,R048784,2/21/2022,1224,UPI,Delivered
O048785,CUST048786,R048785,9/11/2022,984,Wallet,Delivered
O048786,CUST048787,R048786,3/25/2019,880,UPI,Delivered
O048787,CUST048788,R048787,7/12/2025,1815,Wallet,Delivered
O048788,CUST048789,R048788,5/16/2024,618,Wallet,Delivered
O048789,CUST048790,R048789,1/8/2023,1559,UPI,Delivered
O048790,CUST048791,R048790,10/10/2019,1810,UPI,Cancelled
O048791,CUST048792,R048791,7/13/2023,1427,UPI,Delivered
O048792,CUST048793,R048792,3/17/2022,531,UPI,Delivered
O048793,CUST048794,R048793,12/18/2020,1096,UPI,Delivered
O048794,CUST048795,R048794,3/20/2020,699,COD,Delivered
O048795,CUST048796,R048795,5/23/2021,1681,Card,Delivered
O048796,CUST048797,R048796,8/18/2021,1981,Card,Delivered
O048797,CUST048798,R048797,2/24/2020,841,Card,Delivered
O048798,CUST048799,R048798,12/6/2024,1657,Card,Delivered
O048799,CUST048800,R048799,3/19/2025,540,Wallet,Delivered
O048800,CUST048801,R048800,3/7/2020,542,COD,Delivered
O048801,CUST048802,R048801,7/25/2019,836,COD,Delivered
O048802,CUST048803,R048802,8/2/2025,1176,Card,Delivered
O048803,CUST048804,R048803,5/5/2019,581,UPI,Delivered
O048804,CUST048805,R048804,8/10/2025,1043,UPI,Delivered
O048805,CUST048806,R048805,1/18/2025,1160,Wallet,Delivered
O048806,CUST048807,R048806,10/2/2021,713,Wallet,Delivered
O048807,CUST048808,R048807,3/14/2019,315,Wallet,Cancelled
O048808,CUST048809,R048808,8/18/2023,1346,UPI,Delivered
O048809,CUST048810,R048809,12/12/2025,1597,Card,Delivered
O048810,CUST048811,R048810,10/19/2022,1644,UPI,Delivered
O048811,CUST048812,R048811,10/15/2022,1764,UPI,Delivered
O048812,CUST048813,R048812,6/14/2020,330,UPI,Cancelled
O048813,CUST048814,R048813,5/17/2024,202,Card,Cancelled
O048814,CUST048815,R048814,3/19/2021,453,Wallet,Delivered
O048815,CUST048816,R048815,7/6/2025,1804,Card,Delivered
O048816,CUST048817,R048816,11/15/2019,197,Card,Delivered
O048817,CUST048818,R048817,7/5/2021,703,UPI,Delivered
O048818,CUST048819,R048818,6/27/2025,393,COD,Delivered
O048819,CUST048820,R048819,10/24/2020,1977,COD,Delivered
O048820,CUST048821,R048820,2/2/2025,515,COD,Delivered
O048821,CUST048822,R048821,1/21/2022,503,COD,Delivered
O048822,CUST048823,R048822,7/1/2024,830,Card,Delivered
O048823,CUST048824,R048823,11/22/2024,833,Wallet,Delivered
O048824,CUST048825,R048824,2/6/2021,947,Wallet,Delivered
O048825,CUST048826,R048825,8/9/2021,530,Wallet,Delivered
O048826,CUST048827,R048826,3/25/2023,1292,UPI,Delivered
O048827,CUST048828,R048827,1/8/2024,1586,Wallet,Delivered
O048828,CUST048829,R048828,5/9/2022,1167,Wallet,Delivered
O048829,CUST048830,R048829,1/3/2025,1287,UPI,Delivered
O048830,CUST048831,R048830,6/21/2020,1078,UPI,Delivered
O048831,CUST048832,R048831,5/16/2022,500,Card,Delivered
O048832,CUST048833,R048832,9/13/2019,1637,Wallet,Delivered
O048833,CUST048834,R048833,9/14/2020,131,Card,Delivered
O048834,CUST048835,R048834,9/15/2024,120,COD,Delivered
O048835,CUST048836,R048835,6/5/2024,1458,UPI,Cancelled
O048836,CUST048837,R048836,2/17/2019,492,COD,Delivered
O048837,CUST048838,R048837,6/28/2025,607,UPI,Delivered
O048838,CUST048839,R048838,1/19/2021,147,COD,Delivered
O048839,CUST048840,R048839,3/19/2022,385,Card,Delivered
O048840,CUST048841,R048840,9/3/2019,318,Wallet,Delivered
O048841,CUST048842,R048841,4/4/2019,1254,COD,Delivered
O048842,CUST048843,R048842,2/28/2020,904,Card,Delivered
O048843,CUST048844,R048843,4/2/2025,695,Wallet,Delivered
O048844,CUST048845,R048844,11/3/2024,116,COD,Delivered
O048845,CUST048846,R048845,7/14/2024,364,Wallet,Delivered
O048846,CUST048847,R048846,12/9/2022,1693,UPI,Delivered
O048847,CUST048848,R048847,9/9/2024,1637,Wallet,Delivered
O048848,CUST048849,R048848,11/15/2024,1248,Wallet,Delivered
O048849,CUST048850,R048849,6/11/2022,108,UPI,Delivered
O048850,CUST048851,R048850,9/23/2020,1410,Wallet,Cancelled
O048851,CUST048852,R048851,6/15/2021,298,COD,Delivered
O048852,CUST048853,R048852,10/14/2024,1902,UPI,Delivered
O048853,CUST048854,R048853,4/14/2021,363,Wallet,Delivered
O048854,CUST048855,R048854,8/5/2024,1299,Card,Delivered
O048855,CUST048856,R048855,11/8/2023,102,Card,Delivered
O048856,CUST048857,R048856,8/3/2023,776,Wallet,Delivered
O048857,CUST048858,R048857,11/3/2024,1538,Wallet,Delivered
O048858,CUST048859,R048858,9/1/2021,409,Wallet,Delivered
O048859,CUST048860,R048859,8/10/2025,1911,COD,Delivered
O048860,CUST048861,R048860,8/11/2022,835,Wallet,Delivered
O048861,CUST048862,R048861,7/15/2022,1784,UPI,Delivered
O048862,CUST048863,R048862,8/4/2020,1165,UPI,Delivered
O048863,CUST048864,R048863,3/10/2021,1454,UPI,Delivered
O048864,CUST048865,R048864,5/17/2019,342,UPI,Delivered
O048865,CUST048866,R048865,12/22/2024,1100,Wallet,Delivered
O048866,CUST048867,R048866,8/15/2019,154,COD,Cancelled
O048867,CUST048868,R048867,8/27/2024,1927,Card,Delivered
O048868,CUST048869,R048868,5/18/2024,1793,Card,Cancelled
O048869,CUST048870,R048869,7/26/2020,393,Card,Delivered
O048870,CUST048871,R048870,7/26/2019,309,COD,Delivered
O048871,CUST048872,R048871,1/26/2021,516,COD,Delivered
O048872,CUST048873,R048872,4/4/2020,643,COD,Delivered
O048873,CUST048874,R048873,3/22/2024,452,COD,Delivered
O048874,CUST048875,R048874,10/10/2024,1444,Card,Delivered
O048875,CUST048876,R048875,2/6/2020,258,Wallet,Delivered
O048876,CUST048877,R048876,11/5/2023,1070,Wallet,Delivered
O048877,CUST048878,R048877,2/11/2025,1144,UPI,Delivered
O048878,CUST048879,R048878,6/3/2025,717,COD,Delivered
O048879,CUST048880,R048879,3/10/2019,1715,Wallet,Delivered
O048880,CUST048881,R048880,2/14/2025,1543,UPI,Delivered
O048881,CUST048882,R048881,9/12/2020,192,UPI,Delivered
O048882,CUST048883,R048882,8/23/2022,1022,UPI,Delivered
O048883,CUST048884,R048883,12/8/2024,1827,Card,Delivered
O048884,CUST048885,R048884,4/21/2022,176,Wallet,Delivered
O048885,CUST048886,R048885,6/13/2022,260,Card,Cancelled
O048886,CUST048887,R048886,10/17/2019,243,Card,Delivered
O048887,CUST048888,R048887,10/5/2024,1833,Card,Cancelled
O048888,CUST048889,R048888,3/15/2020,1573,COD,Delivered
O048889,CUST048890,R048889,6/26/2022,490,UPI,Delivered
O048890,CUST048891,R048890,6/17/2020,522,Wallet,Delivered
O048891,CUST048892,R048891,9/25/2020,585,Card,Delivered
O048892,CUST048893,R048892,9/1/2023,202,COD,Delivered
O048893,CUST048894,R048893,4/20/2021,963,Wallet,Delivered
O048894,CUST048895,R048894,3/3/2024,1470,Card,Delivered
O048895,CUST048896,R048895,4/1/2022,573,Wallet,Delivered
O048896,CUST048897,R048896,6/26/2021,1203,Wallet,Cancelled
O048897,CUST048898,R048897,7/12/2021,738,Wallet,Delivered
O048898,CUST048899,R048898,12/11/2019,1582,UPI,Delivered
O048899,CUST048900,R048899,8/8/2021,1521,COD,Delivered
O048900,CUST048901,R048900,6/13/2019,1449,UPI,Cancelled
O048901,CUST048902,R048901,6/6/2019,1681,UPI,Delivered
O048902,CUST048903,R048902,9/21/2024,1119,Wallet,Delivered
O048903,CUST048904,R048903,1/12/2020,182,COD,Delivered
O048904,CUST048905,R048904,4/19/2022,381,COD,Delivered
O048905,CUST048906,R048905,11/10/2025,1719,COD,Delivered
O048906,CUST048907,R048906,12/14/2022,1958,UPI,Delivered
O048907,CUST048908,R048907,10/26/2024,241,Card,Delivered
O048908,CUST048909,R048908,6/2/2024,232,COD,Delivered
O048909,CUST048910,R048909,8/23/2019,819,Card,Delivered
O048910,CUST048911,R048910,12/21/2021,355,Wallet,Delivered
O048911,CUST048912,R048911,10/26/2025,1689,Card,Delivered
O048912,CUST048913,R048912,12/3/2023,291,COD,Delivered
O048913,CUST048914,R048913,10/7/2023,1239,UPI,Delivered
O048914,CUST048915,R048914,1/1/2021,1298,Card,Delivered
O048915,CUST048916,R048915,6/2/2022,910,COD,Delivered
O048916,CUST048917,R048916,9/6/2022,1698,UPI,Delivered
O048917,CUST048918,R048917,4/14/2025,1053,Wallet,Delivered
O048918,CUST048919,R048918,6/14/2020,1336,Card,Delivered
O048919,CUST048920,R048919,11/9/2022,1574,COD,Delivered
O048920,CUST048921,R048920,9/10/2024,1752,Card,Delivered
O048921,CUST048922,R048921,5/25/2021,276,Card,Delivered
O048922,CUST048923,R048922,11/18/2021,1919,Card,Delivered
O048923,CUST048924,R048923,12/16/2021,400,Wallet,Delivered
O048924,CUST048925,R048924,2/26/2023,1210,Card,Delivered
O048925,CUST048926,R048925,5/18/2019,335,COD,Delivered
O048926,CUST048927,R048926,9/9/2021,1328,COD,Delivered
O048927,CUST048928,R048927,2/4/2024,497,COD,Delivered
O048928,CUST048929,R048928,5/10/2020,953,Wallet,Delivered
O048929,CUST048930,R048929,8/27/2021,853,UPI,Delivered
O048930,CUST048931,R048930,6/2/2022,1098,Wallet,Delivered
O048931,CUST048932,R048931,9/16/2023,1915,Wallet,Delivered
O048932,CUST048933,R048932,4/9/2020,728,COD,Delivered
O048933,CUST048934,R048933,9/10/2024,1970,Card,Delivered
O048934,CUST048935,R048934,9/26/2019,1332,UPI,Delivered
O048935,CUST048936,R048935,5/6/2023,1710,UPI,Delivered
O048936,CUST048937,R048936,11/17/2019,1965,UPI,Delivered
O048937,CUST048938,R048937,6/21/2020,1838,Card,Delivered
O048938,CUST048939,R048938,6/18/2025,1853,Card,Delivered
O048939,CUST048940,R048939,9/3/2021,1956,Card,Delivered
O048940,CUST048941,R048940,3/14/2024,112,COD,Delivered
O048941,CUST048942,R048941,9/5/2025,1104,UPI,Delivered
O048942,CUST048943,R048942,3/21/2023,1848,Wallet,Delivered
O048943,CUST048944,R048943,5/24/2021,714,COD,Delivered
O048944,CUST048945,R048944,5/10/2025,816,COD,Delivered
O048945,CUST048946,R048945,1/19/2022,388,COD,Cancelled
O048946,CUST048947,R048946,5/4/2019,1631,COD,Delivered
O048947,CUST048948,R048947,7/13/2019,949,UPI,Delivered
O048948,CUST048949,R048948,7/7/2025,1326,UPI,Delivered
O048949,CUST048950,R048949,8/14/2023,693,Wallet,Delivered
O048950,CUST048951,R048950,7/3/2020,1499,UPI,Delivered
O048951,CUST048952,R048951,6/12/2025,234,Wallet,Delivered
O048952,CUST048953,R048952,3/12/2021,1566,Card,Delivered
O048953,CUST048954,R048953,7/8/2021,1804,Card,Delivered
O048954,CUST048955,R048954,5/28/2020,1733,Wallet,Delivered
O048955,CUST048956,R048955,8/3/2022,1508,Card,Cancelled
O048956,CUST048957,R048956,6/21/2023,330,Wallet,Delivered
O048957,CUST048958,R048957,1/19/2019,1906,COD,Delivered
O048958,CUST048959,R048958,11/17/2021,1479,UPI,Delivered
O048959,CUST048960,R048959,3/21/2023,1832,Card,Delivered
O048960,CUST048961,R048960,4/16/2023,180,COD,Delivered
O048961,CUST048962,R048961,2/23/2025,942,UPI,Delivered
O048962,CUST048963,R048962,5/17/2020,1957,COD,Delivered
O048963,CUST048964,R048963,10/19/2024,687,COD,Delivered
O048964,CUST048965,R048964,12/1/2024,477,Card,Delivered
O048965,CUST048966,R048965,9/20/2021,798,Wallet,Delivered
O048966,CUST048967,R048966,7/24/2020,993,COD,Cancelled
O048967,CUST048968,R048967,11/5/2022,922,Wallet,Delivered
O048968,CUST048969,R048968,2/27/2020,702,Wallet,Delivered
O048969,CUST048970,R048969,9/10/2024,574,COD,Delivered
O048970,CUST048971,R048970,1/7/2024,1523,Card,Delivered
O048971,CUST048972,R048971,11/12/2021,1761,Card,Delivered
O048972,CUST048973,R048972,9/2/2023,1447,UPI,Delivered
O048973,CUST048974,R048973,9/10/2021,1174,UPI,Delivered
O048974,CUST048975,R048974,5/18/2020,1614,Wallet,Delivered
O048975,CUST048976,R048975,5/11/2020,1574,Card,Delivered
O048976,CUST048977,R048976,11/15/2019,303,Wallet,Delivered
O048977,CUST048978,R048977,2/10/2019,1995,COD,Delivered
O048978,CUST048979,R048978,5/22/2023,415,UPI,Delivered
O048979,CUST048980,R048979,6/19/2020,1665,Card,Delivered
O048980,CUST048981,R048980,7/27/2024,712,COD,Delivered
O048981,CUST048982,R048981,6/21/2024,809,Card,Delivered
O048982,CUST048983,R048982,2/19/2024,365,Card,Delivered
O048983,CUST048984,R048983,8/2/2024,1183,COD,Cancelled
O048984,CUST048985,R048984,7/6/2023,525,Card,Delivered
O048985,CUST048986,R048985,6/27/2020,1064,Wallet,Delivered
O048986,CUST048987,R048986,5/5/2023,792,COD,Delivered
O048987,CUST048988,R048987,8/2/2025,1231,Wallet,Cancelled
O048988,CUST048989,R048988,2/13/2022,1233,Wallet,Delivered
O048989,CUST048990,R048989,10/10/2021,1105,Wallet,Delivered
O048990,CUST048991,R048990,10/4/2020,1612,COD,Delivered
O048991,CUST048992,R048991,5/16/2023,428,UPI,Delivered
O048992,CUST048993,R048992,7/28/2020,1709,Card,Delivered
O048993,CUST048994,R048993,2/1/2024,800,UPI,Delivered
O048994,CUST048995,R048994,3/24/2022,1866,Card,Delivered
O048995,CUST048996,R048995,10/20/2020,409,COD,Delivered
O048996,CUST048997,R048996,10/23/2022,337,COD,Delivered
O048997,CUST048998,R048997,12/22/2021,570,COD,Delivered
O048998,CUST048999,R048998,4/7/2025,1152,Card,Delivered
O048999,CUST049000,R048999,1/5/2019,1848,COD,Delivered
O049000,CUST049001,R049000,12/3/2023,1454,UPI,Delivered
O049001,CUST049002,R049001,3/14/2022,388,Wallet,Cancelled
O049002,CUST049003,R049002,7/26/2024,1194,Wallet,Delivered
O049003,CUST049004,R049003,11/7/2024,1656,Wallet,Delivered
O049004,CUST049005,R049004,9/17/2021,1055,COD,Delivered
O049005,CUST049006,R049005,5/4/2022,1325,UPI,Delivered
O049006,CUST049007,R049006,10/23/2019,1429,UPI,Delivered
O049007,CUST049008,R049007,8/6/2021,1526,Card,Delivered
O049008,CUST049009,R049008,1/21/2022,1926,Wallet,Delivered
O049009,CUST049010,R049009,2/18/2019,1331,COD,Delivered
O049010,CUST049011,R049010,8/16/2023,187,COD,Delivered
O049011,CUST049012,R049011,11/2/2025,1955,Card,Delivered
O049012,CUST049013,R049012,1/15/2019,1507,Card,Delivered
O049013,CUST049014,R049013,4/25/2020,1070,Card,Delivered
O049014,CUST049015,R049014,9/1/2024,432,COD,Delivered
O049015,CUST049016,R049015,7/20/2024,810,COD,Cancelled
O049016,CUST049017,R049016,2/2/2025,421,COD,Delivered
O049017,CUST049018,R049017,11/26/2023,715,Wallet,Delivered
O049018,CUST049019,R049018,6/4/2023,1117,Card,Delivered
O049019,CUST049020,R049019,7/4/2024,1045,Wallet,Delivered
O049020,CUST049021,R049020,3/28/2022,1316,UPI,Delivered
O049021,CUST049022,R049021,7/16/2024,697,COD,Delivered
O049022,CUST049023,R049022,8/27/2019,948,Card,Delivered
O049023,CUST049024,R049023,12/13/2023,1704,Wallet,Delivered
O049024,CUST049025,R049024,5/11/2025,161,COD,Delivered
O049025,CUST049026,R049025,10/12/2023,1123,Wallet,Delivered
O049026,CUST049027,R049026,7/20/2022,937,Wallet,Delivered
O049027,CUST049028,R049027,6/10/2022,621,UPI,Delivered
O049028,CUST049029,R049028,3/10/2023,1521,COD,Delivered
O049029,CUST049030,R049029,10/28/2025,1307,UPI,Delivered
O049030,CUST049031,R049030,8/9/2022,1428,UPI,Delivered
O049031,CUST049032,R049031,8/15/2020,983,Wallet,Delivered
O049032,CUST049033,R049032,8/7/2023,1762,UPI,Delivered
O049033,CUST049034,R049033,2/11/2023,127,UPI,Delivered
O049034,CUST049035,R049034,11/16/2022,1900,UPI,Delivered
O049035,CUST049036,R049035,9/10/2023,1704,Card,Delivered
O049036,CUST049037,R049036,2/24/2022,1570,Card,Cancelled
O049037,CUST049038,R049037,8/22/2021,872,Wallet,Delivered
O049038,CUST049039,R049038,7/2/2022,109,UPI,Delivered
O049039,CUST049040,R049039,11/18/2024,554,COD,Delivered
O049040,CUST049041,R049040,4/21/2021,280,COD,Delivered
O049041,CUST049042,R049041,12/7/2020,249,Card,Delivered
O049042,CUST049043,R049042,6/22/2019,924,Wallet,Delivered
O049043,CUST049044,R049043,12/6/2022,1044,COD,Delivered
O049044,CUST049045,R049044,1/25/2020,1090,Wallet,Delivered
O049045,CUST049046,R049045,7/2/2020,1422,COD,Delivered
O049046,CUST049047,R049046,10/5/2025,756,Wallet,Delivered
O049047,CUST049048,R049047,11/11/2022,1691,UPI,Delivered
O049048,CUST049049,R049048,11/11/2025,1314,Wallet,Delivered
O049049,CUST049050,R049049,11/6/2024,1360,UPI,Delivered
O049050,CUST049051,R049050,11/17/2023,533,UPI,Delivered
O049051,CUST049052,R049051,6/24/2022,737,Wallet,Delivered
O049052,CUST049053,R049052,11/14/2019,169,Card,Delivered
O049053,CUST049054,R049053,3/15/2023,1798,UPI,Delivered
O049054,CUST049055,R049054,1/17/2020,1982,UPI,Delivered
O049055,CUST049056,R049055,6/17/2019,584,Card,Delivered
O049056,CUST049057,R049056,8/28/2023,1846,Card,Delivered
O049057,CUST049058,R049057,5/19/2024,706,Wallet,Delivered
O049058,CUST049059,R049058,8/3/2021,515,Card,Delivered
O049059,CUST049060,R049059,2/15/2023,416,UPI,Delivered
O049060,CUST049061,R049060,7/5/2023,1307,COD,Delivered
O049061,CUST049062,R049061,8/8/2022,469,Wallet,Delivered
O049062,CUST049063,R049062,4/6/2022,1405,UPI,Delivered
O049063,CUST049064,R049063,5/10/2025,1589,UPI,Cancelled
O049064,CUST049065,R049064,3/13/2025,1321,UPI,Delivered
O049065,CUST049066,R049065,12/15/2019,388,Wallet,Delivered
O049066,CUST049067,R049066,7/16/2021,953,UPI,Delivered
O049067,CUST049068,R049067,9/18/2023,300,COD,Delivered
O049068,CUST049069,R049068,11/25/2024,1639,Card,Cancelled
O049069,CUST049070,R049069,7/17/2023,1934,Card,Cancelled
O049070,CUST049071,R049070,2/22/2022,751,Card,Delivered
O049071,CUST049072,R049071,4/3/2024,1572,UPI,Delivered
O049072,CUST049073,R049072,11/18/2021,459,Wallet,Delivered
O049073,CUST049074,R049073,2/6/2023,506,COD,Delivered
O049074,CUST049075,R049074,10/24/2025,621,COD,Delivered
O049075,CUST049076,R049075,3/1/2022,1022,COD,Delivered
O049076,CUST049077,R049076,1/4/2020,682,Wallet,Delivered
O049077,CUST049078,R049077,7/7/2022,937,UPI,Delivered
O049078,CUST049079,R049078,9/17/2021,1061,Wallet,Delivered
O049079,CUST049080,R049079,9/28/2019,570,Wallet,Delivered
O049080,CUST049081,R049080,5/12/2025,1811,Wallet,Delivered
O049081,CUST049082,R049081,1/12/2021,1256,UPI,Delivered
O049082,CUST049083,R049082,3/11/2025,1551,UPI,Delivered
O049083,CUST049084,R049083,9/17/2022,1423,UPI,Delivered
O049084,CUST049085,R049084,10/13/2024,1678,Wallet,Delivered
O049085,CUST049086,R049085,10/13/2023,250,UPI,Cancelled
O049086,CUST049087,R049086,8/15/2023,123,Card,Cancelled
O049087,CUST049088,R049087,5/19/2025,412,COD,Cancelled
O049088,CUST049089,R049088,10/5/2024,1693,Card,Delivered
O049089,CUST049090,R049089,3/13/2022,298,Card,Delivered
O049090,CUST049091,R049090,8/4/2024,554,Card,Delivered
O049091,CUST049092,R049091,7/27/2019,677,COD,Delivered
O049092,CUST049093,R049092,12/23/2021,229,COD,Delivered
O049093,CUST049094,R049093,9/6/2022,582,Wallet,Delivered
O049094,CUST049095,R049094,7/21/2021,777,COD,Delivered
O049095,CUST049096,R049095,2/5/2025,739,Card,Delivered
O049096,CUST049097,R049096,3/26/2022,790,Wallet,Delivered
O049097,CUST049098,R049097,1/1/2025,911,Wallet,Delivered
O049098,CUST049099,R049098,7/11/2024,451,COD,Delivered
O049099,CUST049100,R049099,10/24/2020,1212,Wallet,Delivered
O049100,CUST049101,R049100,4/7/2024,1501,Wallet,Delivered
O049101,CUST049102,R049101,4/8/2025,881,Wallet,Delivered
O049102,CUST049103,R049102,10/2/2021,1432,UPI,Delivered
O049103,CUST049104,R049103,11/20/2021,929,Wallet,Delivered
O049104,CUST049105,R049104,6/15/2025,356,Card,Delivered
O049105,CUST049106,R049105,8/11/2022,1493,Wallet,Delivered
O049106,CUST049107,R049106,1/10/2019,1672,Card,Delivered
O049107,CUST049108,R049107,10/9/2025,1910,UPI,Delivered
O049108,CUST049109,R049108,1/3/2024,1367,UPI,Delivered
O049109,CUST049110,R049109,10/14/2023,407,COD,Delivered
O049110,CUST049111,R049110,1/26/2020,528,UPI,Delivered
O049111,CUST049112,R049111,12/21/2023,111,COD,Delivered
O049112,CUST049113,R049112,6/18/2022,866,Card,Delivered
O049113,CUST049114,R049113,8/1/2021,228,COD,Delivered
O049114,CUST049115,R049114,12/3/2020,1164,COD,Delivered
O049115,CUST049116,R049115,10/24/2021,1048,Card,Delivered
O049116,CUST049117,R049116,12/2/2021,589,Wallet,Delivered
O049117,CUST049118,R049117,3/1/2020,1873,COD,Delivered
O049118,CUST049119,R049118,10/13/2024,221,COD,Delivered
O049119,CUST049120,R049119,6/7/2019,1289,UPI,Cancelled
O049120,CUST049121,R049120,1/4/2020,1526,Wallet,Delivered
O049121,CUST049122,R049121,10/13/2019,1027,Wallet,Delivered
O049122,CUST049123,R049122,6/9/2025,1925,UPI,Delivered
O049123,CUST049124,R049123,1/21/2020,1330,Wallet,Delivered
O049124,CUST049125,R049124,8/15/2024,218,Card,Delivered
O049125,CUST049126,R049125,5/13/2019,1860,UPI,Delivered
O049126,CUST049127,R049126,7/13/2021,1789,COD,Delivered
O049127,CUST049128,R049127,12/25/2020,780,UPI,Delivered
O049128,CUST049129,R049128,4/1/2023,1681,Card,Delivered
O049129,CUST049130,R049129,4/24/2025,205,Wallet,Delivered
O049130,CUST049131,R049130,6/24/2022,1073,Wallet,Delivered
O049131,CUST049132,R049131,7/22/2022,265,Wallet,Delivered
O049132,CUST049133,R049132,10/7/2024,1506,COD,Delivered
O049133,CUST049134,R049133,7/5/2021,681,Wallet,Delivered
O049134,CUST049135,R049134,2/14/2024,1674,Wallet,Delivered
O049135,CUST049136,R049135,9/10/2021,1124,UPI,Delivered
O049136,CUST049137,R049136,3/8/2023,1374,Wallet,Delivered
O049137,CUST049138,R049137,1/18/2024,262,Wallet,Delivered
O049138,CUST049139,R049138,2/20/2023,1016,Wallet,Delivered
O049139,CUST049140,R049139,10/14/2024,1834,COD,Cancelled
O049140,CUST049141,R049140,11/26/2025,1879,Card,Delivered
O049141,CUST049142,R049141,2/16/2021,1900,UPI,Delivered
O049142,CUST049143,R049142,8/25/2023,250,UPI,Delivered
O049143,CUST049144,R049143,2/25/2025,166,COD,Delivered
O049144,CUST049145,R049144,7/23/2020,410,COD,Delivered
O049145,CUST049146,R049145,2/2/2021,277,COD,Delivered
O049146,CUST049147,R049146,5/16/2022,298,COD,Delivered
O049147,CUST049148,R049147,2/8/2024,1290,Card,Delivered
O049148,CUST049149,R049148,10/4/2022,739,Wallet,Delivered
O049149,CUST049150,R049149,9/3/2025,1034,Wallet,Delivered
O049150,CUST049151,R049150,9/13/2019,1065,UPI,Delivered
O049151,CUST049152,R049151,12/1/2021,632,COD,Delivered
O049152,CUST049153,R049152,6/9/2019,1624,Wallet,Delivered
O049153,CUST049154,R049153,1/8/2020,1496,UPI,Delivered
O049154,CUST049155,R049154,6/11/2023,151,UPI,Cancelled
O049155,CUST049156,R049155,1/22/2023,878,UPI,Delivered
O049156,CUST049157,R049156,8/6/2025,1683,UPI,Delivered
O049157,CUST049158,R049157,3/20/2024,1928,Wallet,Delivered
O049158,CUST049159,R049158,3/12/2021,1795,Card,Cancelled
O049159,CUST049160,R049159,12/11/2022,1859,Card,Cancelled
O049160,CUST049161,R049160,10/2/2019,1923,Card,Delivered
O049161,CUST049162,R049161,11/13/2024,1733,COD,Delivered
O049162,CUST049163,R049162,5/26/2020,651,UPI,Delivered
O049163,CUST049164,R049163,1/23/2024,725,COD,Delivered
O049164,CUST049165,R049164,12/26/2023,783,Card,Delivered
O049165,CUST049166,R049165,3/3/2024,111,COD,Delivered
O049166,CUST049167,R049166,5/19/2023,873,Wallet,Delivered
O049167,CUST049168,R049167,4/2/2025,1428,Card,Delivered
O049168,CUST049169,R049168,12/28/2025,298,COD,Delivered
O049169,CUST049170,R049169,10/25/2024,1059,Wallet,Delivered
O049170,CUST049171,R049170,10/11/2021,590,Wallet,Delivered
O049171,CUST049172,R049171,7/10/2023,1172,UPI,Delivered
O049172,CUST049173,R049172,6/2/2019,1409,COD,Delivered
O049173,CUST049174,R049173,5/9/2023,1343,UPI,Delivered
O049174,CUST049175,R049174,6/4/2021,1538,UPI,Delivered
O049175,CUST049176,R049175,7/19/2022,1039,Wallet,Delivered
O049176,CUST049177,R049176,8/13/2021,1997,COD,Delivered
O049177,CUST049178,R049177,10/18/2022,159,COD,Delivered
O049178,CUST049179,R049178,2/9/2019,1673,Card,Delivered
O049179,CUST049180,R049179,5/13/2023,1867,UPI,Delivered
O049180,CUST049181,R049180,11/24/2020,155,Card,Delivered
O049181,CUST049182,R049181,5/2/2020,1989,COD,Delivered
O049182,CUST049183,R049182,1/20/2019,720,UPI,Delivered
O049183,CUST049184,R049183,7/20/2019,250,COD,Delivered
O049184,CUST049185,R049184,1/24/2025,1279,Card,Cancelled
O049185,CUST049186,R049185,10/25/2022,136,COD,Delivered
O049186,CUST049187,R049186,5/6/2025,960,Wallet,Delivered
O049187,CUST049188,R049187,1/27/2021,1198,Card,Cancelled
O049188,CUST049189,R049188,1/28/2022,829,COD,Delivered
O049189,CUST049190,R049189,12/8/2025,1613,Wallet,Delivered
O049190,CUST049191,R049190,6/12/2024,963,COD,Delivered
O049191,CUST049192,R049191,7/10/2019,1289,Card,Cancelled
O049192,CUST049193,R049192,8/8/2025,1532,UPI,Delivered
O049193,CUST049194,R049193,6/8/2022,1672,UPI,Delivered
O049194,CUST049195,R049194,1/24/2022,197,Wallet,Delivered
O049195,CUST049196,R049195,6/17/2019,1348,UPI,Delivered
O049196,CUST049197,R049196,10/15/2021,1767,COD,Delivered
O049197,CUST049198,R049197,5/19/2023,1951,UPI,Delivered
O049198,CUST049199,R049198,4/6/2022,1654,COD,Delivered
O049199,CUST049200,R049199,5/28/2025,1179,COD,Delivered
O049200,CUST049201,R049200,8/21/2023,352,COD,Delivered
O049201,CUST049202,R049201,3/9/2022,917,COD,Delivered
O049202,CUST049203,R049202,2/1/2023,813,UPI,Delivered
O049203,CUST049204,R049203,11/28/2025,1007,Wallet,Delivered
O049204,CUST049205,R049204,4/13/2024,1824,Wallet,Delivered
O049205,CUST049206,R049205,8/9/2025,687,Wallet,Delivered
O049206,CUST049207,R049206,5/9/2020,1761,UPI,Delivered
O049207,CUST049208,R049207,9/25/2025,1253,Wallet,Delivered
O049208,CUST049209,R049208,8/5/2022,1561,UPI,Delivered
O049209,CUST049210,R049209,10/16/2021,1811,UPI,Cancelled
O049210,CUST049211,R049210,9/20/2021,1472,Card,Cancelled
O049211,CUST049212,R049211,1/14/2019,1742,Card,Delivered
O049212,CUST049213,R049212,9/1/2023,1806,Card,Delivered
O049213,CUST049214,R049213,6/12/2020,1870,Card,Delivered
O049214,CUST049215,R049214,11/3/2024,1217,UPI,Delivered
O049215,CUST049216,R049215,9/24/2023,429,Wallet,Delivered
O049216,CUST049217,R049216,7/22/2020,666,COD,Delivered
O049217,CUST049218,R049217,8/8/2021,726,COD,Delivered
O049218,CUST049219,R049218,2/18/2025,304,COD,Delivered
O049219,CUST049220,R049219,5/4/2020,1551,COD,Delivered
O049220,CUST049221,R049220,10/7/2025,912,UPI,Delivered
O049221,CUST049222,R049221,6/6/2019,1221,Wallet,Delivered
O049222,CUST049223,R049222,11/13/2023,539,Wallet,Delivered
O049223,CUST049224,R049223,7/1/2019,1089,UPI,Delivered
O049224,CUST049225,R049224,2/11/2021,1855,COD,Delivered
O049225,CUST049226,R049225,6/10/2025,1466,UPI,Delivered
O049226,CUST049227,R049226,2/6/2021,1661,Card,Delivered
O049227,CUST049228,R049227,11/25/2024,1845,Wallet,Delivered
O049228,CUST049229,R049228,2/5/2023,1423,COD,Delivered
O049229,CUST049230,R049229,12/17/2019,283,Wallet,Cancelled
O049230,CUST049231,R049230,9/18/2021,386,COD,Delivered
O049231,CUST049232,R049231,11/21/2025,1821,Card,Delivered
O049232,CUST049233,R049232,1/26/2022,278,UPI,Delivered
O049233,CUST049234,R049233,12/21/2022,528,COD,Delivered
O049234,CUST049235,R049234,9/1/2021,901,UPI,Delivered
O049235,CUST049236,R049235,8/22/2021,1672,Card,Delivered
O049236,CUST049237,R049236,7/17/2025,277,COD,Delivered
O049237,CUST049238,R049237,10/27/2021,328,Card,Delivered
O049238,CUST049239,R049238,6/27/2024,656,Wallet,Delivered
O049239,CUST049240,R049239,1/23/2025,893,Card,Delivered
O049240,CUST049241,R049240,1/3/2021,1071,Wallet,Delivered
O049241,CUST049242,R049241,4/28/2024,611,Wallet,Delivered
O049242,CUST049243,R049242,4/7/2025,484,COD,Delivered
O049243,CUST049244,R049243,12/6/2025,1476,Card,Delivered
O049244,CUST049245,R049244,6/10/2024,1544,COD,Cancelled
O049245,CUST049246,R049245,1/1/2019,1368,UPI,Delivered
O049246,CUST049247,R049246,12/9/2021,1095,Wallet,Delivered
O049247,CUST049248,R049247,12/17/2025,1529,Wallet,Delivered
O049248,CUST049249,R049248,3/11/2020,1462,Card,Delivered
O049249,CUST049250,R049249,6/12/2022,1838,Wallet,Delivered
O049250,CUST049251,R049250,3/9/2021,1846,Card,Delivered
O049251,CUST049252,R049251,10/20/2024,272,UPI,Delivered
O049252,CUST049253,R049252,8/17/2020,1521,Card,Delivered
O049253,CUST049254,R049253,12/26/2025,688,COD,Delivered
O049254,CUST049255,R049254,12/23/2019,699,Card,Delivered
O049255,CUST049256,R049255,1/17/2023,275,Card,Delivered
O049256,CUST049257,R049256,8/28/2020,1097,COD,Cancelled
O049257,CUST049258,R049257,10/4/2020,446,Card,Delivered
O049258,CUST049259,R049258,4/24/2021,1028,Wallet,Delivered
O049259,CUST049260,R049259,11/4/2021,712,Wallet,Delivered
O049260,CUST049261,R049260,11/1/2025,1145,Wallet,Cancelled
O049261,CUST049262,R049261,7/12/2025,1078,COD,Delivered
O049262,CUST049263,R049262,6/9/2024,566,COD,Delivered
O049263,CUST049264,R049263,10/4/2021,1506,UPI,Delivered
O049264,CUST049265,R049264,6/15/2025,1757,Wallet,Delivered
O049265,CUST049266,R049265,10/26/2022,1137,UPI,Cancelled
O049266,CUST049267,R049266,8/20/2020,479,Wallet,Delivered
O049267,CUST049268,R049267,7/18/2019,1327,Card,Delivered
O049268,CUST049269,R049268,4/12/2025,1835,Card,Delivered
O049269,CUST049270,R049269,10/15/2023,252,COD,Delivered
O049270,CUST049271,R049270,12/20/2024,491,COD,Delivered
O049271,CUST049272,R049271,6/2/2021,1072,Card,Delivered
O049272,CUST049273,R049272,11/5/2019,1805,COD,Delivered
O049273,CUST049274,R049273,11/2/2025,1233,Wallet,Delivered
O049274,CUST049275,R049274,11/13/2023,234,COD,Delivered
O049275,CUST049276,R049275,12/25/2025,784,COD,Delivered
O049276,CUST049277,R049276,2/4/2019,1550,Wallet,Cancelled
O049277,CUST049278,R049277,8/16/2024,955,Wallet,Delivered
O049278,CUST049279,R049278,7/1/2020,1182,UPI,Delivered
O049279,CUST049280,R049279,4/21/2023,1535,Wallet,Delivered
O049280,CUST049281,R049280,2/8/2022,1371,Card,Delivered
O049281,CUST049282,R049281,11/20/2025,1879,Wallet,Delivered
O049282,CUST049283,R049282,9/16/2021,1814,COD,Delivered
O049283,CUST049284,R049283,12/14/2023,107,COD,Delivered
O049284,CUST049285,R049284,2/24/2023,1874,UPI,Delivered
O049285,CUST049286,R049285,1/14/2021,1422,Card,Delivered
O049286,CUST049287,R049286,2/25/2020,1024,Card,Delivered
O049287,CUST049288,R049287,4/23/2021,385,COD,Delivered
O049288,CUST049289,R049288,8/19/2020,405,COD,Delivered
O049289,CUST049290,R049289,11/1/2023,277,COD,Delivered
O049290,CUST049291,R049290,2/25/2024,572,COD,Delivered
O049291,CUST049292,R049291,8/4/2020,842,Card,Delivered
O049292,CUST049293,R049292,9/2/2023,1194,Wallet,Delivered
O049293,CUST049294,R049293,11/2/2020,1162,UPI,Delivered
O049294,CUST049295,R049294,7/14/2020,607,COD,Cancelled
O049295,CUST049296,R049295,7/25/2019,907,Card,Delivered
O049296,CUST049297,R049296,3/9/2025,1667,Wallet,Delivered
O049297,CUST049298,R049297,3/6/2025,1982,UPI,Delivered
O049298,CUST049299,R049298,1/11/2023,1039,UPI,Delivered
O049299,CUST049300,R049299,2/19/2019,1652,UPI,Delivered
O049300,CUST049301,R049300,10/9/2023,1902,COD,Delivered
O049301,CUST049302,R049301,1/21/2024,1966,Wallet,Delivered
O049302,CUST049303,R049302,5/10/2023,1970,Wallet,Delivered
O049303,CUST049304,R049303,2/20/2024,1284,UPI,Delivered
O049304,CUST049305,R049304,4/26/2022,833,Wallet,Delivered
O049305,CUST049306,R049305,3/13/2024,1906,UPI,Cancelled
O049306,CUST049307,R049306,8/13/2019,1918,UPI,Delivered
O049307,CUST049308,R049307,3/14/2022,1746,UPI,Delivered
O049308,CUST049309,R049308,9/8/2025,1618,Card,Delivered
O049309,CUST049310,R049309,1/22/2024,1490,UPI,Delivered
O049310,CUST049311,R049310,1/17/2024,837,COD,Delivered
O049311,CUST049312,R049311,12/28/2019,1794,UPI,Delivered
O049312,CUST049313,R049312,2/16/2024,462,COD,Delivered
O049313,CUST049314,R049313,8/20/2024,190,COD,Delivered
O049314,CUST049315,R049314,4/4/2023,1789,Card,Delivered
O049315,CUST049316,R049315,6/22/2020,824,Wallet,Delivered
O049316,CUST049317,R049316,9/5/2023,900,Card,Delivered
O049317,CUST049318,R049317,12/23/2021,941,COD,Delivered
O049318,CUST049319,R049318,9/28/2025,1523,COD,Cancelled
O049319,CUST049320,R049319,8/7/2019,645,Wallet,Delivered
O049320,CUST049321,R049320,6/9/2024,1411,UPI,Delivered
O049321,CUST049322,R049321,8/9/2022,1234,Wallet,Delivered
O049322,CUST049323,R049322,6/4/2025,1281,UPI,Delivered
O049323,CUST049324,R049323,1/11/2024,453,UPI,Delivered
O049324,CUST049325,R049324,3/23/2021,695,Wallet,Delivered
O049325,CUST049326,R049325,6/11/2022,122,Card,Delivered
O049326,CUST049327,R049326,4/14/2019,1708,UPI,Delivered
O049327,CUST049328,R049327,6/16/2021,1897,UPI,Delivered
O049328,CUST049329,R049328,2/16/2022,440,UPI,Delivered
O049329,CUST049330,R049329,8/28/2019,1572,Card,Cancelled
O049330,CUST049331,R049330,8/18/2023,601,Wallet,Delivered
O049331,CUST049332,R049331,3/2/2025,616,Card,Delivered
O049332,CUST049333,R049332,2/17/2019,261,COD,Delivered
O049333,CUST049334,R049333,10/3/2021,1201,Card,Delivered
O049334,CUST049335,R049334,11/4/2024,1907,COD,Delivered
O049335,CUST049336,R049335,6/26/2025,898,Wallet,Delivered
O049336,CUST049337,R049336,7/26/2025,1075,UPI,Delivered
O049337,CUST049338,R049337,5/4/2023,803,Wallet,Delivered
O049338,CUST049339,R049338,7/8/2024,167,Wallet,Delivered
O049339,CUST049340,R049339,11/9/2019,906,UPI,Delivered
O049340,CUST049341,R049340,10/16/2019,214,Card,Delivered
O049341,CUST049342,R049341,3/24/2020,1496,UPI,Delivered
O049342,CUST049343,R049342,10/15/2023,1791,Card,Delivered
O049343,CUST049344,R049343,11/19/2019,645,Card,Delivered
O049344,CUST049345,R049344,7/2/2023,1715,Card,Delivered
O049345,CUST049346,R049345,7/20/2019,305,Wallet,Delivered
O049346,CUST049347,R049346,3/4/2025,357,COD,Delivered
O049347,CUST049348,R049347,9/22/2025,477,COD,Delivered
O049348,CUST049349,R049348,6/27/2022,985,Card,Delivered
O049349,CUST049350,R049349,7/26/2025,1163,Wallet,Delivered
O049350,CUST049351,R049350,9/5/2021,847,UPI,Delivered
O049351,CUST049352,R049351,8/15/2020,970,COD,Delivered
O049352,CUST049353,R049352,1/25/2022,528,Wallet,Delivered
O049353,CUST049354,R049353,9/11/2023,1775,Wallet,Delivered
O049354,CUST049355,R049354,9/10/2022,1113,UPI,Delivered
O049355,CUST049356,R049355,9/10/2023,1407,UPI,Delivered
O049356,CUST049357,R049356,12/16/2021,1273,Card,Delivered
O049357,CUST049358,R049357,9/12/2020,1823,Wallet,Delivered
O049358,CUST049359,R049358,10/15/2021,1866,UPI,Delivered
O049359,CUST049360,R049359,12/13/2024,1875,Card,Delivered
O049360,CUST049361,R049360,5/17/2020,267,COD,Delivered
O049361,CUST049362,R049361,4/1/2019,1613,Card,Delivered
O049362,CUST049363,R049362,8/8/2025,257,COD,Delivered
O049363,CUST049364,R049363,2/2/2021,507,Card,Delivered
O049364,CUST049365,R049364,2/24/2020,586,COD,Delivered
O049365,CUST049366,R049365,9/22/2019,144,COD,Delivered
O049366,CUST049367,R049366,5/6/2025,503,COD,Delivered
O049367,CUST049368,R049367,2/20/2020,1264,Wallet,Delivered
O049368,CUST049369,R049368,5/4/2024,1061,COD,Delivered
O049369,CUST049370,R049369,2/25/2023,1064,UPI,Delivered
O049370,CUST049371,R049370,5/6/2022,1440,Wallet,Delivered
O049371,CUST049372,R049371,4/16/2021,768,COD,Delivered
O049372,CUST049373,R049372,3/8/2019,1534,Wallet,Delivered
O049373,CUST049374,R049373,4/11/2022,1357,Wallet,Cancelled
O049374,CUST049375,R049374,6/6/2024,802,Wallet,Delivered
O049375,CUST049376,R049375,11/24/2022,1347,UPI,Delivered
O049376,CUST049377,R049376,9/18/2020,707,Wallet,Delivered
O049377,CUST049378,R049377,4/13/2021,309,UPI,Delivered
O049378,CUST049379,R049378,9/10/2024,1409,Wallet,Delivered
O049379,CUST049380,R049379,6/9/2020,1592,Card,Cancelled
O049380,CUST049381,R049380,2/8/2019,1830,Wallet,Delivered
O049381,CUST049382,R049381,3/28/2025,1262,UPI,Delivered
O049382,CUST049383,R049382,1/13/2022,297,COD,Delivered
O049383,CUST049384,R049383,1/25/2019,629,UPI,Delivered
O049384,CUST049385,R049384,1/19/2025,1862,COD,Delivered
O049385,CUST049386,R049385,9/16/2019,722,Card,Delivered
O049386,CUST049387,R049386,11/28/2021,129,COD,Delivered
O049387,CUST049388,R049387,6/1/2024,765,COD,Delivered
O049388,CUST049389,R049388,7/19/2024,962,Card,Delivered
O049389,CUST049390,R049389,3/28/2024,498,COD,Delivered
O049390,CUST049391,R049390,12/7/2022,1827,COD,Delivered
O049391,CUST049392,R049391,9/11/2024,179,COD,Delivered
O049392,CUST049393,R049392,7/6/2022,1208,UPI,Cancelled
O049393,CUST049394,R049393,6/3/2023,1446,COD,Delivered
O049394,CUST049395,R049394,1/12/2019,879,Wallet,Delivered
O049395,CUST049396,R049395,8/8/2022,1814,UPI,Delivered
O049396,CUST049397,R049396,4/20/2021,1300,Wallet,Delivered
O049397,CUST049398,R049397,5/14/2022,1970,Card,Delivered
O049398,CUST049399,R049398,5/11/2021,1717,UPI,Delivered
O049399,CUST049400,R049399,8/9/2019,1646,Card,Delivered
O049400,CUST049401,R049400,9/24/2025,419,UPI,Delivered
O049401,CUST049402,R049401,10/23/2021,1634,UPI,Delivered
O049402,CUST049403,R049402,11/22/2025,115,COD,Delivered
O049403,CUST049404,R049403,10/22/2022,554,COD,Delivered
O049404,CUST049405,R049404,3/20/2024,1696,Card,Delivered
O049405,CUST049406,R049405,1/1/2024,868,Card,Delivered
O049406,CUST049407,R049406,2/25/2025,174,Wallet,Delivered
O049407,CUST049408,R049407,1/6/2025,1588,Wallet,Delivered
O049408,CUST049409,R049408,4/3/2024,968,UPI,Delivered
O049409,CUST049410,R049409,2/8/2019,1518,Wallet,Delivered
O049410,CUST049411,R049410,5/15/2020,157,Wallet,Delivered
O049411,CUST049412,R049411,7/19/2024,872,UPI,Delivered
O049412,CUST049413,R049412,5/12/2024,1689,Card,Delivered
O049413,CUST049414,R049413,9/24/2025,1475,Card,Delivered
O049414,CUST049415,R049414,7/11/2024,1679,UPI,Cancelled
O049415,CUST049416,R049415,3/23/2021,203,UPI,Delivered
O049416,CUST049417,R049416,2/23/2020,1981,COD,Delivered
O049417,CUST049418,R049417,3/21/2024,330,COD,Delivered
O049418,CUST049419,R049418,5/1/2022,198,Card,Cancelled
O049419,CUST049420,R049419,3/13/2019,262,COD,Delivered
O049420,CUST049421,R049420,5/7/2023,1248,Card,Delivered
O049421,CUST049422,R049421,2/3/2025,585,Wallet,Delivered
O049422,CUST049423,R049422,10/2/2021,1135,Wallet,Delivered
O049423,CUST049424,R049423,9/12/2020,786,Wallet,Delivered
O049424,CUST049425,R049424,8/1/2024,532,COD,Delivered
O049425,CUST049426,R049425,9/7/2021,1480,Wallet,Delivered
O049426,CUST049427,R049426,3/6/2025,1092,UPI,Delivered
O049427,CUST049428,R049427,7/5/2024,1897,Wallet,Delivered
O049428,CUST049429,R049428,10/18/2023,830,UPI,Delivered
O049429,CUST049430,R049429,11/5/2022,1641,Card,Cancelled
O049430,CUST049431,R049430,3/18/2019,1849,Wallet,Delivered
O049431,CUST049432,R049431,3/10/2020,1716,Card,Delivered
O049432,CUST049433,R049432,3/10/2021,1773,Card,Cancelled
O049433,CUST049434,R049433,4/2/2020,1876,Card,Delivered
O049434,CUST049435,R049434,3/13/2025,245,COD,Delivered
O049435,CUST049436,R049435,10/24/2021,752,UPI,Delivered
O049436,CUST049437,R049436,3/21/2020,576,Wallet,Delivered
O049437,CUST049438,R049437,7/23/2019,639,Card,Delivered
O049438,CUST049439,R049438,12/2/2023,252,COD,Delivered
O049439,CUST049440,R049439,12/20/2025,752,UPI,Delivered
O049440,CUST049441,R049440,3/28/2019,1513,Card,Delivered
O049441,CUST049442,R049441,5/1/2025,447,COD,Delivered
O049442,CUST049443,R049442,7/27/2024,1018,Wallet,Delivered
O049443,CUST049444,R049443,10/13/2019,380,Wallet,Delivered
O049444,CUST049445,R049444,6/11/2019,1092,UPI,Delivered
O049445,CUST049446,R049445,5/1/2020,1324,COD,Delivered
O049446,CUST049447,R049446,8/8/2023,1253,UPI,Delivered
O049447,CUST049448,R049447,1/3/2020,1491,Wallet,Delivered
O049448,CUST049449,R049448,11/16/2025,1189,Wallet,Delivered
O049449,CUST049450,R049449,5/12/2019,1853,COD,Delivered
O049450,CUST049451,R049450,6/16/2023,1918,COD,Delivered
O049451,CUST049452,R049451,8/7/2023,1529,Card,Delivered
O049452,CUST049453,R049452,2/12/2022,128,UPI,Delivered
O049453,CUST049454,R049453,5/19/2020,1945,Card,Delivered
O049454,CUST049455,R049454,5/27/2023,1899,Card,Delivered
O049455,CUST049456,R049455,5/18/2019,635,UPI,Delivered
O049456,CUST049457,R049456,2/18/2021,170,COD,Delivered
O049457,CUST049458,R049457,6/6/2023,1243,Card,Cancelled
O049458,CUST049459,R049458,1/23/2022,1997,Card,Delivered
O049459,CUST049460,R049459,12/4/2023,870,Wallet,Delivered
O049460,CUST049461,R049460,9/26/2022,1107,Card,Cancelled
O049461,CUST049462,R049461,6/28/2020,805,COD,Delivered
O049462,CUST049463,R049462,8/7/2021,1514,Wallet,Delivered
O049463,CUST049464,R049463,6/11/2023,819,COD,Delivered
O049464,CUST049465,R049464,10/9/2025,1140,UPI,Delivered
O049465,CUST049466,R049465,6/6/2019,1122,UPI,Delivered
O049466,CUST049467,R049466,11/28/2020,1562,UPI,Delivered
O049467,CUST049468,R049467,12/22/2023,1987,Wallet,Delivered
O049468,CUST049469,R049468,6/15/2021,1262,Wallet,Delivered
O049469,CUST049470,R049469,1/13/2023,1687,Card,Delivered
O049470,CUST049471,R049470,12/21/2025,1872,UPI,Delivered
O049471,CUST049472,R049471,6/5/2020,1613,Card,Delivered
O049472,CUST049473,R049472,8/27/2024,529,UPI,Delivered
O049473,CUST049474,R049473,1/20/2019,1735,COD,Delivered
O049474,CUST049475,R049474,8/1/2022,596,Card,Delivered
O049475,CUST049476,R049475,8/1/2021,241,Wallet,Delivered
O049476,CUST049477,R049476,6/21/2023,479,COD,Delivered
O049477,CUST049478,R049477,7/6/2022,1719,Wallet,Delivered
O049478,CUST049479,R049478,10/7/2024,278,Wallet,Delivered
O049479,CUST049480,R049479,12/4/2023,1606,UPI,Cancelled
O049480,CUST049481,R049480,4/23/2020,1147,Wallet,Delivered
O049481,CUST049482,R049481,11/3/2019,1350,UPI,Delivered
O049482,CUST049483,R049482,5/14/2021,1732,UPI,Delivered
O049483,CUST049484,R049483,8/22/2021,1393,Card,Delivered
O049484,CUST049485,R049484,3/12/2024,1656,Card,Cancelled
O049485,CUST049486,R049485,9/28/2019,1759,Card,Delivered
O049486,CUST049487,R049486,10/8/2022,1824,COD,Delivered
O049487,CUST049488,R049487,4/2/2025,1132,UPI,Delivered
O049488,CUST049489,R049488,10/22/2019,285,COD,Delivered
O049489,CUST049490,R049489,7/21/2023,523,COD,Delivered
O049490,CUST049491,R049490,6/7/2020,446,COD,Delivered
O049491,CUST049492,R049491,8/16/2022,1839,COD,Delivered
O049492,CUST049493,R049492,8/26/2025,1396,COD,Delivered
O049493,CUST049494,R049493,6/4/2023,763,UPI,Delivered
O049494,CUST049495,R049494,1/4/2021,1142,Wallet,Delivered
O049495,CUST049496,R049495,12/9/2021,503,Wallet,Delivered
O049496,CUST049497,R049496,1/3/2021,1046,Card,Delivered
O049497,CUST049498,R049497,12/9/2021,1764,COD,Delivered
O049498,CUST049499,R049498,2/9/2019,1376,UPI,Delivered
O049499,CUST049500,R049499,2/5/2022,1440,Card,Delivered
O049500,CUST049501,R049500,7/25/2020,1803,Wallet,Delivered
O049501,CUST049502,R049501,7/4/2019,1279,COD,Delivered
O049502,CUST049503,R049502,3/16/2025,140,Wallet,Cancelled
O049503,CUST049504,R049503,4/16/2025,237,Card,Delivered
O049504,CUST049505,R049504,5/18/2024,1455,Card,Delivered
O049505,CUST049506,R049505,7/21/2022,167,Card,Delivered
O049506,CUST049507,R049506,12/19/2024,380,Wallet,Delivered
O049507,CUST049508,R049507,1/27/2021,1185,UPI,Delivered
O049508,CUST049509,R049508,11/20/2021,118,COD,Delivered
O049509,CUST049510,R049509,1/26/2024,663,Wallet,Delivered
O049510,CUST049511,R049510,8/3/2023,536,Card,Delivered
O049511,CUST049512,R049511,2/4/2019,565,COD,Delivered
O049512,CUST049513,R049512,10/28/2024,808,Card,Delivered
O049513,CUST049514,R049513,12/28/2019,992,COD,Delivered
O049514,CUST049515,R049514,8/28/2025,512,COD,Delivered
O049515,CUST049516,R049515,11/6/2022,340,COD,Delivered
O049516,CUST049517,R049516,3/4/2024,1326,UPI,Cancelled
O049517,CUST049518,R049517,10/9/2020,1134,Card,Delivered
O049518,CUST049519,R049518,4/24/2019,1257,UPI,Delivered
O049519,CUST049520,R049519,11/8/2021,1513,Wallet,Delivered
O049520,CUST049521,R049520,12/15/2020,1385,Wallet,Cancelled
O049521,CUST049522,R049521,6/8/2022,1382,UPI,Delivered
O049522,CUST049523,R049522,12/14/2023,1753,Wallet,Delivered
O049523,CUST049524,R049523,4/7/2025,1799,Card,Delivered
O049524,CUST049525,R049524,2/27/2024,224,UPI,Delivered
O049525,CUST049526,R049525,6/16/2025,1436,Card,Delivered
O049526,CUST049527,R049526,1/25/2021,609,Card,Delivered
O049527,CUST049528,R049527,7/22/2025,619,UPI,Delivered
O049528,CUST049529,R049528,11/16/2022,1895,Card,Delivered
O049529,CUST049530,R049529,7/27/2021,986,Card,Cancelled
O049530,CUST049531,R049530,6/3/2021,1938,Card,Delivered
O049531,CUST049532,R049531,4/18/2019,874,Wallet,Delivered
O049532,CUST049533,R049532,7/2/2023,606,COD,Delivered
O049533,CUST049534,R049533,4/25/2020,1045,Wallet,Delivered
O049534,CUST049535,R049534,9/10/2024,999,COD,Cancelled
O049535,CUST049536,R049535,5/11/2023,480,COD,Delivered
O049536,CUST049537,R049536,12/1/2020,1415,UPI,Delivered
O049537,CUST049538,R049537,4/13/2021,853,Wallet,Delivered
O049538,CUST049539,R049538,7/26/2025,1097,UPI,Cancelled
O049539,CUST049540,R049539,1/19/2021,399,Wallet,Delivered
O049540,CUST049541,R049540,3/16/2020,1247,Wallet,Cancelled
O049541,CUST049542,R049541,3/11/2019,1686,UPI,Delivered
O049542,CUST049543,R049542,10/22/2023,1615,Card,Delivered
O049543,CUST049544,R049543,11/13/2020,1598,Card,Delivered
O049544,CUST049545,R049544,11/22/2021,495,Card,Delivered
O049545,CUST049546,R049545,11/24/2020,1234,Card,Cancelled
O049546,CUST049547,R049546,5/22/2022,1090,Wallet,Delivered
O049547,CUST049548,R049547,3/5/2024,198,COD,Delivered
O049548,CUST049549,R049548,6/26/2019,567,COD,Delivered
O049549,CUST049550,R049549,6/2/2022,1459,Wallet,Delivered
O049550,CUST049551,R049550,8/14/2019,865,Wallet,Delivered
O049551,CUST049552,R049551,3/26/2021,1141,UPI,Delivered
O049552,CUST049553,R049552,12/20/2019,1498,Wallet,Delivered
O049553,CUST049554,R049553,6/6/2025,1291,Card,Delivered
O049554,CUST049555,R049554,2/18/2024,1731,COD,Delivered
O049555,CUST049556,R049555,4/15/2025,1659,Card,Delivered
O049556,CUST049557,R049556,3/14/2025,1641,Card,Delivered
O049557,CUST049558,R049557,6/24/2021,1595,UPI,Delivered
O049558,CUST049559,R049558,1/12/2023,1279,Card,Delivered
O049559,CUST049560,R049559,1/22/2025,881,UPI,Cancelled
O049560,CUST049561,R049560,5/21/2020,491,Card,Cancelled
O049561,CUST049562,R049561,6/21/2023,358,COD,Delivered
O049562,CUST049563,R049562,9/25/2024,231,COD,Delivered
O049563,CUST049564,R049563,6/23/2024,482,COD,Delivered
O049564,CUST049565,R049564,8/1/2023,756,COD,Delivered
O049565,CUST049566,R049565,9/2/2019,1115,COD,Delivered
O049566,CUST049567,R049566,9/1/2020,952,UPI,Delivered
O049567,CUST049568,R049567,2/13/2024,502,COD,Cancelled
O049568,CUST049569,R049568,10/24/2025,752,UPI,Delivered
O049569,CUST049570,R049569,7/8/2021,1257,Wallet,Delivered
O049570,CUST049571,R049570,12/5/2021,1877,Wallet,Delivered
O049571,CUST049572,R049571,8/7/2023,939,UPI,Delivered
O049572,CUST049573,R049572,9/17/2020,1508,UPI,Delivered
O049573,CUST049574,R049573,8/7/2024,107,COD,Delivered
O049574,CUST049575,R049574,8/23/2025,1876,Wallet,Delivered
O049575,CUST049576,R049575,11/9/2022,1748,Card,Delivered
O049576,CUST049577,R049576,9/18/2019,147,COD,Delivered
O049577,CUST049578,R049577,12/24/2019,1559,Card,Delivered
O049578,CUST049579,R049578,5/24/2021,732,COD,Cancelled
O049579,CUST049580,R049579,9/24/2020,743,Wallet,Cancelled
O049580,CUST049581,R049580,3/23/2024,608,Wallet,Cancelled
O049581,CUST049582,R049581,2/19/2024,1507,UPI,Delivered
O049582,CUST049583,R049582,2/21/2020,1081,UPI,Delivered
O049583,CUST049584,R049583,6/15/2025,688,COD,Delivered
O049584,CUST049585,R049584,9/27/2022,1650,UPI,Cancelled
O049585,CUST049586,R049585,12/15/2019,363,COD,Delivered
O049586,CUST049587,R049586,10/18/2022,863,Card,Delivered
O049587,CUST049588,R049587,2/5/2022,1699,Card,Cancelled
O049588,CUST049589,R049588,1/19/2021,733,Wallet,Delivered
O049589,CUST049590,R049589,7/1/2020,858,Card,Delivered
O049590,CUST049591,R049590,8/22/2024,905,COD,Delivered
O049591,CUST049592,R049591,9/27/2024,1443,Card,Cancelled
O049592,CUST049593,R049592,11/6/2019,559,Wallet,Delivered
O049593,CUST049594,R049593,6/8/2025,1320,UPI,Delivered
O049594,CUST049595,R049594,11/9/2023,1124,COD,Delivered
O049595,CUST049596,R049595,7/3/2025,741,Wallet,Delivered
O049596,CUST049597,R049596,2/10/2020,304,Wallet,Delivered
O049597,CUST049598,R049597,8/22/2024,552,Wallet,Delivered
O049598,CUST049599,R049598,8/9/2021,1881,Card,Delivered
O049599,CUST049600,R049599,5/13/2022,1858,Card,Delivered
O049600,CUST049601,R049600,12/17/2022,1786,UPI,Delivered
O049601,CUST049602,R049601,5/14/2025,349,UPI,Delivered
O049602,CUST049603,R049602,8/26/2022,1487,UPI,Delivered
O049603,CUST049604,R049603,7/16/2023,522,Wallet,Delivered
O049604,CUST049605,R049604,1/24/2023,214,Card,Delivered
O049605,CUST049606,R049605,1/15/2021,219,COD,Delivered
O049606,CUST049607,R049606,1/2/2020,1112,Card,Delivered
O049607,CUST049608,R049607,11/3/2023,1752,Card,Delivered
O049608,CUST049609,R049608,3/25/2020,536,Wallet,Delivered
O049609,CUST049610,R049609,1/5/2023,976,Wallet,Delivered
O049610,CUST049611,R049610,1/3/2024,660,COD,Delivered
O049611,CUST049612,R049611,12/6/2021,1497,COD,Cancelled
O049612,CUST049613,R049612,1/7/2024,584,Wallet,Delivered
O049613,CUST049614,R049613,5/12/2021,1402,UPI,Delivered
O049614,CUST049615,R049614,2/16/2020,1022,UPI,Delivered
O049615,CUST049616,R049615,5/7/2020,1706,UPI,Delivered
O049616,CUST049617,R049616,3/10/2025,565,Card,Delivered
O049617,CUST049618,R049617,1/25/2023,1636,Card,Delivered
O049618,CUST049619,R049618,12/17/2019,264,COD,Delivered
O049619,CUST049620,R049619,9/3/2023,310,Card,Delivered
O049620,CUST049621,R049620,5/21/2019,386,Card,Delivered
O049621,CUST049622,R049621,3/26/2020,580,Card,Delivered
O049622,CUST049623,R049622,3/26/2021,1020,Wallet,Delivered
O049623,CUST049624,R049623,5/4/2020,748,Wallet,Delivered
O049624,CUST049625,R049624,11/14/2019,689,COD,Delivered
O049625,CUST049626,R049625,11/23/2022,628,Wallet,Delivered
O049626,CUST049627,R049626,9/13/2019,1621,Wallet,Delivered
O049627,CUST049628,R049627,8/3/2021,1066,UPI,Delivered
O049628,CUST049629,R049628,5/8/2025,1365,UPI,Delivered
O049629,CUST049630,R049629,3/14/2024,1193,UPI,Delivered
O049630,CUST049631,R049630,7/6/2023,1744,Wallet,Delivered
O049631,CUST049632,R049631,5/14/2019,1781,UPI,Delivered
O049632,CUST049633,R049632,10/13/2023,1827,Card,Delivered
O049633,CUST049634,R049633,4/16/2023,1947,Card,Delivered
O049634,CUST049635,R049634,5/27/2022,1209,UPI,Delivered
O049635,CUST049636,R049635,1/7/2019,114,COD,Delivered
O049636,CUST049637,R049636,12/27/2022,363,Card,Delivered
O049637,CUST049638,R049637,8/24/2021,480,COD,Delivered
O049638,CUST049639,R049638,11/19/2024,289,COD,Delivered
O049639,CUST049640,R049639,8/7/2019,348,COD,Delivered
O049640,CUST049641,R049640,2/18/2022,1114,Wallet,Delivered
O049641,CUST049642,R049641,9/2/2022,981,Card,Delivered
O049642,CUST049643,R049642,4/24/2024,854,UPI,Delivered
O049643,CUST049644,R049643,6/1/2023,1360,Wallet,Delivered
O049644,CUST049645,R049644,6/14/2020,682,Wallet,Delivered
O049645,CUST049646,R049645,7/7/2022,1443,UPI,Delivered
O049646,CUST049647,R049646,12/10/2025,1738,Wallet,Delivered
O049647,CUST049648,R049647,10/9/2020,869,UPI,Delivered
O049648,CUST049649,R049648,9/1/2021,1630,Wallet,Delivered
O049649,CUST049650,R049649,9/23/2019,992,Wallet,Delivered
O049650,CUST049651,R049650,4/18/2023,161,UPI,Delivered
O049651,CUST049652,R049651,6/14/2024,1379,COD,Delivered
O049652,CUST049653,R049652,1/11/2023,1481,UPI,Delivered
O049653,CUST049654,R049653,10/6/2023,1681,Wallet,Delivered
O049654,CUST049655,R049654,3/26/2021,1183,UPI,Delivered
O049655,CUST049656,R049655,7/12/2020,217,COD,Delivered
O049656,CUST049657,R049656,1/17/2022,586,Wallet,Delivered
O049657,CUST049658,R049657,11/17/2019,1815,Card,Delivered
O049658,CUST049659,R049658,5/15/2020,633,UPI,Delivered
O049659,CUST049660,R049659,4/26/2022,1939,Card,Delivered
O049660,CUST049661,R049660,2/28/2019,548,COD,Delivered
O049661,CUST049662,R049661,6/18/2020,862,Card,Delivered
O049662,CUST049663,R049662,6/26/2023,355,COD,Delivered
O049663,CUST049664,R049663,7/6/2020,1678,Card,Delivered
O049664,CUST049665,R049664,12/10/2023,280,COD,Delivered
O049665,CUST049666,R049665,5/5/2020,1097,UPI,Delivered
O049666,CUST049667,R049666,1/1/2025,1341,UPI,Delivered
O049667,CUST049668,R049667,5/10/2019,799,Wallet,Delivered
O049668,CUST049669,R049668,3/6/2022,1734,UPI,Delivered
O049669,CUST049670,R049669,10/14/2019,1215,Wallet,Delivered
O049670,CUST049671,R049670,2/12/2021,1924,Card,Delivered
O049671,CUST049672,R049671,12/10/2020,1304,Wallet,Delivered
O049672,CUST049673,R049672,9/8/2022,1560,Card,Delivered
O049673,CUST049674,R049673,6/22/2023,339,Wallet,Delivered
O049674,CUST049675,R049674,9/20/2022,1491,UPI,Delivered
O049675,CUST049676,R049675,1/21/2023,1916,Card,Delivered
O049676,CUST049677,R049676,1/21/2021,448,COD,Delivered
O049677,CUST049678,R049677,7/19/2020,1797,Card,Delivered
O049678,CUST049679,R049678,6/2/2022,714,Card,Delivered
O049679,CUST049680,R049679,1/23/2025,1970,COD,Delivered
O049680,CUST049681,R049680,8/5/2021,886,COD,Delivered
O049681,CUST049682,R049681,7/28/2019,461,Wallet,Delivered
O049682,CUST049683,R049682,3/23/2019,1006,COD,Delivered
O049683,CUST049684,R049683,2/7/2021,1540,Wallet,Delivered
O049684,CUST049685,R049684,1/11/2021,397,UPI,Delivered
O049685,CUST049686,R049685,9/3/2019,1648,Card,Delivered
O049686,CUST049687,R049686,10/23/2021,1396,Card,Delivered
O049687,CUST049688,R049687,7/10/2023,1536,UPI,Cancelled
O049688,CUST049689,R049688,6/22/2021,1954,UPI,Delivered
O049689,CUST049690,R049689,9/22/2021,492,COD,Delivered
O049690,CUST049691,R049690,6/20/2025,476,Card,Delivered
O049691,CUST049692,R049691,2/3/2025,1945,Card,Delivered
O049692,CUST049693,R049692,3/11/2021,112,COD,Delivered
O049693,CUST049694,R049693,3/5/2019,1104,UPI,Delivered
O049694,CUST049695,R049694,4/17/2022,549,Wallet,Delivered
O049695,CUST049696,R049695,12/24/2022,1094,COD,Delivered
O049696,CUST049697,R049696,11/10/2019,694,Wallet,Delivered
O049697,CUST049698,R049697,11/26/2019,441,COD,Delivered
O049698,CUST049699,R049698,5/6/2024,1265,COD,Delivered
O049699,CUST049700,R049699,3/5/2019,1056,UPI,Delivered
O049700,CUST049701,R049700,3/4/2025,1817,Wallet,Delivered
O049701,CUST049702,R049701,10/16/2025,681,Wallet,Delivered
O049702,CUST049703,R049702,2/3/2021,1487,Card,Delivered
O049703,CUST049704,R049703,6/15/2025,1993,Wallet,Delivered
O049704,CUST049705,R049704,2/13/2025,1610,UPI,Delivered
O049705,CUST049706,R049705,11/8/2025,1629,Card,Delivered
O049706,CUST049707,R049706,11/28/2021,1733,Card,Delivered
O049707,CUST049708,R049707,9/10/2022,166,COD,Delivered
O049708,CUST049709,R049708,3/19/2024,710,UPI,Delivered
O049709,CUST049710,R049709,1/20/2023,354,Wallet,Delivered
O049710,CUST049711,R049710,7/21/2021,549,Card,Delivered
O049711,CUST049712,R049711,5/28/2024,167,Card,Delivered
O049712,CUST049713,R049712,11/27/2021,672,Wallet,Delivered
O049713,CUST049714,R049713,2/27/2022,1477,Card,Delivered
O049714,CUST049715,R049714,8/28/2025,342,Wallet,Delivered
O049715,CUST049716,R049715,2/26/2021,1104,UPI,Delivered
O049716,CUST049717,R049716,7/11/2020,720,Wallet,Delivered
O049717,CUST049718,R049717,1/14/2022,1226,UPI,Delivered
O049718,CUST049719,R049718,2/3/2020,1290,COD,Delivered
O049719,CUST049720,R049719,8/9/2019,1110,UPI,Delivered
O049720,CUST049721,R049720,4/5/2024,1086,Wallet,Delivered
O049721,CUST049722,R049721,5/10/2023,1098,COD,Delivered
O049722,CUST049723,R049722,7/10/2020,1807,Card,Cancelled
O049723,CUST049724,R049723,12/12/2023,1871,COD,Cancelled
O049724,CUST049725,R049724,9/6/2019,1443,UPI,Cancelled
O049725,CUST049726,R049725,6/10/2025,1949,UPI,Delivered
O049726,CUST049727,R049726,8/18/2019,1866,Card,Delivered
O049727,CUST049728,R049727,7/27/2020,1620,Card,Cancelled
O049728,CUST049729,R049728,8/17/2025,523,Card,Delivered
O049729,CUST049730,R049729,7/17/2024,271,COD,Delivered
O049730,CUST049731,R049730,7/5/2019,1094,Card,Delivered
O049731,CUST049732,R049731,12/22/2022,1853,Card,Delivered
O049732,CUST049733,R049732,10/28/2023,769,Wallet,Delivered
O049733,CUST049734,R049733,7/24/2023,746,COD,Delivered
O049734,CUST049735,R049734,3/22/2023,715,COD,Delivered
O049735,CUST049736,R049735,7/5/2019,1423,Wallet,Delivered
O049736,CUST049737,R049736,1/9/2025,603,COD,Delivered
O049737,CUST049738,R049737,1/7/2022,1103,UPI,Delivered
O049738,CUST049739,R049738,2/5/2020,1043,Wallet,Delivered
O049739,CUST049740,R049739,6/27/2024,1482,UPI,Delivered
O049740,CUST049741,R049740,3/21/2022,1901,Wallet,Delivered
O049741,CUST049742,R049741,12/12/2024,1152,UPI,Delivered
O049742,CUST049743,R049742,10/12/2019,1832,Card,Delivered
O049743,CUST049744,R049743,5/20/2025,1723,UPI,Delivered
O049744,CUST049745,R049744,6/3/2022,1469,Card,Delivered
O049745,CUST049746,R049745,6/25/2020,385,UPI,Delivered
O049746,CUST049747,R049746,10/19/2025,1375,Card,Delivered
O049747,CUST049748,R049747,9/23/2023,375,Card,Delivered
O049748,CUST049749,R049748,3/27/2021,150,COD,Delivered
O049749,CUST049750,R049749,3/18/2020,393,Card,Delivered
O049750,CUST049751,R049750,9/2/2024,1212,Card,Delivered
O049751,CUST049752,R049751,9/28/2020,1715,COD,Delivered
O049752,CUST049753,R049752,6/24/2019,1136,UPI,Delivered
O049753,CUST049754,R049753,7/16/2019,628,Wallet,Delivered
O049754,CUST049755,R049754,11/23/2024,1196,UPI,Delivered
O049755,CUST049756,R049755,9/7/2019,1876,Wallet,Delivered
O049756,CUST049757,R049756,4/21/2023,1810,Card,Delivered
O049757,CUST049758,R049757,8/11/2020,1513,Card,Delivered
O049758,CUST049759,R049758,11/26/2025,1616,UPI,Delivered
O049759,CUST049760,R049759,4/6/2019,1419,COD,Cancelled
O049760,CUST049761,R049760,9/25/2021,1020,Wallet,Delivered
O049761,CUST049762,R049761,8/15/2020,238,COD,Delivered
O049762,CUST049763,R049762,7/19/2025,438,COD,Delivered
O049763,CUST049764,R049763,10/5/2020,367,Card,Delivered
O049764,CUST049765,R049764,11/15/2023,1758,Card,Delivered
O049765,CUST049766,R049765,2/25/2019,1180,Card,Delivered
O049766,CUST049767,R049766,9/3/2022,717,Wallet,Delivered
O049767,CUST049768,R049767,1/3/2020,987,Wallet,Delivered
O049768,CUST049769,R049768,2/7/2024,608,Wallet,Delivered
O049769,CUST049770,R049769,6/2/2025,903,UPI,Delivered
O049770,CUST049771,R049770,11/6/2022,1665,COD,Delivered
O049771,CUST049772,R049771,8/7/2023,1233,UPI,Delivered
O049772,CUST049773,R049772,4/3/2021,1035,Card,Delivered
O049773,CUST049774,R049773,6/19/2019,1649,Wallet,Delivered
O049774,CUST049775,R049774,2/2/2021,1756,COD,Delivered
O049775,CUST049776,R049775,2/14/2025,1999,Wallet,Delivered
O049776,CUST049777,R049776,4/14/2020,157,Card,Cancelled
O049777,CUST049778,R049777,12/20/2022,1375,Card,Delivered
O049778,CUST049779,R049778,10/20/2021,1984,Card,Delivered
O049779,CUST049780,R049779,4/26/2022,333,Wallet,Delivered
O049780,CUST049781,R049780,4/26/2022,1138,UPI,Delivered
O049781,CUST049782,R049781,8/19/2019,225,COD,Cancelled
O049782,CUST049783,R049782,2/25/2020,520,COD,Delivered
O049783,CUST049784,R049783,3/3/2022,392,Card,Delivered
O049784,CUST049785,R049784,11/2/2025,887,Wallet,Delivered
O049785,CUST049786,R049785,8/25/2025,695,COD,Delivered
O049786,CUST049787,R049786,11/28/2020,1266,Wallet,Delivered
O049787,CUST049788,R049787,8/4/2021,849,COD,Delivered
O049788,CUST049789,R049788,10/8/2020,726,Card,Delivered
O049789,CUST049790,R049789,10/9/2022,1290,UPI,Delivered
O049790,CUST049791,R049790,5/10/2021,1055,Card,Delivered
O049791,CUST049792,R049791,11/23/2023,1172,Wallet,Delivered
O049792,CUST049793,R049792,2/6/2020,1422,Wallet,Delivered
O049793,CUST049794,R049793,12/14/2023,1338,Wallet,Delivered
O049794,CUST049795,R049794,3/8/2025,1359,UPI,Delivered
O049795,CUST049796,R049795,5/13/2024,1610,Wallet,Cancelled
O049796,CUST049797,R049796,12/6/2019,1655,UPI,Delivered
O049797,CUST049798,R049797,1/25/2019,1976,UPI,Delivered
O049798,CUST049799,R049798,3/14/2024,1070,UPI,Cancelled
O049799,CUST049800,R049799,10/17/2023,498,Card,Delivered
O049800,CUST049801,R049800,8/20/2020,470,UPI,Delivered
O049801,CUST049802,R049801,8/14/2019,1815,Card,Delivered
O049802,CUST049803,R049802,9/25/2021,907,Card,Delivered
O049803,CUST049804,R049803,12/5/2021,1727,UPI,Delivered
O049804,CUST049805,R049804,7/17/2025,832,COD,Delivered
O049805,CUST049806,R049805,11/1/2019,515,COD,Delivered
O049806,CUST049807,R049806,6/24/2023,955,Wallet,Delivered
O049807,CUST049808,R049807,9/9/2025,1149,COD,Delivered
O049808,CUST049809,R049808,8/8/2019,380,COD,Delivered
O049809,CUST049810,R049809,4/28/2023,1272,UPI,Cancelled
O049810,CUST049811,R049810,7/12/2020,704,Wallet,Delivered
O049811,CUST049812,R049811,12/23/2022,687,UPI,Delivered
O049812,CUST049813,R049812,10/14/2025,113,Wallet,Delivered
O049813,CUST049814,R049813,7/15/2024,1142,Wallet,Cancelled
O049814,CUST049815,R049814,4/8/2021,1607,UPI,Cancelled
O049815,CUST049816,R049815,9/20/2021,1535,UPI,Delivered
O049816,CUST049817,R049816,5/15/2021,1512,Card,Cancelled
O049817,CUST049818,R049817,11/18/2021,448,UPI,Delivered
O049818,CUST049819,R049818,2/24/2021,1188,Card,Cancelled
O049819,CUST049820,R049819,10/20/2023,572,COD,Delivered
O049820,CUST049821,R049820,5/4/2020,1777,Card,Delivered
O049821,CUST049822,R049821,10/19/2019,1897,Card,Delivered
O049822,CUST049823,R049822,7/23/2025,932,COD,Delivered
O049823,CUST049824,R049823,7/6/2020,1283,Wallet,Delivered
O049824,CUST049825,R049824,8/18/2024,730,UPI,Delivered
O049825,CUST049826,R049825,11/14/2025,1344,Wallet,Delivered
O049826,CUST049827,R049826,9/2/2020,1187,UPI,Delivered
O049827,CUST049828,R049827,1/17/2024,1695,COD,Delivered
O049828,CUST049829,R049828,11/13/2019,1579,Card,Delivered
O049829,CUST049830,R049829,6/15/2021,1556,Card,Delivered
O049830,CUST049831,R049830,8/21/2019,1505,UPI,Delivered
O049831,CUST049832,R049831,8/11/2022,1232,UPI,Delivered
O049832,CUST049833,R049832,9/22/2021,664,Card,Delivered
O049833,CUST049834,R049833,3/19/2025,411,Card,Delivered
O049834,CUST049835,R049834,2/20/2024,215,Card,Delivered
O049835,CUST049836,R049835,4/24/2021,1988,Card,Delivered
O049836,CUST049837,R049836,4/23/2023,376,Wallet,Delivered
O049837,CUST049838,R049837,3/26/2025,390,Card,Delivered
O049838,CUST049839,R049838,4/24/2025,961,COD,Delivered
O049839,CUST049840,R049839,1/27/2020,803,UPI,Delivered
O049840,CUST049841,R049840,9/11/2019,421,COD,Delivered
O049841,CUST049842,R049841,8/22/2021,1239,UPI,Delivered
O049842,CUST049843,R049842,1/10/2023,1217,COD,Delivered
O049843,CUST049844,R049843,6/3/2025,1787,Wallet,Delivered
O049844,CUST049845,R049844,4/6/2024,848,UPI,Delivered
O049845,CUST049846,R049845,1/16/2025,1467,UPI,Delivered
O049846,CUST049847,R049846,6/14/2020,1973,Card,Delivered
O049847,CUST049848,R049847,8/22/2024,1733,Wallet,Delivered
O049848,CUST049849,R049848,2/8/2021,1599,Card,Delivered
O049849,CUST049850,R049849,8/17/2020,1893,Card,Delivered
O049850,CUST049851,R049850,4/23/2020,1019,Card,Delivered
O049851,CUST049852,R049851,11/19/2025,621,COD,Delivered
O049852,CUST049853,R049852,9/21/2022,593,Card,Delivered
O049853,CUST049854,R049853,6/20/2019,465,Card,Delivered
O049854,CUST049855,R049854,4/17/2023,333,Card,Delivered
O049855,CUST049856,R049855,8/5/2023,1845,COD,Delivered
O049856,CUST049857,R049856,2/25/2019,1446,COD,Delivered
O049857,CUST049858,R049857,6/9/2020,464,Wallet,Cancelled
O049858,CUST049859,R049858,7/25/2025,278,COD,Delivered
O049859,CUST049860,R049859,4/1/2019,784,Card,Delivered
O049860,CUST049861,R049860,5/5/2023,1598,Card,Cancelled
O049861,CUST049862,R049861,12/18/2022,453,COD,Delivered
O049862,CUST049863,R049862,10/27/2019,704,UPI,Delivered
O049863,CUST049864,R049863,8/21/2023,495,COD,Delivered
O049864,CUST049865,R049864,2/1/2024,1337,Card,Delivered
O049865,CUST049866,R049865,3/5/2023,459,Wallet,Delivered
O049866,CUST049867,R049866,1/6/2025,1177,Wallet,Delivered
O049867,CUST049868,R049867,5/6/2020,1044,COD,Cancelled
O049868,CUST049869,R049868,1/5/2020,655,Wallet,Delivered
O049869,CUST049870,R049869,12/8/2022,257,Wallet,Delivered
O049870,CUST049871,R049870,3/20/2019,331,Wallet,Delivered
O049871,CUST049872,R049871,1/8/2022,1795,Card,Delivered
O049872,CUST049873,R049872,6/11/2025,1777,UPI,Delivered
O049873,CUST049874,R049873,7/14/2025,1706,UPI,Delivered
O049874,CUST049875,R049874,3/13/2024,244,UPI,Delivered
O049875,CUST049876,R049875,3/24/2019,1376,UPI,Delivered
O049876,CUST049877,R049876,3/15/2024,111,Wallet,Delivered
O049877,CUST049878,R049877,10/23/2021,1966,UPI,Delivered
O049878,CUST049879,R049878,8/14/2023,1977,COD,Delivered
O049879,CUST049880,R049879,7/1/2025,837,Card,Delivered
O049880,CUST049881,R049880,12/1/2022,1710,Card,Delivered
O049881,CUST049882,R049881,5/27/2024,446,COD,Delivered
O049882,CUST049883,R049882,8/2/2024,886,Wallet,Delivered
O049883,CUST049884,R049883,12/1/2024,613,COD,Delivered
O049884,CUST049885,R049884,4/3/2024,1455,COD,Cancelled
O049885,CUST049886,R049885,5/6/2020,505,UPI,Delivered
O049886,CUST049887,R049886,8/11/2020,1323,UPI,Delivered
O049887,CUST049888,R049887,9/15/2024,873,Wallet,Delivered
O049888,CUST049889,R049888,4/6/2019,992,Wallet,Delivered
O049889,CUST049890,R049889,3/10/2021,1672,UPI,Delivered
O049890,CUST049891,R049890,6/17/2023,1060,UPI,Cancelled
O049891,CUST049892,R049891,8/8/2023,1594,COD,Delivered
O049892,CUST049893,R049892,3/23/2020,1639,Card,Cancelled
O049893,CUST049894,R049893,9/11/2024,536,Card,Delivered
O049894,CUST049895,R049894,9/28/2022,534,Card,Delivered
O049895,CUST049896,R049895,2/23/2019,930,Wallet,Delivered
O049896,CUST049897,R049896,5/2/2022,662,Wallet,Delivered
O049897,CUST049898,R049897,2/12/2023,610,Wallet,Delivered
O049898,CUST049899,R049898,2/22/2023,593,Wallet,Delivered
O049899,CUST049900,R049899,4/12/2023,1541,COD,Delivered
O049900,CUST049901,R049900,11/2/2020,916,Wallet,Delivered
O049901,CUST049902,R049901,9/7/2021,1211,Wallet,Delivered
O049902,CUST049903,R049902,7/10/2019,828,UPI,Delivered
O049903,CUST049904,R049903,7/6/2024,1639,UPI,Delivered
O049904,CUST049905,R049904,5/11/2021,1637,UPI,Delivered
O049905,CUST049906,R049905,1/10/2025,1683,UPI,Delivered
O049906,CUST049907,R049906,6/14/2022,153,Card,Cancelled
O049907,CUST049908,R049907,10/2/2022,1162,UPI,Delivered
O049908,CUST049909,R049908,3/5/2020,589,COD,Delivered
O049909,CUST049910,R049909,9/24/2019,278,Card,Delivered
O049910,CUST049911,R049910,8/22/2023,401,COD,Delivered
O049911,CUST049912,R049911,2/16/2023,209,COD,Cancelled
O049912,CUST049913,R049912,7/7/2025,306,Card,Cancelled
O049913,CUST049914,R049913,1/17/2024,1067,Wallet,Delivered
O049914,CUST049915,R049914,5/1/2023,828,Card,Delivered
O049915,CUST049916,R049915,9/22/2025,444,Wallet,Delivered
O049916,CUST049917,R049916,3/28/2019,1254,Wallet,Delivered
O049917,CUST049918,R049917,5/14/2023,408,Wallet,Delivered
O049918,CUST049919,R049918,9/5/2020,1300,UPI,Delivered
O049919,CUST049920,R049919,6/8/2022,1845,Wallet,Delivered
O049920,CUST049921,R049920,4/11/2022,778,Wallet,Delivered
O049921,CUST049922,R049921,7/28/2023,1583,Wallet,Cancelled
O049922,CUST049923,R049922,12/19/2021,951,UPI,Delivered
O049923,CUST049924,R049923,8/16/2023,509,Card,Cancelled
O049924,CUST049925,R049924,2/13/2025,1726,Wallet,Delivered
O049925,CUST049926,R049925,8/16/2020,1824,Card,Delivered
O049926,CUST049927,R049926,4/12/2025,684,Wallet,Delivered
O049927,CUST049928,R049927,6/3/2023,1072,Wallet,Delivered
O049928,CUST049929,R049928,5/17/2019,1713,COD,Delivered
O049929,CUST049930,R049929,10/16/2020,443,Wallet,Delivered
O049930,CUST049931,R049930,3/17/2020,1673,Card,Delivered
O049931,CUST049932,R049931,8/21/2024,533,UPI,Delivered
O049932,CUST049933,R049932,6/24/2020,187,Card,Delivered
O049933,CUST049934,R049933,10/2/2024,394,COD,Delivered
O049934,CUST049935,R049934,7/16/2022,773,UPI,Delivered
O049935,CUST049936,R049935,6/25/2023,139,COD,Delivered
O049936,CUST049937,R049936,2/5/2022,1641,COD,Delivered
O049937,CUST049938,R049937,11/4/2023,200,Card,Delivered
O049938,CUST049939,R049938,8/4/2019,1013,Wallet,Delivered
O049939,CUST049940,R049939,8/28/2022,1251,Wallet,Delivered
O049940,CUST049941,R049940,3/6/2020,687,COD,Delivered
O049941,CUST049942,R049941,8/5/2020,1373,Wallet,Delivered
O049942,CUST049943,R049942,11/13/2022,1072,COD,Delivered
O049943,CUST049944,R049943,2/11/2020,1780,Card,Delivered
O049944,CUST049945,R049944,2/8/2019,1155,Wallet,Delivered
O049945,CUST049946,R049945,3/6/2023,1705,UPI,Delivered
O049946,CUST049947,R049946,1/25/2019,1956,Wallet,Delivered
O049947,CUST049948,R049947,1/17/2022,1401,UPI,Delivered
O049948,CUST049949,R049948,1/19/2025,1830,Card,Delivered
O049949,CUST049950,R049949,1/27/2024,369,COD,Delivered
O049950,CUST049951,R049950,12/14/2023,1762,Card,Delivered
O049951,CUST049952,R049951,12/1/2019,673,Card,Delivered
O049952,CUST049953,R049952,4/22/2024,1878,Card,Delivered
O049953,CUST049954,R049953,12/3/2024,795,Card,Delivered
O049954,CUST049955,R049954,4/28/2022,101,Wallet,Delivered
O049955,CUST049956,R049955,4/23/2020,732,COD,Delivered
O049956,CUST049957,R049956,10/5/2022,1396,COD,Delivered
O049957,CUST049958,R049957,12/10/2023,248,COD,Delivered
O049958,CUST049959,R049958,10/1/2024,1322,UPI,Delivered
O049959,CUST049960,R049959,12/19/2019,857,Wallet,Delivered
O049960,CUST049961,R049960,1/27/2022,1066,UPI,Delivered
O049961,CUST049962,R049961,6/13/2022,1447,UPI,Delivered
O049962,CUST049963,R049962,7/14/2019,413,COD,Delivered
O049963,CUST049964,R049963,11/8/2023,396,Card,Delivered
O049964,CUST049965,R049964,12/2/2024,1728,Card,Delivered
O049965,CUST049966,R049965,2/10/2024,1966,Card,Delivered
O049966,CUST049967,R049966,4/4/2022,1014,UPI,Delivered
O049967,CUST049968,R049967,10/15/2023,145,Wallet,Delivered
O049968,CUST049969,R049968,8/23/2025,950,COD,Delivered
O049969,CUST049970,R049969,6/7/2022,595,Wallet,Delivered
O049970,CUST049971,R049970,2/25/2019,336,Wallet,Delivered
O049971,CUST049972,R049971,11/4/2021,1366,COD,Delivered
O049972,CUST049973,R049972,2/6/2022,901,UPI,Delivered
O049973,CUST049974,R049973,6/2/2022,1537,Wallet,Delivered
O049974,CUST049975,R049974,5/15/2020,646,Wallet,Delivered
O049975,CUST049976,R049975,1/1/2020,1408,Card,Delivered
O049976,CUST049977,R049976,3/9/2021,1907,COD,Cancelled
O049977,CUST049978,R049977,2/11/2019,1519,UPI,Delivered
O049978,CUST049979,R049978,10/5/2019,1583,Card,Delivered
O049979,CUST049980,R049979,11/27/2022,1686,UPI,Delivered
O049980,CUST049981,R049980,10/9/2025,1662,COD,Cancelled
O049981,CUST049982,R049981,7/18/2020,566,Wallet,Delivered
O049982,CUST049983,R049982,4/18/2022,212,COD,Delivered
O049983,CUST049984,R049983,9/20/2019,444,Card,Delivered
O049984,CUST049985,R049984,7/26/2022,136,Card,Delivered
O049985,CUST049986,R049985,6/1/2019,517,Wallet,Delivered
O049986,CUST049987,R049986,2/25/2024,1329,UPI,Delivered
O049987,CUST049988,R049987,2/24/2025,262,COD,Delivered
O049988,CUST049989,R049988,4/24/2022,1067,Wallet,Delivered
O049989,CUST049990,R049989,12/6/2025,678,Wallet,Delivered
O049990,CUST049991,R049990,3/12/2021,1136,UPI,Delivered
O049991,CUST049992,R049991,2/2/2019,1200,COD,Delivered
O049992,CUST049993,R049992,5/8/2022,1307,Wallet,Delivered
O049993,CUST049994,R049993,9/4/2022,1813,Wallet,Delivered
O049994,CUST049995,R049994,3/12/2022,1195,Wallet,Delivered
O049995,CUST049996,R049995,4/13/2022,1903,Card,Delivered
O049996,CUST049997,R049996,5/15/2021,1961,COD,Delivered
O049997,CUST049998,R049997,9/8/2019,1588,UPI,Delivered
O049998,CUST049999,R049998,8/20/2023,1839,UPI,Delivered
O049999,CUST050000,R049999,12/16/2019,1717,UPI,Cancelled
O050000,CUST050001,R050000,7/25/2022,1539,Card,Delivered
O050001,CUST050002,R050001,7/15/2021,444,UPI,Delivered
O050002,CUST050003,R050002,11/12/2020,1956,Card,Delivered
O050003,CUST050004,R050003,1/3/2023,1047,Card,Delivered
O050004,CUST050005,R050004,9/21/2023,1762,Card,Cancelled
O050005,CUST050006,R050005,7/27/2021,684,COD,Delivered
O050006,CUST050007,R050006,3/23/2019,667,COD,Delivered
O050007,CUST050008,R050007,6/19/2022,615,Card,Delivered
O050008,CUST050009,R050008,10/4/2019,1317,COD,Cancelled
O050009,CUST050010,R050009,12/8/2020,448,COD,Delivered
O050010,CUST050011,R050010,10/6/2023,1205,Wallet,Cancelled
O050011,CUST050012,R050011,6/7/2023,566,Wallet,Delivered
O050012,CUST050013,R050012,1/25/2019,1376,UPI,Delivered
O050013,CUST050014,R050013,6/19/2024,1757,COD,Delivered
O050014,CUST050015,R050014,2/9/2022,1072,UPI,Delivered
O050015,CUST050016,R050015,11/6/2020,1747,Card,Delivered
O050016,CUST050017,R050016,4/26/2024,1675,UPI,Delivered
O050017,CUST050018,R050017,6/2/2025,1422,UPI,Cancelled
O050018,CUST050019,R050018,8/24/2023,301,Wallet,Delivered
O050019,CUST050020,R050019,3/17/2019,1295,Card,Delivered
O050020,CUST050021,R050020,12/23/2024,231,Card,Delivered
O050021,CUST050022,R050021,9/27/2023,1946,COD,Delivered
O050022,CUST050023,R050022,6/17/2020,109,Card,Delivered
O050023,CUST050024,R050023,9/28/2023,1313,Card,Delivered
O050024,CUST050025,R050024,1/1/2025,1565,COD,Delivered
O050025,CUST050026,R050025,5/20/2023,993,Wallet,Delivered
O050026,CUST050027,R050026,9/14/2019,529,COD,Delivered
O050027,CUST050028,R050027,5/21/2021,689,Wallet,Delivered
O050028,CUST050029,R050028,7/1/2022,1363,COD,Delivered
O050029,CUST050030,R050029,11/12/2023,1291,UPI,Cancelled
O050030,CUST050031,R050030,7/3/2019,1039,UPI,Delivered
O050031,CUST050032,R050031,3/19/2022,1401,UPI,Delivered
O050032,CUST050033,R050032,9/27/2019,1339,Card,Cancelled
O050033,CUST050034,R050033,1/23/2024,941,Wallet,Delivered
O050034,CUST050035,R050034,11/14/2019,1990,COD,Delivered
O050035,CUST050036,R050035,9/19/2023,327,COD,Delivered
O050036,CUST050037,R050036,9/2/2021,511,Card,Delivered
O050037,CUST050038,R050037,12/17/2023,1609,Card,Cancelled
O050038,CUST050039,R050038,2/23/2021,1038,Card,Delivered
O050039,CUST050040,R050039,3/2/2020,573,Wallet,Delivered
O050040,CUST050041,R050040,10/2/2019,770,Wallet,Delivered
O050041,CUST050042,R050041,7/1/2022,561,Wallet,Delivered
O050042,CUST050043,R050042,1/28/2019,813,UPI,Delivered
O050043,CUST050044,R050043,3/4/2022,1574,COD,Delivered
O050044,CUST050045,R050044,5/6/2019,1191,Wallet,Delivered
O050045,CUST050046,R050045,11/28/2024,999,UPI,Delivered
O050046,CUST050047,R050046,9/18/2019,1570,COD,Delivered
O050047,CUST050048,R050047,9/1/2025,1607,Card,Delivered
O050048,CUST050049,R050048,5/13/2025,1844,Wallet,Delivered
O050049,CUST050050,R050049,3/13/2023,127,Card,Cancelled
O050050,CUST050051,R050050,9/19/2025,1270,Card,Delivered
O050051,CUST050052,R050051,2/17/2021,1840,UPI,Delivered
O050052,CUST050053,R050052,11/24/2022,189,COD,Delivered
O050053,CUST050054,R050053,2/24/2023,733,UPI,Delivered
O050054,CUST050055,R050054,8/11/2022,179,COD,Cancelled
O050055,CUST050056,R050055,8/23/2019,473,Card,Delivered
O050056,CUST050057,R050056,3/1/2024,306,Card,Delivered
O050057,CUST050058,R050057,9/1/2022,807,COD,Delivered
O050058,CUST050059,R050058,11/25/2019,616,COD,Delivered
O050059,CUST050060,R050059,1/28/2024,1229,Wallet,Delivered
O050060,CUST050061,R050060,11/2/2020,1266,Wallet,Delivered
O050061,CUST050062,R050061,2/7/2023,571,COD,Delivered
O050062,CUST050063,R050062,11/8/2025,1819,UPI,Delivered
O050063,CUST050064,R050063,9/13/2025,1378,COD,Delivered
O050064,CUST050065,R050064,3/27/2021,1499,Wallet,Delivered
O050065,CUST050066,R050065,1/11/2019,1706,Wallet,Cancelled
O050066,CUST050067,R050066,10/18/2024,934,Wallet,Delivered
O050067,CUST050068,R050067,12/8/2022,1268,UPI,Delivered
O050068,CUST050069,R050068,7/11/2025,1562,Wallet,Delivered
O050069,CUST050070,R050069,4/4/2023,1439,UPI,Delivered
O050070,CUST050071,R050070,1/23/2021,1897,Wallet,Delivered
O050071,CUST050072,R050071,3/13/2023,991,UPI,Delivered
O050072,CUST050073,R050072,1/16/2023,412,Card,Delivered
O050073,CUST050074,R050073,2/19/2021,423,Card,Delivered
O050074,CUST050075,R050074,6/11/2020,1705,Card,Delivered
O050075,CUST050076,R050075,2/24/2022,1008,Card,Delivered
O050076,CUST050077,R050076,1/4/2024,1578,UPI,Delivered
O050077,CUST050078,R050077,5/15/2020,688,COD,Delivered
O050078,CUST050079,R050078,8/27/2024,1951,COD,Delivered
O050079,CUST050080,R050079,11/21/2020,594,Wallet,Delivered
O050080,CUST050081,R050080,6/3/2021,1058,Card,Delivered
O050081,CUST050082,R050081,11/5/2021,289,COD,Delivered
O050082,CUST050083,R050082,12/27/2025,1231,UPI,Delivered
O050083,CUST050084,R050083,8/18/2021,668,COD,Delivered
O050084,CUST050085,R050084,9/22/2023,606,Wallet,Delivered
O050085,CUST050086,R050085,10/13/2020,1929,COD,Delivered
O050086,CUST050087,R050086,10/13/2023,1052,Wallet,Delivered
O050087,CUST050088,R050087,11/8/2020,1322,UPI,Delivered
O050088,CUST050089,R050088,5/19/2024,1685,UPI,Delivered
O050089,CUST050090,R050089,3/13/2019,1368,UPI,Cancelled
O050090,CUST050091,R050090,7/17/2022,305,UPI,Delivered
O050091,CUST050092,R050091,8/22/2024,1044,Card,Delivered
O050092,CUST050093,R050092,2/16/2021,210,COD,Delivered
O050093,CUST050094,R050093,11/26/2019,1730,Card,Delivered
O050094,CUST050095,R050094,10/17/2022,1807,Card,Delivered
O050095,CUST050096,R050095,11/21/2025,847,Card,Delivered
O050096,CUST050097,R050096,2/5/2022,775,Card,Delivered
O050097,CUST050098,R050097,8/17/2020,266,Wallet,Delivered
O050098,CUST050099,R050098,6/7/2022,701,COD,Delivered
O050099,CUST050100,R050099,7/23/2021,668,UPI,Delivered
O050100,CUST050101,R050100,1/9/2022,1112,COD,Delivered
O050101,CUST050102,R050101,7/28/2019,1729,UPI,Delivered
O050102,CUST050103,R050102,2/15/2024,1457,UPI,Delivered
O050103,CUST050104,R050103,8/20/2025,1361,UPI,Delivered
O050104,CUST050105,R050104,10/9/2021,1082,UPI,Delivered
O050105,CUST050106,R050105,7/20/2021,254,Card,Delivered
O050106,CUST050107,R050106,1/14/2023,301,Card,Delivered
O050107,CUST050108,R050107,1/19/2025,1895,Card,Delivered
O050108,CUST050109,R050108,4/22/2023,1903,Card,Delivered
O050109,CUST050110,R050109,7/20/2019,296,COD,Delivered
O050110,CUST050111,R050110,10/28/2020,311,Card,Cancelled
O050111,CUST050112,R050111,7/23/2023,919,COD,Cancelled
O050112,CUST050113,R050112,4/26/2019,755,Wallet,Delivered
O050113,CUST050114,R050113,1/10/2022,267,COD,Delivered
O050114,CUST050115,R050114,10/21/2024,1346,UPI,Delivered
O050115,CUST050116,R050115,2/9/2023,1073,COD,Delivered
O050116,CUST050117,R050116,9/2/2019,1512,Wallet,Delivered
O050117,CUST050118,R050117,2/4/2024,742,Wallet,Delivered
O050118,CUST050119,R050118,3/14/2023,1058,UPI,Delivered
O050119,CUST050120,R050119,12/8/2022,1819,Card,Delivered
O050120,CUST050121,R050120,3/20/2020,1691,Wallet,Delivered
O050121,CUST050122,R050121,1/3/2025,1562,Card,Delivered
O050122,CUST050123,R050122,3/15/2021,1814,UPI,Delivered
O050123,CUST050124,R050123,2/25/2020,939,UPI,Delivered
O050124,CUST050125,R050124,2/17/2025,535,Card,Delivered
O050125,CUST050126,R050125,8/21/2025,372,Card,Delivered
O050126,CUST050127,R050126,2/20/2022,419,Card,Delivered
O050127,CUST050128,R050127,9/15/2024,439,Card,Delivered
O050128,CUST050129,R050128,10/3/2025,1701,Card,Delivered
O050129,CUST050130,R050129,1/24/2022,1302,Wallet,Delivered
O050130,CUST050131,R050130,11/6/2019,359,Card,Cancelled
O050131,CUST050132,R050131,1/23/2021,718,Wallet,Delivered
O050132,CUST050133,R050132,6/23/2024,1434,Wallet,Delivered
O050133,CUST050134,R050133,7/14/2023,418,COD,Delivered
O050134,CUST050135,R050134,1/28/2020,1180,COD,Delivered
O050135,CUST050136,R050135,10/10/2020,668,UPI,Delivered
O050136,CUST050137,R050136,8/6/2020,279,COD,Delivered
O050137,CUST050138,R050137,1/28/2019,1247,Card,Delivered
O050138,CUST050139,R050138,11/3/2024,369,COD,Delivered
O050139,CUST050140,R050139,8/2/2019,1130,UPI,Delivered
O050140,CUST050141,R050140,1/6/2023,1194,COD,Delivered
O050141,CUST050142,R050141,5/3/2023,511,Wallet,Delivered
O050142,CUST050143,R050142,3/7/2021,114,Wallet,Delivered
O050143,CUST050144,R050143,10/19/2023,182,COD,Delivered
O050144,CUST050145,R050144,10/6/2020,1429,Card,Delivered
O050145,CUST050146,R050145,12/6/2025,1301,UPI,Delivered
O050146,CUST050147,R050146,7/12/2021,1558,UPI,Delivered
O050147,CUST050148,R050147,7/11/2024,165,Wallet,Delivered
O050148,CUST050149,R050148,12/20/2019,1296,Wallet,Cancelled
O050149,CUST050150,R050149,1/17/2021,1971,COD,Delivered
O050150,CUST050151,R050150,12/21/2020,1919,UPI,Delivered
O050151,CUST050152,R050151,8/13/2022,1887,COD,Delivered
O050152,CUST050153,R050152,9/27/2021,751,Card,Delivered
O050153,CUST050154,R050153,5/28/2019,1822,Card,Delivered
O050154,CUST050155,R050154,8/26/2025,172,COD,Delivered
O050155,CUST050156,R050155,3/1/2021,742,COD,Delivered
O050156,CUST050157,R050156,3/28/2024,463,COD,Delivered
O050157,CUST050158,R050157,7/1/2019,1045,COD,Delivered
O050158,CUST050159,R050158,8/28/2020,394,Wallet,Delivered
O050159,CUST050160,R050159,2/7/2020,1218,UPI,Cancelled
O050160,CUST050161,R050160,9/12/2019,792,Wallet,Delivered
O050161,CUST050162,R050161,7/4/2021,912,Wallet,Delivered
O050162,CUST050163,R050162,9/11/2023,1588,UPI,Delivered
O050163,CUST050164,R050163,7/16/2019,1536,Wallet,Cancelled
O050164,CUST050165,R050164,11/8/2024,1546,Card,Delivered
O050165,CUST050166,R050165,1/22/2025,1554,UPI,Cancelled
O050166,CUST050167,R050166,11/9/2020,1930,UPI,Delivered
O050167,CUST050168,R050167,8/21/2025,1864,Wallet,Delivered
O050168,CUST050169,R050168,4/11/2021,396,COD,Delivered
O050169,CUST050170,R050169,8/22/2020,123,COD,Delivered
O050170,CUST050171,R050170,2/5/2021,201,COD,Delivered
O050171,CUST050172,R050171,5/10/2025,439,COD,Delivered
O050172,CUST050173,R050172,11/10/2019,1261,COD,Delivered
O050173,CUST050174,R050173,10/1/2022,880,Wallet,Delivered
O050174,CUST050175,R050174,11/5/2019,1132,Wallet,Delivered
O050175,CUST050176,R050175,5/12/2019,743,UPI,Delivered
O050176,CUST050177,R050176,9/3/2023,1547,Wallet,Delivered
O050177,CUST050178,R050177,12/8/2024,1590,Wallet,Cancelled
O050178,CUST050179,R050178,10/10/2021,1643,UPI,Delivered
O050179,CUST050180,R050179,11/13/2023,1974,Card,Cancelled
O050180,CUST050181,R050180,7/28/2023,1018,UPI,Delivered
O050181,CUST050182,R050181,2/4/2021,440,COD,Delivered
O050182,CUST050183,R050182,7/24/2025,168,UPI,Delivered
O050183,CUST050184,R050183,3/21/2022,1762,COD,Delivered
O050184,CUST050185,R050184,9/10/2023,1961,COD,Delivered
O050185,CUST050186,R050185,3/4/2022,163,Card,Delivered
O050186,CUST050187,R050186,5/23/2024,924,COD,Delivered
O050187,CUST050188,R050187,6/28/2019,792,UPI,Delivered
O050188,CUST050189,R050188,3/24/2019,402,Wallet,Delivered
O050189,CUST050190,R050189,6/26/2021,1164,Wallet,Delivered
O050190,CUST050191,R050190,5/11/2025,318,COD,Delivered
O050191,CUST050192,R050191,10/4/2021,1259,UPI,Delivered
O050192,CUST050193,R050192,2/8/2025,1634,COD,Delivered
O050193,CUST050194,R050193,8/10/2025,635,Wallet,Delivered
O050194,CUST050195,R050194,10/26/2023,1435,Wallet,Cancelled
O050195,CUST050196,R050195,7/18/2025,796,Wallet,Delivered
O050196,CUST050197,R050196,11/15/2024,142,Card,Delivered
O050197,CUST050198,R050197,9/5/2020,1621,Wallet,Delivered
O050198,CUST050199,R050198,9/14/2022,1681,Card,Delivered
O050199,CUST050200,R050199,3/10/2024,541,UPI,Delivered
O050200,CUST050201,R050200,8/1/2021,1414,UPI,Delivered
O050201,CUST050202,R050201,3/19/2023,1919,COD,Cancelled
O050202,CUST050203,R050202,9/21/2023,824,UPI,Delivered
O050203,CUST050204,R050203,3/21/2023,109,Card,Delivered
O050204,CUST050205,R050204,6/26/2023,875,UPI,Delivered
O050205,CUST050206,R050205,1/2/2020,108,Card,Delivered
O050206,CUST050207,R050206,3/26/2024,359,COD,Delivered
O050207,CUST050208,R050207,1/15/2020,667,Card,Delivered
O050208,CUST050209,R050208,9/24/2022,1885,Card,Delivered
O050209,CUST050210,R050209,7/3/2025,1232,COD,Delivered
O050210,CUST050211,R050210,7/3/2019,1822,Card,Delivered
O050211,CUST050212,R050211,7/2/2019,913,Wallet,Delivered
O050212,CUST050213,R050212,3/26/2023,1107,Wallet,Delivered
O050213,CUST050214,R050213,2/4/2020,602,COD,Delivered
O050214,CUST050215,R050214,2/7/2021,1283,Wallet,Delivered
O050215,CUST050216,R050215,12/9/2020,1025,COD,Delivered
O050216,CUST050217,R050216,10/9/2022,1738,UPI,Delivered
O050217,CUST050218,R050217,11/7/2023,1075,UPI,Delivered
O050218,CUST050219,R050218,11/5/2024,1626,UPI,Delivered
O050219,CUST050220,R050219,8/23/2024,1876,Wallet,Delivered
O050220,CUST050221,R050220,11/17/2022,1295,Wallet,Delivered
O050221,CUST050222,R050221,1/18/2021,1545,Card,Delivered
O050222,CUST050223,R050222,3/26/2020,1860,COD,Delivered
O050223,CUST050224,R050223,5/12/2024,1613,UPI,Delivered
O050224,CUST050225,R050224,3/25/2021,529,Card,Delivered
O050225,CUST050226,R050225,2/21/2020,1778,COD,Delivered
O050226,CUST050227,R050226,2/1/2022,946,Card,Delivered
O050227,CUST050228,R050227,2/1/2021,1911,COD,Delivered
O050228,CUST050229,R050228,11/21/2020,640,Card,Delivered
O050229,CUST050230,R050229,2/4/2019,1354,COD,Delivered
O050230,CUST050231,R050230,8/8/2025,736,Wallet,Delivered
O050231,CUST050232,R050231,10/27/2024,1242,Wallet,Cancelled
O050232,CUST050233,R050232,3/18/2025,772,Wallet,Delivered
O050233,CUST050234,R050233,1/26/2024,911,Wallet,Delivered
O050234,CUST050235,R050234,9/13/2023,1337,COD,Delivered
O050235,CUST050236,R050235,7/8/2025,1520,Card,Delivered
O050236,CUST050237,R050236,1/7/2019,1720,UPI,Delivered
O050237,CUST050238,R050237,7/22/2023,1157,UPI,Cancelled
O050238,CUST050239,R050238,8/2/2020,1395,Card,Delivered
O050239,CUST050240,R050239,9/24/2022,990,Wallet,Delivered
O050240,CUST050241,R050240,8/11/2021,1998,Wallet,Delivered
O050241,CUST050242,R050241,11/21/2020,859,COD,Delivered
O050242,CUST050243,R050242,6/4/2024,510,Wallet,Delivered
O050243,CUST050244,R050243,1/24/2019,257,Wallet,Delivered
O050244,CUST050245,R050244,10/1/2021,1329,COD,Delivered
O050245,CUST050246,R050245,2/5/2024,859,Wallet,Delivered
O050246,CUST050247,R050246,9/1/2022,1447,Wallet,Delivered
O050247,CUST050248,R050247,5/13/2019,492,COD,Delivered
O050248,CUST050249,R050248,10/1/2023,1569,Card,Delivered
O050249,CUST050250,R050249,8/8/2019,1807,COD,Cancelled
O050250,CUST050251,R050250,9/9/2020,1376,UPI,Delivered
O050251,CUST050252,R050251,4/3/2023,1440,UPI,Delivered
O050252,CUST050253,R050252,1/25/2020,1792,UPI,Delivered
O050253,CUST050254,R050253,2/19/2023,1615,COD,Cancelled
O050254,CUST050255,R050254,2/16/2022,520,Wallet,Cancelled
O050255,CUST050256,R050255,8/16/2022,126,COD,Delivered
O050256,CUST050257,R050256,9/18/2021,364,Card,Cancelled
O050257,CUST050258,R050257,6/26/2025,1957,Card,Cancelled
O050258,CUST050259,R050258,5/28/2025,476,Wallet,Delivered
O050259,CUST050260,R050259,9/24/2022,1107,UPI,Delivered
O050260,CUST050261,R050260,11/23/2019,107,COD,Delivered
O050261,CUST050262,R050261,2/23/2019,663,COD,Delivered
O050262,CUST050263,R050262,4/2/2021,535,COD,Delivered
O050263,CUST050264,R050263,10/11/2020,1036,Wallet,Delivered
O050264,CUST050265,R050264,4/28/2025,1093,COD,Delivered
O050265,CUST050266,R050265,3/6/2022,1408,Wallet,Delivered
O050266,CUST050267,R050266,8/6/2025,1659,Wallet,Cancelled
O050267,CUST050268,R050267,2/11/2022,1148,Wallet,Delivered
O050268,CUST050269,R050268,11/11/2024,1687,Card,Cancelled
O050269,CUST050270,R050269,8/12/2023,1881,COD,Delivered
O050270,CUST050271,R050270,12/7/2019,1749,UPI,Delivered
O050271,CUST050272,R050271,4/23/2025,1994,UPI,Delivered
O050272,CUST050273,R050272,12/19/2024,1909,UPI,Delivered
O050273,CUST050274,R050273,4/25/2023,1668,UPI,Cancelled
O050274,CUST050275,R050274,9/17/2021,1941,UPI,Delivered
O050275,CUST050276,R050275,6/14/2019,1813,Card,Delivered
O050276,CUST050277,R050276,4/2/2024,903,UPI,Delivered
O050277,CUST050278,R050277,2/19/2024,1482,Card,Delivered
O050278,CUST050279,R050278,9/25/2019,829,COD,Delivered
O050279,CUST050280,R050279,6/25/2020,513,COD,Delivered
O050280,CUST050281,R050280,6/16/2024,529,Card,Delivered
O050281,CUST050282,R050281,1/2/2023,1238,COD,Delivered
O050282,CUST050283,R050282,9/4/2020,413,COD,Delivered
O050283,CUST050284,R050283,11/28/2024,1125,Wallet,Cancelled
O050284,CUST050285,R050284,9/6/2022,480,Wallet,Delivered
O050285,CUST050286,R050285,5/24/2022,1286,Wallet,Cancelled
O050286,CUST050287,R050286,3/18/2020,1537,COD,Delivered
O050287,CUST050288,R050287,3/9/2023,712,Wallet,Delivered
O050288,CUST050289,R050288,12/5/2023,1603,UPI,Delivered
O050289,CUST050290,R050289,8/25/2020,1531,UPI,Delivered
O050290,CUST050291,R050290,7/28/2024,1273,UPI,Cancelled
O050291,CUST050292,R050291,4/20/2019,445,Wallet,Delivered
O050292,CUST050293,R050292,9/20/2022,1184,COD,Delivered
O050293,CUST050294,R050293,9/20/2021,146,UPI,Delivered
O050294,CUST050295,R050294,9/24/2025,1867,COD,Delivered
O050295,CUST050296,R050295,12/16/2025,1930,Card,Delivered
O050296,CUST050297,R050296,2/23/2019,1270,UPI,Cancelled
O050297,CUST050298,R050297,1/28/2019,140,COD,Delivered
O050298,CUST050299,R050298,1/19/2024,903,Wallet,Delivered
O050299,CUST050300,R050299,3/13/2020,438,Card,Delivered
O050300,CUST050301,R050300,8/18/2023,327,COD,Delivered
O050301,CUST050302,R050301,6/28/2025,1263,COD,Delivered
O050302,CUST050303,R050302,2/11/2022,1149,UPI,Cancelled
O050303,CUST050304,R050303,1/2/2024,890,Wallet,Delivered
O050304,CUST050305,R050304,5/17/2021,1073,Wallet,Delivered
O050305,CUST050306,R050305,11/1/2024,800,UPI,Delivered
O050306,CUST050307,R050306,12/15/2023,234,COD,Delivered
O050307,CUST050308,R050307,7/6/2023,1483,COD,Delivered
O050308,CUST050309,R050308,8/10/2020,1720,Card,Cancelled
O050309,CUST050310,R050309,6/17/2023,425,Card,Delivered
O050310,CUST050311,R050310,10/16/2022,1563,COD,Delivered
O050311,CUST050312,R050311,5/20/2020,991,Card,Delivered
O050312,CUST050313,R050312,5/28/2023,487,COD,Delivered
O050313,CUST050314,R050313,8/28/2024,372,Wallet,Delivered
O050314,CUST050315,R050314,10/1/2023,419,COD,Delivered
O050315,CUST050316,R050315,3/27/2023,1236,UPI,Delivered
O050316,CUST050317,R050316,6/3/2022,1468,COD,Delivered
O050317,CUST050318,R050317,8/4/2021,1292,Wallet,Delivered
O050318,CUST050319,R050318,3/1/2022,845,UPI,Delivered
O050319,CUST050320,R050319,8/16/2019,1464,COD,Delivered
O050320,CUST050321,R050320,6/7/2021,1570,Card,Delivered
O050321,CUST050322,R050321,8/11/2020,1764,Wallet,Delivered
O050322,CUST050323,R050322,1/8/2019,1944,Card,Delivered
O050323,CUST050324,R050323,3/17/2021,1180,UPI,Delivered
O050324,CUST050325,R050324,5/17/2022,1618,UPI,Delivered
O050325,CUST050326,R050325,4/23/2020,147,COD,Delivered
O050326,CUST050327,R050326,3/23/2025,654,UPI,Delivered
O050327,CUST050328,R050327,8/10/2021,1936,Card,Delivered
O050328,CUST050329,R050328,11/22/2025,323,Card,Delivered
O050329,CUST050330,R050329,5/26/2019,195,Card,Cancelled
O050330,CUST050331,R050330,11/27/2023,952,COD,Delivered
O050331,CUST050332,R050331,8/26/2022,461,COD,Delivered
O050332,CUST050333,R050332,2/25/2019,1080,Wallet,Delivered
O050333,CUST050334,R050333,9/1/2023,1186,COD,Delivered
O050334,CUST050335,R050334,11/6/2022,536,COD,Cancelled
O050335,CUST050336,R050335,12/2/2019,1604,UPI,Delivered
O050336,CUST050337,R050336,11/11/2023,1286,COD,Delivered
O050337,CUST050338,R050337,7/26/2024,1409,Wallet,Delivered
O050338,CUST050339,R050338,12/18/2022,1665,Wallet,Delivered
O050339,CUST050340,R050339,10/18/2025,1326,Wallet,Delivered
O050340,CUST050341,R050340,9/7/2023,1552,Card,Delivered
O050341,CUST050342,R050341,3/16/2022,1841,Wallet,Delivered
O050342,CUST050343,R050342,3/9/2019,1713,Card,Delivered
O050343,CUST050344,R050343,5/1/2023,141,Wallet,Delivered
O050344,CUST050345,R050344,11/21/2024,710,UPI,Delivered
O050345,CUST050346,R050345,9/13/2020,268,Card,Delivered
O050346,CUST050347,R050346,9/17/2022,280,Card,Cancelled
O050347,CUST050348,R050347,12/9/2024,1626,Card,Delivered
O050348,CUST050349,R050348,7/19/2025,966,Card,Delivered
O050349,CUST050350,R050349,6/28/2019,1531,UPI,Delivered
O050350,CUST050351,R050350,6/14/2023,598,COD,Delivered
O050351,CUST050352,R050351,1/26/2025,1866,Card,Delivered
O050352,CUST050353,R050352,8/21/2022,514,Wallet,Delivered
O050353,CUST050354,R050353,6/3/2024,784,Card,Delivered
O050354,CUST050355,R050354,2/4/2021,185,COD,Delivered
O050355,CUST050356,R050355,7/25/2023,1076,UPI,Delivered
O050356,CUST050357,R050356,4/17/2022,768,COD,Delivered
O050357,CUST050358,R050357,4/24/2023,501,Wallet,Delivered
O050358,CUST050359,R050358,12/8/2022,1830,COD,Delivered
O050359,CUST050360,R050359,9/11/2021,908,UPI,Cancelled
O050360,CUST050361,R050360,1/6/2019,1236,UPI,Delivered
O050361,CUST050362,R050361,11/13/2022,1594,UPI,Delivered
O050362,CUST050363,R050362,5/12/2019,1148,UPI,Delivered
O050363,CUST050364,R050363,7/15/2023,258,Wallet,Delivered
O050364,CUST050365,R050364,9/20/2020,958,UPI,Delivered
O050365,CUST050366,R050365,7/15/2024,130,COD,Delivered
O050366,CUST050367,R050366,2/25/2019,1587,UPI,Delivered
O050367,CUST050368,R050367,7/14/2019,1702,Card,Delivered
O050368,CUST050369,R050368,2/20/2024,736,Card,Delivered
O050369,CUST050370,R050369,7/4/2025,876,Card,Delivered
O050370,CUST050371,R050370,12/19/2024,118,Wallet,Delivered
O050371,CUST050372,R050371,5/5/2022,557,Card,Delivered
O050372,CUST050373,R050372,10/21/2022,568,Wallet,Delivered
O050373,CUST050374,R050373,11/7/2023,896,Card,Delivered
O050374,CUST050375,R050374,5/22/2022,1211,Wallet,Cancelled
O050375,CUST050376,R050375,5/6/2019,938,Wallet,Delivered
O050376,CUST050377,R050376,2/10/2024,891,UPI,Delivered
O050377,CUST050378,R050377,6/2/2022,618,Card,Delivered
O050378,CUST050379,R050378,7/12/2019,175,UPI,Delivered
O050379,CUST050380,R050379,11/6/2024,222,Card,Delivered
O050380,CUST050381,R050380,4/17/2024,1745,Card,Delivered
O050381,CUST050382,R050381,3/21/2019,1792,COD,Delivered
O050382,CUST050383,R050382,4/20/2021,964,COD,Delivered
O050383,CUST050384,R050383,3/27/2021,162,Card,Delivered
O050384,CUST050385,R050384,7/21/2025,775,COD,Delivered
O050385,CUST050386,R050385,10/22/2022,612,Wallet,Delivered
O050386,CUST050387,R050386,10/8/2021,226,Card,Cancelled
O050387,CUST050388,R050387,11/15/2025,1299,Wallet,Delivered
O050388,CUST050389,R050388,9/7/2024,982,COD,Delivered
O050389,CUST050390,R050389,5/28/2023,1427,Wallet,Delivered
O050390,CUST050391,R050390,10/3/2020,663,Wallet,Delivered
O050391,CUST050392,R050391,10/13/2022,847,UPI,Delivered
O050392,CUST050393,R050392,3/7/2022,1776,Card,Delivered
O050393,CUST050394,R050393,2/19/2021,1536,COD,Delivered
O050394,CUST050395,R050394,9/2/2019,1409,Card,Delivered
O050395,CUST050396,R050395,3/14/2021,1959,Wallet,Delivered
O050396,CUST050397,R050396,6/22/2022,833,UPI,Delivered
O050397,CUST050398,R050397,6/15/2020,392,Card,Delivered
O050398,CUST050399,R050398,10/19/2023,229,Card,Cancelled
O050399,CUST050400,R050399,8/18/2019,1915,Card,Delivered
O050400,CUST050401,R050400,2/10/2020,915,Card,Delivered
O050401,CUST050402,R050401,8/2/2021,1654,Card,Delivered
O050402,CUST050403,R050402,1/22/2025,1218,Wallet,Delivered
O050403,CUST050404,R050403,3/3/2020,280,UPI,Cancelled
O050404,CUST050405,R050404,4/23/2023,637,Wallet,Cancelled
O050405,CUST050406,R050405,3/2/2019,1393,COD,Delivered
O050406,CUST050407,R050406,10/13/2023,308,Card,Delivered
O050407,CUST050408,R050407,1/27/2019,1025,UPI,Delivered
O050408,CUST050409,R050408,11/8/2023,1580,COD,Delivered
O050409,CUST050410,R050409,12/5/2025,941,Wallet,Delivered
O050410,CUST050411,R050410,9/10/2022,1953,COD,Delivered
O050411,CUST050412,R050411,10/13/2023,1031,COD,Delivered
O050412,CUST050413,R050412,4/12/2021,1531,Wallet,Delivered
O050413,CUST050414,R050413,5/12/2025,1103,COD,Delivered
O050414,CUST050415,R050414,8/27/2025,465,Wallet,Delivered
O050415,CUST050416,R050415,2/5/2022,1973,Wallet,Delivered
O050416,CUST050417,R050416,10/17/2019,101,COD,Delivered
O050417,CUST050418,R050417,2/5/2023,1349,Card,Delivered
O050418,CUST050419,R050418,3/5/2024,1216,UPI,Delivered
O050419,CUST050420,R050419,9/11/2025,1511,Wallet,Delivered
O050420,CUST050421,R050420,11/10/2025,1780,UPI,Delivered
O050421,CUST050422,R050421,10/19/2024,1402,Wallet,Delivered
O050422,CUST050423,R050422,2/16/2024,1828,COD,Delivered
O050423,CUST050424,R050423,9/28/2019,1776,UPI,Delivered
O050424,CUST050425,R050424,5/11/2021,1781,Card,Delivered
O050425,CUST050426,R050425,7/25/2022,385,Card,Delivered
O050426,CUST050427,R050426,8/22/2024,1732,UPI,Delivered
O050427,CUST050428,R050427,12/24/2025,1982,COD,Delivered
O050428,CUST050429,R050428,10/28/2023,700,COD,Delivered
O050429,CUST050430,R050429,2/27/2019,253,Card,Delivered
O050430,CUST050431,R050430,10/27/2025,966,COD,Delivered
O050431,CUST050432,R050431,3/27/2024,309,Wallet,Delivered
O050432,CUST050433,R050432,5/6/2020,1126,UPI,Cancelled
O050433,CUST050434,R050433,9/12/2022,681,Wallet,Delivered
O050434,CUST050435,R050434,10/1/2024,1063,COD,Delivered
O050435,CUST050436,R050435,2/10/2023,1444,Wallet,Delivered
O050436,CUST050437,R050436,3/15/2021,1392,Wallet,Cancelled
O050437,CUST050438,R050437,9/5/2024,1397,Card,Delivered
O050438,CUST050439,R050438,10/20/2024,1014,UPI,Delivered
O050439,CUST050440,R050439,12/4/2022,1819,UPI,Delivered
O050440,CUST050441,R050440,8/18/2020,1778,Wallet,Delivered
O050441,CUST050442,R050441,12/9/2025,316,Card,Delivered
O050442,CUST050443,R050442,10/21/2021,1945,Card,Delivered
O050443,CUST050444,R050443,3/4/2020,1638,Card,Delivered
O050444,CUST050445,R050444,8/8/2024,1870,COD,Delivered
O050445,CUST050446,R050445,7/2/2025,743,Card,Delivered
O050446,CUST050447,R050446,2/21/2022,298,Wallet,Delivered
O050447,CUST050448,R050447,3/26/2024,1107,COD,Delivered
O050448,CUST050449,R050448,5/5/2025,642,UPI,Delivered
O050449,CUST050450,R050449,1/2/2019,1404,Wallet,Cancelled
O050450,CUST050451,R050450,2/6/2022,1442,Wallet,Cancelled
O050451,CUST050452,R050451,4/8/2025,1233,UPI,Delivered
O050452,CUST050453,R050452,4/5/2020,1863,Card,Delivered
O050453,CUST050454,R050453,10/27/2020,977,Wallet,Delivered
O050454,CUST050455,R050454,2/2/2023,361,Card,Delivered
O050455,CUST050456,R050455,6/22/2024,1989,UPI,Delivered
O050456,CUST050457,R050456,9/23/2024,1676,Card,Delivered
O050457,CUST050458,R050457,4/10/2024,1914,Card,Delivered
O050458,CUST050459,R050458,6/4/2023,1843,Card,Delivered
O050459,CUST050460,R050459,11/22/2025,834,Wallet,Delivered
O050460,CUST050461,R050460,7/26/2022,897,UPI,Delivered
O050461,CUST050462,R050461,10/21/2022,258,Wallet,Delivered
O050462,CUST050463,R050462,4/25/2021,1064,Card,Delivered
O050463,CUST050464,R050463,12/10/2022,213,COD,Delivered
O050464,CUST050465,R050464,12/2/2020,848,UPI,Delivered
O050465,CUST050466,R050465,1/2/2024,1479,COD,Delivered
O050466,CUST050467,R050466,4/8/2020,594,Wallet,Delivered
O050467,CUST050468,R050467,9/25/2023,1922,Wallet,Delivered
O050468,CUST050469,R050468,2/16/2019,716,Wallet,Delivered
O050469,CUST050470,R050469,1/17/2020,1958,Card,Delivered
O050470,CUST050471,R050470,12/4/2019,1531,Wallet,Delivered
O050471,CUST050472,R050471,4/13/2022,1634,UPI,Delivered
O050472,CUST050473,R050472,2/17/2020,499,UPI,Delivered
O050473,CUST050474,R050473,5/28/2019,1526,Wallet,Delivered
O050474,CUST050475,R050474,11/18/2024,1777,COD,Cancelled
O050475,CUST050476,R050475,4/19/2020,681,UPI,Delivered
O050476,CUST050477,R050476,1/20/2023,1729,COD,Cancelled
O050477,CUST050478,R050477,4/25/2025,508,Card,Delivered
O050478,CUST050479,R050478,9/24/2019,382,Card,Cancelled
O050479,CUST050480,R050479,3/2/2020,637,COD,Delivered
O050480,CUST050481,R050480,5/19/2025,1015,Card,Delivered
O050481,CUST050482,R050481,11/26/2021,376,Card,Delivered
O050482,CUST050483,R050482,9/11/2022,1191,Card,Delivered
O050483,CUST050484,R050483,9/7/2025,1731,Card,Delivered
O050484,CUST050485,R050484,3/1/2020,822,Wallet,Delivered
O050485,CUST050486,R050485,7/25/2021,699,Wallet,Delivered
O050486,CUST050487,R050486,10/4/2023,758,COD,Delivered
O050487,CUST050488,R050487,2/6/2021,1140,Wallet,Delivered
O050488,CUST050489,R050488,3/8/2019,875,COD,Delivered
O050489,CUST050490,R050489,9/8/2023,1584,UPI,Cancelled
O050490,CUST050491,R050490,3/13/2024,710,Wallet,Delivered
O050491,CUST050492,R050491,5/28/2021,1515,UPI,Delivered
O050492,CUST050493,R050492,8/21/2019,1726,Wallet,Delivered
O050493,CUST050494,R050493,2/15/2024,1215,Wallet,Delivered
O050494,CUST050495,R050494,3/16/2020,1466,UPI,Delivered
O050495,CUST050496,R050495,8/28/2019,1819,COD,Delivered
O050496,CUST050497,R050496,7/10/2023,1391,UPI,Delivered
O050497,CUST050498,R050497,7/23/2024,438,UPI,Delivered
O050498,CUST050499,R050498,3/19/2022,1694,Wallet,Delivered
O050499,CUST050500,R050499,10/26/2023,866,Card,Delivered
O050500,CUST050501,R050500,5/1/2022,1811,COD,Delivered
O050501,CUST050502,R050501,10/19/2021,535,Card,Delivered
O050502,CUST050503,R050502,5/3/2025,1201,COD,Delivered
O050503,CUST050504,R050503,8/7/2024,326,Wallet,Delivered
O050504,CUST050505,R050504,1/22/2023,1136,Wallet,Cancelled
O050505,CUST050506,R050505,7/16/2023,497,Wallet,Delivered
O050506,CUST050507,R050506,8/24/2024,832,Wallet,Delivered
O050507,CUST050508,R050507,3/11/2020,1257,COD,Cancelled
O050508,CUST050509,R050508,2/9/2019,1435,Card,Delivered
O050509,CUST050510,R050509,11/5/2021,1673,Wallet,Delivered
O050510,CUST050511,R050510,10/18/2019,1111,UPI,Cancelled
O050511,CUST050512,R050511,1/1/2021,1310,Card,Delivered
O050512,CUST050513,R050512,10/23/2025,482,COD,Delivered
O050513,CUST050514,R050513,7/10/2025,1427,Card,Delivered
O050514,CUST050515,R050514,1/14/2023,152,UPI,Delivered
O050515,CUST050516,R050515,4/25/2025,1872,COD,Delivered
O050516,CUST050517,R050516,1/16/2024,1319,Wallet,Delivered
O050517,CUST050518,R050517,5/16/2020,1180,Card,Delivered
O050518,CUST050519,R050518,9/4/2019,716,Wallet,Delivered
O050519,CUST050520,R050519,11/25/2020,1347,Wallet,Delivered
O050520,CUST050521,R050520,7/11/2024,449,COD,Delivered
O050521,CUST050522,R050521,12/2/2019,1479,Card,Delivered
O050522,CUST050523,R050522,3/6/2019,1717,COD,Cancelled
O050523,CUST050524,R050523,9/9/2020,1155,UPI,Delivered
O050524,CUST050525,R050524,12/2/2025,1397,Card,Delivered
O050525,CUST050526,R050525,5/24/2023,1712,Wallet,Delivered
O050526,CUST050527,R050526,5/18/2023,1472,Card,Delivered
O050527,CUST050528,R050527,9/15/2019,371,Wallet,Cancelled
O050528,CUST050529,R050528,2/13/2021,1916,Card,Delivered
O050529,CUST050530,R050529,9/17/2024,1898,UPI,Delivered
O050530,CUST050531,R050530,2/20/2025,1809,Card,Cancelled
O050531,CUST050532,R050531,9/26/2019,333,Wallet,Delivered
O050532,CUST050533,R050532,11/22/2022,963,UPI,Delivered
O050533,CUST050534,R050533,4/21/2020,1967,Card,Delivered
O050534,CUST050535,R050534,8/25/2021,1139,COD,Delivered
O050535,CUST050536,R050535,3/28/2019,445,COD,Delivered
O050536,CUST050537,R050536,10/9/2022,950,Wallet,Delivered
O050537,CUST050538,R050537,4/24/2022,1014,COD,Delivered
O050538,CUST050539,R050538,6/5/2023,1373,Wallet,Delivered
O050539,CUST050540,R050539,3/5/2022,1579,Wallet,Cancelled
O050540,CUST050541,R050540,5/9/2021,998,COD,Delivered
O050541,CUST050542,R050541,3/10/2020,1532,Card,Cancelled
O050542,CUST050543,R050542,5/12/2019,1516,COD,Delivered
O050543,CUST050544,R050543,7/1/2023,1469,UPI,Delivered
O050544,CUST050545,R050544,4/20/2021,1849,UPI,Cancelled
O050545,CUST050546,R050545,3/16/2019,1766,UPI,Delivered
O050546,CUST050547,R050546,6/23/2022,1584,Card,Cancelled
O050547,CUST050548,R050547,3/20/2021,233,COD,Delivered
O050548,CUST050549,R050548,4/10/2019,104,COD,Cancelled
O050549,CUST050550,R050549,2/4/2019,1058,Card,Delivered
O050550,CUST050551,R050550,5/21/2024,1643,Card,Delivered
O050551,CUST050552,R050551,6/28/2023,749,COD,Delivered
O050552,CUST050553,R050552,6/28/2024,104,COD,Delivered
O050553,CUST050554,R050553,5/15/2025,418,Card,Delivered
O050554,CUST050555,R050554,9/1/2024,1084,Card,Delivered
O050555,CUST050556,R050555,3/3/2021,1904,COD,Delivered
O050556,CUST050557,R050556,7/27/2020,1019,Wallet,Delivered
O050557,CUST050558,R050557,9/12/2025,381,Wallet,Delivered
O050558,CUST050559,R050558,7/22/2021,1143,Wallet,Delivered
O050559,CUST050560,R050559,9/16/2024,1643,Card,Cancelled
O050560,CUST050561,R050560,9/10/2025,620,Wallet,Delivered
O050561,CUST050562,R050561,11/3/2025,1382,UPI,Delivered
O050562,CUST050563,R050562,3/23/2023,1491,Wallet,Delivered
O050563,CUST050564,R050563,1/27/2025,1194,UPI,Delivered
O050564,CUST050565,R050564,12/19/2020,365,Wallet,Delivered
O050565,CUST050566,R050565,9/18/2023,1099,COD,Delivered
O050566,CUST050567,R050566,2/17/2020,1937,UPI,Delivered
O050567,CUST050568,R050567,4/24/2024,1756,Card,Delivered
O050568,CUST050569,R050568,1/14/2021,1525,Card,Delivered
O050569,CUST050570,R050569,11/22/2024,1127,UPI,Cancelled
O050570,CUST050571,R050570,3/27/2019,1899,COD,Delivered
O050571,CUST050572,R050571,2/17/2021,803,Wallet,Delivered
O050572,CUST050573,R050572,4/11/2019,413,Card,Delivered
O050573,CUST050574,R050573,4/20/2021,237,COD,Delivered
O050574,CUST050575,R050574,6/26/2020,1173,COD,Delivered
O050575,CUST050576,R050575,1/4/2021,1107,UPI,Cancelled
O050576,CUST050577,R050576,9/28/2019,853,Wallet,Delivered
O050577,CUST050578,R050577,9/16/2024,993,COD,Delivered
O050578,CUST050579,R050578,2/28/2023,716,UPI,Delivered
O050579,CUST050580,R050579,7/14/2020,143,COD,Delivered
O050580,CUST050581,R050580,10/5/2024,1371,UPI,Delivered
O050581,CUST050582,R050581,12/9/2025,1185,UPI,Cancelled
O050582,CUST050583,R050582,7/16/2019,1756,UPI,Delivered
O050583,CUST050584,R050583,12/8/2024,992,Card,Delivered
O050584,CUST050585,R050584,10/11/2023,413,Card,Delivered
O050585,CUST050586,R050585,1/20/2021,204,COD,Delivered
O050586,CUST050587,R050586,1/22/2023,325,COD,Delivered
O050587,CUST050588,R050587,6/20/2020,328,COD,Delivered
O050588,CUST050589,R050588,3/25/2025,1150,UPI,Delivered
O050589,CUST050590,R050589,4/1/2024,1388,COD,Delivered
O050590,CUST050591,R050590,6/4/2020,1082,COD,Delivered
O050591,CUST050592,R050591,10/28/2019,803,UPI,Delivered
O050592,CUST050593,R050592,11/15/2025,1373,COD,Delivered
O050593,CUST050594,R050593,10/6/2024,1416,UPI,Cancelled
O050594,CUST050595,R050594,4/10/2023,1404,Wallet,Delivered
O050595,CUST050596,R050595,8/4/2020,1844,Card,Delivered
O050596,CUST050597,R050596,11/16/2023,1035,Wallet,Delivered
O050597,CUST050598,R050597,3/15/2023,1469,UPI,Delivered
O050598,CUST050599,R050598,6/21/2019,249,Card,Delivered
O050599,CUST050600,R050599,2/25/2020,369,UPI,Delivered
O050600,CUST050601,R050600,3/8/2023,1894,Card,Delivered
O050601,CUST050602,R050601,7/20/2022,244,Card,Delivered
O050602,CUST050603,R050602,12/23/2019,116,Card,Cancelled
O050603,CUST050604,R050603,6/26/2020,872,COD,Delivered
O050604,CUST050605,R050604,1/23/2021,419,Card,Delivered
O050605,CUST050606,R050605,1/25/2022,1033,COD,Delivered
O050606,CUST050607,R050606,11/28/2019,1033,COD,Delivered
O050607,CUST050608,R050607,4/4/2023,132,COD,Cancelled
O050608,CUST050609,R050608,9/1/2022,1459,UPI,Delivered
O050609,CUST050610,R050609,10/11/2019,1186,COD,Delivered
O050610,CUST050611,R050610,9/24/2023,1130,Wallet,Delivered
O050611,CUST050612,R050611,5/15/2019,1766,Wallet,Delivered
O050612,CUST050613,R050612,10/19/2021,1171,Wallet,Delivered
O050613,CUST050614,R050613,7/3/2020,1510,Card,Delivered
O050614,CUST050615,R050614,10/15/2024,1805,UPI,Delivered
O050615,CUST050616,R050615,2/7/2024,1634,Card,Delivered
O050616,CUST050617,R050616,2/23/2019,483,Wallet,Cancelled
O050617,CUST050618,R050617,10/20/2025,1047,Card,Delivered
O050618,CUST050619,R050618,9/19/2024,650,COD,Delivered
O050619,CUST050620,R050619,5/23/2019,1705,UPI,Cancelled
O050620,CUST050621,R050620,10/14/2023,1648,UPI,Delivered
O050621,CUST050622,R050621,8/24/2024,822,UPI,Delivered
O050622,CUST050623,R050622,10/27/2025,1388,UPI,Delivered
O050623,CUST050624,R050623,7/13/2020,493,COD,Delivered
O050624,CUST050625,R050624,3/24/2024,109,Card,Delivered
O050625,CUST050626,R050625,3/22/2020,360,Wallet,Delivered
O050626,CUST050627,R050626,6/1/2019,699,Card,Delivered
O050627,CUST050628,R050627,2/3/2021,105,Card,Delivered
O050628,CUST050629,R050628,9/24/2023,865,UPI,Delivered
O050629,CUST050630,R050629,10/11/2020,727,COD,Delivered
O050630,CUST050631,R050630,7/23/2022,411,Wallet,Delivered
O050631,CUST050632,R050631,12/7/2021,1739,COD,Delivered
O050632,CUST050633,R050632,5/11/2024,866,Wallet,Delivered
O050633,CUST050634,R050633,1/2/2024,880,UPI,Delivered
O050634,CUST050635,R050634,7/12/2023,1451,Wallet,Delivered
O050635,CUST050636,R050635,12/11/2023,1004,UPI,Delivered
O050636,CUST050637,R050636,10/14/2022,108,Wallet,Delivered
O050637,CUST050638,R050637,7/19/2023,1626,UPI,Delivered
O050638,CUST050639,R050638,6/17/2022,1921,COD,Delivered
O050639,CUST050640,R050639,6/23/2019,1502,UPI,Cancelled
O050640,CUST050641,R050640,7/12/2021,1622,Card,Delivered
O050641,CUST050642,R050641,1/18/2020,656,Card,Delivered
O050642,CUST050643,R050642,11/21/2020,835,Card,Delivered
O050643,CUST050644,R050643,7/17/2022,1972,COD,Delivered
O050644,CUST050645,R050644,1/4/2023,466,Card,Delivered
O050645,CUST050646,R050645,7/20/2019,482,COD,Delivered
O050646,CUST050647,R050646,7/6/2019,498,Card,Delivered
O050647,CUST050648,R050647,12/22/2021,1111,Wallet,Cancelled
O050648,CUST050649,R050648,8/5/2025,658,Wallet,Delivered
O050649,CUST050650,R050649,2/9/2019,737,COD,Delivered
O050650,CUST050651,R050650,1/28/2023,720,Wallet,Cancelled
O050651,CUST050652,R050651,6/12/2022,1538,Wallet,Delivered
O050652,CUST050653,R050652,6/5/2019,1589,Wallet,Delivered
O050653,CUST050654,R050653,11/9/2023,1238,UPI,Delivered
O050654,CUST050655,R050654,9/13/2022,1285,Card,Cancelled
O050655,CUST050656,R050655,9/8/2019,879,COD,Delivered
O050656,CUST050657,R050656,3/19/2023,115,Card,Delivered
O050657,CUST050658,R050657,6/20/2021,554,Card,Delivered
O050658,CUST050659,R050658,11/20/2024,527,COD,Delivered
O050659,CUST050660,R050659,3/7/2022,1728,Card,Cancelled
O050660,CUST050661,R050660,4/22/2019,1155,Wallet,Delivered
O050661,CUST050662,R050661,3/6/2025,876,Card,Delivered
O050662,CUST050663,R050662,8/27/2022,1316,Wallet,Delivered
O050663,CUST050664,R050663,9/1/2019,764,COD,Delivered
O050664,CUST050665,R050664,3/15/2020,697,Wallet,Delivered
O050665,CUST050666,R050665,7/5/2019,1633,Card,Delivered
O050666,CUST050667,R050666,4/17/2021,1326,COD,Delivered
O050667,CUST050668,R050667,3/28/2023,1329,Card,Delivered
O050668,CUST050669,R050668,1/8/2024,1873,Wallet,Delivered
O050669,CUST050670,R050669,9/19/2025,743,UPI,Delivered
O050670,CUST050671,R050670,2/15/2023,345,Card,Delivered
O050671,CUST050672,R050671,6/15/2024,187,UPI,Cancelled
O050672,CUST050673,R050672,9/16/2022,1835,UPI,Delivered
O050673,CUST050674,R050673,6/9/2023,771,UPI,Delivered
O050674,CUST050675,R050674,11/28/2020,1505,Card,Delivered
O050675,CUST050676,R050675,3/22/2022,933,Wallet,Delivered
O050676,CUST050677,R050676,6/3/2021,423,UPI,Delivered
O050677,CUST050678,R050677,5/24/2022,488,Wallet,Delivered
O050678,CUST050679,R050678,3/28/2021,1250,COD,Delivered
O050679,CUST050680,R050679,4/12/2021,228,Card,Delivered
O050680,CUST050681,R050680,6/23/2025,983,UPI,Delivered
O050681,CUST050682,R050681,5/3/2021,1533,Wallet,Delivered
O050682,CUST050683,R050682,7/3/2025,851,Wallet,Delivered
O050683,CUST050684,R050683,2/9/2023,1863,COD,Delivered
O050684,CUST050685,R050684,7/12/2019,815,Wallet,Delivered
O050685,CUST050686,R050685,3/11/2024,1495,Card,Delivered
O050686,CUST050687,R050686,8/11/2025,1766,UPI,Delivered
O050687,CUST050688,R050687,8/10/2025,1122,UPI,Delivered
O050688,CUST050689,R050688,11/16/2024,723,Wallet,Delivered
O050689,CUST050690,R050689,10/25/2025,1052,Card,Delivered
O050690,CUST050691,R050690,8/19/2024,1244,UPI,Delivered
O050691,CUST050692,R050691,12/14/2020,1073,UPI,Delivered
O050692,CUST050693,R050692,4/9/2025,1366,Wallet,Cancelled
O050693,CUST050694,R050693,9/8/2019,1695,UPI,Cancelled
O050694,CUST050695,R050694,2/14/2020,1356,Wallet,Delivered
O050695,CUST050696,R050695,8/14/2022,1606,COD,Delivered
O050696,CUST050697,R050696,9/26/2021,1690,UPI,Delivered
O050697,CUST050698,R050697,3/10/2025,1701,UPI,Delivered
O050698,CUST050699,R050698,5/22/2023,306,Card,Delivered
O050699,CUST050700,R050699,10/22/2022,1632,Card,Delivered
O050700,CUST050701,R050700,3/23/2024,1876,COD,Delivered
O050701,CUST050702,R050701,2/26/2019,545,COD,Delivered
O050702,CUST050703,R050702,3/25/2022,354,Card,Delivered
O050703,CUST050704,R050703,2/2/2021,861,COD,Delivered
O050704,CUST050705,R050704,10/26/2019,732,Wallet,Delivered
O050705,CUST050706,R050705,8/3/2022,983,Wallet,Cancelled
O050706,CUST050707,R050706,11/10/2021,597,Wallet,Delivered
O050707,CUST050708,R050707,12/23/2025,972,COD,Delivered
O050708,CUST050709,R050708,4/9/2024,1396,Wallet,Delivered
O050709,CUST050710,R050709,6/8/2023,1350,Wallet,Delivered
O050710,CUST050711,R050710,11/4/2020,1318,UPI,Delivered
O050711,CUST050712,R050711,10/19/2023,935,UPI,Delivered
O050712,CUST050713,R050712,3/3/2022,1734,Wallet,Delivered
O050713,CUST050714,R050713,3/18/2021,1493,Wallet,Delivered
O050714,CUST050715,R050714,3/8/2020,206,COD,Delivered
O050715,CUST050716,R050715,3/20/2022,145,Card,Delivered
O050716,CUST050717,R050716,4/3/2023,1488,Card,Delivered
O050717,CUST050718,R050717,7/7/2020,1726,COD,Delivered
O050718,CUST050719,R050718,11/26/2024,643,Card,Delivered
O050719,CUST050720,R050719,8/19/2019,257,COD,Delivered
O050720,CUST050721,R050720,12/20/2020,588,Card,Delivered
O050721,CUST050722,R050721,8/3/2021,124,Wallet,Delivered
O050722,CUST050723,R050722,12/22/2025,1458,COD,Delivered
O050723,CUST050724,R050723,5/27/2020,978,COD,Cancelled
O050724,CUST050725,R050724,3/28/2023,725,UPI,Delivered
O050725,CUST050726,R050725,7/25/2019,1778,UPI,Delivered
O050726,CUST050727,R050726,1/26/2019,823,Wallet,Delivered
O050727,CUST050728,R050727,11/9/2022,250,COD,Delivered
O050728,CUST050729,R050728,2/21/2020,238,Wallet,Delivered
O050729,CUST050730,R050729,7/21/2021,1532,Card,Delivered
O050730,CUST050731,R050730,11/8/2025,1771,Card,Delivered
O050731,CUST050732,R050731,12/2/2020,1699,Card,Delivered
O050732,CUST050733,R050732,8/20/2024,472,COD,Delivered
O050733,CUST050734,R050733,1/21/2022,676,UPI,Delivered
O050734,CUST050735,R050734,10/19/2024,169,Wallet,Delivered
O050735,CUST050736,R050735,8/23/2021,979,UPI,Delivered
O050736,CUST050737,R050736,3/6/2025,132,COD,Delivered
O050737,CUST050738,R050737,11/1/2023,812,Wallet,Delivered
O050738,CUST050739,R050738,4/28/2024,1438,COD,Delivered
O050739,CUST050740,R050739,11/7/2024,439,Wallet,Delivered
O050740,CUST050741,R050740,5/24/2024,1767,Wallet,Delivered
O050741,CUST050742,R050741,6/15/2023,866,Wallet,Delivered
O050742,CUST050743,R050742,10/16/2023,1684,UPI,Delivered
O050743,CUST050744,R050743,11/2/2024,1387,Wallet,Delivered
O050744,CUST050745,R050744,6/11/2020,1484,UPI,Delivered
O050745,CUST050746,R050745,12/15/2021,1990,UPI,Delivered
O050746,CUST050747,R050746,3/23/2024,1479,Wallet,Delivered
O050747,CUST050748,R050747,5/14/2024,1730,COD,Delivered
O050748,CUST050749,R050748,4/17/2023,595,UPI,Delivered
O050749,CUST050750,R050749,4/18/2025,1650,Card,Delivered
O050750,CUST050751,R050750,7/24/2025,429,Card,Delivered
O050751,CUST050752,R050751,11/23/2023,166,Card,Cancelled
O050752,CUST050753,R050752,6/1/2019,590,COD,Delivered
O050753,CUST050754,R050753,9/18/2021,860,COD,Cancelled
O050754,CUST050755,R050754,12/24/2024,483,COD,Delivered
O050755,CUST050756,R050755,10/11/2023,1475,COD,Delivered
O050756,CUST050757,R050756,8/4/2019,157,COD,Cancelled
O050757,CUST050758,R050757,10/5/2024,1144,Wallet,Delivered
O050758,CUST050759,R050758,6/1/2022,718,Wallet,Delivered
O050759,CUST050760,R050759,1/4/2022,668,COD,Delivered
O050760,CUST050761,R050760,6/10/2019,923,COD,Delivered
O050761,CUST050762,R050761,7/6/2023,839,COD,Delivered
O050762,CUST050763,R050762,4/6/2024,1504,Wallet,Delivered
O050763,CUST050764,R050763,10/12/2021,630,Wallet,Delivered
O050764,CUST050765,R050764,8/26/2021,1429,Wallet,Delivered
O050765,CUST050766,R050765,2/18/2022,1679,COD,Cancelled
O050766,CUST050767,R050766,10/14/2020,1105,Card,Delivered
O050767,CUST050768,R050767,8/15/2021,1572,UPI,Cancelled
O050768,CUST050769,R050768,9/27/2022,1675,Card,Delivered
O050769,CUST050770,R050769,6/10/2019,1247,UPI,Cancelled
O050770,CUST050771,R050770,4/22/2023,333,UPI,Delivered
O050771,CUST050772,R050771,9/17/2019,1851,COD,Delivered
O050772,CUST050773,R050772,12/20/2021,711,Card,Delivered
O050773,CUST050774,R050773,1/26/2020,1726,COD,Delivered
O050774,CUST050775,R050774,1/15/2024,456,Card,Delivered
O050775,CUST050776,R050775,11/1/2024,1164,UPI,Cancelled
O050776,CUST050777,R050776,2/8/2025,284,COD,Delivered
O050777,CUST050778,R050777,12/21/2024,1045,Wallet,Delivered
O050778,CUST050779,R050778,3/15/2024,407,Wallet,Delivered
O050779,CUST050780,R050779,8/23/2025,721,Wallet,Delivered
O050780,CUST050781,R050780,11/10/2022,1232,Card,Cancelled
O050781,CUST050782,R050781,6/8/2022,1291,Card,Cancelled
O050782,CUST050783,R050782,2/4/2020,1530,Wallet,Delivered
O050783,CUST050784,R050783,4/16/2023,962,Wallet,Cancelled
O050784,CUST050785,R050784,10/27/2019,943,COD,Delivered
O050785,CUST050786,R050785,11/15/2025,371,COD,Delivered
O050786,CUST050787,R050786,7/8/2020,1343,Card,Delivered
O050787,CUST050788,R050787,5/12/2024,1973,UPI,Delivered
O050788,CUST050789,R050788,7/23/2019,1792,Card,Delivered
O050789,CUST050790,R050789,11/18/2020,1801,COD,Delivered
O050790,CUST050791,R050790,8/15/2019,706,UPI,Delivered
O050791,CUST050792,R050791,12/24/2022,198,COD,Delivered
O050792,CUST050793,R050792,4/17/2020,834,Wallet,Delivered
O050793,CUST050794,R050793,3/4/2019,133,COD,Delivered
O050794,CUST050795,R050794,9/3/2024,1380,Card,Delivered
O050795,CUST050796,R050795,2/26/2020,1574,COD,Cancelled
O050796,CUST050797,R050796,11/6/2019,1005,Wallet,Delivered
O050797,CUST050798,R050797,3/28/2021,988,Card,Delivered
O050798,CUST050799,R050798,8/18/2023,1428,Wallet,Delivered
O050799,CUST050800,R050799,5/16/2023,1430,Card,Cancelled
O050800,CUST050801,R050800,9/13/2021,290,Wallet,Delivered
O050801,CUST050802,R050801,5/11/2024,1836,Card,Delivered
O050802,CUST050803,R050802,3/19/2025,1814,UPI,Delivered
O050803,CUST050804,R050803,12/16/2022,1762,UPI,Delivered
O050804,CUST050805,R050804,12/25/2020,285,COD,Delivered
O050805,CUST050806,R050805,9/21/2020,878,UPI,Delivered
O050806,CUST050807,R050806,5/20/2022,178,Card,Delivered
O050807,CUST050808,R050807,3/24/2020,996,COD,Delivered
O050808,CUST050809,R050808,1/28/2025,339,COD,Delivered
O050809,CUST050810,R050809,9/8/2023,665,Wallet,Delivered
O050810,CUST050811,R050810,11/22/2023,605,COD,Delivered
O050811,CUST050812,R050811,6/27/2021,1218,COD,Delivered
O050812,CUST050813,R050812,1/11/2025,1473,Wallet,Delivered
O050813,CUST050814,R050813,3/8/2024,962,COD,Delivered
O050814,CUST050815,R050814,5/8/2019,1453,UPI,Delivered
O050815,CUST050816,R050815,3/13/2025,1430,COD,Delivered
O050816,CUST050817,R050816,10/28/2022,1378,UPI,Delivered
O050817,CUST050818,R050817,4/20/2024,1802,UPI,Cancelled
O050818,CUST050819,R050818,12/16/2022,1550,Card,Delivered
O050819,CUST050820,R050819,11/22/2022,1696,UPI,Delivered
O050820,CUST050821,R050820,11/18/2022,1989,Card,Delivered
O050821,CUST050822,R050821,3/9/2020,1856,Card,Cancelled
O050822,CUST050823,R050822,12/3/2025,948,UPI,Delivered
O050823,CUST050824,R050823,6/17/2023,1277,Card,Delivered
O050824,CUST050825,R050824,2/22/2023,839,COD,Delivered
O050825,CUST050826,R050825,3/25/2021,201,COD,Delivered
O050826,CUST050827,R050826,9/17/2024,579,Card,Cancelled
O050827,CUST050828,R050827,12/3/2019,1113,Card,Delivered
O050828,CUST050829,R050828,11/8/2020,201,COD,Delivered
O050829,CUST050830,R050829,12/1/2020,929,COD,Delivered
O050830,CUST050831,R050830,10/11/2021,291,COD,Delivered
O050831,CUST050832,R050831,8/21/2022,1101,Wallet,Delivered
O050832,CUST050833,R050832,12/13/2019,1606,Card,Cancelled
O050833,CUST050834,R050833,1/9/2021,477,UPI,Delivered
O050834,CUST050835,R050834,2/2/2024,1233,UPI,Delivered
O050835,CUST050836,R050835,10/22/2020,1336,Wallet,Cancelled
O050836,CUST050837,R050836,3/25/2025,652,UPI,Delivered
O050837,CUST050838,R050837,11/13/2022,260,Wallet,Delivered
O050838,CUST050839,R050838,9/16/2025,956,COD,Delivered
O050839,CUST050840,R050839,1/15/2019,1857,UPI,Cancelled
O050840,CUST050841,R050840,6/22/2023,1670,UPI,Delivered
O050841,CUST050842,R050841,6/14/2024,1478,Card,Delivered
O050842,CUST050843,R050842,2/20/2024,1081,UPI,Delivered
O050843,CUST050844,R050843,8/25/2020,1808,COD,Delivered
O050844,CUST050845,R050844,3/16/2024,717,Wallet,Delivered
O050845,CUST050846,R050845,4/10/2022,334,UPI,Delivered
O050846,CUST050847,R050846,2/19/2021,138,COD,Delivered
O050847,CUST050848,R050847,1/25/2024,893,Card,Delivered
O050848,CUST050849,R050848,4/3/2020,952,Wallet,Cancelled
O050849,CUST050850,R050849,1/27/2022,443,Wallet,Delivered
O050850,CUST050851,R050850,7/8/2024,889,COD,Delivered
O050851,CUST050852,R050851,1/26/2023,616,Card,Delivered
O050852,CUST050853,R050852,2/12/2021,1900,Card,Delivered
O050853,CUST050854,R050853,8/3/2025,1286,UPI,Delivered
O050854,CUST050855,R050854,6/11/2019,1095,UPI,Delivered
O050855,CUST050856,R050855,1/15/2024,1709,Wallet,Delivered
O050856,CUST050857,R050856,9/7/2020,1473,Card,Delivered
O050857,CUST050858,R050857,8/10/2021,333,UPI,Delivered
O050858,CUST050859,R050858,10/19/2022,125,Card,Delivered
O050859,CUST050860,R050859,8/21/2021,1655,Card,Delivered
O050860,CUST050861,R050860,4/20/2019,1695,Card,Delivered
O050861,CUST050862,R050861,8/26/2019,612,COD,Delivered
O050862,CUST050863,R050862,9/21/2024,551,COD,Delivered
O050863,CUST050864,R050863,9/19/2022,933,COD,Delivered
O050864,CUST050865,R050864,9/20/2025,659,UPI,Delivered
O050865,CUST050866,R050865,9/13/2021,1099,COD,Delivered
O050866,CUST050867,R050866,12/4/2023,1375,UPI,Delivered
O050867,CUST050868,R050867,2/12/2022,1314,COD,Delivered
O050868,CUST050869,R050868,3/2/2021,1752,UPI,Cancelled
O050869,CUST050870,R050869,2/14/2020,994,Wallet,Delivered
O050870,CUST050871,R050870,7/11/2019,1434,UPI,Delivered
O050871,CUST050872,R050871,6/20/2025,169,Card,Delivered
O050872,CUST050873,R050872,5/24/2019,283,Wallet,Delivered
O050873,CUST050874,R050873,2/7/2024,1739,Card,Delivered
O050874,CUST050875,R050874,10/19/2023,657,UPI,Delivered
O050875,CUST050876,R050875,12/23/2020,1651,Card,Delivered
O050876,CUST050877,R050876,1/20/2020,723,Card,Delivered
O050877,CUST050878,R050877,5/21/2023,276,Card,Delivered
O050878,CUST050879,R050878,3/23/2021,890,COD,Cancelled
O050879,CUST050880,R050879,1/6/2023,991,Card,Delivered
O050880,CUST050881,R050880,10/6/2024,1985,COD,Delivered
O050881,CUST050882,R050881,12/27/2025,1369,UPI,Delivered
O050882,CUST050883,R050882,10/8/2022,1102,Card,Delivered
O050883,CUST050884,R050883,9/23/2024,1050,Wallet,Delivered
O050884,CUST050885,R050884,9/15/2020,1729,COD,Delivered
O050885,CUST050886,R050885,9/18/2023,955,Wallet,Delivered
O050886,CUST050887,R050886,10/2/2019,1356,UPI,Delivered
O050887,CUST050888,R050887,10/13/2023,1651,Wallet,Delivered
O050888,CUST050889,R050888,6/4/2020,1272,Card,Delivered
O050889,CUST050890,R050889,7/22/2024,383,Wallet,Delivered
O050890,CUST050891,R050890,5/18/2025,905,Card,Delivered
O050891,CUST050892,R050891,3/17/2021,506,Card,Delivered
O050892,CUST050893,R050892,7/20/2024,1619,Card,Delivered
O050893,CUST050894,R050893,12/16/2021,1601,Card,Delivered
O050894,CUST050895,R050894,3/22/2019,1029,Card,Delivered
O050895,CUST050896,R050895,10/3/2021,1730,UPI,Delivered
O050896,CUST050897,R050896,5/18/2019,840,COD,Delivered
O050897,CUST050898,R050897,1/9/2023,457,Card,Delivered
O050898,CUST050899,R050898,10/28/2023,319,COD,Delivered
O050899,CUST050900,R050899,9/6/2019,589,Card,Delivered
O050900,CUST050901,R050900,10/1/2022,1851,Card,Delivered
O050901,CUST050902,R050901,6/22/2021,461,Wallet,Delivered
O050902,CUST050903,R050902,6/10/2023,584,Card,Delivered
O050903,CUST050904,R050903,1/22/2020,137,Wallet,Delivered
O050904,CUST050905,R050904,2/5/2020,1633,COD,Delivered
O050905,CUST050906,R050905,3/8/2025,967,Wallet,Delivered
O050906,CUST050907,R050906,12/4/2020,791,Wallet,Delivered
O050907,CUST050908,R050907,6/10/2023,1404,Wallet,Cancelled
O050908,CUST050909,R050908,2/6/2019,962,UPI,Cancelled
O050909,CUST050910,R050909,1/12/2024,1930,Wallet,Delivered
O050910,CUST050911,R050910,10/18/2022,1547,UPI,Delivered
O050911,CUST050912,R050911,1/16/2020,1836,COD,Delivered
O050912,CUST050913,R050912,4/22/2025,1216,UPI,Cancelled
O050913,CUST050914,R050913,7/11/2024,1511,UPI,Delivered
O050914,CUST050915,R050914,2/17/2023,252,Card,Delivered
O050915,CUST050916,R050915,4/20/2021,692,Card,Delivered
O050916,CUST050917,R050916,9/16/2022,1828,COD,Delivered
O050917,CUST050918,R050917,1/28/2023,361,Card,Delivered
O050918,CUST050919,R050918,9/18/2025,628,Wallet,Delivered
O050919,CUST050920,R050919,11/8/2020,407,Card,Delivered
O050920,CUST050921,R050920,12/19/2023,1025,Wallet,Delivered
O050921,CUST050922,R050921,11/3/2022,578,Wallet,Delivered
O050922,CUST050923,R050922,4/7/2019,701,Wallet,Delivered
O050923,CUST050924,R050923,8/27/2020,640,Wallet,Cancelled
O050924,CUST050925,R050924,9/10/2022,1452,Wallet,Delivered
O050925,CUST050926,R050925,11/4/2022,1498,Wallet,Delivered
O050926,CUST050927,R050926,3/6/2019,1128,Wallet,Delivered
O050927,CUST050928,R050927,9/12/2023,924,UPI,Delivered
O050928,CUST050929,R050928,10/6/2022,307,Card,Delivered
O050929,CUST050930,R050929,8/17/2019,1444,UPI,Delivered
O050930,CUST050931,R050930,12/12/2024,1879,UPI,Delivered
O050931,CUST050932,R050931,4/13/2025,244,COD,Delivered
O050932,CUST050933,R050932,2/3/2022,1078,Card,Delivered
O050933,CUST050934,R050933,4/14/2020,1070,Wallet,Delivered
O050934,CUST050935,R050934,3/4/2020,797,Card,Delivered
O050935,CUST050936,R050935,10/23/2020,1237,Wallet,Delivered
O050936,CUST050937,R050936,7/28/2025,722,Card,Delivered
O050937,CUST050938,R050937,2/14/2022,650,Wallet,Delivered
O050938,CUST050939,R050938,3/4/2020,1543,Card,Cancelled
O050939,CUST050940,R050939,10/16/2022,1172,Card,Delivered
O050940,CUST050941,R050940,11/27/2019,968,UPI,Delivered
O050941,CUST050942,R050941,12/8/2020,395,Wallet,Delivered
O050942,CUST050943,R050942,12/18/2024,600,UPI,Delivered
O050943,CUST050944,R050943,8/12/2020,196,UPI,Delivered
O050944,CUST050945,R050944,8/13/2023,287,UPI,Delivered
O050945,CUST050946,R050945,12/19/2020,1724,UPI,Delivered
O050946,CUST050947,R050946,3/15/2025,730,UPI,Delivered
O050947,CUST050948,R050947,3/26/2020,1426,Card,Delivered
O050948,CUST050949,R050948,10/19/2022,852,Wallet,Cancelled
O050949,CUST050950,R050949,1/21/2025,338,UPI,Delivered
O050950,CUST050951,R050950,3/24/2022,268,COD,Delivered
O050951,CUST050952,R050951,10/27/2020,1203,COD,Delivered
O050952,CUST050953,R050952,5/10/2024,1979,UPI,Delivered
O050953,CUST050954,R050953,3/22/2023,584,UPI,Delivered
O050954,CUST050955,R050954,8/2/2022,1390,COD,Delivered
O050955,CUST050956,R050955,5/28/2022,751,Wallet,Delivered
O050956,CUST050957,R050956,4/7/2021,1757,COD,Delivered
O050957,CUST050958,R050957,10/10/2022,916,Wallet,Delivered
O050958,CUST050959,R050958,8/13/2022,1341,Card,Delivered
O050959,CUST050960,R050959,8/9/2025,1358,UPI,Delivered
O050960,CUST050961,R050960,4/8/2020,1085,UPI,Delivered
O050961,CUST050962,R050961,2/14/2019,643,UPI,Delivered
O050962,CUST050963,R050962,9/15/2020,967,Wallet,Delivered
O050963,CUST050964,R050963,3/18/2022,1959,COD,Delivered
O050964,CUST050965,R050964,6/22/2022,1831,Card,Delivered
O050965,CUST050966,R050965,2/20/2019,229,UPI,Delivered
O050966,CUST050967,R050966,3/19/2025,201,Wallet,Cancelled
O050967,CUST050968,R050967,8/24/2022,1213,Wallet,Delivered
O050968,CUST050969,R050968,5/25/2024,1457,Card,Delivered
O050969,CUST050970,R050969,3/25/2022,1579,UPI,Delivered
O050970,CUST050971,R050970,5/8/2019,1672,UPI,Cancelled
O050971,CUST050972,R050971,2/23/2019,152,UPI,Delivered
O050972,CUST050973,R050972,10/19/2024,1546,Card,Delivered
O050973,CUST050974,R050973,9/19/2019,1797,COD,Delivered
O050974,CUST050975,R050974,12/25/2025,510,COD,Delivered
O050975,CUST050976,R050975,5/15/2022,313,UPI,Delivered
O050976,CUST050977,R050976,5/28/2020,769,COD,Delivered
O050977,CUST050978,R050977,2/24/2022,641,Wallet,Delivered
O050978,CUST050979,R050978,5/3/2025,942,Wallet,Cancelled
O050979,CUST050980,R050979,11/9/2022,1968,Wallet,Delivered
O050980,CUST050981,R050980,8/22/2019,828,COD,Delivered
O050981,CUST050982,R050981,3/7/2025,1247,Wallet,Delivered
O050982,CUST050983,R050982,9/6/2023,1196,Wallet,Delivered
O050983,CUST050984,R050983,5/3/2019,1462,UPI,Cancelled
O050984,CUST050985,R050984,5/18/2020,828,UPI,Delivered
O050985,CUST050986,R050985,12/1/2019,1590,Wallet,Delivered
O050986,CUST050987,R050986,10/16/2021,1414,Wallet,Delivered
O050987,CUST050988,R050987,9/6/2023,126,COD,Delivered
O050988,CUST050989,R050988,8/10/2024,1829,Card,Delivered
O050989,CUST050990,R050989,2/2/2019,1441,Card,Delivered
O050990,CUST050991,R050990,8/6/2022,1636,COD,Delivered
O050991,CUST050992,R050991,4/25/2025,558,UPI,Delivered
O050992,CUST050993,R050992,5/18/2022,1758,COD,Delivered
O050993,CUST050994,R050993,7/17/2023,488,Card,Delivered
O050994,CUST050995,R050994,11/2/2020,1920,COD,Delivered
O050995,CUST050996,R050995,7/21/2022,1304,COD,Delivered
O050996,CUST050997,R050996,12/25/2021,1078,Card,Delivered
O050997,CUST050998,R050997,11/2/2023,445,Wallet,Delivered
O050998,CUST050999,R050998,3/24/2021,1251,Wallet,Cancelled
O050999,CUST051000,R050999,4/17/2022,315,COD,Delivered